0.16061648285798136
0.26035979028917067
0.21561819328618542
0.22710390834193805
0.2693939069564388
0.28032667993300114
0.26054607795202067
0.2705566657921068
0.3043715397341321
0.23895733032247957
0.22841421243003313
0.25767402315500737
0.26366213643937964
0.2532819594800303
0.27401795237236426
0.18435891816499497
0.23252892726301216
0.3246213848817263
0.27490749687809646
0.25427095219621393
0.2544749680285238
0.22283198857168202
0.23784086648413721
0.2756259647103837
0.33785419123337607
0.25110350113958163
0.1982535546263279
0.21248893896942775
0.1620530053649823
0.2511040177024775
0.18341059741267324
0.255558534091507
0.18213953637492697
0.23960432638523416
0.21677908314131317
0.12590489556225448
0.25410584658369567
0.22359629930355795
0.14421019310417357
0.19603610612440284
0.21731342138420345
0.21979250623834712
0.2168666566871912
0.11735138632890921
0.2343329227029563
0.24377295518341663
0.17112807531594965
0.21194989504259884
0.28233987615620343
0.2516274549795375
0.22973615537205022
0.24550376942271937
0.24949608916069083
0.21116747809633643
0.20397485765931153
0.28184186895280483
0.34204610915364814
0.284264644164065
0.34537819546775295
0.31191580781688816
0.27687890256974257
0.29360727893969013
0.29600385634105525
0.30374650032015815
0.36552898804968653
0.25985730492253745
0.28922433585016194
0.3693953747757379
0.2592754490483825
0.3469652548000115
0.3132218284309932
0.307345247295622
0.3667878310275945
0.3446271930539333
0.39917954448249837
0.3972625745716235
0.3675245015569525
0.4014328688462355
0.3708728116827413
0.37542713109817627
0.40202108455382785
0.44865228137327406
0.42710096855264146
0.45065315192026667
0.4056115281992105
0.5065954312969853
0.36232798627992924
0.4082468201255044
0.5452494155274709
0.5313619029081456
0.4891610064658789
0.49883374220409005
0.5513580998619139
0.5081885613115946
0.5664228788202147
0.5433217073690549
0.5376696363045234
0.5750000914747946
0.6112662763787482
0.6111942914211184
0.5908411626140231
0.5213455101852438
0.6170276581822438
0.6323633250691304
0.5395573294045307
0.6289504569128465
0.5404207581584137
0.5457243323322054
0.5522474742806638
0.49091907064354406
0.5206165333071193
0.5530496309903394
0.4379480977906933
0.4955394845227416
0.44833312892659316
0.5276223790526506
0.46808021532500804
0.44574384211279106
0.4193487760956092
0.48661035467861175
0.34214250393455725
0.43631207874841604
0.40849300934048294
0.4525967225347222
0.48991606344837235
0.4015226220748318
0.41465536728661523
0.36263608281891097
0.4827205394451095
0.44513675742372233
0.3573789876174146
0.5137656052723647
0.47912811193232724
0.5316190826943296
0.49198773792072803
0.49649656881632054
0.46074978017446994
0.47937802326255874
0.3827268306706174
0.3783135491952575
0.4567222272813785
0.4995385626418346
0.36806668710272317
0.39359225971953427
0.4298348553965752
0.44055246372124646
0.381252263700791
0.43851909310272247
0.3931995683566394
0.3248345381839529
0.3881571200337101
0.39789123341109456
0.306684316364699
0.30955450387253836
0.4271609743408514
0.2952736990996241
0.48153527786065364
0.31871101444859423
0.4388602567700028
0.3714849394936274
0.3679922847663214
0.42989585407556186
0.41096675047267905
0.3889678946690287
0.46693259368482676
0.407556351309452
0.4469569273877535
0.42759066476023044
0.41757252400336714
0.3978036805191682
0.3744839902531244
0.5052832327544812
0.38181735329524347
0.4296269698667904
0.4299783649968911
0.37948052809447497
0.4684653448712496
0.39619809425227653
0.43504944541578217
0.4219675020746225
0.35595944968206816
0.3891335331937177
0.3878647858833781
0.33264797653338984
0.45964013414139276
0.3490735682512005
0.3862529526886029
0.2439192955466673
0.3458871604440039
0.3304911305074616
0.2905837894685401
0.33078824708248217
0.3226274724061464
0.2878627827291924
0.33109089022275406
0.3184945452797179
0.35485386441186806
0.23577418606539705
0.26776901973234546
0.23688199291984346
0.301681651808577
0.24355969434304703
0.26412172632650016
0.29721104047668884
0.26874833217258354
0.3495229746699211
0.2932938403254571
0.30594687879221316
0.298960835838021
0.30259370727402646
0.36073554325459944
0.24521584565672375
0.31732140278267934
0.3062991690635169
0.2908147991455388
0.25379189931864754
0.25925972047748025
0.31705054672477606
0.3124283829384881
0.2384730715113551
0.24431673890212097
0.22952483229268292
0.2635076274263387
0.28257996726127027
0.3014869062598018
0.15800283428965742
0.21008878175123913
0.3944316609814075
0.30712884838791665
0.3508149016031742
0.3148858204273743
0.32274068290453073
0.3168862168127195
0.2536739066295644
0.3503305337701572
0.47651064444143676
0.3966851371057319
0.3917236190272112
0.4341460677571968
0.4474361003397078
0.44195609503505623
0.46605619861167796
0.5470244870481535
0.5317501914611451
0.5679752153228061
0.5519404609758746
0.5831468589976899
0.5856902374768551
0.7712281252163458
0.7727257509527695
0.8503892614988066
0.7634270781524446
0.8089357642631729
0.761655977229817
0.8375375879324338
0.7892495285814853
0.8894705195420731
0.8704000358877048
0.9373928498236643
0.9128339371411531
0.9493645309742684
0.9508991394532356
0.9006257410829955
0.8588228345986528
0.9542219187723405
0.8837142983674092
0.8182092982804251
0.7606854326861322
0.7907398625355396
0.7379434242157812
0.6563168583344781
0.6235588627178592
0.6293048891404525
0.589459202104171
0.5984994757124837
0.5366793201271212
0.5697067178247406
0.5906790442711665
0.5858660994784786
0.4948794372347848
0.5293726755326429
0.4997932328257961
0.5288102744554858
0.4715098218838074
0.5063392137593671
0.48340155668798723
0.476624903721919
0.459146419532909
0.4968996681492442
0.5104689497618018
0.3788136097239265
0.4187998982177108
0.5240103222944057
0.47698514454311775
0.509127645024468
0.5354608098752122
0.5118240550187522
0.4858689917963717
0.5050579545775763
0.4391315211712494
0.49495514836512816
0.5420271977694161
0.5473985578326944
0.541140012737893
0.5565401191984614
0.5364971721490103
0.5093807699468708
0.5232281229992893
0.4973308030948863
0.5881775211633712
0.5382597361164431
0.5153292907378101
0.6318917646380315
0.7078178461558854
0.6245232732404962
0.6867789438807484
0.5811628641142275
0.5704798700524543
0.6079026690890277
0.6226401480904316
0.6473489265221726
0.5587613483623672
0.7677594769441257
0.7142153895117833
0.6438072605592065
0.6322805914364915
0.6082157942310047
0.5723468706812647
0.5163376117854152
0.6469266308836739
0.6345777101325041
0.5801441368004717
0.694140118528626
0.6310476900295642
0.657078033540073
0.605532323147558
0.7302077617381201
0.6139310022076838
0.685133024432123
0.6688250780714535
0.7539069333676066
0.6340424330791282
0.753388682408105
0.8578691045901925
0.7072145614623602
0.775379620128256
0.8179200447124845
0.717226788927584
0.6803338493228461
0.6875941535373088
0.6590331961434077
0.6610168372535554
0.7187431001072353
0.7393993931655658
0.6480238979861068
0.7734964072268572
0.7199930591120947
0.7209628890577927
0.7107747302115512
0.7550136216982402
0.7429736289759058
0.6928733157898148
0.7205644998648382
0.7516475026144638
0.7234437603248715
0.6832232221104634
0.6551423670668912
0.7313051086613943
0.6645077307072752
0.6971522473388936
0.6162773780442726
0.6885196113598585
0.7168532180628887
0.5993568667419298
0.5547844083525476
0.6513938489577483
0.5792638757317523
0.46447933279377424
0.5463886130968854
0.5619299578195465
0.4887886111091579
0.6370042824222208
0.5713540161154038
0.5533640880591425
0.45516343875616383
0.4907423540177883
0.585543384613283
0.4276108655270924
0.47739539758448707
0.5717101171685598
0.5446349437395415
0.5566752586189144
0.39902218226954383
0.517040059046701
0.4390832140040023
0.5293235793886196
0.47145240269121413
0.552772453670367
0.6264566896290037
0.6130207236810552
0.5128344943753701
0.471599462973151
0.6369519709894076
0.5704785604960351
0.5967768774403583
0.6327179849767612
0.5964186306697568
0.4546050306747492
0.5902518672544664
0.6291086887527109
0.5478561927099401
0.6380192581763212
0.5325255504437603
0.5805533552735673
0.6326257204657253
0.5867598824055065
0.6948741344283189
0.5611549820311774
0.5614187468992826
0.5063566050790133
0.5045165630887674
0.4953041955519625
0.4427977534145531
0.4914987525591188
0.46196687475278503
0.4995865339045382
0.40826295185198525
0.3970017112453462
0.4344412557020373
0.42264952603461997
0.33328290939801575
0.2870534515247616
0.2633735533769463
0.3067422575094785
0.2906666539293951
0.2826433768057662
0.36994485598687044
0.2561354724121842
0.3003048547078882
0.192837958314646
0.21315352151459
0.29827931904925853
0.31915017794551115
0.1317254677002743
0.22721507885809927
0.2568234195335906
0.2245769237683059
0.15753215127478779
0.1344013627703979
0.18361601687043377
0.13591742406322138
0.1337539414017725
0.10173078101807392
0.10788275591547544
0.14441314432736602
0.20705219398566993
0.12047449954485284
0.21474431999992588
0.1999038363671417
0.20821657368654814
0.19536354905808073
0.22895975590324408
0.2016830223539327
0.24161106432669768
0.32095779291821125
0.22836095461362022
0.23979875468998377
0.2407560192972124
0.22546945338188762
0.3101412428056345
0.31572246889258726
0.2570505683192447
0.2785468953611178
0.3642219656036431
0.1923479241624868
0.32257202707627064
0.2531046581327795
0.30121526142872845
0.32597327166299117
0.3773316965122061
0.30054356001981114
0.22685193487972283
0.2765161535042132
0.34554826407918915
0.35626524310598945
0.24780471981700036
0.3036581373660309
0.24538322876473873
0.2862551703898708
0.32821224912418256
0.3658371732714183
0.4122251713537609
0.3936463510551657
0.39596377427345675
0.5486171114424085
0.47942003529428695
0.4603063589424712
0.5266392921907428
0.46508393050205804
0.457426225771057
0.46070391621046586
0.4283077783006489
0.44537795740420544
0.4782534849314351
0.4423765799445907
0.4637168434293037
0.49837553003337715
0.49027495615899375
0.5689556353325093
0.4644262473240981
0.5143919164016526
0.525312709214306
0.54937223788065
0.5680379897884681
0.4930396444624913
0.4941164515556476
0.5096360007994599
0.5279445625211757
0.6287635205626396
0.5797049974419173
0.47134103943967265
0.39718175289390617
0.5146470401099126
0.5121610952317504
0.5179964798134828
0.5789021951638691
0.4786124636160822
0.5648933425280862
0.47425294654532524
0.47747787487256577
0.5175277090177858
0.46887006697856615
0.455575476149578
0.2906048629237822
0.4127106548461383
0.515065450411722
0.45611340734644185
0.48202345507723027
0.35034394562266613
0.41634885165195723
0.4651680044571447
0.38662048461836374
0.3771840273277681
0.4135515370839668
0.4556789073536074
0.4164893847532045
0.4757135697590228
0.26871067952772415
0.2730379150948878
0.43043255285392445
0.22167828026895145
0.30286934337810173
0.23148697825077322
0.3584536776952083
0.26927852887308956
0.3483876287332224
0.3500708972305264
0.2908480592128898
0.34923596073616525
0.25849975425224325
0.2667655523742502
0.3320661432365184
0.3194077907368613
0.3250344330409475
0.23512576921318987
0.3006126776829671
0.2835261117025497
0.25138434387670405
0.24134337512714632
0.33990861792224036
0.27938963897379887
0.26216406318852076
0.21946295626002638
0.2962130362062452
0.24288895068643002
0.38335956943324556
0.28771410415374943
0.3639848445887609
0.39284613451692796
0.4307424958600747
0.40893215951016776
0.44557972426956677
0.6322586056583275
0.6227554352725523
0.513521980934976
0.39223705775360146
0.438214776855607
0.3736760548611165
0.32367364056723136
0.2931604757997886
0.307561364430163
0.36056039120684846
0.2614970723253519
0.2797775227104444
0.32640255949326824
0.3926650939705908
0.2898449080418716
0.24432158208970794
0.23100370341806226
0.2963260528700431
0.21926558855237446
0.24118833492556196
0.13371523765960086
0.27207518731368796
0.28378733785518456
0.2117071035892686
0.24898710754736164
0.21308495844425443
0.3221010536761548
0.30793274068756205
0.23889029027702519
0.2767258932135703
0.2566361448921789
0.22738656267239613
0.2601284958056559
0.3385309249874071
0.256163411764405
0.24320937046459223
0.29261864166615764
0.2775952006328449
0.34430336044308213
0.32886618127502276
0.33697330770316936
0.29567138911146423
0.23871020813861982
0.3116953344772464
0.3671889766223313
0.3015206297479062
0.36852673188621987
0.31812590658983797
0.3631460578015304
0.3468327621035994
0.26905150805719824
0.23323426176747405
0.31514149674340847
0.3572395210028585
0.36194723321009803
0.41466681541578027
0.24906437986020274
0.3515776709556142
0.2676813422149237
0.3806849651512678
0.45862137383007345
0.31884242626683024
0.40147110932877633
0.3786266966635653
0.31819187977532404
0.4904225564544229
0.34432386323432274
0.3381584967716227
0.3085798749042501
0.3652154564378009
0.36958793508933807
0.40993752431527514
0.331237894713233
0.25278252361888903
0.41790154350196085
0.41640536163860487
0.3386980073816401
0.3591965130777908
0.3359789889842171
0.2927823150254706
0.3946683282551482
0.3452998534751424
0.31226594553470155
0.3017937295956604
0.2960998473053368
0.33736629939558105
0.3408717000349356
0.3646437144925493
0.3065988922318207
0.3930532995158386
0.2564662981114341
0.3105228453170556
0.3120428455103479
0.33963960199319015
0.3569435662366981
0.31724238676332495
0.28359284940031565
0.26095504805808173
0.4746342049762652
0.36832820602782657
0.3314546978918239
0.441607715516131
0.4230130019242029
0.4163137513586109
0.38644702265703434
0.4256882150027953
0.4309564882543503
0.44371604421614463
0.40854653019802367
0.3701897446693013
0.4936320321821629
0.28090858607384617
0.3706081654068654
0.484167255002784
0.37233684143829404
0.36183705182744214
0.4025039261949415
0.40818875291005696
0.3979491656995745
0.3582039715052695
0.4605621962471767
0.465180256633717
0.3115702832179367
0.3620044343098467
0.47315325438597
0.3570796305261774
0.3526408665787926
0.3345539680935993
0.3980463707100514
0.3912150181929813
0.32100103910495326
0.40141738239241176
0.392173622772415
0.4050626879646108
0.3266058604449964
0.3478133654322527
0.2874696852502363
0.2829547015029006
0.366754389117055
0.37765453066815186
0.21941648167368646
0.2471083013821464
0.3002761694628768
0.3833347681998991
0.32219389133602355
0.27900782070235874
0.34625232520326577
0.43503875176977097
0.2608029739807299
0.3249622834334425
0.4604539836906364
0.3568938663281855
0.44413125257739594
0.4905320478312445
0.5160702798605272
0.40267203945325764
0.399912877634352
0.2900138882834085
0.2839161532912373
0.2913554452543703
0.32752134017399365
0.22367258999501574
0.37093364470118356
0.3517940782580753
0.259399419282931
0.33993219896976695
0.37089349392517573
0.3596304281806262
0.32099420428415026
0.41420996100832025
0.4063026949137749
0.44199306859018617
0.46476108111879594
0.39815807845564777
0.30485776644884477
0.42410878685166165
0.3858617862470789
0.28165938637686705
0.3169776415292291
0.279288425204711
0.4255220158081274
0.37824289872418143
0.3187707517160948
0.2645632319417033
0.3004254547654801
0.23731706461063345
0.21983319733273593
0.3218799954411625
0.38659261956409685
0.3641803332583495
0.33966414183429156
0.36879639123521696
0.41408649852697443
0.42605607490452513
0.37269522892850215
0.4435875073971731
0.38510246065645165
0.4004728459549183
0.3666557885376643
0.40080978988417904
0.3594217466968357
0.38036923156842334
0.31191920629173475
0.2754577596838271
0.4005269811032334
0.3117931521995184
0.3541344372478531
0.2533932047216484
0.2930499937428076
0.29347898570967457
0.2501056488276119
0.3111237674304577
0.3077064831968394
0.30884312947027437
0.2617750898366789
0.26037557786084686
0.22665258528655763
0.276877908350635
0.227800488535444
0.2893876878592156
0.287691775653857
0.3019975354916741
0.2434801294278018
0.2575358792395975
0.27748805068927973
0.19264721536255847
0.2972034369736798
0.3223563811325868
0.3542782270639413
0.3610352072706148
0.2794979317825469
0.31324221441719663
0.3245554364144553
0.3918486869472395
0.31006544558683546
0.3593282437972229
0.319832148989133
0.3652002008158497
0.2477259143762411
0.3492944970387147
0.2532681394443196
0.2819326864973793
0.3684148012021379
0.2662059778653449
0.3264002871534675
0.3406796792333264
0.3722480605025177
0.36438474728096315
0.2626250534431428
0.29316759076312754
0.29965041776247975
0.1962849786239359
0.2510819653471346
0.2710718892276598
0.2481721111078244
0.21138968904939992
0.2786111240544865
0.32247996447705796
0.3490117605190635
0.37844596117813784
0.3243372838502104
0.3671953901194157
0.28100388713065727
0.35643528416657755
0.3457143724930615
0.32474765522639126
0.2952044454011706
0.16562890487477885
0.20283875397778992
0.26981193868360065
0.2761298845668678
0.22368454209424124
0.3244334495730644
0.29155886861508873
0.34135805387701007
0.34682781951606856
0.3734577220907946
0.3518542542049877
0.3315641160036742
0.3444175970226477
0.37627279909314876
0.3924893830267228
0.28408436965467704
0.3381804447885359
0.3481096113557424
0.33462049603092026
0.32570404142733567
0.4838875516193319
0.4200674286652698
0.3999031494635118
0.36621819598970284
0.3922697972835245
0.45483138776691423
0.36400889920983337
0.3546038878982797
0.34535228552403596
0.35777762857658957
0.3884111926938943
0.3890755930123869
0.39446905793133197
0.3247770757057747
0.3879340064740932
0.3283290329769515
0.4073865688225129
0.4238527537682773
0.3073269859996275
0.34839326131987686
0.3815606251854386
0.342651254380165
0.380431916787462
0.4060253069015074
0.35203598368680455
0.49586844233580474
0.44209434942226156
0.3275875856683701
0.4374846150266878
0.403945228471949
0.5102502550475378
0.4076777335718887
0.44150624278288036
0.3806156851226833
0.5422179624315432
0.4160563407429197
0.5148897958188764
0.4469413639214308
0.5622832498860186
0.4847654241460181
0.4868473083935657
0.43424748839101945
0.4102723989087642
0.5104193699917755
0.441385886648299
0.3652401102630794
0.38801669193938393
0.41194228276738687
0.41090653981907427
0.4457339041780591
0.41629581912604263
0.3602279948634983
0.2893910217849342
0.4930373529322347
0.40736675372181735
0.3957932770663367
0.4795754215597995
0.47112390281690936
0.40908262848775717
0.40494999334103
0.47243522051258546
0.42705600014371725
0.5013056851773874
0.4632533462540039
0.3857147845543445
0.4541264238839866
0.42082870071412654
0.42466953858379003
0.5012478812356647
0.45762165921712683
0.40961823927547886
0.3703695792880343
0.4919603436782325
0.3685216650321711
0.4485326459288344
0.4398370241001317
0.3934843606717815
0.37133473905683384
0.3192309135278468
0.3324677715729686
0.3465393794037956
0.3924821528055985
0.5219683332895129
0.37834941127429883
0.34338073467457075
0.36553920436770027
0.3649304356104001
0.4344181608638529
0.33834166580901004
0.40176186204335673
0.2624719580587752
0.43020921892688
0.4159575442994084
0.43162841616877307
0.3901842549856179
0.3477127662077116
0.4763023278615622
0.43780821427242134
0.47756774445727096
0.42262572782138397
0.5094879627179696
0.37055969252710996
0.48169388896018195
0.5036852705674209
0.4682225770888927
0.42019569095806875
0.46319720599670156
0.4812782476474867
0.4965414232826177
0.5936776899201932
0.6114228045676721
0.4706707169799916
0.5647552715626306
0.5362580398711039
0.5565346074176603
0.48756822943204203
0.4298056519928223
0.43847987550901524
0.40000103444643903
0.43561049827935616
0.39808070867574014
0.4134385558949354
0.32608986370380805
0.5082961385033771
0.3677450057499646
0.36749357572176145
0.33882595823020517
0.24167095745780307
0.3418175541222198
0.39922700819925305
0.34094283631002525
