0.2751895746480427
0.22385436736773406
0.36189679919810547
0.2749266797159726
0.31905255024586676
0.43896862936518444
0.2697288413585407
0.28451207603744055
0.26579033926399026
0.32692722664445845
0.306501969825106
0.37509606109926297
0.27493128705749403
0.3222412933568267
0.26998920950258404
0.27958485245716724
0.3056485128894947
0.34508923503622574
0.2350560486797636
0.26621628606674885
0.3417319032864574
0.28114761792823734
0.3159653729320169
0.26153269365037807
0.3294044177015635
0.37103571584768374
0.22504090955982298
0.3476468770297086
0.32469501067848294
0.27575560074449545
0.3048349329168125
0.2789443619001557
0.25973051512972767
0.28468506157771256
0.33519815128855307
0.2928445679087136
0.3619158037615434
0.24836798021424628
0.4419308417924216
0.21483262791699329
0.26631772761427774
0.3380163022745638
0.31951707140057223
0.2888691093146797
0.30708914536826437
0.2702328618722176
0.33280071093130054
0.2882509969068853
0.22665660341194221
0.24407715888390327
0.29833006778285476
0.23437488921959923
0.2924819355798812
0.3379848601584119
0.33944453433611
0.3661445460136991
0.39814986866102803
0.30192370897674403
0.3724136478566701
0.2419847191416868
0.3888886780770658
0.32639346119460144
0.4202996485160134
0.2593990761485994
0.39432405645420865
0.410279037656367
0.3336261157635412
0.3108801786094223
0.42818640641430267
0.34431868150359457
0.40971858169216707
0.38347866913224304
0.44982130060882325
0.5046903056454771
0.42538399523907333
0.4602204949477052
0.46222904431440737
0.5011315195427979
0.42578764416918136
0.4967431941877646
0.5216757547689087
0.6949380203537072
0.41136591104748155
0.553909716013994
0.6090161215246369
0.5912377603158223
0.7427404890387599
0.5841811780434601
0.7029519099724324
0.6240012125675005
0.5711653079326539
0.6443550198059714
0.6736998337011586
0.6665390346872169
0.6504305412655003
0.6473413186503069
0.7866239825392966
0.6379769648948084
0.6987680560533787
0.6300834690300976
0.8243510052366838
0.7371054132433242
0.7093505684294232
0.7263480151491125
0.7192552591293608
0.7149487219241641
0.6583907725111063
0.7219084111881912
0.608134806583333
0.6981501679065216
0.8090078758072289
0.6524650374086595
0.6200555008549453
0.6130123637617979
0.6336195706171405
0.5625704866152492
0.6552135327414912
0.660319623573676
0.6058947767503498
0.5216420664060019
0.5454743519625633
0.6120399669399764
0.5360053125633397
0.5028660699331916
0.5531269415783312
0.48776964979323684
0.48849987111003557
0.5925226819603706
0.6799324284626087
0.5404937148625737
0.5437743245256705
0.5932826724127277
0.6121537244945461
0.5474848372716716
0.5491240153517172
0.6041395113958916
0.5632587346288297
0.5933568554407861
0.5698734891550105
0.4738695327078213
0.5024944497812869
0.5376570773573563
0.4972375160391003
0.5642112730657557
0.5613534749786144
0.5081993233271491
0.5996505832828348
0.4522821719403305
0.5192667167098256
0.44278749374424564
0.5274765518449918
0.44415456922323027
0.32998862908389315
0.46988578161968697
0.35947811972255644
0.4102650920793979
0.45427766799426844
0.40495173960408415
0.46116818496969103
0.5916061278927314
0.6080443857808684
0.46423049525445226
0.5117031100851561
0.5780237792995198
0.5298909697137348
0.47344003590919326
0.6039737151755593
0.58639881949954
0.5433404649464464
0.3950440579426808
0.579631612239607
0.639140802899536
0.4603629247564615
0.5446506095407689
0.6059998489817355
0.48096898203699723
0.5176301833843875
0.4887804944077271
0.5240184306114968
0.5604185328146394
0.3950364725187627
0.5823327627207855
0.5010386418506942
0.4754904896892783
0.5062168272763977
0.4680621480142265
0.47182278841114156
0.4550497492419585
0.4905834965725529
0.4673727235059827
0.43378956768179056
0.3313851259074566
0.36029117592248594
0.44869324625099793
0.3380599263868262
0.43487905025591905
0.40756672188043214
0.3877079977914225
0.37043523806938145
0.3770195563922131
0.5116177837346993
0.3738794990529335
0.5055908734465713
0.37137799621424217
0.44674936215966177
0.41679731682530485
0.4134721754083035
0.3470240670131899
0.38721663552951646
0.333991588624128
0.3041178976304606
0.38212443566913223
0.37762891232901385
0.4119496913737174
0.26174405838495785
0.37927938094716496
0.4117643871955611
0.37760979479184775
0.2874035676960026
0.307411312496473
0.3244691660852939
0.3961873259922992
0.3069358757369457
0.3167902158694845
0.3245668073871172
0.2578794463636143
0.3590484688399673
0.2649350145399342
0.29544934409751533
0.38748645100470047
0.21423402834294758
0.36602246798339266
0.4136495031930425
0.30316249433527087
0.36795641573441945
0.5077036465299553
0.40430299344604764
0.4351692043138591
0.4527814533575839
0.44130015036970394
0.5607448417671391
0.4769038098309975
0.5779164001701038
0.661746768476487
0.5177067822532344
0.6632036243243763
0.5522666807055818
0.6094037653034597
0.6663677291658293
0.6551730032243727
0.7243010320566668
0.673477777271051
0.7846528215127352
0.8197770601859542
0.7744174532887227
0.9006794703345642
0.9030919844037014
0.8811959169893482
0.8350250757322124
0.9220536900038929
0.9123964076990172
0.8359797929109941
0.9270923908749868
0.8882261064250712
0.8895478168758599
0.8290860496361758
0.8508748134596557
0.7792061384003595
0.8151569059676681
0.8474619722155308
0.6698556842727206
0.6774944426043177
0.5913823207157579
0.6350391315472812
0.6749739592241051
0.5988177962131539
0.5092997231688302
0.4808709675870583
0.4125045557134873
0.4292844803080545
0.5960600614199916
0.5360196056190515
0.5263131964710893
0.4606344197854572
0.48542054499234516
0.4817519383971689
0.47471763258653976
0.36298462350008365
0.47281407539768383
0.4567160937584886
0.4562407601028246
0.39012779657988184
0.3982101542759953
0.35584073233992386
0.3194603680982206
0.4934652907158731
0.4246769325348493
0.5190291139158306
0.32541562789721734
0.4384086558503514
0.4926154913259676
0.45916008113337703
0.44345675967618603
0.5067418402295489
0.43464483757893546
0.38883291084913973
0.39859010901169073
0.3660568249718489
0.602362670715857
0.5744993794778519
0.5472211575427396
0.4791652772844802
0.5862577510779485
0.5356431358318993
0.42827122940119333
0.5101922196463288
0.4772597614397702
0.44890967188850006
0.5323650635650208
0.5987843749886765
0.5031599790418293
0.48426989315622004
0.565204937682731
0.45317629053798125
0.6115385648776966
0.44333317876351125
0.7245808055380315
0.5003780242950937
0.5066187998412504
0.6070664706640453
0.5190866112207945
0.5298692084790187
0.5664667036346664
0.6576737751437326
0.6134210822508848
0.640781780842458
0.7044724567454272
0.5515725391252193
0.7031139632942935
0.7001326692466447
0.8876702349981829
0.8316693534288635
0.7567284594682224
0.6577457278588975
0.6917371111337178
0.6375958181913733
0.8251478895201063
0.7782159552300904
0.6592869895524474
0.6510163302509637
0.6818201080716245
0.7690327178130703
0.7942273271616653
0.6922225265776942
0.7000638047790128
0.8008600454795085
0.6434107920882253
0.6253892189035981
0.7984721045769272
0.8028974157175333
0.7365300521142066
0.7987330311999572
0.6828705153588815
0.732353296511335
0.7181081135052099
0.5988238970331784
0.7489419356879825
0.7097689299041762
0.6238789640135091
0.7110471564257093
0.6657439430238697
0.7929278352186411
0.6689794422133073
0.6445381238453447
0.6361098999565571
0.5615495847014274
0.6804579499504761
0.6480801796354407
0.5738754899660012
0.42653139962004655
0.4427993651136435
0.49732720027630833
0.4794542749889179
0.4241728986870231
0.4117871147493733
0.5825116498216046
0.4906356596969188
0.4442349994324017
0.4234464228678638
0.49845965035960926
0.49611160013513644
0.44332338775362684
0.5477829895253712
0.3783320462728652
0.5908064331607649
0.564240266952613
0.5168817908771749
0.5014831583849984
0.5928209910017003
0.608913699457354
0.4398547577178046
0.6279468283302048
0.5278440573232482
0.6280213683430269
0.49444394235430983
0.695929121627589
0.7287574542166035
0.7673632545271027
0.6897076640533235
0.6883099076973427
0.679908302020013
0.515946513485579
0.6244091990408427
0.6917086824102167
0.7311904730282486
0.6335935906864991
0.7696769191913411
0.5055876398193012
0.6692327719269974
0.5742394205189598
0.6843180529081779
0.5411377241817876
0.5234128969974776
0.5663495832737531
0.5346179645573768
0.4543791828998005
0.5562952856866406
0.4584131958722147
0.5063243639425384
0.44903449857316446
0.426363480437713
0.5585839796091103
0.4731021293765939
0.34354954817414407
0.36534797292402943
0.4667932529392215
0.30951409111338657
0.34100277694220216
0.303860656812901
0.3183307614690658
0.2621856997299576
0.31534233147401963
0.16808465863556593
0.3707660868052581
0.271881397191532
0.26603024372554596
0.2372746534088602
0.28362847996576823
0.1299282820606754
0.11868926196455912
0.1637983003962844
0.07402425456829131
0.0937704150970025
0.1830121841704801
0.09393885397466006
0.2910564571787878
0.17468175728362273
0.27928562082065356
0.18283829805928653
0.2875586922780588
0.15849057757149793
0.2828995073043335
0.3067538841527211
0.36842423594689266
0.192284700894938
0.16822461151912857
0.2781447298002875
0.25113039067756293
0.36500094589617216
0.16996917247550358
0.2858528745090094
0.18617594148574473
0.3033966119790648
0.2487727306177111
0.30215089835910336
0.24615585442809515
0.26460097317300296
0.27281985664005426
0.32331333696635073
0.3096309848315149
0.27815341823248296
0.2836237479629923
0.2220151275160035
0.26780040064970123
0.09965010214297884
0.32283889511686015
0.16116545541416363
0.3539703727944352
0.2075284090156178
0.493087785564876
0.31211147428576347
0.40193103811543396
0.29196942845582907
0.4389697171585518
0.5311963730228586
0.3868082596887477
0.4978586368051997
0.525713815895927
0.394383223073922
0.35977315682434363
0.2851359594506665
0.44650372441726427
0.3961274647569407
0.365891220946443
0.2917509641322578
0.22886335294283916
0.45472994612240447
0.311474739722759
0.5612886632987589
0.3797700498628981
0.2840061375668421
0.38834948121847745
0.42425349364707327
0.5080016900640232
0.45279560165014743
0.38405705843814736
0.46007522311812366
0.5271634238569318
0.3954060959373844
0.33381332912825723
0.3947402255053756
0.5032583395688806
0.3963039923154841
0.38378518103412407
0.5068236569139587
0.3988817330977805
0.5153436342488015
0.5374271464753755
0.5030215632805292
0.4659073614728023
0.5307106498481322
0.3540047810515816
0.3829227026915215
0.40453076835102647
0.3074520868542
0.4814937997167854
0.38169183770972626
0.3208553593895317
0.4588531711587798
0.3711291729619387
0.3819836438504938
0.2871984219181745
0.401204171134952
0.3623043795163466
0.313887065149703
0.27498853078898705
0.2164155457960019
0.22989998984831173
0.26253108291516697
0.34057607083287644
0.2568959649767946
0.34925091470591496
0.3429427993434727
0.2942878152755065
0.3371342098294434
0.34876319895042257
0.2426314720477689
0.4169855029970895
0.24108053675287966
0.2161877702114362
0.41205454749451514
0.3928328191318696
0.3066277592808736
0.3836713862286778
0.4227779274665824
0.2880962766939714
0.13195803115952298
0.27154471893145854
0.21986853195383482
0.1514283338668582
0.2775895363976294
0.2670835185537589
0.342521804406958
0.266436138167799
0.3390852778618165
0.36201460595095325
0.24194204385450502
0.36891157707708266
0.24768609803437275
0.5912004182745122
0.5171892508071326
0.6232175018538945
0.7049386462996415
0.743542590436852
0.7389270482216252
0.6648137446985609
0.5605611642719113
0.3848950027155018
0.422339686074485
0.43142659872389527
0.3870850408359948
0.4608953906862938
0.2990706558339144
0.2606167182910057
0.5078444776205774
0.412310682230726
0.3075840457379049
0.43682075907615037
0.33292268464207686
0.2975279458304251
0.4596110699108663
0.4005229209533301
0.3885631856398947
0.2761143135385171
0.3727706855452487
0.49111661124699235
0.5046277443085424
0.34696108742494447
0.3424667349401451
0.4561010913886535
0.2470611702152553
0.48168905209711144
0.4270932803887165
0.3414553752428665
0.42291821605349067
0.4896994027919294
0.4384763578062461
0.4203550528775845
0.38760201235982616
0.3837127061870298
0.5093320578338276
0.3636176277853873
0.3481067102440303
0.31456985248753355
0.4843193474692982
0.39042237586108836
0.4434812153098302
0.47889737558645945
0.4643280292923819
0.45923641969402573
0.3542815538048154
0.49809289771755183
0.45376178775261344
0.30360255563229294
0.4066990631602114
0.4312662605331783
0.4179845834206809
0.4877036851351054
0.5059653033192303
0.4793772058595675
0.414001311594255
0.395359582991085
0.33230505357014256
0.4106779342584598
0.4964884675692882
0.42509405334678857
0.44781070445576104
0.4399569996356716
0.37999390755324136
0.35997447179142394
0.4188514317322355
0.5001289917163281
0.5418204751146016
0.44745153098750534
0.40639030179137714
0.31624416230957036
0.39820948681104473
0.3174592069771287
0.4522902753444997
0.3466662903006503
0.5336777050492475
0.4346295114964849
0.3586491990398901
0.48904417113788357
0.4275721044939451
0.3726839773951349
0.5366160862893433
0.35896012474730477
0.5226932999919945
0.48073112884081637
0.46900282232367957
0.3889390336573276
0.4719958084024587
0.4876654348486591
0.330169708192103
0.4741399552107288
0.4917365650984692
0.38144612630038055
0.2981811360498724
0.44266730888411265
0.4550048964503642
0.4168053064632954
0.42234640363945286
0.4910563664543254
0.5240801343216085
0.7272243172962205
0.6660177764962569
0.5301266420770653
0.7086882363020105
0.4534002392373129
0.3693340488652635
0.4650625591378561
0.39387660194843543
0.41758316641960147
0.4621372030457406
0.43776355255480837
0.4024823948163997
0.4995003111135126
0.5823207635921723
0.5084993885605216
0.4071482134338599
0.4901640823066723
0.49145421806594763
0.33421523555051774
0.5103604733284375
0.48829938586724503
0.5389268878404532
0.44113987173362734
0.4529067385061534
0.4099420967295873
0.6062674683430511
0.629863907229407
0.5842652491535762
0.5857520420897928
0.476647160892843
0.6673587669312899
0.4151266146142528
0.5150931857036887
0.5032530705815045
0.5168787147506936
0.5604083154012198
0.5475500187679747
0.3636155076819861
0.5307937615726174
0.46068630640353814
0.45426429308542127
0.5428759380377198
0.4471834015263275
0.4372169662467275
0.4568278184432649
0.6991445074969416
0.46836789880647944
0.5644391616580121
0.5865670954159499
0.6081678137015927
0.6761500751768525
0.6633288130731771
0.5826970580671686
0.5008544570249206
0.5268656429476819
0.4470044035750721
0.527197297579489
0.5732600248277165
0.527928719925433
0.6456215903578328
0.4843876972386114
0.5925246623482734
0.4904403443312644
0.6058105983645445
0.5353607212164737
0.4762459461464692
0.571872983506787
0.4888095059829022
0.5090934404821595
0.5275660465986
0.6197424679220851
0.44878714718236656
0.602362943827167
0.5615086369946469
0.5020079612943417
0.6374531068290934
0.6953394111819151
0.6374304169982832
0.4671167762698635
0.5409155793299796
0.47914484876901553
0.5587064147953631
0.522093849610048
0.5375540783799235
0.577418129394716
0.5552957561767835
0.5511961169183826
0.4391396115978893
0.552436022824519
0.48230315154866343
0.6268701905105546
0.559635968752287
0.5835150026211589
0.5124167680893204
0.4657772814852503
0.5436162040663264
0.41908976005944143
0.44428465633372455
0.3186015456964982
0.4290687609360705
0.45257883530108534
0.43964408998269205
0.327633244978992
0.43613071304067297
0.4216846125441167
0.3698960399910951
0.5033270313582554
0.5414397415757146
0.2584220767551007
0.4381223865846998
0.3972067430055892
0.3560413689054418
0.29858478092031593
0.2665893224914192
0.42909104176934965
0.37515292589632065
0.23493818929758817
0.4372902319089602
0.5093878135039273
0.3719968441064563
0.41522178820973604
0.3768879319781099
0.2531659243949502
0.3618310873009179
0.3827961521217697
0.45318062821918126
0.38656884892964216
0.3753847040649624
0.5571488874376478
0.3768271962533355
0.36751038796617946
0.46285530400831715
0.5108412453036333
0.42631642112664186
0.34494630739901055
0.37038533292898124
0.49594397960174275
0.4201532974926193
0.5515742997807334
0.45117499180265763
0.37684767874264347
0.3825919707122431
0.45885848314042227
0.4109708929275516
0.3351113720022927
0.4045745246561214
0.3971957616684495
0.45779663480489735
0.27727447080916306
0.3531024748441065
0.34515956877673915
0.29933342225496073
0.3639195378121362
0.26968329280347647
0.41462692980465315
0.411369816053333
0.585344624603755
0.3642943535897931
0.2843512822837739
0.3878539065340938
0.40751661473062983
0.3482777894187218
0.419446379324816
0.284216216775904
0.278126443282833
0.19067954089050157
0.29049010160934496
0.27206834414000713
0.3651783366575624
0.33685147133608573
0.4877132692749855
0.37912333681909216
0.3070075711665003
0.24710001276893234
0.4470016750291508
0.3561255577228049
0.5149921414172236
0.39757874882858213
0.4182719759487
0.5543950219480362
0.3094165294486509
0.35459299911762826
0.3645602515250958
0.5291436475024484
0.26793054186673976
0.3878979952648493
0.43007074109696286
0.4395571638608209
0.2838348298676455
0.3891806620863946
0.4445587899343138
0.3436144166551721
0.3026019510925521
0.48583107783683294
0.4189798069002933
0.30303962765065773
0.45476667536011434
0.42789664012183726
0.4157078744659284
0.40679931897348814
0.446589832086255
0.42135353254923136
0.38773851325839825
0.4361784620704028
0.40129218293882424
0.47449655092655263
0.3636786875986329
0.4886993065563553
0.42735807106622853
0.26478249300480616
0.5280325840309923
0.4117674571923956
0.45834143372933006
0.5109734101940642
0.46903873756491377
0.5835991956007658
0.5634578962424435
0.5353868570227817
0.4094540388028832
0.5195740556114159
0.6146504613976689
0.5408583978307739
0.5463329537775649
0.4973936940774002
0.25749479104929557
0.4319335459620306
0.3507586202007683
0.3989364533948525
0.5107114117684356
0.2954598897428608
0.4319379093147312
0.45707520167979854
0.3176679879807115
0.4255105399335774
0.40737003790683957
0.39692311714504575
0.41593420556716876
0.3305893826115421
0.4820593010056228
0.33450145574612844
0.365786150653686
0.5261484914399768
0.38531074990746506
0.5397327891512381
0.37326626489497033
0.41193263380432954
0.18879392352045618
0.38904821438839854
0.4893264301971191
0.3478326936220893
0.3494357859879066
0.5906215492174429
0.5100443081408542
0.25334417367231343
0.3477020298473879
0.17896730330795915
0.39818860729335287
0.453256960531389
0.3429890252378426
0.25186529691811527
0.38823689530570304
0.33231503489500586
0.2944406883052364
0.4032089134365167
0.2433256519736653
0.4830888094034495
0.3604662463110607
0.27585552687878273
0.27228067787858734
0.37726493238991443
0.4771242015478463
0.29650858837123184
0.311617019924462
0.4284026743818258
0.29587627765503355
0.22686646107427388
0.4244008382418071
0.39118862350360406
0.3790493512174287
0.4363564382631052
0.34498928108312604
0.3903130617706118
0.48899175033312936
0.42996578372209104
0.36576301406450334
0.5354039492866284
0.5834105614972347
0.4445206719055085
0.34136660277128283
0.31249241028285885
0.41779893604264173
0.45849828983332885
0.6119995115880558
0.3700633921721117
0.5313793699091823
0.5362829042474186
0.612676480466396
0.5843994600167579
0.5429974823335986
0.6167556891611575
0.5391675153832824
0.6128791086784998
0.5752640512670484
0.45810196560920485
0.4943534555933464
0.3966310264456155
0.37183976388948203
0.4750760442936578
0.3662385990250355
0.370386390476921
0.3633131959257736
0.40066502854050207
0.47283204919090055
0.38886266375809025
0.25612206009950145
