0.3059780462765538
0.25469478006791435
0.3139540393271737
0.37321329858643293
0.32186685619521443
0.28634604754007736
0.40876569533285956
0.2468767274737424
0.29031035299692015
0.34952223011924505
0.29814419963673694
0.325767985469478
0.3533759772565743
0.2862196951749191
0.4243544183842692
0.38877043354655294
0.30577272368317143
0.22279080786543473
0.2977493484956172
0.3884703466793019
0.3370607281055042
0.2540314301508331
0.32895838268972605
0.3090894732685778
0.2892521519387191
0.1746189686488194
0.2968806759851536
0.30859985785358923
0.33609729132117194
0.18982863460475402
0.2015478164731896
0.4027481639421938
0.3354497354497355
0.11020295348653558
0.29563294637921506
0.40203743188817814
0.31892916370528307
0.20421701018715943
0.4369580668088131
0.211687593777146
0.28648819395088054
0.3612730000789703
0.3254994866935166
0.11599620942904525
0.3487167337913607
0.4234857458738056
0.27713811892916373
0.3045092000315881
0.3634841664692411
0.32763168285556343
0.3392087183131959
0.3665640053699755
0.36233120113717127
0.3264945115691384
0.24324409697544028
0.39693595514491037
0.32949538024164887
0.35680328516149407
0.3367290531469636
0.25346284450762063
0.26497670378267396
0.41863697386085447
0.3511332227750138
0.34680565426834087
0.24774539998420597
0.30657822001105584
0.3022822395956724
0.4558635394456291
0.35678749111584934
0.5261628366105978
0.31648108663034036
0.42271183763721076
0.40254284134881146
0.49293216457395567
0.44115928295032775
0.5315328121298272
0.3692489931295902
0.5385769564874043
0.549980257442944
0.45080944483929564
0.6043275685066731
0.4893627102582327
0.45335228618810713
0.4963120903419411
0.6182421227197347
0.7085682697622996
0.5935718234225698
0.5575456053067994
0.5846797757245519
0.6117823580510148
0.717886756692727
0.5080944483929559
0.48784648187633267
0.6413172234067757
0.6999763089315327
0.6165363657900972
0.6752270394061438
0.6233278054173577
0.6977967306325517
0.7091052673142225
0.6098081023454158
0.6052910052910053
0.5849640685461581
0.8173576561636264
0.6390744689252152
0.6819395088051805
0.7405512121930033
0.6570638869146331
0.8104240701255626
0.6321250888415069
0.4696517412935324
0.7651583353075891
0.5710337202874517
0.5348653557608782
0.6250809444839296
0.5099265576877517
0.5843007186290768
0.6428650398799653
0.5435046987285793
0.41254047224196483
0.4869304272289347
0.4349364289662797
0.4145147279475638
0.6625918028903104
0.5316117823580511
0.47960199004975124
0.4117507699597252
0.45450525152017685
0.46565584774540003
0.492600489615415
0.4721472005054095
0.43591565979625685
0.6681671010029219
0.5213298586432915
0.5324646608228698
0.4330253494432599
0.44416015162283823
0.45524757166548213
0.5137487167337914
0.430056068862039
0.4569691226407645
0.5786464502882414
0.4317776198373214
0.4902629708599858
0.5487009397457159
0.41765774303087744
0.5234778488509831
0.43976940693358607
0.3876806443970623
0.30397220247966517
0.3308220800758114
0.4840401168759378
0.3213456526889363
0.41135591881860545
0.45401563610518836
0.3229092632077707
0.5392718944957751
0.3923556819079207
0.48235015399194503
0.5091684434968017
0.6623390981599938
0.5312169312169313
0.40012635236515837
0.4427228934691621
0.532669983416252
0.4647082050067125
0.47571665482113246
0.6288715154386797
0.5293058516939115
0.4613440732843718
0.48813077469793886
0.5939034983811103
0.43116165205717444
0.5368711995577667
0.5004817183921663
0.47988628287135754
0.44344941956882256
0.6123825317855169
0.6075653478638554
0.5079523019821528
0.37678275290215585
0.514080391692332
0.5250572534154624
0.4412224591329069
0.499581457790413
0.5420990286661929
0.5056937534549475
0.421858959172392
0.5749664376530049
0.33319118692253025
0.47047303166706156
0.40246387112058757
0.39758351101634687
0.5190713101160863
0.46680881307746974
0.4619758351101635
0.2517728816236279
0.3890389323225144
0.47892284608702523
0.3161020295348654
0.3586038063650004
0.4326936744847193
0.4594014056700624
0.45452104556582174
0.3548606175471848
0.42895048566690364
0.45564242280660194
0.49814419963673695
0.3826897259733081
0.3304272289346916
0.2939429834952223
0.32060333254363105
0.29991313274895365
0.4055752981126116
0.3059306641396194
0.26939903656321573
0.40664929321645743
0.19643054568427706
0.28626707731185347
0.29716496880675985
0.4501776830135039
0.39789939192924273
0.31398562741846325
0.3248835189133697
0.41470425649530124
0.4413961936349996
0.357498223169865
0.46316038853352287
0.31607044144357577
0.2479507225775883
0.38520097923082997
0.3802732369896549
0.48588802021637845
0.4178156834873253
0.2865197820421701
0.4237384506041223
0.4503830056068862
0.42966121772091925
0.5510700465924346
0.49876016741688384
0.6043749506436074
0.48888888888888893
0.6261391455421306
0.47901761036089396
0.6004264392324093
0.5797046513464424
0.6063650003948511
0.7119797836215745
0.6754639500908157
0.6073600252704731
0.4918739635157546
0.6922214325199401
0.6083234620548054
0.808718313195925
0.6616441601516228
0.7514491036879097
0.6201689962883993
0.7731501224038537
0.7682223801626787
0.8738529574350471
0.7583353075890389
0.8008054963278844
0.9379925767985469
0.8698886519782042
0.722798704888257
0.7652530995814578
0.7603095632946378
0.6921740503830057
0.7820263760562267
0.7297007028350312
0.7405512121930033
0.5934928531943457
0.7938719102898207
0.5520176893311222
0.43651583353075896
0.5263365711126906
0.4424386006475559
0.3743662639185028
0.46418700150043435
0.4118771223248836
0.4701255626628761
0.5283740030008687
0.46027007818052595
0.5185185185185185
0.40303245676380006
0.42966121772091925
0.5668956803285162
0.38823343599463
0.4149095790886836
0.23626312880044226
0.4524678196319988
0.27378978125246783
0.30048171839216614
0.3745399984205955
0.4011845534233594
0.34890626233909816
0.2650398799652531
0.3232883203032457
0.4605385769564875
0.329258469556977
0.45073047461107163
0.5089789149490642
0.3619521440416963
0.4991866066492932
0.4153360183210929
0.47360025270473033
0.38973387033088525
0.49541182974018794
0.5378978125246782
0.46982547579562506
0.5123114585801153
0.5232567322119561
0.43939034983811104
0.6556266287609572
0.5243781094527363
0.42473347547974416
0.4040748637763563
0.5887230514096186
0.5522703940614389
0.42103766879886284
0.4635552396746427
0.39553028508252397
0.5801942667614309
0.4963752665245203
0.5704967227355288
0.3603253573402827
0.5134170417752507
0.5559662007423202
0.5510858406380794
0.5936349996051489
0.4466714048803601
0.583984837716181
0.563342020058438
0.5585248361367765
0.5537076522151149
0.6120350627813315
0.7493800837084419
0.5234304667140488
0.6291873963515754
0.4822080075811419
0.6195688225538972
0.5989575929874438
0.7362868198689094
1.0
0.6793176972281451
0.7535181236673774
0.9066571902392798
0.7439311379609886
0.6759535655058043
0.623833214877991
0.634841664692411
0.5511016346837243
0.5779041301429362
0.44679775724551846
0.6947326857774618
0.6741846323935877
0.6220484877201296
0.6804706625602147
0.7862907683803206
0.6867882808181315
0.6346679301903182
0.6299455105425255
0.6725894337834637
0.604706625602148
0.647366342888731
0.7058043117744611
0.527363184079602
0.6806128089710181
0.6127300007897023
0.6080075811419096
0.5559504066966754
0.7092158256337361
0.5939508805180448
0.652452025586354
0.5687909658058913
0.43777935718234234
0.6857932559425098
0.3968569849166864
0.581710495143331
0.8139935244412857
0.4934533680802338
0.39406143883755823
0.5157703545763247
0.6848614072494669
0.3959567243149333
0.438711205875385
0.5130537787254206
0.5558082602858723
0.4880518044697149
0.40446971491747613
0.6051962410171366
0.44265971728658293
0.3748874674247809
0.3861012398325831
0.5868435599778883
0.5980573323856906
0.4513464423912185
0.7152807391613363
0.6001737345020928
0.6903893232251441
0.6384742951907131
0.6023059306641396
0.5346126510305615
0.5774776909105268
0.6519308220800758
0.6474137250256654
0.8955855642422806
0.7331595988312407
0.5075416567953881
0.787333175392877
0.6249072099818369
0.9678749111584933
0.9318328989970781
0.6588486140724947
0.54383637368712
0.6341309326383954
0.6770749427465845
0.6726210218747531
0.6208165521598357
0.7427307904919846
0.5329700702835031
0.4495933033246466
0.5083471531232725
0.6618810708362947
0.4995340756534787
0.5267156282081656
0.506562425965411
0.5653478638553265
0.418826502408592
0.54080391692332
0.5048566690357735
0.34255705598989183
0.2908315565031983
0.3654584221748401
0.3927189449577509
0.372597330806286
0.33668167101002916
0.22182737108110243
0.31224828239753616
0.4816868040748638
0.2720840243228303
0.2520097923082998
0.4372739477217089
0.32241964779278215
0.39712548369264794
0.361288794124615
0.1517049672273553
0.2738213693437574
0.33274895364447604
0.21797362394377318
0.41909500118455345
0.35168601437258157
0.0
0.1853431256416331
0.3074942746584538
0.1927663270946853
0.2517570875779831
0.12123351496485826
0.16447919134486302
0.2550738371633894
0.2035378662244334
0.2941641001342494
0.25843796888573006
0.2859354023533128
0.29760720208481406
0.30929479586196
0.3841585722182737
0.31689173181710495
0.23384663981678908
0.4035062781331438
0.2573007975993051
0.31641791044776124
0.2807707494274659
0.30833135907762776
0.3990681513069573
0.34765853273315955
0.122504935639264
0.1974729526968333
0.3987996525309958
0.18949695964621338
0.31183763721077157
0.1973150122403854
0.22495459211877122
0.22097449261628366
0.26442391218510625
0.10252546789860223
0.256542683408355
0.26840401168759376
0.24870883676853828
0.40273236989654904
0.43043512595751404
0.3633578141040828
0.4858248440337993
0.3714127773829266
0.39913132748953645
0.4110716259969991
0.29667535339177137
0.4191897654584222
0.2574271499644634
0.4589275843007186
0.281370923161968
0.18280028429282164
0.25797994156203113
0.44374950643607364
0.31363815841427783
0.30986338150517256
0.5746189686488193
0.33396509515912504
0.2670299297164969
0.31068467187870175
0.41753139066571904
0.20849719655689802
0.504904051172708
0.3906499249782832
0.5291005291005291
0.47805417357656166
0.28487720129511174
0.4391692331990839
0.3091684434968017
0.43190397220247967
0.47563768459290845
0.456242596541104
0.578978125246782
0.385880123193556
0.4454552633657112
0.3629313748716734
0.37514017215509754
0.48216062544420757
0.1785358919687278
0.49086314459448793
0.5189449577509279
0.34168838347942826
0.4329463792150359
0.3031193240148464
0.2996288399273474
0.34353628681986886
0.4822080075811419
0.28922056384742956
0.30157150754165685
0.42449656479507225
0.4368633025349443
0.46503987996525314
0.30368790965805886
0.34767432677880444
0.4232646292347785
0.27775408670931057
0.4797125483692648
0.17627734344152254
0.3150912106135987
0.3117428729369028
0.32422016899628847
0.33671325910131883
0.3176182579167654
0.3301113480217958
0.34263602621811584
0.355144910368791
0.2097449261628366
0.4907999684119087
0.32962173260680727
0.18425333649214246
0.4653241727868594
0.398941798941799
0.20622285398404802
0.3451630735212825
0.3420042643923241
0.4178156834873253
0.3040985548448235
0.2535891968727789
0.313622364368633
0.07358919687277897
0.24420753375977258
0.19374555792466241
0.23803206191265894
0.34551054252546787
0.2634762694464187
0.24463397299218198
0.3521440416962805
0.33331753928768854
0.2355366027007818
0.4220484877201295
0.5138118929163705
0.6055910921582565
0.7289741767353708
0.8839295585564243
0.6124772960593857
0.5937455579246624
0.4012793176972281
0.3983574192529416
0.3954355208086551
0.5030877359235568
0.48441917397141276
0.4183526810392483
0.4312880044223328
0.36525309958145774
0.5203506278133143
0.5806838821764195
0.5778725420516466
0.22759219774145148
0.3669272684198057
0.4115296533206981
0.42454394693200664
0.39019189765458423
0.4821922135354971
0.4162836610597805
0.4293453368080234
0.5055831951354339
0.423912185106215
0.40541735765616366
0.4501145068309248
0.3684592908473506
0.3973939824686093
0.3631524915107005
0.40788122877675115
0.3736713259101319
0.16572692095080155
0.32106135986733003
0.2710732054015636
0.2369106846718787
0.534423122482824
0.34233593935086476
0.3397773039564085
0.3846323935876175
0.41369343757403465
0.5059306641396194
0.37708283976940693
0.516733791360657
0.4194898523256732
0.3222459132906894
0.446150201374082
0.6174366263918504
0.5360341151385928
0.4388375582405433
0.3732448866777225
0.41824212271973465
0.6211640211640213
0.6187949143173024
0.363721077153913
0.48772012951117427
0.5169707020453289
0.3724867724867725
0.5281055042249072
0.6047698017847272
0.4287293690278765
0.3948669351654426
0.2662402274342573
0.3745399984205955
0.2617231303798468
0.512185106214957
0.4467819631998737
0.22345415778251598
0.37919924188580906
0.5191502803443102
0.32744215430782597
0.4200268498775962
0.43367290531469643
0.32096659559346125
0.571539129748085
0.4746426597172866
0.2988075495538182
0.4388533522861881
0.3735765616362632
0.5136539524599226
0.3852325673221195
0.5253257521914237
0.4759061833688699
0.41069256890152417
0.34549474847982314
0.4698412698412699
0.483645265734818
0.40268498775961464
0.3849166864092237
0.477722498618021
0.3336176261549396
0.44224907209981834
0.5192924267551133
0.5647476901208245
0.452294085129906
0.27666429755981997
0.4327252625760089
0.3992734739003396
0.39740977651425413
0.5219142383321488
0.4253178551686015
0.5182500197425571
0.6427860696517413
0.35669272684198056
0.3864960909737029
0.5268577746189688
0.4777067045723762
0.6970702045328911
0.6005527915975678
0.2829503277264471
0.4391534391534392
0.37427149964463396
0.3725657427149965
0.49722814498933904
0.32181947405828
0.4307194187791203
0.4132669983416252
0.3484482350153992
0.44156992813709234
0.39257679854694777
0.4541419884703467
0.4525309958145779
0.6088920476980179
0.4335781410408276
0.6215430782594962
0.5252151938719103
0.3815209665955935
0.5695174919055516
0.5364131722340678
0.7560135828792545
0.4702203269367448
0.5950722577588249
0.48304509200031587
0.4341941088209745
0.33796098870725744
0.5892284608702518
0.6193792940061598
0.5073837163389402
0.44280186369738606
0.5203664218589591
0.5663586827765933
0.5649688067598516
0.42144831398562743
0.3095317065466319
0.450319829424307
0.6227118376372108
0.4318565900655454
0.4147516386322357
0.44502882413330175
0.5858643291479113
0.47402669193713975
0.7254521045565822
0.5978204217010187
0.5333965095159124
0.7848535102266446
0.6888415067519545
0.608655137013346
0.7653794519466162
0.6851930822080077
0.5892284608702518
0.5722498618021006
0.4921108742004265
0.5857063886914634
0.4582010582010582
0.44125404722419653
0.4874990128721472
0.54953802416489
0.2641396193635
0.5789149490642028
0.467251046355524
0.5451314854299929
0.4966753533917713
0.6693358603806365
0.6998657506120193
0.4934849561715234
0.6345889599620943
0.6335623469951829
0.6325357340282713
0.568348732527837
0.6305298902313827
0.629534865355761
0.7390981599936826
0.7065466319197663
0.5318328989970782
0.5308852562583906
0.6720840243228304
0.450019742557056
0.49647003079838903
0.5587301587301587
0.5578141040827609
0.4779436152570481
0.6191897654584222
0.58671720761273
0.5542446497670378
0.5849640685461581
0.42617073363342023
0.6306404485508964
0.47184711363815846
0.37624575535023297
0.5491589670694149
0.2482508094448393
0.5791202716575852
0.48355050146094924
0.5617310274026692
0.3240306404485509
0.2600647555871436
0.35407091526494516
0.6060017373450209
0.368348732527837
0.5255310747848062
0.3352602069019979
0.429297954671089
0.365395245992261
0.5384190160309564
0.28500355366027014
0.4264392324093817
0.40996604280186366
0.2197425570559899
0.6770907367922293
0.4237068625128326
0.5178077864645029
0.453968253968254
0.39014451551764984
0.35790886835662955
0.2941009239516702
0.4040274816394219
0.5139540393271737
0.46595593461265106
0.5917081260364843
0.46473979309800206
0.4799336650082918
0.4635552396746427
0.41558872305140965
0.4623864802969281
0.4460238490089236
0.33489694385216773
0.20797599305061992
0.3811577035457633
0.49116323146173896
0.44324409697544026
0.3795309168443497
0.3474058280028429
0.2521203506278133
0.3147753297007028
0.266871989260049
0.4558951275369186
0.5185659006554529
0.43909026297085996
0.34383637368711994
0.43811103214088293
0.3744452341467267
0.3107952301982153
0.2787175234936429
0.35722972439390355
0.2777856748006002
0.32470978441127696
0.46639816789070526
0.1974413646055437
0.37073363342020066
0.24393903498381111
0.48040748637763564
0.3062307510068704
0.5743030877359235
0.3369501697859907
0.39969991313274894
0.1149917081260365
0.5094211482271184
0.2720998183684751
0.5085998578535892
0.2870725736397378
0.3656321566769328
0.2388849403774777
0.5701650477769881
0.34863776356313675
0.3324646608228698
0.14253810313511808
0.4264392324093817
0.2523256732211956
0.3624891415936192
0.4568743583668957
0.45649530127142074
0.4403221985311538
0.4873410724156993
0.15528863618415858
0.4865987522703941
0.32827923872699993
0.40688620390112923
0.422316986496091
0.5798783858485351
0.32681039248203425
0.3738292663665798
0.34189370607281055
0.3889125799573561
0.2937850430387744
0.30921582563373606
0.4352049277422412
0.4190634130932639
0.32393587617468217
0.5762773434415225
0.37060728105504226
0.4176261549395877
0.4330569375345495
0.3695332859511964
0.38496406854615817
0.542541261944247
0.41582563373608156
0.43127221037668795
0.4467029929716497
0.6674563689489063
0.33541814735844583
0.49299534075653484
0.4452499407723288
0.41328279238727
0.5076838032061912
0.28620390112927424
0.3647950722577588
0.3170338782279081
0.6641396193635
0.5689962883992734
0.4580589117902551
0.36289978678038376
0.4572850035536603
0.3305377872542052
0.40912895838268976
0.28238174208323463
0.5662639185027245
0.5500750217168128
0.5812682618652769
0.438711205875385
0.4383005606886204
0.5484482350153992
0.5322277501381979
0.35806680881307745
0.4366105978046277
0.4045960672826344
0.35677169707020456
0.40372739477217084
0.3558872305140962
0.4502092711047935
0.38657506120192686
0.4019110795230198
0.44883518913369663
0.24303877438205798
0.36891731817104956
0.30525152017689333
0.4627023612098239
0.2884782437021243
0.36694306246545055
0.5401721550975283
0.42910842612335154
0.31802890310353
0.3806680881307747
0.49070520413804003
0.5059464581852642
0.2527047303166706
0.3626944641870016
0.4253178551686015
0.26680881307746984
0.20304825080944486
0.37619837321329863
0.31242201689962884
0.3276158888099187
0.40597014925373137
0.3263839532496249
0.3257521914238332
0.2619284529732291
0.45080944483929564
0.48173418621179814
0.2599541972676301
0.33824528152886363
0.38494827450051333
0.3842533364921425
0.2887783305693754
0.3354339414040907
0.3031193240148464
0.3497591408039169
0.3174287293690279
0.39562504935639264
0.37905709547500593
0.5046355523967464
0.2827134170417752
0.26611387506909895
0.2810866303403617
0.4539998420595436
0.5479112374634764
0.6892047698017848
0.5146015951986102
0.5768933112216694
0.5601990049751244
0.4171365395245992
0.5741609413251205
0.5100371160072653
0.30376687988628287
0.4765379451946616
0.5229408512990603
0.5693279633578141
0.2998183684750849
0.5672905314696359
0.5188817815683487
0.6283819000236911
0.6588959962094292
0.6578062070599383
0.5777461896864882
0.6082129037352918
0.6228697780936586
0.41639421937929405
0.5099897338703309
0.4930111348021796
0.6813393350706783
0.44321250888415065
0.4893627102582327
0.44071704967227354
0.47104161731027405
0.5013345968569849
0.4210534628445077
0.3881386717207613
0.33941404090657823
0.6855247571665481
