0.36379520008945665
0.26117160309184684
0.27036886907174706
0.32147100345246915
0.3026571432565031
0.31181247641278675
0.39085584893001407
0.24624351788434926
0.26936248130494944
0.3344002907342437
0.32950812797897766
0.2687334889507009
0.3477209510364396
0.314873572536796
0.37982751631885714
0.38891296143577986
0.24418880952713748
0.37904477027801464
0.2483122038494332
0.187425743958179
0.3362313573655004
0.27533091986637404
0.2983240848161246
0.34923053268663595
0.38618732790070304
0.31126734970577136
0.3202130187439722
0.3152090351257285
0.22628349384286373
0.2212235997931314
0.31404889367233696
0.3089610444068602
0.16411109402736815
0.27083013013152923
0.3636134911871182
0.26065443160057583
0.21360580350278852
0.22245362928588397
0.2872118865577345
0.337978558349524
0.4306640761500076
0.3556182994842262
0.2526033294661951
0.3872076932753728
0.3261115692660358
0.23706022951232125
0.2737933830004333
0.29653495100848437
0.24938847965559172
0.28605174510434284
0.35071215912108794
0.23364969319150716
0.31225975986469673
0.29302657143256505
0.3855583355464545
0.3523335616342618
0.34705002585857453
0.3137693415148931
0.22460618089820109
0.41495324490166746
0.3257761066771032
0.40431628531093183
0.3570160602714451
0.4215227206015962
0.37425045077785385
0.41078791775575524
0.41941210181289573
0.4000251596941699
0.32476971891030565
0.5010553093943503
0.39777476482674756
0.4343122318046489
0.4428525502145563
0.32558042016689265
0.4319360384663768
0.370560362299596
0.5747871909201459
0.45748710565673784
0.5917699844848552
0.4604783137413863
0.6227024307060088
0.6032176453321779
0.45792041150077567
0.6061529429853375
0.43288651580168563
0.7348447786645793
0.6733992144584375
0.6398809107809288
0.5923849992312316
0.6706456257076163
0.6510909522944243
0.6734551248899263
0.6538864738688621
0.6343178228477978
0.656626085011811
0.8746627902100834
0.6873348895070097
0.6257495492221461
0.8577359070768629
0.6843716366381056
0.7345931817228799
0.6870134045259494
0.6393777168975301
0.7595012789511202
0.6279999440895684
0.7061767049187201
0.798289140796444
0.862488293753407
0.7589142194204883
0.6832674056162028
0.6216541101155948
0.6298729435444418
0.5262569363879065
0.5624170079532588
0.5007757572369064
0.5928322826831416
0.6988524383936933
0.5952084760214136
0.5754301608822665
0.5835930838796247
0.36815621374557955
0.5440364536013306
0.6220734383517604
0.4205582656584152
0.4706260570565953
0.5766042799435304
0.41695204282739046
0.53687991837077
0.4751128691835679
0.5531079211103811
0.5192681324518121
0.6531596382595082
0.465566163006863
0.41769285604461653
0.4956599527556853
0.517702640370127
0.4279244650070586
0.42197000405350626
0.597752400654152
0.3960974518820849
0.543910655130481
0.523992563912612
0.5319877556155039
0.553988510406329
0.4082160379072725
0.47213563870679165
0.48010287519393924
0.5160253274254644
0.24446836168458125
0.406175307157933
0.4700250199180911
0.4780202116209831
0.4300350837957591
0.3401311099618411
0.30616552283242243
0.45386690521784095
0.4617782312734998
0.49764477307353616
0.3797436506716241
0.3037893294941504
0.49339558028039077
0.41741330388717274
0.5791062717526523
0.5310792111038116
0.5389066715122374
0.5467760647442796
0.5686230658485106
0.5345456578561145
0.5004822274715904
0.4664048194791943
0.46026864962330344
0.45414645737528475
0.5318759347525264
0.511706246592958
0.35180241253511874
0.4854423214011153
0.5351466949946186
0.5429741554030443
0.5787428539479753
0.418769131850775
0.566358693373216
0.5461610499979033
0.5539605551905846
0.4359196567099506
0.5834812630166473
0.4374711711837636
0.3893462672798177
0.5787847867715918
0.3769061962735697
0.4265686370434564
0.43428427658890456
0.38614539507708645
0.33795060313377967
0.3596438505514166
0.35336790461680384
0.3890806927302461
0.2849614916903121
0.44641684022196443
0.4121856785429741
0.33600771563954546
0.39960583145800427
0.295472652810198
0.4289588079896006
0.36674447535048854
0.3744321596801923
0.31221782704108014
0.305913925890723
0.45334973372656995
0.20942649874900407
0.34288469871266225
0.2666787805934892
0.3861034622534699
0.3098975441342968
0.26164684175950126
0.3252030247543435
0.19303076471492667
0.3404525949429014
0.264218721607984
0.17397928518513342
0.16763345121115972
0.2031785080301357
0.18285506618397326
0.35816222411696463
0.25397313503766966
0.1497281355268859
0.35304641963574357
0.3606222831024698
0.3402848636484352
0.3198915337629118
0.18769131850775056
0.26519715415903716
0.3007142557622688
0.28032092587674545
0.5255440783864249
0.421285101267769
0.3589589477656793
0.3665208336245334
0.31815831038676035
0.5353703367205735
0.528954614707239
0.4246816599807109
0.43222956823169284
0.4957298407950463
0.5591462477111666
0.6645374110674699
0.5322952629886921
0.6097312106006177
0.49146667039402875
0.48503697077282193
0.8280334903484617
0.8076261828550662
0.7731853570579931
0.7527640719567252
0.8441636498329674
0.865675188348266
0.9011224019121366
0.9366115482996239
1.0
0.8537802440490334
0.9172246061808983
0.8408369791593867
0.9601917727800062
0.8418713221419285
0.7655396055519058
0.814950449380093
0.7805515564066365
0.815984792362635
0.5299330472582923
0.6912206644954781
0.7406315083236653
0.5943698195490824
0.5879121647121313
0.5674349691793745
0.6308373984876228
0.6942258501879988
0.519994968061166
0.5274729882727869
0.4930740952993304
0.41670044588569105
0.4102008582251233
0.3338132312036118
0.5230141313615587
0.404693680723481
0.48207371790391795
0.4615965223711614
0.399144570398222
0.4345917839620927
0.4141285660372084
0.42162056385670155
0.40114336832394504
0.4925010133765707
0.4160854311393148
0.28380135023692044
0.6407335448611324
0.43851949177417776
0.44601148959367093
0.35567420991571497
0.33516905916721407
0.39857148847546225
0.3361474917182673
0.427505136770893
0.33712592426932053
0.5263408020351397
0.43596158953356723
0.415512349216555
0.5487748626700025
0.5422612974015627
0.32612554687390793
0.36155878282990644
0.5647093356442977
0.44638888500622
0.43993123016926877
0.4613868582530785
0.5527305256978321
0.5741861537816416
0.3440588177739261
0.44938009309086835
0.5267601302713053
0.4783416966020435
0.4019680471884042
0.5771913394741623
0.5287729058049004
0.43843562612694453
0.5717400724040088
0.5093580084704303
0.5168639838977958
0.5243699593251611
0.5598451281047762
0.6092419943250911
0.5608515158715737
0.5404162531624338
0.7016898927917475
0.6532714591224856
0.5210293110437079
0.7242497518974602
0.4801448080175558
0.5855219937659868
0.5930139915854801
0.5306738604755182
0.7338663461135261
0.5876745453783039
0.6650685601666131
0.6865661210740394
0.8478816935269696
0.589827096990621
0.7511566470514236
0.7586905776945332
0.7662245083376431
0.7737584389807528
0.8093034957997287
0.6630977174566344
0.7545112729407488
0.5104622394923333
0.6997330276896412
0.6793396978041177
0.8406552702570481
0.8202759179793969
0.6601204869798581
0.8773604685294157
0.7172190151377492
0.8506073270620464
0.69046587367038
0.781921361978111
0.9293012593824692
0.6154340746124708
0.6509511762157024
0.8402778748444991
0.7500524160295207
0.7576841899277357
0.5276407195672532
0.7729058049005494
0.5988286764603105
0.7042757502481025
0.5861370085123631
0.7055616901723438
0.5454901248200382
0.5950547223348195
0.5048851739513299
0.4985393399773563
0.6040563018045091
0.5418140139496527
0.4097395971653411
0.5012509959045608
0.4669918790098262
0.34889507009770343
0.4124792083082901
0.6158534028486364
0.4418182072320143
0.5054722334819619
0.5830479571726095
0.4649511482604867
0.7661965531218987
0.4803824273513831
0.39025481179151
0.7334470178773604
0.5874229484366046
0.5392561117090421
0.4631340592371021
0.7644213969221306
0.5066044197196091
0.38857749884684734
0.773702528549264
0.5718099604433696
0.6914163510056889
0.5035293459877276
0.6091721062857303
0.7007953258879275
0.652698377199726
0.7164362690969067
0.8080734663069761
0.8159149043232741
0.6699607229218791
0.6638245530659882
0.5877723886334093
0.5397313503766965
0.6593796737626322
0.5694058118893531
0.6052024656500287
0.5991222062256265
0.6768656612107403
0.6847350544427826
0.4969598702877989
0.47688802538333586
0.6944355143060815
0.4367583131822819
0.5145576785988846
0.4945557217337824
0.5443998714060075
0.4684735054442782
0.36457794613029926
0.5123072837314622
0.3664928784087891
0.40241533064031415
0.41038256712746174
0.34847574186153774
0.3983897795731238
0.36445214765944955
0.232671260640454
0.2825713207441678
0.2766168597906154
0.38248326181457304
0.2647219154913828
0.11901933103168723
0.14100610821464013
0.2888472666787806
0.12918804075870455
0.2350754091944704
0.2291768586724068
0.18133150692590466
0.13352389472065748
0.21152313992983238
0.10779111862795801
0.14384356261269443
0.1519785303943083
0.10418489579693331
0.22417287505416322
0.16240582586696115
0.24044281061739095
0.1368100303314091
0.31270704331660676
0.22302671120864373
0.0774513229805851
0.40712578449324177
0.2616049089358847
0.2418685266203542
0.1522441049438799
0.2722838013502369
0.19665096515382358
0.037174845896873206
0.33895699090057724
0.22143326391121423
0.1877751841549837
0.028332611156926597
0.06458633269502258
0.24062451951972938
0.3747396670533804
0.15938666256656833
0.0
0.3438072208322267
0.19842612135359153
0.2766448150063598
0.21512936276085706
0.05579441734341584
0.1759780831108564
0.2542806424108578
0.20675677564541603
0.20120766532015708
0.23757740100359223
0.3578547167437764
0.3383279985463287
0.4027228380135023
0.22945641082985058
0.34974770417790696
0.3582600673720699
0.394699691094866
0.3752428609367792
0.4257160029632528
0.3783319122765329
0.2750373901010581
0.5631298659547405
0.3480424360174999
0.1888794151768866
0.3232461596522371
0.4576688145590764
0.28457011866989085
0.5307996589463679
0.23191646981535577
0.40827194833876124
0.3749493311714633
0.5233915267741078
0.47614721216610983
0.4568720909103616
0.5494318102399954
0.4183637812224815
0.5109095229442433
0.3938470570146625
0.48644870916791294
0.5091902771759641
0.5738227359769649
0.42886096473449525
0.32579008428497547
0.5582377031994744
0.4691723858378877
0.5618718812462434
0.5147673427169674
0.3838390897781753
0.5743818402918525
0.41552632682442725
0.4523433459597723
0.40529471786198507
0.3583020001956865
0.4930042072599695
0.36213186475266623
0.41302433501530544
0.5477544972953329
0.4588569112282124
0.3420180870245866
0.560655829361363
0.3040688816515941
0.452832562235299
0.3500272563353507
0.5547433012314272
0.35412269544190206
0.4330542470961519
0.31632724375550364
0.2974434955201767
0.40438617335029275
0.3995079882028989
0.1290734243741526
0.33385516402722837
0.287100065694757
0.2543225752344744
0.26349188599863016
0.14684874830521502
0.23991166151824778
0.179206910529332
0.2722977789581091
0.19767133052849337
0.30473980682945917
0.2021860978712103
0.08563940567211327
0.3884656779838698
0.4117244174831919
0.35113148735725364
0.4163789609046308
0.2300015375368659
0.40706987406175305
0.3325832017108592
0.3000153753686594
0.33734956599527555
0.3746977342297639
0.2164013250772263
0.19786701703870396
0.41696602043526265
0.21675076527403098
0.47781054750290025
0.3195560711739792
0.32904686691919544
0.4643501111219825
0.44591364633856556
0.3855723131543268
0.7305816082635617
0.6842318605593838
0.847532253330165
0.8850900856827362
0.6430957605915322
0.5688467075744656
0.4387012006765162
0.532211397341459
0.49993710076457504
0.495631997539941
0.4494080483066128
0.33331003732021297
0.580643808618593
0.4226269516234991
0.44636092979047565
0.3582740449799421
0.4519100401157345
0.2660078554156241
0.42955984512810474
0.4813049494709475
0.5749968550382287
0.2493745020477195
0.3990187719273723
0.5067302181904588
0.32092587674545375
0.3168444152467747
0.41063416406916114
0.5323791286359252
0.4025551067190361
0.496372810757167
0.7160169408607411
0.44644479543770876
0.48440797841857336
0.2847658051801015
0.4764966523629146
0.4026809051898858
0.32887913562472915
0.4507778538780873
0.153362313573655
0.20540094768181372
0.2993863830144109
0.239632109360804
0.4175251247501502
0.32984359056791024
0.3260416812266748
0.4480661979508826
0.4582838293054526
0.3287253819381351
0.5067022629747144
0.461051395664146
0.4293781362257663
0.5235313028528297
0.5478243853346938
0.4183637812224815
0.3867604098234628
0.4809694868820149
0.4074752246900465
0.5995555120696643
0.3443803027549865
0.3128468193953286
0.518960625078624
0.4595138587982052
0.1764393441706386
0.4524831220384943
0.23932460198761582
0.40358944970157806
0.3721677872048977
0.4665725507736606
0.5190444907258571
0.37585787568315554
0.34450610122583614
0.5088548145870315
0.39366534811232406
0.40428833009518744
0.6245894077687544
0.3137693415148931
0.49216555078763813
0.5867240680429952
0.44367722907901536
0.48235327006136164
0.24149113120780508
0.322127951022462
0.33289070908404733
0.34366744475350486
0.29856170414995176
0.4211872580126637
0.44599751198579873
0.20524719399521965
0.3838390897781753
0.2689151978530394
0.5733335197014382
0.4304823672476692
0.42743524873153205
0.42440210782326715
0.42136896691500214
0.3065429182449715
0.3734397495212669
0.3984177347888682
0.35353563591127013
0.420474400011182
0.43153068783808335
0.47054219140936215
0.5235592580685741
0.5067022629747144
0.3500831667668395
0.3891645583774792
0.5261031827013125
0.5372712913911913
0.2689012202451672
0.5316802482423159
0.3891366031617349
0.17671889632808238
0.4535314426289084
0.1712536516500566
0.47606334651887666
0.4594020379352277
0.5266063765847112
0.3422417287505416
0.3955103923514529
0.44879303356023653
0.46015682876032593
0.3177809149742113
0.3850970744866723
0.5922032903288931
0.4638469172385838
0.6290482646799825
0.4028905693079686
0.33050053813790303
0.5097214262751072
0.5771494066505458
0.6305997791537956
0.40452594942901465
0.7655256279440336
0.5674349691793745
0.41129111163915405
0.3530044868121269
0.5323511734201808
0.5719497365220916
0.5835930838796247
0.5533315628363361
0.5929720587618634
0.33909676697929914
0.5045636889702696
0.4324252547419034
0.555987308332052
0.5398012384160574
0.5515703842444404
0.5493898774163789
0.3515368379855471
0.6009672504647554
0.5569098304516165
0.7924045678822526
0.6784730861160421
0.5645555819577037
0.548509288120431
0.4346197391778371
0.795996813105405
0.6541939812420502
0.5124051269865675
0.28675062549795227
0.38262303789329494
0.6462267447549026
0.4625609773143424
0.5864165606698069
0.4447255496694295
0.5965643039850159
0.4269460324560055
0.3971178172567546
0.3812811875375648
0.6170554771256447
0.5313587632612554
0.6413625372153808
0.5836489943111135
0.6237926841200396
0.5381658582950113
0.41060620885341675
0.5206938484547753
0.5469158408230015
0.573165788406972
0.4876088506213046
0.6256936387906572
0.5261870483485456
0.4965824748752498
0.4390366632654487
0.46537047649665236
0.5196734830801056
0.49012482003829855
0.3208280334903485
0.47301622800273957
0.42953188991236035
0.5398152160239296
0.5383056343737332
0.3411095425128943
0.6052024656500287
0.5478104077268215
0.3926030499140377
0.5728582810337838
0.431656486308933
0.4022755545615923
0.40087779377437344
0.5113148735725367
0.342199795926925
0.5085752624295877
0.3115469018632151
0.3381602672518625
0.3508239799840655
0.391442908460646
0.4041345764085934
0.3469521826034692
0.5134115147533651
0.4283018604196077
0.2733181443327789
0.3559537620731587
0.32679647205177303
0.3255943977747648
0.4082859259466335
0.3092685517800483
0.43392085878422765
0.40481947919433064
0.5015305480620046
0.6122471800176117
0.3875012230406888
0.2885677145213368
0.4831779489258209
0.48211565072753443
0.5649329773702528
0.6058314580042772
0.4370797981633423
0.31027493954684593
0.2533581202912933
0.5039766294396376
0.4331101575276407
0.41818207232014315
0.38927637924045677
0.36038466376864264
0.17775323931062437
0.5123072837314622
0.3576590302335658
0.34280083306542913
0.411808283130425
0.32709000181708897
0.21441650475937546
0.3813091427533092
0.5621933662273038
0.2259200760381868
0.4906979019610584
0.43399074682358857
0.30740952993304727
0.41847560208545903
0.5574968899822483
0.24923472596899765
0.2904407139762101
0.317683071719106
0.31697021371762435
0.35820415694058116
0.24569839117733389
0.38478956711348417
0.24435654082160377
0.3974532798456872
0.3548774862670002
0.31230169268831337
0.40952993304725827
0.32504927106774945
0.3384258418014341
0.2959059586542359
0.2254308597626602
0.364633856561788
0.3640747522469004
0.25170876256237507
0.39093971457724724
0.18074444739527273
0.22216009952056803
0.2635757516458633
0.23511734201808698
0.2905385572313154
0.3180185343080385
0.31754329564038414
0.3031044267084131
0.20479991054330962
0.44197196091860835
0.18994171337517296
0.3432620941252114
0.440686020994367
0.23061655228324227
0.46783053548215753
0.29970786799547117
0.32727171071942746
0.34087192317906706
0.3964189368631452
0.4799211662916008
0.39570607886166353
0.33944620717610385
0.3810435682037376
0.3527528898704275
0.36640901276155596
0.408034329004934
0.33783878227080216
0.4074193142585578
0.3092825293879205
0.30900297723047676
0.19690256209552295
0.44821995163747674
0.2802230826216401
0.36383713291307324
0.43347357533231756
0.34935633115748566
0.2932082803349034
0.37683630823420877
0.474455921613575
0.5580979271207526
0.29231371343108337
0.4458577359070769
0.613379366255259
0.33363152230127335
0.43127909089638394
0.4870078134828005
0.6126245754301607
0.3608459248284248
0.4585074710314077
0.44436213186475265
0.3463651230728373
0.44404064688369227
0.5696853640467969
0.37384510014956035
0.35972771619864974
0.5133416267140041
0.3035377325524509
0.527039682428749
0.6946312008162923
0.49881889213479996
0.4847154857917616
0.37278280195127406
0.45652265071355685
0.48436604559495683
0.3724333617544693
0.47016479599681305
0.47005297513383554
0.24629942831583798
0.455865703143564
0.4977006835050249
0.3298575681757824
0.30180450917629953
0.42751911437876516
0.28764519240177233
0.3714129963797995
0.3573375452525055
0.2733880323721398
0.34317822847797824
0.3990047943195001
0.5247193995219658
0.3988230854171617
0.48260486700306104
0.46854339348363916
0.45446794235634513
0.566204939686622
0.4543002110618788
0.2864710733405085
0.38423046279859663
0.37015501167130255
0.3980263617684469
0.21621961617488783
0.3978306752582363
0.36977761625875344
0.2578589100261381
0.3416267140041653
0.3135736550046825
0.42529667472708715
0.45314006960848724
0.24336413066267834
0.4389388200103434
0.35496135191423334
0.3129167074346896
0.32676851683602864
0.2567686566121074
0.3125532896300127
0.38230155291223455
0.6058174803964049
0.2562375075129642
0.28405294717861984
0.42367527221391327
0.25579022406105417
0.2975692939910264
0.5070796583872635
0.3811134562430985
0.26911088436325004
0.36678640817410507
0.3526270913995779
0.4922074836112547
0.5199670128454217
0.46386089484645593
0.29591993626210805
0.3935535272493465
0.4632179248843353
0.4210474819339418
0.39286862446360926
0.47648267475504236
0.4342982541967767
0.4620018729994549
0.5176467299386383
0.5732776092699494
0.5450428413681282
0.446906056497491
0.6842178829515116
0.6279999440895684
0.44596955677005434
0.24996156157835145
0.3754245698391177
0.34711991389793545
0.5144877905595237
0.5281019806270354
0.3040828592594663
0.3596019177278
0.2613533119941853
0.3587912164712131
0.372335518499364
0.10633045860531427
0.44134296856435984
0.4828145311211439
0.5103084858057392
