0.26314093256031407
0.2815544487688891
0.38221701676003544
0.2664892699449358
0.2486978335737975
0.2951571454042282
0.2520591821729917
0.2864690637982482
0.3362810746104131
0.2500260174792306
0.3193078603604134
0.2879850736692513
0.2250061188041257
0.26234797565944323
0.15633510445933904
0.3169195194251055
0.2683344366074081
0.22053024039289665
0.30300870863535145
0.234869585627196
0.2230072145594449
0.3188977778005885
0.2598326477895324
0.24750260011149408
0.2950018789642937
0.242493811948431
0.29054603269631596
0.2832686263595906
0.2897165206143204
0.19465299558262655
0.2509612680312552
0.1744961534438816
0.22951971626122816
0.21048050183983158
0.15557348504600688
0.3195846098716999
0.3422574694690159
0.2840850575816964
0.25797804871116525
0.2916877947782232
0.256739149488484
0.24526787522065563
0.21191264101175467
0.16108866567725147
0.21442539207236616
0.2555488893948216
0.26051954661199606
0.255608189460122
0.2627600950182831
0.2692111772158827
0.28158279090116156
0.2845297522509791
0.28141595711858536
0.3152508441329664
0.3172632368394979
0.28402347857223786
0.2654280823969609
0.35755310103957155
0.32048296227328055
0.31488877027661427
0.287199532127994
0.3155424244985595
0.2820113050223378
0.27598133855977924
0.343843129244027
0.34378100113458854
0.27291861217623653
0.38350210029682047
0.3240668177243841
0.2736175976698626
0.4044485553830998
0.4491822374495036
0.3991280416238116
0.3942143263550629
0.33872413262361123
0.3689337853191341
0.426677509512549
0.29503850133747894
0.46018669731749673
0.45179368055814323
0.43922461246722627
0.49849888256231817
0.5467834153196235
0.46407150018098686
0.529193245833915
0.5067151877388248
0.5162166829317048
0.5698473018346186
0.6077952952788099
0.5934923528497119
0.6567558674653119
0.7000792438936251
0.7213675608983381
0.7070993419948255
0.6303646615449303
0.6161096825701451
0.7210520335629734
0.6246420565454164
0.6426741727230877
0.6727077910871867
0.6702040999898564
0.654682535012681
0.6467627106941661
0.6438599771340969
0.693151960761871
0.5896792968249963
0.6033912639583892
0.6783821777888245
0.6312886994015168
0.5978121693494973
0.5987103032466907
0.5421718981334787
0.5829614743637274
0.5400041017355777
0.5111801273015956
0.5503277621984257
0.5491499668264862
0.5698427238168774
0.4261505057489213
0.4335503040223548
0.5124953365153839
0.5950068928626826
0.36814370746559827
0.44782461530549833
0.444388933642043
0.4419397382973572
0.507072536230548
0.4643007090122396
0.5074229400476875
0.5236256271619669
0.4087363887855064
0.32316919540957
0.4704571775146063
0.44668710795077843
0.53710011506839
0.4478875128142076
0.4406302731982865
0.4274647325690391
0.47748527694070697
0.459732603841281
0.5067866838637184
0.5392074285303472
0.5472660094009882
0.4696680949342527
0.48956365959124615
0.4669786812998179
0.47343765105872593
0.33551215035580334
0.5026210435382835
0.3089248338209934
0.3701995247435627
0.38792291369028437
0.43969528802283336
0.409788786683237
0.42044045888903164
0.31688176030830656
0.34836953254329023
0.331126964655545
0.5081098997515009
0.47798269706996765
0.41149243793865936
0.5767113739242227
0.38241528508683187
0.4658393618591077
0.4422864714071935
0.47915203161732833
0.4339380586191286
0.5041713074954125
0.5478419262224901
0.5473902525409362
0.4732378239584032
0.40998687408024426
0.47514625512541536
0.6412378641652015
0.43359742330930084
0.44314377859994425
0.4811334070843768
0.3969753039058863
0.3549075391614791
0.4443174781117769
0.47652786150959
0.39830286741449894
0.4746738698063335
0.42314691362581675
0.5627222467161266
0.4152060783322551
0.5291266368994274
0.47038552912443937
0.3867187266900986
0.337574809236691
0.34302070496002324
0.3483061176748631
0.2947707178721175
0.3491276257000691
0.3786872873653112
0.2472730507357292
0.3625070755083574
0.24969174055159246
0.33280978340296996
0.3153496764647254
0.4292106109039907
0.3948683307259422
0.30853696284179755
0.3436475527021434
0.30187284316462726
0.349665876729714
0.2571305217733673
0.2532644807033577
0.3164961592552512
0.23620426571263634
0.3185039412197969
0.3154026700028425
0.28368538770447504
0.3199816758845341
0.30527555136639967
0.26349138534489913
0.32707033513042916
0.255216610788582
0.30108297968481085
0.19529840077279007
0.2913437929524128
0.24553265569995456
0.27957526769561614
0.22351823886940836
0.27581175106917216
0.20853290850783546
0.19402265730458573
0.2632174738677802
0.18161724363428097
0.21327805203657918
0.2758120855627627
0.247621345329522
0.29168089249139717
0.2711425292587193
0.3357005116124674
0.3279948401049976
0.3294738603991189
0.4223260716643673
0.38950409098643235
0.3508747663774079
0.4007644979765531
0.39561921552326323
0.4511449770208724
0.4905306533913673
0.4737722778075995
0.4252961727730085
0.466353297774555
0.5322811511482787
0.7202658864314101
0.5244189729729718
0.6354993455795154
0.6803571275792046
0.6778197953020788
0.7270964078523959
0.7127365240422854
0.7336767546602793
0.8262914087532827
0.7934160321150949
0.8573326008635035
0.8833202194551555
0.7974624578324484
0.6893298908261223
0.8518325651436934
0.9472441650116906
0.8222565026673858
0.8400250360425957
0.7127720912445271
0.8165923457168518
0.6665594363267031
0.8384504464265854
0.6849105391084228
0.6867924211283427
0.5272802548160894
0.6630531854759789
0.43386685932199204
0.45699291365544925
0.5539882449262561
0.40516912944148253
0.39798806090880895
0.46007489079374486
0.36394582296314404
0.504925227565559
0.4438085970578839
0.35473357972910924
0.477465155922998
0.3423454029109566
0.47750562259848195
0.43864796251203064
0.38754684101184755
0.42635515717376293
0.2668303179245257
0.36901846554969875
0.3299872686551012
0.45912787868567184
0.36917710414856464
0.42010206841546294
0.3472890839336229
0.3754647207726473
0.37874998075817434
0.3823431701934381
0.3933263050212955
0.3697142850171231
0.43104256355895776
0.4294637978622967
0.4787444215488824
0.48304304104001944
0.35581316739813706
0.3566947250514575
0.3459214331416707
0.4381037257859478
0.43778752211363237
0.4122366792084501
0.39385280869160244
0.3479104042251868
0.3835521935725653
0.5118628024754308
0.4292941415780833
0.4572960554798878
0.46497424177821445
0.44701751823797864
0.3619739156829406
0.5027934372265359
0.4697764475571347
0.45043681068553965
0.5051494139692435
0.6012220892427409
0.44471052424920354
0.5784952657700101
0.4814942980474246
0.5433951673484145
0.5077740467659091
0.4766078587133308
0.5612239203032795
0.5400381154002789
0.570742107089652
0.5585285266567362
0.6193293838892108
0.5650186394649442
0.5513473471128044
0.6610568411503
0.6279084734377106
0.6294093743939483
0.8011782395589986
0.7052073311921712
0.7956482078202931
0.6870825485721881
0.6572667749314742
0.6648759845636962
0.8779886786796806
0.6541370910491091
0.7584894722048215
0.7080855785801007
0.7044390169302708
0.7549960635908406
0.7387248504327145
0.590336310343554
0.6923259255331963
0.7394970025781191
0.7254064064904716
0.6587366837322971
0.701307394122449
0.6880714796480079
0.6911545855522885
0.6190595136969785
0.7143054752836273
0.6656785341694992
0.5959833626157416
0.6151082119403165
0.6716239338036902
0.5986860174801413
0.6172396903175911
0.6042567975502131
0.5568532929545181
0.5320476567809462
0.5134500073275747
0.5382319582321748
0.44470250755394714
0.4987986863785837
0.5652839565285693
0.468300764735006
0.5514093873977804
0.46883321672721057
0.4476599413763661
0.34793474345523445
0.41213753537215414
0.5238269098549881
0.45068441722675784
0.5194343960414508
0.4864618751029738
0.5056240749662859
0.49133193184470536
0.5432146020047399
0.44263197361681333
0.5274660407458325
0.44114940133638275
0.45470890751962395
0.460903205434972
0.4990365372768286
0.5019973307031145
0.6661978760582834
0.569009270986228
0.4559857614579389
0.5972889502267226
0.595703156704908
0.5163930367494819
0.5618145765670841
0.5732480653782777
0.6142321323594984
0.5933981989043339
0.5689680123498764
0.5942907417571911
0.5873036739299345
0.5640712544452482
0.581181709521042
0.5491485957274193
0.6801237450130652
0.5214008665780963
0.5889774790078883
0.6773466754688999
0.5485613660743125
0.5627138039052179
0.4734845457457062
0.4822951075381212
0.4302348192478882
0.4262919084691984
0.5436814332468163
0.42722871669150064
0.5293731955923772
0.4038944652026061
0.36369164966301987
0.32690130785184945
0.3479958951659855
0.4087851364639058
0.3523516119046449
0.29152817563098676
0.29937697450609074
0.3124693701709322
0.2649212353780742
0.19420900159564208
0.33619333325183803
0.3770212312774707
0.31445698603497085
0.2840483682952309
0.2613933001762268
0.2024303348570209
0.23243623333306143
0.22849380450244045
0.16817698838427717
0.15645779329331472
0.1222543581317586
0.16593788323783082
0.18814354361286809
0.061581846065152254
0.23823172842021467
0.12412893825294945
0.17992943963189328
0.2033475089466903
0.24431011027191213
0.3623554248855665
0.31674622842777506
0.3213967340316064
0.26014084271239635
0.24752579611935288
0.25342729681891557
0.26468781085163373
0.1547469082130001
0.24467839075683756
0.09742877453209876
0.20330633413114368
0.2320469999804691
0.26849110124063713
0.3741922816890476
0.2157161999700757
0.11987281159159408
0.18484846287859263
0.2622579582535815
0.22365975135761035
0.2657560447255071
0.2219765918281263
0.1296238326305189
0.25127187122770145
0.24042162628663777
0.17356630718382224
0.08942774605306042
0.12061745187156782
0.2543477746813114
0.19093511799832588
0.3151600893150521
0.20288515873777035
0.23985313287730758
0.3539809543181879
0.2826201136484202
0.3834229884430793
0.2333992954336514
0.24774579681917056
0.397435376140364
0.38980665423560196
0.33909251689484826
0.2644289983755349
0.2880163819534879
0.34097927332335165
0.3111224113311167
0.22715545877368498
0.285272026886503
0.3669485592969603
0.29409524152952815
0.33105956010902504
0.3243098690233587
0.2837739640400765
0.3285302412758848
0.39093511864485575
0.3189501548258677
0.4455304019096707
0.3757980934071674
0.3889299583947643
0.41197363036759277
0.3061190380621137
0.5072280500041708
0.4637827097658971
0.31963124713727353
0.3901186211209488
0.4075531851169785
0.3832645465971366
0.44495244867069705
0.4023983301755743
0.3817789949407332
0.35691879227378354
0.39450739065825097
0.5063799476931609
0.42440165661486273
0.3911727359877798
0.3946479205458573
0.37070202362002086
0.41521369679545506
0.39468267866379614
0.3490941554230861
0.4309393112732033
0.20912385885452728
0.319283883199214
0.3108388709129726
0.28619263257464345
0.3696825614115835
0.2774294406813269
0.19617539346882443
0.2552194375625431
0.3097013399435077
0.18757888638822146
0.2521456070187304
0.35680325958151
0.22755951554041623
0.30688202306924994
0.2158265635453301
0.23810829513218842
0.21373944662031313
0.25432251701822123
0.10915130045257027
0.20492850123331946
0.23326496802855096
0.1559841609329232
0.21062452762422623
0.2264953515238232
0.2499248807398693
0.3543220725670624
0.33239889577044074
0.24318348776752366
0.3832039706151299
0.2847191835155554
0.2206494259007543
0.2812665693050813
0.17841365458079136
0.15191868615073742
0.25307025806582195
0.3490108999618441
0.3675098369785794
0.19570894849559767
0.2744647306546032
0.34704524445891644
0.3377806572760788
0.34757952972732004
0.3799256478987988
0.5093293430688102
0.660784556904536
0.7481079496576398
0.8965379064962593
0.8474714145449482
0.5602514228904598
0.49618546586069506
0.29430460475583253
0.4514355982756539
0.3639769599373095
0.31878863155440373
0.4142342688772731
0.3698930008138598
0.30958444796902285
0.33557000203624776
0.3356955486867814
0.34003887877146155
0.4112435879604862
0.30237107834942933
0.3800004759525929
0.3878593121566278
0.39466127977314025
0.27521314147782233
0.3021192384567577
0.3992843294274433
0.2797383199598363
0.4236974780926423
0.3460684807100923
0.443166400130762
0.2370812191469568
0.503934215105681
0.3093737944890003
0.3876164093426432
0.4346962193402498
0.3929522386632908
0.36676968367595997
0.5223689006583325
0.42462832339656587
0.36017959770836383
0.3223388558429347
0.4129277115410406
0.5392113278937981
0.39641336520618276
0.3579761797372952
0.36790616842949175
0.3222251526117723
0.35247325609130076
0.3782694487369449
0.3491769138306434
0.40556754798742417
0.4920484325144265
0.4135882162101755
0.49571691573323007
0.3979917036653212
0.4795442169441211
0.36675493097225736
0.3907794670257335
0.36013634114824145
0.47166497024436516
0.3948786376363765
0.3601128563875737
0.34657481828437503
0.34671934928166726
0.3724703359969545
0.3811054244050288
0.34934740759265914
0.41402613393156684
0.4517945026169372
0.3830475737788952
0.3971297169030853
0.38617221686936665
0.4649742629351706
0.2683322226547492
0.3760540705308626
0.44590596992897735
0.33114485471918464
0.527866292737389
0.4005884916038022
0.441534667772739
0.4200631748443099
0.3442640562142422
0.4169675495125883
0.43399819561917385
0.3197407511416313
0.3061188140086736
0.4266812804551364
0.46851910502959926
0.37653589222135186
0.36971666545467313
0.4029279437651227
0.382218709185386
0.4386718590887297
0.44305626741565995
0.4599042347097534
0.2945425311185085
0.4204321218923136
0.3139057170934991
0.3186075641545171
0.3400060000431053
0.4019258832180663
0.32674166640997315
0.3062471951541115
0.35460512628040886
0.3575870352527267
0.43256515561410214
0.5125058254305298
0.3682299588020841
0.3991066294982103
0.5636047984367653
0.4050272003737665
0.5921727577924383
0.5011414953271985
0.5094810234594149
0.46261902214982326
0.30917310518562
0.45948779181539023
0.4152999742386142
0.5214197360082091
0.4485952380007875
0.4880769375328562
0.31727381969774004
0.3674880832231835
0.4926542288613133
0.45534354960993817
0.4762917706170484
0.4085467948193373
0.3889914363100846
0.43523172223249423
0.5475954848488985
0.559791986941087
0.5435024718719339
0.5163772907368184
0.5027159986048684
0.4812695887757098
0.5762161541351472
0.6071769492418195
0.43480144121970693
0.4466663568046295
0.536534092361545
0.44468969494786914
0.5174870906608552
0.5155992624851392
0.45470642188547117
0.5086464917868186
0.4602497262314816
0.5543699931529076
0.45800832995969065
0.4154869526775864
0.441625973399277
0.4615519829712915
0.49108742625574753
0.5435290698191245
0.5727690189179139
0.5210457160763601
0.6950278598177351
0.6321485057799308
0.7445146838110576
0.5435258938358998
0.569546806517311
0.5491187724610204
0.43089303971242027
0.4077965003986724
0.38468909071166
0.2823936120467695
0.372405981743429
0.41620932314296943
0.5610360208772301
0.4232355972230103
0.46265686440512244
0.5113828308332802
0.5783981658993385
0.5058234082584311
0.57447286757742
0.5076099915999074
0.5529796972409601
0.4965987986149698
0.616037209397571
0.5287978850311112
0.5250491027900069
0.6230344809756665
0.6135451825656619
0.5084578923199073
0.4631321803401789
0.6261043154782103
0.5607929634871107
0.48205404641953487
0.5245608872085812
0.5412085105732477
0.5711456814682759
0.373400844755378
0.428401355597726
0.4095793517041861
0.32052970741231945
0.4576103255600763
0.4310656111652784
0.5951109648754573
0.4093111076075955
0.47472261647666064
0.38183776342581116
0.4755527414871058
0.4923276368083608
0.3612982151580634
0.5200123473825115
0.3301155342661826
0.4573870162075173
0.315039019565756
0.4987908456698036
0.3173211881357421
0.36558777159219186
0.2441944951168813
0.27721142918535374
0.32931241711887893
0.2696502929590572
0.392742968665077
0.3212659833340801
0.31035982425994063
0.31913502552991085
0.2594880212271364
0.4985019847785731
0.3742502396874478
0.37068429848876805
0.31869199715174257
0.3565281971013059
0.38464496369965734
0.3649837270655382
0.3353493319873617
0.40583766375159513
0.3431477762780559
0.31875197222078444
0.3758974286218729
0.2742405585751714
0.3869845899662412
0.4549964235438356
0.3997470134605855
0.21962135123018595
0.1917075906361955
0.4460690307462696
0.41936967684910303
0.3505239974374974
0.3370977319033106
0.29256886828352935
0.48215612717034845
0.2061448995158425
0.4110240439118028
0.3089015881203627
0.30139365954194575
0.5042556314481625
0.34033604610047896
0.34275729075549816
0.38522665491469754
0.26226007546802566
0.24052752771976327
0.4491027684395361
0.33082606507545737
0.30513655130286566
0.2956982297701075
0.2862740583876727
0.2804916742377681
0.4354405409559101
0.3361572374901422
0.26593154866581326
0.4181204063270999
0.3122940770859845
0.34062462164857715
0.37524604881571655
0.22360456756080926
0.31099186687388614
0.4000516482867471
0.2219141210936688
0.35958363968342355
0.2553426568829361
0.23380885784182712
0.3393746106126659
0.2578271270002438
0.31118139123863137
0.2945041255178964
0.36210144799874505
0.3031229866459568
0.26099338346054995
0.38387190465535914
0.26986024011035975
0.2759573828047584
0.3201491807112259
0.3675626517059233
0.3499627282320407
0.25170709722529094
0.25293646063365405
0.20608866939313314
0.4279990133016838
0.3965734974123637
0.28626062310824907
0.2763668553592625
0.3991615168984943
0.23017620022777763
0.28679847807468817
0.32522235855993253
0.3733525066129625
0.27579549146665494
0.3288803569630744
0.33330572095932415
0.3876521052195523
0.3942635033903852
0.31216504471286227
0.2651389346407701
0.5088594708304636
0.2808630288206036
0.35636133684539045
0.30957885770728133
0.2921469246717629
0.4828609336932338
0.5489606749359814
0.4004015044227353
0.45424273353753186
0.373206412291754
0.4119803481892088
0.428314960228237
0.5114804475361105
0.38772883173718614
0.4316897735555172
0.44644144418404696
0.4459225856162468
0.27513894610294076
0.4657571006380484
0.4866856657646088
0.5640891515508857
0.5258869236993489
0.44986969418961165
0.3872184620942695
0.4414884369056763
0.3269965713704528
0.38825156892135065
0.38220043425136485
0.28653840699481903
0.4241588979826315
0.32413665243839496
0.27367229480148847
0.4159200442915555
0.47670137962211606
0.3332449737533584
0.33645116732480485
0.3064242754055446
0.4139212049390102
0.36632802991804236
0.2878007635207476
0.38950699456904403
0.433036207748828
0.39362198057342024
0.2647079858689967
0.47979962928347675
0.4163125578599494
0.29041142039886103
0.3154245466197626
0.39185638298015757
0.2436661736694069
0.3335057014934919
0.3374762609792913
0.316537762248715
0.24743055332655928
0.4081519753030788
0.2810762757128854
0.43072239105482746
0.29940189937806166
0.3623210672775147
0.34346708381763225
0.2656790610252453
0.3035662223715368
0.28679813032635837
0.1998422014566765
0.34331324734702423
0.4132759798432556
0.27386757459714545
0.36893159283814914
0.36338776219342095
0.39578069878593725
0.3293361408124846
0.3442562595816903
0.13361579038952928
0.257953102452524
0.32326009129415473
0.38858834760412064
0.27007012583977746
0.3586589475816111
0.34169820661133254
0.3214451570905778
0.40103015642888856
0.4287249511730939
0.3841003438304337
0.5641852265447063
0.42872910140870824
0.4754930854328207
0.593222680085062
0.6128596626883613
0.5851701394883453
0.49506914535916824
0.5264534542452125
0.43267996759182914
0.5044849714717264
0.578202770269066
0.573504661383532
0.6420859748441524
0.5921308303811805
0.3778468524896267
0.5245336710648851
0.6104162511164294
0.5547118899278929
0.6325531227500486
0.4337366671938127
0.3938695854530901
0.45273387586321134
0.4234982091604179
0.507536375880715
0.4967603953105812
0.32795308064396395
0.5116635327729768
0.36339324902683656
0.18493691782486038
0.3661978879730251
0.39390855190363844
0.4467038046639955
0.4251237785605959
