0.2997875730217738
0.2672806551695223
0.19281940911758952
0.2301618358163066
0.2255359588562484
0.34673114011795286
0.3141683204293261
0.323531878022193
0.26300416468681
0.3701819604774017
0.23973502529558094
0.3329094110741537
0.38415741957123295
0.2397490007546748
0.17913743466472873
0.28627330407803897
0.281549598904324
0.234927467367303
0.32805992676859436
0.26742040976046066
0.16486849092992706
0.17409229393185566
0.2671828269558655
0.12265841182882857
0.21573916203147275
0.2668474159376136
0.17820107890544204
0.061631774603795736
0.3363333985521424
0.27561002878944574
0.29876736450792407
0.30790731475528965
0.2751208877211616
0.2842328870503396
0.13966514800011182
0.3304497302736395
0.3395617296028174
0.25083153981608297
0.14811191547642338
0.18514688207507615
0.06843642563658216
0.259188864354194
0.21234312547167175
0.27730105933979926
0.1885149677166895
0.19754311429130447
0.26247309724124435
0.31342762109735306
0.35039271040053666
0.2615367414819577
0.2286105598568913
0.32146351007630597
0.31647427117980825
0.15774100679207312
0.2644995388098499
0.3992509153925706
0.380258266484054
0.2633954775414373
0.23041339407999556
0.2672666797104285
0.44390250719736146
0.27113788187941973
0.377854487519915
0.31683763311624785
0.24188724599603095
0.4184531961874947
0.25963607904519664
0.3523352992145792
0.23543058389468094
0.18836123766665733
0.32297285965843975
0.37374570254632866
0.41051513542219864
0.32149146099449366
0.3302820247645135
0.36702350672219575
0.44573329233865333
0.44053442155574807
0.3514688207507617
0.4580596472594124
0.5087486373927383
0.4615954384101518
0.5402213712720463
0.4930541968303659
0.4458870223886855
0.5943762752606423
0.5751460435475305
0.5
0.4667803337339631
0.4894205774659698
0.5540151493976576
0.6884870167985018
0.6133130223327836
0.6080163233362216
0.6026637225032843
0.6812058026106158
0.6199932917796349
0.6146267154876037
0.5953266064790228
0.5340861447298544
0.6544847248232105
0.7749252312938479
0.6297761131453168
0.6942868323224417
0.6888923051122229
0.753389048830254
0.664127791597954
0.5609190261900102
0.7651144590099784
0.6758392263185845
0.6424798054616094
0.4972887609357967
0.5337647091706963
0.6820303546971518
0.6207060401934202
0.5453643402185762
0.5538753948067193
0.4645442602789502
0.6547083321687117
0.53742627945328
0.4341476367498672
0.4845431422422226
0.4371104340777594
0.4455795622886212
0.44005925594655787
0.4065880314168321
0.42897671688514966
0.4793442714593174
0.5297118260334852
0.4962266260446655
0.49067836878441456
0.513081029711826
0.4236660424294938
0.5298655560835174
0.3006959778628728
0.4628392542695028
0.4572630460910641
0.49355731335774383
0.5299074824607989
0.4264471587891662
0.44880789333929627
0.37332643877351374
0.4375576487687621
0.47387986695362944
0.4961707242082902
0.4626016714649076
0.5268189060010621
0.35343936048299185
0.3058808731866841
0.42598596863906973
0.36441009587164935
0.41466584677306645
0.5207815076725271
0.24954579757945045
0.3696788439500237
0.3639768566397406
0.3303099756827012
0.49231349749839276
0.4167202392598597
0.34111300556223273
0.5590043882941554
0.4414707773150348
0.49168460183917034
0.5418564999860245
0.48016882354585355
0.3905721552953014
0.5944601280152053
0.5188249433993907
0.5550074069933197
0.3256421723453615
0.4596248986779216
0.43989155043743183
0.42014422673784835
0.5540850266931269
0.31073035749224365
0.4726500265533723
0.32706766917293234
0.34923274729574866
0.5111524163568774
0.3795315426111747
0.4715739162031473
0.39585487883276965
0.459918383318892
0.3562484277608519
0.30850825949632443
0.40048075579282777
0.42261788299745645
0.23508119741733513
0.438885317382676
0.3631523045532046
0.3991950135561953
0.23963719708192416
0.2896693406378399
0.1300598149649216
0.27790200408083404
0.24412331945104396
0.36400480755792824
0.24631746652877545
0.28234620007267236
0.38826620454481925
0.35441764261956005
0.4044078597981943
0.3705592978729351
0.18298068591553232
0.3307991167509853
0.2969365793666322
0.27704950107611037
0.35499063644240714
0.2232998854012354
0.28725158621460717
0.2673645079240853
0.3732006596416692
0.18559409676607874
0.23557033848561923
0.34144841658048464
0.09788551303910334
0.2736394890572155
0.4074545098806496
0.21979204516868378
0.2697543114291304
0.17992006037398328
0.1600050311652738
0.2518517483299326
0.16204544819297315
0.3517203790144506
0.17806132431450372
0.2978589596668251
0.27792995499902173
0.16013081029711826
0.2100371747211896
0.34383822008552983
0.2679514772060262
0.35978421891159124
0.35383067333761914
0.3757721441149342
0.42567850853900546
0.40569360203482685
0.28788048187382953
0.26790955082874474
0.3317773988875534
0.45154708332168714
0.4874640131928334
0.3277664421276239
0.4614696592783073
0.5253235318780222
0.47738770718618107
0.5133046370573273
0.6051234033037985
0.5152472258713698
0.7048942057746597
0.6429829219889873
0.6508930318360958
0.7986136344578919
0.6807865388378008
0.7306789278027783
0.7246135785560555
0.8443692875310954
0.7684406182743103
1.0
0.7703832070883527
0.9320233669676048
0.8421471895351761
0.8640467339352097
0.8160969337842748
0.8240210190904771
0.7481203007518797
0.7560304105989881
0.7919054140928529
0.8976856639740616
0.5841741901221454
0.592084299969254
0.5161975570897503
0.5520725605836152
0.6298599658998797
0.456103082986276
0.4081253319171535
0.6396427872655617
0.3541241579785896
0.4039746205662856
0.4398496240601504
0.4198227911786902
0.48364871286021743
0.3797691254157699
0.40166866981580346
0.3257539760181122
0.33363613494703304
0.2716829247840792
0.47527741286301256
0.2735696117617464
0.4631886407468485
0.1357142857142857
0.40914554043100315
0.3751572239148056
0.5088744165245828
0.2512368281298041
0.35700310255191886
0.32302876149481513
0.3728512731643235
0.38080330938871343
0.5284540347150404
0.2848478072504682
0.19492970344075802
0.30072392878106047
0.35056041590966264
0.35851245213405264
0.38041199653408614
0.48615032003801323
0.41026357715850964
0.3343349079017246
0.34225899320792685
0.33622159487939185
0.37213852475053805
0.3800765855158342
0.37403918718729906
0.4937809207032451
0.3619643905302289
0.3838779103893563
0.30797719205075885
0.38580652374430496
0.4775973390725885
0.41568605528691616
0.33978533694831875
0.4735165050171898
0.5793107303574923
0.46149761019649493
0.4974145400676412
0.4634681499287252
0.3456550297677279
0.5492495178466613
0.37554853676943284
0.4254549011935042
0.4893507001705006
0.455362383654303
0.4074545098806496
0.5552170388797272
0.49329177963496096
0.5152751767895575
0.5232411884730412
0.6430527992844566
0.4693378427481342
0.5751879699248119
0.5691924979735584
0.7169270760544484
0.6271347513765826
0.5792268776029293
0.6571400620510384
0.6371831064650474
0.603264667244319
0.597297146211253
0.7031752243061185
0.5015652514185092
0.6912541576990804
0.5176090784582273
0.7632137965732174
0.5755932582385332
0.639530983592811
0.6196159543841016
0.7115185733851357
0.6217402241663639
0.7415937613550604
0.6937557648768763
0.5061631774603796
0.6120692064734328
0.49435391452609223
0.6282108617268077
0.6781871034463482
0.6024261396986891
0.4148615032003801
0.7443888531738266
0.5847471839449926
0.6347793275009085
0.5171199373899432
0.7068787209659837
0.617170249042681
0.6252620398580093
0.4796657070184755
0.41789417782374144
0.4819297313916762
0.46209855493752966
0.42831987030773966
0.6321100148139865
0.3048606646728345
0.34094530005310675
0.3351035581518853
0.5669005226821701
0.3654163289264052
0.2897252424742152
0.46559241971098747
0.48777147329289766
0.6636526259887636
0.4761718422450177
0.3585823294295218
0.4785756212091567
0.4169019202280795
0.38317913743466475
0.41934762556949995
0.5393688682673226
0.4777091427453391
0.47196522905777455
0.6059759063085222
0.6142214271738827
0.6643653744025492
0.40709114794421
0.583056153394639
0.7171087570226682
0.5017748833049166
0.6497749951085893
0.6999888196327249
0.6663638650529671
0.6187215250020963
0.44535595494311986
0.5374821812896554
0.7135170640355536
0.7777063476535204
0.6462951057942253
0.6685859630488862
0.7048802303155658
0.6014059311848394
0.651703608463538
0.7299102775526176
0.5006708220365039
0.66280012298404
0.5174273974900075
0.49784777929955004
0.5621209156720798
0.3888252229085725
0.5230315565866338
0.4196271347513766
0.49791765659501913
0.38055175112502443
0.2352489029264611
0.3834306956983537
0.23814182295888417
0.37236213209603936
0.4367191212231322
0.3194091175895128
0.4536573776448556
0.2804595130950051
0.17709701763702937
0.35329960589205356
0.23603152863571566
0.18864074684853396
0.197165776895771
0.17769796237806412
0.18623696788439498
0.027083042177935543
0.2871537580009503
0.01621572518657238
0.13655560835173436
0.15911060178326858
0.0
0.218198842831987
0.14291304469351818
0.05370349665986527
0.11819465019425889
0.056954188445090426
0.0795385303407217
0.18598540962070603
0.12477010369790646
0.18931156888503786
0.16999748441736312
0.31841685999385083
0.46683623557033854
0.18205830561533948
0.2186879839002711
0.24135617855046537
0.23608743047209102
0.16094138692456045
0.19761299158677362
0.2762249489895743
0.187145372725494
0.13999217374290746
0.19068116387623332
0.2832965312910529
0.2641361768734103
0.24497582245576766
0.26771389440143106
0.2066411381613886
0.04775973390725886
0.056590826508650806
0.21912122313217988
0.25593258238533134
0.11106017832685802
0.16182184084747184
0.28251390558179834
0.1655812393437124
0.16052212315174552
0.11349190820918466
0.16433742348436145
0.34094530005310675
0.25206138021634006
0.26099169857729826
0.28389747603208765
0.32082063895798973
0.4415825809877854
0.22693350476563154
0.4455795622886212
0.20300751879699247
0.3797132235793946
0.4306397965173156
0.5235206976549179
0.3229169578220644
0.37388545713726695
0.21526399642228244
0.2382955530089163
0.09364675629594432
0.4241691589568717
0.32146351007630597
0.35848450121586495
0.2977331805349806
0.36276099169857723
0.24613578556055568
0.492872515862146
0.29240853062023087
0.38540123543058386
0.3526567347737373
0.4457193168795595
0.27324817620258823
0.3662967828493166
0.30565726584118286
0.39871984794700505
0.44991195460770894
0.20759146937976913
0.30072392878106047
0.42179333091092036
0.27737093663526846
0.4403946669648097
0.49164267546188894
0.15157782933169353
0.4264331833300724
0.4218212818291081
0.3193671912122313
0.2588534533359421
0.42198898733823403
0.109936551415714
0.31499287251586217
0.32439835648601056
0.3757441931967465
0.35724068535651393
0.2129580456718003
0.15254213600916788
0.3157335718478352
0.14354194035274057
0.2788243843810269
0.17652402381418228
0.2978589596668251
0.30739022276881794
0.27502305950750483
0.3125331917153479
0.23822567571344716
0.24781284065181539
0.14561030829862762
0.1971518014366772
0.33253207367862037
0.06265617575537356
0.3797411744975822
0.3335103558151885
0.2593286189451323
0.2689996366380636
0.34857590071833855
0.3303099756827012
0.21427173882662046
0.4336165693043016
0.2476870615199709
0.3972104983648712
0.25323531878022193
0.24904268105207256
0.20295161696061714
0.22672387287922408
0.06882354585348129
0.3581630656567068
0.060562651983117645
0.30799116750985267
0.19207870978561647
0.28581211392794253
0.3096821980602063
0.12393017860636721
0.27361153813902783
0.2975095731894793
0.5869692819409117
0.513081029711826
0.5090840484109903
0.5470134443916482
0.7805992676859435
0.6508650809179081
0.5630712468904603
0.6569583810828186
0.3735220952008273
0.4255108030298795
0.4914889454118568
0.445677390502278
0.33000251558263693
0.3540962070604019
0.4201302512787545
0.38835005729938227
0.32863292059144145
0.4226458339156441
0.37693210721972215
0.38713419235821894
0.42530117114347205
0.39360482991866286
0.29203119322469745
0.5538474438885318
0.36846297900886044
0.3368085641613327
0.5287894457332922
0.25959415266791513
0.35376079604215
0.5877099812728849
0.5840763619084887
0.3009615115856556
0.2973558431394471
0.26582720742376387
0.38804259719931794
0.5382089051625345
0.39491852307348296
0.4472845682980686
0.30402213712720466
0.45424434692679655
0.478715375800095
0.29356849372501886
0.47178354808955475
0.2866646169326662
0.5208234340498085
0.3217430192581826
0.6118316236688375
0.3429158397853369
0.22773010593397994
0.2663023730329541
0.5145205019984906
0.27361153813902783
0.270285378874696
0.5884227296866702
0.291653855829164
0.3722363529641949
0.5087346619336445
0.2120077144534198
0.4323867289040445
0.5130251278754507
0.42597199317997597
0.3249573748497638
0.32179892109455793
0.4024932219023395
0.4272996617938899
0.39621824076920925
0.32322441792212875
0.39001313693154815
0.3449981831903178
0.3139866394611063
0.33887693210721975
0.4057215529530145
0.4865416328926405
0.27390502277999834
0.28488973362774966
0.36575173994465715
0.27893618805377757
0.4157419571232915
0.3149788970567683
0.3539844033876513
0.3231265897084719
0.26433183330072396
0.2754283478212259
0.32846521508231546
0.1858736059479554
0.32279117869021995
0.3059926768594348
0.20536937138384995
0.4122061659725522
0.3675126477904799
0.40667188417139505
0.459834530564329
0.3033792660088884
0.18885037873494143
0.5075886742879504
0.3651507952036224
0.30657964614137573
0.4716298180395226
0.46900243172988226
0.2707186181066048
0.365933420912877
0.3214076082399307
0.3467870419543282
0.45601923023171315
0.45347569667663584
0.3251530312770774
0.30866198954635654
0.5996450233390166
0.4713642843167398
0.32913603711881934
0.45245548816278613
0.6316907510411717
0.2659110601783269
0.30541968303658773
0.4148195768230986
0.44038069150571596
0.24234843614612736
0.36577969086284484
0.30752997735975623
0.40303826480699895
0.35880593677502304
0.3145736087430472
0.6477066271627023
0.3379825027252145
0.5733152584062386
0.6269810213265505
0.5129552505799816
0.4268943734801688
0.4247002264024373
0.3945691365961372
0.308550185873606
0.320387399726081
0.4999301227045308
0.5117952874751935
0.5376359113396875
0.2141180087765883
0.36577969086284484
0.34973586382312655
0.5014254968275708
0.19193895519467816
0.31570562092964755
0.4394862621237107
0.4934035833077116
0.463482125387819
0.4056237247393577
0.45958297230064005
0.33188920256030413
0.5396064510719176
0.5516812477289879
0.35415210889677723
0.5060094474103475
0.5321016295385304
0.43244263074041983
0.682184084747184
0.5266372250328423
0.7344802526763003
0.7047544511837214
0.49336165693043016
0.6034044218352573
0.48986779215697235
0.5160997288760936
0.5004192637728149
0.5546300695977863
0.4551248008497079
0.4534617212175419
0.3539844033876513
0.39427565195516673
0.5044581714509321
0.5028509936551416
0.33355228219246996
0.45776616261844205
0.4562009111999329
0.48260055342818003
0.5788914665846773
0.5773821170025434
0.5059954719512535
0.4765491796405512
0.4750817564356989
0.5295161696061715
0.4721608854850881
0.5126477904799172
0.6789417782374151
0.5377756659306258
0.6202308745842301
0.6607876568745282
0.49171255275735803
0.6860133605388936
0.5728820191743298
0.43179975962210354
0.5562651983117646
0.359309053302401
0.5397182547446684
0.496520110685636
0.6909187466808285
0.5079939626016715
0.5067641222014142
0.49157279816641974
0.4065181541213629
0.391354781004556
0.4740335970036616
0.4029963384297174
0.30402213712720466
0.2889146658467731
0.34369846549459154
0.3425944042261788
0.43931855661458474
0.270536937138385
0.4651172541017972
0.2963635855437851
0.5049473125192162
0.39212343125471677
0.2653240908963859
0.33419515331078625
0.2912765184336305
0.43005282723537464
0.26138301143192555
0.2464572211197138
0.5110545881432206
0.31446180507029653
0.31355340022919753
0.32663442994102354
0.3676663778405121
0.25498225116695084
0.4637476591106018
0.3930178606367219
0.5039830058417418
0.32147748553539984
0.1809123179696453
0.31985633228051535
0.24918243564301085
0.27636470358051257
0.4153506442686642
0.4704978058529222
0.5535958856248426
0.39913911171982
0.23070687872096596
0.3418117785169243
0.53676943287587
0.43825642172345364
0.33975738603013106
0.1713810548676524
0.21265058557173602
0.295874444475501
0.379098303379266
0.2247533331469939
0.2940157084160215
0.3213656818626492
0.5164491153534394
0.33419515331078625
0.3475976185817704
0.2911507393017861
0.29060569639712663
0.37392738351454846
0.2755820778712581
0.30302987953154265
0.3444531402856584
0.3160130810297118
0.2177097017637029
0.14735724068535652
0.39846828968331605
0.1883752131257512
0.2158928920815049
0.29932638287167734
0.5225144646001622
0.2006596416692288
0.2701456242837577
0.40950890236744275
0.24142605584593452
0.15720993934650754
0.2546747910668865
0.21239902730804708
0.22602509992453249
0.2676300416468681
0.19741733515945997
0.30891354781004554
0.2666797104284876
0.26638622578751714
0.32199457752187155
0.39159236380915113
0.29349861642954966
0.20938032814377952
0.34888336081840293
0.2787684825446516
0.36238365430304387
0.43202336696760485
0.15230455320457276
0.3477373731727087
0.221762584900914
0.27746876484892524
0.4030522402660927
0.3749196411102104
0.2349973446627722
0.38855968918578976
0.2207004500097828
0.44415406546105035
0.2064175308158873
0.38795874444475503
0.37385750621907926
0.3178298907119098
0.2897671688514968
0.16387623333426501
0.4013612097157392
0.40126338150208235
0.4011655532884255
0.3312044050647064
0.35907147049780586
0.37297705229616795
0.4148335522821925
0.33092489588282975
0.38677083042177934
0.2889006903876792
0.34476060038572265
0.4425468876652598
0.35865220672499093
0.17694328758699723
0.26078206669089077
0.20485227939737818
0.31665595214802805
0.23278922212594683
0.44242110853341526
0.4983229449087402
0.6380775358470525
0.34460687033569054
0.27474355032562825
0.5263157894736842
0.3446627721720658
0.48443133856947207
0.3726556167370098
0.4006484613019538
0.30284819856332285
0.2889146658467731
0.4147357240685356
0.5964586186656231
0.42880901137602373
0.38693853593090527
0.34505408502669316
0.23330631411241862
0.12156692847360037
0.28933392961958804
0.4571093160410319
0.4292142996897448
0.2895295860469016
0.303574922436202
0.3455711770131648
0.35961651340246525
0.34571093160410316
0.24796657070184752
0.2759873661849792
0.42980126897168575
0.38794476898566116
0.3880286217402242
0.318235179025631
0.22047684266428152
0.36031528635715676
0.41630097548704476
0.3185426391256953
0.26272465550493335
0.5003913128546272
0.3327556810241216
0.16513402465270982
0.34688487016798497
0.26311596835956064
0.3330631411241859
0.3331330184196551
0.19346228023590575
0.2913603711881936
0.3333566257651564
0.361377421248288
0.45926153674148185
0.26367498672331385
0.08205131788579255
0.2078849540207396
0.30576906951393357
0.27787405316264635
0.34780725046817784
0.3618246359392906
0.4037929395980658
0.20817843866171
0.4597786287279537
0.19427285686334794
0.37598177600134164
0.40396064510719176
0.1943427341588171
0.19435670961791093
0.23629706235849848
0.40401654694356715
0.37606562875590466
0.20836011962992984
0.208346144170836
0.33411130055622323
0.4179500796601168
0.3899712105542667
0.3060765296139978
0.4458031696341225
0.29203119322469745
0.34787712776364704
0.40372306230259664
0.37570226681946506
0.3337060122425022
0.6271068004583951
0.22173463398272633
0.5849987422086814
0.36129356849372496
0.6267154876037677
0.4169717975235486
0.23516505017189818
0.5424853956452469
0.5143947228666461
0.2067808927523269
0.514073287307488
0.3741509908600497
0.2761410962350113
0.4296754898398412
0.27574978338038403
0.5131089806300138
0.3032674623361377
0.27507896134388016
0.386631075830841
0.47023227213013946
0.42804036112586297
0.5535399837884675
