0.2779857393573326
0.42883814620815897
0.4510714661143006
0.3601284816602463
0.33461928216400527
0.2910970476750728
0.39157472390272596
0.36221403293043264
0.3973932275636779
0.3642349147886038
0.46800580393421676
0.39500877180927013
0.4165078276230918
0.31529328437884374
0.4051807696630023
0.40263272249593496
0.4042209603734378
0.30985703642701956
0.39665514285336806
0.4173552050165579
0.2797410340797835
0.3054786238954862
0.4158536423480981
0.40348084381244476
0.3911455901636532
0.3512089644380626
0.3283813986465363
0.3268841536410143
0.32079305112062706
0.26422192657214877
0.41195947694807167
0.3928453413306447
0.3973992477905549
0.3376978725407383
0.2674909028093842
0.31671807573870864
0.2903847149716649
0.34266127393031254
0.3338197403029639
0.24618222570934417
0.3264023366159529
0.2724172507282113
0.3284986544210915
0.28943380287521187
0.26358878522777607
0.3395407040315658
0.35067164996337813
0.3621787091874885
0.32702028747868006
0.35817064422053263
0.3661646855376738
0.3474584077132522
0.4110684465298759
0.3261999893899656
0.3332118285907958
0.3445467034191108
0.43962376714242984
0.41973563362539246
0.41091928542177164
0.3476014975871311
0.4340469614062465
0.3643903757627551
0.42588055557064664
0.3976412583685493
0.43635788995736025
0.4910217823639713
0.4900218104638657
0.4226154275263594
0.3794091544042272
0.4630701588588921
0.4398695145383687
0.44941629347238826
0.49364271726093034
0.458462144891695
0.40744063350228543
0.4813175687591863
0.3860297003298364
0.47997015036061885
0.5286482592267187
0.5099370345433211
0.5489496734432402
0.5460130510000815
0.5001413919268478
0.7025090236995573
0.5132980762614945
0.599734981755908
0.6217235110412695
0.5744535437309399
0.5901641781394674
0.6762017764812713
0.5992328363893671
0.6076532670099087
0.6920169985324495
0.6658334996316244
0.692461090136891
0.6563882306333843
0.7364060426650507
0.7792747328702795
0.6468502147175357
0.6588688032372596
0.7970029169309505
0.6621016423335263
0.8339795044568755
0.8490041592207692
0.7880986057487602
0.7486557543027703
0.7304206081121998
0.7176849193938116
0.6300964402543973
0.6760493982736168
0.6941980291709287
0.709578740650769
0.7107605533998144
0.5316614269713311
0.6321127821739633
0.6222032527028694
0.6079158823746641
0.6082684050055305
0.6204345793189976
0.6547171961291616
0.5715915464614045
0.5355272375982938
0.571070291016307
0.5724902505920505
0.5432055823884003
0.5553617758318684
0.5836652630148539
0.5825069758794315
0.48415015682972934
0.6291166606234713
0.5453920502267999
0.6380799682392138
0.6431289766876687
0.4706107857058728
0.6663285127604985
0.6094334654614445
0.49142032557639437
0.561178930596695
0.6310732438136767
0.6617662533650541
0.5456431866297273
0.5400044353308505
0.5147357636893872
0.5599121810310179
0.6371043003128499
0.39869924238371274
0.512030812195162
0.5717279670533387
0.5736208933258121
0.4861203299207151
0.5008908847326077
0.45201927991753166
0.44654025871496283
0.553411389038371
0.5440166464710666
0.5054544043542428
0.5003822925811479
0.41356649375165044
0.46476480929105085
0.3952682738600407
0.5017912342534261
0.646452052178677
0.6204092184527599
0.5000635809601062
0.5355897328892846
0.5195144613358702
0.45961973500047654
0.552879731382971
0.4964983074636059
0.6311043291400655
0.5784567713165639
0.5348417199607022
0.5776592392019674
0.5107079654245188
0.5267135047150302
0.5447216186844579
0.5190490978646844
0.4935156121982584
0.5116119086075062
0.42475392802909323
0.35428357693732443
0.543432358782235
0.4530072061145219
0.49250537096626196
0.47650281059343635
0.3047744088866552
0.436305402731855
0.43359403424125514
0.4211355724216341
0.415385272953476
0.44433392903254343
0.3472927872643259
0.4243568439177608
0.3228067001178318
0.3355205438720338
0.34713380143891065
0.37887138187533287
0.33266308673083966
0.3106072808085064
0.4180140133028809
0.3989127570567181
0.4345637057526037
0.33372902782909697
0.3658702855746799
0.29926389806200726
0.4207613851073583
0.4294550696190854
0.35182138010225034
0.35756412640353297
0.3905898023010202
0.3805693369701836
0.4486327264930391
0.387580140307586
0.3280450306089311
0.40120467447657376
0.42642870444250863
0.4016029105064911
0.4022581554567747
0.3256957988596022
0.3248363380688118
0.40321755877464804
0.3856388385141695
0.3186985372616712
0.3980826805146421
0.3600444652843387
0.2728143106798326
0.31453857930513424
0.3747402989794616
0.41381173078950206
0.3514657612336348
0.3901107267074786
0.2893767033268359
0.44814019669154515
0.412274766776094
0.3836018515205753
0.4686213246272528
0.4415640491683516
0.5104367027172776
0.5398600580352946
0.5453308622165158
0.4620556115694735
0.5389407783688469
0.5716371258436286
0.5034317511212273
0.6602819209345877
0.7843101722256635
0.7186489594156253
0.7987595926149025
0.9256715097801326
0.8186609447194629
0.7284108903174222
0.8832186440010461
0.7525709278365682
0.9996525101152506
0.9470421789281745
0.9383295040928986
0.9540568699868481
0.949050497230573
0.9575858226463558
1.0516659735506946
0.9062679236833684
0.9661643623224802
0.914039142134699
0.9534014956998909
1.016103183482767
0.8678326121353863
0.9956740946162469
0.9365465066566045
0.8671062290420435
0.8309828286876686
0.8903851238210181
0.7085307493008564
0.7005712749015709
0.7740709784992296
0.6723005472750113
0.699317693896371
0.6437718442131481
0.6891187662498172
0.5933616005537963
0.6014039459879174
0.48065102927041986
0.5162882825407135
0.6378497067121743
0.6425993134101013
0.5355611327876355
0.5730851322509862
0.5977292066109597
0.5422418119181285
0.6614555339282572
0.597322662486438
0.4242888068823403
0.5529079165320938
0.4977392488289165
0.6431253333779257
0.5315824515318089
0.5406625064613788
0.6550021627052447
0.6270963680219204
0.6325076657593515
0.6729771130439148
0.643916862499994
0.5835387672575679
0.5246307430692952
0.642758229918649
0.6096432228566452
0.6386453094651242
0.621639020863068
0.6206478599210838
0.6763946541440266
0.718985749520855
0.6911186632484935
0.6521084336789335
0.6104560120185836
0.7015896636483113
0.6888024341705898
0.6441417828335044
0.7105608655445476
0.6714767097253647
0.6940190461881374
0.6320564300903688
0.6234232839646501
0.693522268261932
0.7161561141211913
0.8045020997540181
0.6258533935093974
0.6753610012664686
0.6775931432918226
0.7205416740692675
0.7536548087536554
0.6633397575185922
0.7347400502672516
0.7423326146114405
0.6112647932615252
0.6488265012273735
0.7454165750531896
0.7382919932320176
0.6408863917852732
0.7191478537198805
0.7727147084758017
0.8188556512470557
0.8521729299885155
0.8162250582209511
0.7572387809179241
0.9271774893118102
0.9070108736978177
0.8839331613242009
0.7833505675979454
0.8408685251728981
0.8194007342389207
0.7738955366849941
0.8511855615519777
0.8427719791976286
0.8351204146251685
0.7010521810359511
0.7584146838347936
0.8867813128656477
0.8033155016745369
0.8636598336573529
0.7428388083107358
0.8384442703736552
0.8370408732286008
0.8589867911712296
0.8245035000685865
0.7935743832255003
0.7441710474537016
0.8092891184603955
0.8523084121464327
0.7512705984859464
0.6758548454321446
0.7539356156219805
0.8143859283520491
0.7038414264581586
0.6868100645030769
0.7950706431535841
0.692057818831044
0.7083435492967176
0.6715511313123121
0.5932937477519848
0.6747732374252673
0.6795949341715228
0.6585496875418861
0.6031101458371873
0.6100458063696674
0.5716070855828613
0.567718329807797
0.5359710672406315
0.5481380958085982
0.567562273758456
0.6288199665947088
0.49511698584354136
0.4943897510887571
0.5923288227384473
0.4961134373828006
0.5059360907461015
0.5521116302237556
0.5033613833061317
0.6060841748496989
0.4652333524205593
0.5968897720071458
0.5256128462066847
0.5378285640556131
0.6056022985953979
0.6244752567337717
0.6210993911354339
0.6746038428120367
0.6887538326108832
0.7208298001916624
0.6902461896071969
0.6751284351433154
0.6540073139920596
0.7081183286744409
0.6842768138625741
0.5869754085067216
0.6240998584614075
0.6379455926213663
0.5647764302386158
0.6642993711271454
0.5942102012381878
0.60780897122555
0.4925043348814754
0.4982063380750731
0.4874159200467373
0.4874123734390843
0.5275595244212716
0.550597710305748
0.4758264439207916
0.49862764650267033
0.5298746722572323
0.48746215389150366
0.39638157991393996
0.43202688244737725
0.3134095711149732
0.40410517998564244
0.32153248282970276
0.46185384066643925
0.3753176118798436
0.30731631528127096
0.28618709161431416
0.276254786081474
0.3890667809075264
0.3058984754672015
0.27929091959216157
0.06098037982266178
0.25070693101573316
0.2977973048678473
0.19814018967131491
0.17545275080542438
0.2114549197213591
0.22899590583336416
0.22176807400800053
0.19449050941718665
0.23478187537582346
0.06720731752051565
0.2358565257021095
0.03998003826000167
0.16559968232636113
0.1686818077052314
0.11103202949675582
0.16928971435777423
0.2403642196625479
0.2210490531375961
0.17818129213889233
0.35212996203706165
0.24286576251624986
0.3320487336728498
0.3494757313582546
0.32519437246582744
0.36878669943136705
0.3390064775727394
0.3346227236263185
0.42348775197195265
0.2907050954152692
0.35887355065212784
0.4412272174477032
0.4883906379651912
0.3798961788273488
0.36215766696449103
0.4404495439832381
0.3385414413328247
0.3350219796134666
0.392319371800961
0.3110674700854235
0.389888087885541
0.37602570939220725
0.42702498594167276
0.3939971031620869
0.3442323777659494
0.5314568192628388
0.3507624077714885
0.3804058662928346
0.4389602987830217
0.5335526915363403
0.5854669927021797
0.5453215902000319
0.4760505903846007
0.5144101007122859
0.6067122979311326
0.5087724325527113
0.5250298386030734
0.581013367637762
0.5470819146328244
0.6229732191562249
0.5821066707157162
0.5643293805241979
0.524736576518204
0.5818494064740045
0.5216685528844662
0.5046432996048376
0.5010140554305867
0.5728066197962789
0.5762581601242791
0.6548976374857223
0.6923807622595055
0.7319878316895128
0.6463139717766382
0.6293737891407323
0.6923104270789937
0.5790285666638499
0.7638153904481598
0.6721108149916168
0.5507757026138904
0.5916135632314949
0.5847260134118147
0.6067401702689166
0.6101588713513911
0.6685259143228464
0.563680111370956
0.6013675953623803
0.5412356462143729
0.48709375592707443
0.5554858676978927
0.518304141645528
0.5939500758415708
0.5166685049128932
0.6128485241828558
0.5484281621708343
0.5113854712718171
0.533275279486907
0.5575778987670534
0.5516225080167076
0.5182696995739283
0.42595007925049344
0.44745087117989507
0.5806312114135181
0.40061862218014666
0.5449313661501436
0.4425297903943303
0.5407666023084428
0.5512268098948792
0.5544198872294253
0.3928343960011808
0.4571964186352504
0.3563768592518409
0.5483954567523999
0.3942812963744312
0.4852753354210655
0.3829014440063308
0.35694494042300606
0.44333877803836463
0.5151984754741586
0.4407987424718545
0.3713583355522426
0.47708750874437666
0.43684147604881185
0.43227660101678367
0.5009792679130645
0.3697876152362093
0.4554605220737763
0.25899415068094367
0.39504568411646923
0.36600020650860976
0.4149275994804094
0.4638450115822098
0.41828667683065296
0.4146920364779004
0.3920771760723006
0.4265116800534763
0.3770238419287525
0.3784971460202761
0.4232344791105872
0.4421251150740641
0.47406625331509034
0.5562910869645691
0.7385947914458154
0.6196043453277045
0.6460738052739804
0.5214120272848142
0.5009357597517339
0.5227914259310089
0.49027442225355305
0.40596983901657124
0.41055063027026
0.31067832130079576
0.3589127523449419
0.33245034741380064
0.4171111294473341
0.2848814128482723
0.33154698396901344
0.3284208962958123
0.23814709495316094
0.3895978959497276
0.4550399550710326
0.39550480976526414
0.2927294931754919
0.4265601969277032
0.3784634307322392
0.28894188146204686
0.33573662719035213
0.370660619442472
0.5043697070033558
0.26717939498808563
0.3717181557124123
0.19207192060779915
0.38531655365919604
0.4211790488970608
0.42539872336670914
0.39256128507603477
0.3098297621685777
0.37995780819507907
0.3951610855383239
0.36912343931981484
0.35327325509917107
0.3420880018681149
0.37749031250921605
0.36319495998952606
0.45832009742713437
0.4476770824768205
0.4432102824641486
0.5299938577412835
0.4874506976347447
0.49880935257583925
0.4837420268921239
0.5196255780455974
0.47066570306944644
0.45858686048303754
0.47791404503495394
0.46274211728865583
0.4987107390858521
0.46291654382581415
0.47554250444865986
0.5139305912242456
0.46202332015488556
0.4266662614433784
0.40407186899329584
0.4330042150853578
0.4599611711699536
0.621117131510156
0.5794963647635217
0.5228331529777164
0.45725270699918796
0.4965182989921486
0.42414198240410295
0.36402677596756117
0.451824374325303
0.5051195334281637
0.43963432863606366
0.5311618971148835
0.42607610699243204
0.5148934523533466
0.5602039722195451
0.49113087490732116
0.4393366688196848
0.4750523180126591
0.45340389212820514
0.42766972391578595
0.48236438026770645
0.37880626266262174
0.3336287350178247
0.5469021024406793
0.48417887798291553
0.415363914725251
0.4139653748521807
0.37161374743348136
0.3574087473320675
0.4004394573670685
0.33826512510338
0.38217322003154014
0.4569789424020659
0.4468540865958551
0.484453990179634
0.3432499257673901
0.5102276071210762
0.41696951682595185
0.5559498713947584
0.5248767416123887
0.44059367664590704
0.5166631880688114
0.5524921174040786
0.5179465570492083
0.5896122884968286
0.5261210378255506
0.5561628888330798
0.41563023730914245
0.5073018127189407
0.44511139631727453
0.4936545560886131
0.4820561070332885
0.47969685128065415
0.4156529710597714
0.490595236781392
0.5469111557548562
0.45821724650089435
0.5247136890498317
0.4866255291506427
0.49527687127034864
0.56032666459319
0.4981095886775653
0.45348573533176817
0.42275925752856286
0.4863460385438594
0.4349227979591723
0.44444841317593997
0.45408245708158546
0.4882585061647077
0.5078834957758738
0.34077680308240976
0.47279965964912024
0.3299468516079487
0.39375070516156996
0.33618882001396544
0.4206487796661095
0.46130287687199895
0.3795480354919818
0.35464623187910194
0.3984851388019363
0.3581171945594127
0.3575913914597812
0.43958498037051935
0.3740757163640548
0.46180536670416006
0.41238136827613503
0.5354070176738344
0.38574175521553933
0.47951850966862475
0.5389727884050185
0.45123877353719544
0.4741476661658923
0.5262635897980067
0.4615641793272145
0.430991094819005
0.45994783744433065
0.3898715850319408
0.3731349731343064
0.3894919423663386
0.34085509047612605
0.3928830468289895
0.45120258523076506
0.4273143305167264
0.4650422078692316
0.4070614657773929
0.39319827986271705
0.5381779729930226
0.41713425993583786
0.581146735062008
0.38000984372252883
0.4180258670880812
0.4073915948541915
0.4280413287340243
0.4254192852415225
0.4152085572204387
0.4292518086880004
0.39397767796373706
0.3682194704592286
0.4594907785260114
0.3963097051842939
0.32478800523845786
0.42218498552627753
0.42378099625326526
0.41778832245167086
0.38729442047977486
0.3321909564850525
0.4531366592228404
0.6100115141894696
0.4809090021126656
0.49261505744638573
0.503152185568743
0.4900588165006249
0.48337239659268894
0.5191424741996895
0.4329112685339059
0.5738494380587159
0.4794801249471958
0.4687622372178416
0.48998517681553416
0.5243295973291452
0.41984059422567854
0.4128866100385384
0.3799944193280776
0.3505376139728841
0.4468403719120641
0.4297803849050555
0.4331631632481867
0.48550764641260896
0.43292142579509474
0.41592949530306444
0.3347768349454006
0.26999146298897003
0.28914451171082867
0.3301807259288655
0.39289599988104823
0.34233300502478353
0.34976108417348994
0.37184161822428485
0.4193219471439531
0.3755620713165202
0.45168012861162943
0.45651981599432717
0.36281160653142747
0.42491418872199005
0.3663935496278067
0.49145004853540514
0.4784052810269937
0.3853271129392437
0.3952223031474166
0.44845147060003804
0.5372953640999075
0.48010597606709926
0.35490436669260506
0.43777160399478426
0.3877782727391439
0.3663075872567339
0.3731842130606223
0.2972832817461309
0.3258592135332229
0.4922800229046711
0.4188932032490157
0.396470852766274
0.4282418596493694
0.3418826699374952
0.3486884374272304
0.3946682290747666
0.43390953641542984
0.3532221782442395
0.3330973920395004
0.38711659709987456
0.30523704850851957
0.40690735841114306
0.30852179626212967
0.4049990288997769
0.3183285757781326
0.3843212701344551
0.39719783526711055
0.3303435534013386
0.3180619743140149
0.369581836256065
0.40475826751166544
0.38681856954359894
0.473636916779908
0.34148427364394407
0.4362337004405663
0.39572085371337257
0.3367942551027571
0.4031599764431433
0.3101408904547277
0.3555287617471931
0.38391951842384475
0.3147074148297608
0.32972944190883785
0.38629733753089124
0.40200698196046863
0.40984675975867185
0.4247402322240293
0.368924258059539
0.36293129503710897
0.29516238782265053
0.3367292099186897
0.4507362010434048
0.4728563367503998
0.4170200469883614
0.4234842745230539
0.5295503255416726
0.5767203919403381
0.3910187654674725
0.43992391161434036
0.4835164457082939
0.540244053053891
0.41000924387231785
0.4069001873724742
0.495511330578827
0.40164632680399853
0.47270825656801196
0.4916981925493943
0.40195276968731386
0.42060755905627945
0.36453471631278184
0.44422283762094317
0.4668955279634649
0.36772154908931076
0.43073442005527224
0.4502054068763206
0.43815911058312806
0.4244995658936295
0.3715034141751211
0.3935192139558281
0.4811419569415382
0.5107803746719632
0.4268561093708354
0.3754520497310832
0.5825902048827625
0.529906151728438
0.546040631334236
0.5071485674812324
0.5606482421125358
0.5688486251982765
0.5289532029114122
0.5917192555168559
0.5229729792667367
0.664674142828152
0.4363431211638672
0.5466857833438183
0.4958580157301603
0.4739329851859925
0.5198141784907951
0.5057219693607682
0.5114084814361048
0.40616738728275686
0.3780459210397521
0.41761179490507494
0.5089991817510595
0.5207266054006328
0.5854306872337993
0.3018977565703299
0.5231711312094751
0.5150218855044345
0.3681946709584265
0.5027241861028118
0.4866298326150068
0.4629398561762275
0.4906792956897754
0.41304019360707106
0.521137289373883
0.5107078290043696
0.5614340061077141
0.4882235975956484
0.48163947445848304
0.46669771058845455
0.5988390820491177
0.5090414159619657
0.4724706991876702
0.5254808482332923
0.5907512667104169
0.5104129782603772
0.49423087265389054
0.3548229429193367
0.3563717965590664
0.42798807159165
0.42738445676633285
0.38305261204646335
0.46706570542723186
0.43826805785198425
0.45274386393458116
0.44363610407758186
0.3908250024335217
0.41197496809795525
0.4479714187201573
0.47849286409094255
0.37230488704218756
0.48409232107423844
0.538041498263097
0.3965272256892005
0.40847659881837645
0.4864763956174967
0.41291070900258453
0.39816993353290314
0.38571188445222215
0.46912637807672425
0.2996861621895929
0.39973524947333566
0.4103529611422732
0.4933091619006946
0.39807156913459785
0.5090094229387844
0.4855788460301165
0.5288428572253472
0.5261393650535711
0.47794358167326023
0.43428015836981615
0.53988194723958
0.5126062482591331
0.5877373756923567
0.5296721934493626
0.513373253756473
0.49197968461748603
0.4921291825069044
0.44451280294878515
0.4586646832766536
0.5002386231904274
0.49948728330517855
0.4439471674424137
0.5165305852804506
0.483498914106364
0.406991213574737
0.35309715430035304
0.4726815096806477
0.39238865445290383
0.40887564394563675
0.3695699045210112
0.4136413467981518
0.46078242135367337
0.41599557897524037
