0.24913917874645583
0.36995130489441613
0.3619569265144463
0.3622206043985246
0.2518806282209889
0.3628589099871647
0.29393135867834536
0.3040187939048925
0.394139880564665
0.3009401636472563
0.3229278658977574
0.2584413463370129
0.3809500997680607
0.30000591004917315
0.30361295980875636
0.3393558798780444
0.36025805337260514
0.29456887868122694
0.3127617140455289
0.3786653530638793
0.35822566668449984
0.18653768063715512
0.3892615429701331
0.3196516409102226
0.31781091895424707
0.27110873254110324
0.2811389875799142
0.33399017630869987
0.32276585966966576
0.2813221618901608
0.3258692782563617
0.24842275287888688
0.3928307336091726
0.3382782878281242
0.31706253430149456
0.3563505865316432
0.35478703824964763
0.3071459786239864
0.31527188607996076
0.3018944429361
0.35741354170052364
0.3183157481812683
0.36717064069223304
0.2540051933492171
0.35262386915484134
0.3014913171381459
0.27164214657421915
0.3435303040073522
0.2482128015832507
0.3091897192422526
0.25046831488338483
0.35872895905139995
0.3126404884563349
0.2659187091582521
0.36404533583639453
0.4035837660965629
0.3402787558237371
0.34199442778459005
0.35947240515948525
0.42687346715165875
0.3984690832003458
0.2769291500126487
0.26802027328866695
0.400236678486461
0.31887957285616547
0.28719074859452665
0.350399596945007
0.3707815830900117
0.4411080841081882
0.26384004774162234
0.37665948339912597
0.4053799136166969
0.31704867473226106
0.37568561081095636
0.49100946763038583
0.48854661465816096
0.32575648747827723
0.45806237731223404
0.49722394038193296
0.4909081629532013
0.49868602003042134
0.463727528934391
0.5333485916430346
0.5409949473268504
0.5911354522269416
0.5795618683005528
0.6308819687440668
0.4985597823252936
0.576856711753495
0.6502609920289351
0.5883967950257941
0.6439282860539344
0.7147245590604596
0.7024947530240304
0.6901093240473176
0.641188138635618
0.6609836282510474
0.5998723369246285
0.6547602516219247
0.7518182298133389
0.7338780332059237
0.7538438196574115
0.685206158291199
0.6989234626336402
0.7114140484930872
0.6289205523467413
0.714691768440886
0.7072093722016617
0.6527719568134316
0.6796924665542838
0.6749877554545289
0.638042447361186
0.5599713802896469
0.5385833280909079
0.513892363198958
0.5526354503950558
0.5536363500205195
0.6048861075028824
0.6317238285294879
0.5587678803031384
0.427603995551502
0.47242687407744144
0.5108268298839493
0.5265545056037547
0.5250663555457968
0.5206895314562592
0.48033173708882415
0.4504567288220846
0.47332693594629394
0.5124962234743725
0.5051688657062183
0.4780539089059749
0.4795161975921399
0.5059077959449417
0.5783859828350157
0.4732003800712752
0.4841621592775085
0.5152802267063414
0.5826039381054502
0.5012129311444655
0.3941152168357449
0.4673583362162332
0.4586426964479969
0.4428352386115939
0.4860005571880507
0.4648883047971766
0.4411656364061978
0.4525544015128111
0.3982308003556327
0.315601143032455
0.36671813749217774
0.3824310858268293
0.3394157901363299
0.5393597716565153
0.35737959165972
0.40160123461696706
0.427400681543507
0.3498284490038854
0.37600974789435043
0.43410388619897017
0.43814180013298903
0.36666237554493003
0.5239620897965521
0.5319515314024883
0.46428734205632677
0.44479633101941474
0.4483229974817662
0.41434918196723586
0.45792466709939905
0.5763380182797861
0.4493149400369433
0.39570687225052303
0.47436818618227
0.3969355624406954
0.45221436777687746
0.4490063955420993
0.492507757359491
0.39459571184445397
0.35914616014190975
0.4072315308684638
0.4376837456159887
0.42327775456060773
0.47449817966665514
0.3983121126035869
0.4625931349385841
0.4284223633236428
0.37520045179781086
0.33375987950159036
0.3375889101016658
0.43710861661082745
0.41564938188142664
0.3942905909404985
0.38191788741098043
0.2802469679096514
0.3346740647126281
0.3017262359322002
0.30642671468358956
0.34929856251604485
0.3440810361701267
0.32967286153750264
0.20814474555528545
0.31392802170313494
0.3396856459348276
0.291769843180048
0.25308732169324366
0.23089980645385774
0.3876826094899867
0.3712938673830632
0.31109385004883106
0.38102869703829906
0.2647294302095601
0.354769213053712
0.3380285987692995
0.2090897880867769
0.30832224245623596
0.35117265261716074
0.21043215190633782
0.28769185394996016
0.28763915363537546
0.26215194764874244
0.3157084371216169
0.26948459384458767
0.36461508447842983
0.3116419425941118
0.2066353733130265
0.3073597141662143
0.21936287585758582
0.25144089081580634
0.4418501507400545
0.297586874777411
0.26597375862870176
0.33279579452246816
0.3399338282460497
0.4412470432994285
0.3142669428752962
0.34339612979191336
0.48923814011482347
0.43739089035760914
0.48223865095406476
0.36420319401020756
0.4111215819058628
0.4441378925847057
0.5445882299517526
0.3948273471085536
0.49242102067868776
0.580063484352782
0.4967164796370669
0.6075412976782236
0.7004513324691984
0.760293234437986
0.6344483788575687
0.7535595459434784
0.7644140728757042
0.7229382280585005
0.7422309169189594
0.6673693753279077
0.8023793166923341
0.8356400210476258
0.8284584942241173
0.791419710932381
0.8430523200418681
0.825984446523321
0.8848944638304486
0.9542166509978003
0.8424972065122485
0.8248717536623088
0.8005668087344233
0.7664359392040935
0.8209612073420525
0.76494399928824
0.7542747394049105
0.705500965396966
0.6122063569874122
0.587717713667024
0.5352377578550281
0.5481635147346898
0.5191636967311759
0.48125556419646914
0.40246956648549204
0.551778887126386
0.5819583326096127
0.42192908399282253
0.4984653919107834
0.3720795771062161
0.401913529365751
0.4254005982088062
0.5065100651825737
0.49894397183806266
0.3576364115102071
0.4102386809981235
0.36553764746474005
0.4638630626102632
0.3944160092169038
0.42951234779376335
0.3969848452618773
0.44344255282179174
0.515907566156241
0.4584717686789462
0.3552395188892248
0.3754593408137443
0.4096610041809189
0.5263519692695686
0.38535682250214076
0.5030002867250296
0.44071867814309673
0.36577812759171857
0.39937017941137726
0.3165764128352174
0.5159115301345775
0.3903059755221623
0.3980527578696895
0.34701793200471687
0.42378531763722654
0.5067222602701918
0.4233841088561919
0.44646567045707103
0.5034707276529495
0.5284315765923744
0.40221848508957764
0.4084362224329983
0.3938382784186541
0.5208940381794163
0.5072895927419153
0.401915276592417
0.553384906351389
0.4311164357666727
0.4023777366384573
0.42222832207536454
0.6121351164976687
0.5319644801609221
0.5228744963089773
0.48577584181545613
0.6571388723674199
0.5175052300471685
0.6393844883616592
0.5647601692529732
0.5687988579137081
0.6342881942371218
0.6074016433609922
0.6883151579199032
0.6509559638452602
0.6349086808581336
0.6507996214463947
0.7477561500592638
0.674826671588301
0.8369615777006144
0.6860182528392795
0.767642969012787
0.6823793184033826
0.6330015321586796
0.7052423343493576
0.6302918426956845
0.7159400635102223
0.7666575032767224
0.6085590012317876
0.6089473461302304
0.7287172402539184
0.7372624194751742
0.7116318607939388
0.642800203464535
0.7277477658153073
0.7189796566487782
0.5925725114169194
0.654993846576176
0.623787191891662
0.7098878296649009
0.6175421483609127
0.6501186177308403
0.6427993611226951
0.5857962585653157
0.661798558470309
0.5983176323061675
0.6204400746247332
0.5719805238538771
0.5165763755899015
0.5915832371436749
0.4539191732213753
0.5713878904082916
0.5865462567208815
0.5260461436875257
0.4960817157762547
0.6109328416635438
0.4757997050385106
0.4227715610458998
0.4940544544257731
0.41681164198042775
0.5192150175174641
0.6022961862171927
0.5016263920825825
0.5382635173509972
0.4967714244230407
0.6222427923668492
0.5132456422759533
0.5790224876531052
0.5099164469806401
0.5938275645007965
0.654950775027954
0.6291457383966587
0.5951248149554322
0.5351938514439137
0.6311008030325725
0.5955246039749035
0.6506795849214151
0.6502583705070312
0.6544852216999728
0.6282042584918089
0.6747779034432213
0.6152696526269723
0.6342145973208755
0.5307147241419189
0.5264908625619248
0.613076945631839
0.6664704197769937
0.6755930162795027
0.7214970543138348
0.703450216568464
0.5996642972531602
0.6928634008115129
0.6521432079024204
0.6321632937481675
0.7561090934592868
0.4895985830979188
0.4821156331617591
0.48197694694412796
0.40322354590816034
0.3826526674450952
0.5071055606369688
0.3664569617017189
0.4550535142038122
0.4594589803612857
0.40769189036943254
0.3460464247075762
0.3641068598483357
0.4496753766404388
0.32702339698659066
0.3939859686298936
0.5418008276131551
0.38388786421102217
0.4633607360472016
0.3679435122854025
0.33940291646892545
0.248448467850711
0.24916256329049777
0.23626090170695233
0.2751597932374712
0.3030802010873901
0.3750686754913447
0.29310433368133215
0.21354047738883605
0.2655425910474127
0.2643382727299526
0.14621948815549393
0.3247008810039179
0.20095012112188249
0.25230135699250755
0.20678024620170848
0.138034508364422
0.25146545422847744
0.30626532370123144
0.17574970752575958
0.30095731579865587
0.14359856022295533
0.27087836930971887
0.3229655935921358
0.291540743366964
0.25397636567910137
0.31460374169655636
0.3604765791284516
0.48015215380538606
0.2997349615461633
0.1757230487709064
0.3686527037704319
0.167984247238334
0.19860646080455013
0.288764317674529
0.2624792271186801
0.28285185817308406
0.21326873733887922
0.20386768197185942
0.40004260673589254
0.29545392119367275
0.2372893979467528
0.2352948205724639
0.39668922839053256
0.2896134677735858
0.3311779501787239
0.3294976781018337
0.21118988393956253
0.3311237409681881
0.3358679836819675
0.3105593978503365
0.32995729292380116
0.4070992419532812
0.32958414419747395
0.3755306514610297
0.4337389047111001
0.4024448636999597
0.4145473976030399
0.4671978656828273
0.33689472223919925
0.5383336373936249
0.34603048138116177
0.41678190315765984
0.42342440018059635
0.3419856970166055
0.467142466347299
0.40293952860528015
0.4343732603735254
0.2912232750312408
0.41365904987548113
0.3493202184577254
0.4380704267756007
0.5181655657666604
0.4930882949072632
0.4636034698800518
0.3991352321487329
0.40363165818096236
0.5762326006425552
0.3660588453971271
0.5137443315994039
0.5047468555939235
0.5708946954460462
0.5664236292225884
0.46280511012231046
0.5008717582464365
0.3712035833289959
0.5601639635758464
0.4138134815478592
0.5375495415243196
0.5274821868847291
0.4093318103934658
0.48878874851089316
0.2935930961563833
0.4404458844848645
0.48096222181813364
0.3728161531476085
0.4256145238147393
0.3123240509155234
0.3038266759829433
0.37206167375898874
0.4430176520358719
0.3546790922504936
0.3107881403721136
0.49961091891508846
0.47573701032646776
0.39157139607438496
0.30591717584860223
0.31301037207238613
0.3488013185269648
0.2567674092726322
0.35273353846932304
0.28625757627515924
0.275108942534231
0.27118650708319425
0.2926052934822128
0.2585507864899841
0.2930872456524007
0.30810934415167135
0.2573907711236189
0.36041690652072045
0.31958649979189563
0.38443689249131385
0.263442188239976
0.43458593499623854
0.3560943106180622
0.316619989501403
0.3903850035304738
0.3523003735649716
0.27956949107971063
0.26937142128483815
0.3341784344860926
0.24870385829061176
0.2416275367448916
0.3419028430766857
0.2732870938231508
0.46914704021905684
0.4615920970364534
0.3845854013970982
0.33533967950317245
0.4975316004428456
0.41912912037865385
0.5768549731121575
0.7870420940086063
0.816042761251181
0.7699200231462899
0.5137010725306759
0.5783739678362637
0.494969249555964
0.47813369593772403
0.42630334645053447
0.4028720285225396
0.331981486073581
0.35603468422494194
0.4625351095781546
0.4418340666730898
0.4493605439142129
0.3715393592627728
0.42933373951649567
0.2745590499751693
0.5848452682544653
0.410122871855592
0.4437432029167102
0.39789013918136623
0.3396142689510232
0.36347708061342643
0.3337024165665401
0.46194261367415146
0.4591274650274193
0.38761083650419037
0.4557275757333803
0.5255273163239359
0.33862557117288994
0.41786650557364413
0.3116867609461008
0.3419629922461014
0.42433379622679296
0.37555717816562534
0.42841484415902875
0.45407490551783974
0.4007473442251583
0.40690830562832014
0.3878042287603769
0.33262475555422216
0.30558522499325913
0.3390885389476598
0.4861202363255225
0.35773653379210574
0.37713665438012384
0.3427320277878353
0.5350112439121693
0.4140141494914867
0.5014352908539135
0.4491025818584205
0.4551989726895222
0.4189237710552512
0.4298092249321251
0.34794545476775085
0.4987090405309905
0.37842267762777365
0.4292979177535159
0.5454316844041909
0.38639303566896066
0.436305407061352
0.3595392475835077
0.44369876563608446
0.3241615862504878
0.2945485558942227
0.39127276842180736
0.2978774789155674
0.4831549259313409
0.3304985228930304
0.4529480799683855
0.42258498158518765
0.40124784571926625
0.3962562714769224
0.543893694248893
0.3747135440631587
0.39685883678247774
0.47255618340037253
0.4461076163520729
0.4092026236783347
0.549626484571166
0.4000950519933546
0.488811588649039
0.42830691140697263
0.4838819159828091
0.4330083977688428
0.3250128278252757
0.37450573510003515
0.3866720490856521
0.44131006514915044
0.3505456650023523
0.33987378818738667
0.40223994152485804
0.4546464368952999
0.42953052307413925
0.30271410818909295
0.3481660608586812
0.3817982567068257
0.48710416494015757
0.47774377966224546
0.49145308778245217
0.44119704313296004
0.4410196180553601
0.4797819732734644
0.46174412920475644
0.4738462299668327
0.5698095941174373
0.535772620346255
0.5150505327999015
0.4739577361921119
0.4383888967830213
0.45403415543529124
0.4334308890948235
0.30144435483762444
0.37985321541804856
0.3856621291431723
0.4099838157181223
0.4627173602199738
0.41692876858854866
0.4128716629142454
0.42755409704206776
0.3827663560470173
0.5265396840566734
0.5888021063739063
0.5197819245418882
0.548750972104642
0.28152526308679476
0.5679328205439729
0.5409749947225838
0.5422278855082445
0.5044275285264189
0.40197580441575265
0.3835104326015364
0.441482319505941
0.4846217509490936
0.48932576059751187
0.47757629779599353
0.5698054323855146
0.4736317582677191
0.4450362719963431
0.5301580639101809
0.49687355253713966
0.3733897877558967
0.5336310729891114
0.5143807294006395
0.561398996612864
0.42568140346317407
0.34960786101511754
0.3954420617843609
0.4837652111647884
0.5429869276536577
0.5113755306287666
0.4071920816122834
0.6042400565154791
0.5558260712974906
0.6948006868029031
0.5589107346487859
0.431914954109921
0.573873975474437
0.43523544762150707
0.5248361097700442
0.37692753565471593
0.45583111455811476
0.3953289763725764
0.4187175377849223
0.42468763263125625
0.39944247079310197
0.4762154246960845
0.5087350629609927
0.549577766871139
0.5874512120354088
0.4661523423259967
0.41688814463846147
0.5159221346637686
0.48386612118584565
0.5127249698037762
0.541603633340271
0.41547159830541686
0.4838998552080818
0.5713306718935858
0.43357282563491023
0.5025715491193783
0.5481918527963789
0.4806816550458849
0.5627761761110083
0.5221273842935074
0.4607815075267129
0.47342257514373765
0.41984096074539634
0.5645900154980482
0.524862078776978
0.5405999158879692
0.3459530274261818
0.5333702740884976
0.4728854562398675
0.36522574502965865
0.5008675619168315
0.3851371223033697
0.44039695758255604
0.3757774516266586
0.36508283060518715
0.3253472248564671
0.43671683235828407
0.3280816089671805
0.33458339107348256
0.39307391995684465
0.40706013629457666
0.31583024778762253
0.411646855269066
0.3396037387518777
0.42611669022458376
0.3534501413669722
0.4070319966017746
0.31009508588687495
0.2970198350934149
0.3070860298697727
0.3808491963113862
0.3096886290421678
0.334262143167645
0.30442353286813306
0.2973624138292929
0.28963871702120153
0.27034984466613626
0.5010462219147427
0.3547570808157705
0.2521055342650265
0.3512940352063182
0.4730604917069646
0.4361416340414629
0.35561827311398175
0.42232082651965863
0.28217616169467097
0.35037629665515685
0.3886091174837876
0.3033618931172435
0.3318914927862535
0.2303571408294781
0.44520345549360735
0.37838552462873654
0.304719483412403
0.44613733066391403
0.2290847844202149
0.320493010631972
0.30436877120906947
0.4183328064817818
0.48108808197823394
0.33188907620124775
0.2492999197563766
0.4007494737794933
0.43895171450510395
0.3022444881466549
0.2719498982665583
0.44047174968242464
0.25877612563910724
0.33995900996315354
0.19749919355146459
0.34599330326122724
0.2363096281400698
0.25201300406367255
0.4552994912866311
0.33470442838875003
0.4322059348438774
0.4564256332273332
0.24480065653247757
0.4036032762785402
0.29028544098978853
0.37739483309783284
0.4258966687719931
0.27605670991880005
0.3078498272815668
0.3819846657316467
0.3261651299653246
0.36563585506262747
0.3546391488331559
0.3717590985834063
0.26460286559328183
0.37782493988282373
0.3613884399116523
0.3966607338548733
0.46222153301825086
0.2226771864127004
0.4295847570477561
0.36647803122165806
0.43279365571048634
0.3134499744911585
0.41054771799883744
0.3148843288164938
0.40956375475015505
0.45173977980672875
0.38948611401061917
0.4184141167004455
0.4440122994364344
0.19732159363515409
0.356075551830901
0.4345698981439617
0.3786338187637847
0.374215321694023
0.4864465737840135
0.36469531876729905
0.48453652916534484
0.42359339578617
0.34744454923299617
0.3882801397979021
0.2975011732575694
0.42514991469793306
0.43346795010383665
0.370289298437467
0.31476274241046637
0.5702045664749759
0.5456090606987232
0.3789468625028408
0.4625082446162827
0.5654163929791727
0.4130527122057851
0.36870586514493675
0.528689783664974
0.36749547372175445
0.3889225211858636
0.5653311605221413
0.4111729705968685
0.4274831373618601
0.4511714870357203
0.4913204946161529
0.5131071972786381
0.560238737358126
0.5938607214495715
0.4744457533642704
0.5543000792224421
0.5298675084688547
0.40674920299950035
0.49166565253811745
0.4259649669424025
0.4751254195612336
0.4614000126550085
0.4451684975811262
0.4232048074521661
0.5148028516970939
0.33993462672784386
0.42151494760997366
0.5433047623506493
0.29313954403480585
0.37546200307754934
0.5221438905733877
0.36250023690823435
0.4194811013827021
0.49150240039177095
0.3144340641425831
0.43475107553085857
0.4567750614077901
0.4713737185976523
0.47566880086249563
0.27886709259022935
0.4185849725113191
0.4872462842427796
0.5933785123989498
0.16897368585131511
0.4646412045354361
0.4300864830725222
0.2804147157047111
0.37265395782329125
0.4117315628237806
0.42732114697642254
0.475273180853734
0.379206584023529
0.33538777408310905
0.3978300874032943
0.4189445613714877
0.509555944998979
0.47483644235899924
0.20524516854032743
0.38540229735059406
0.35149186057225046
0.28310361213894875
0.3714557203093046
0.3917998457530222
0.41116584643005294
0.3820858292116683
0.42574671954705623
0.35263025273203363
0.43533197870146534
0.31085081603028275
0.43979503603706654
0.5842580599382997
0.26333828734787934
0.40808177466890716
0.44489570929245353
0.39125138069795645
0.49651671371339146
0.43270093055278364
0.5560271504391776
0.47248038028227096
0.512285929575616
0.46633466869156126
0.5167778484942778
0.6248331006053613
0.5006271114339256
0.5849017440552984
0.6285521113567398
0.6235777298413335
0.5530808523455434
0.5137105971776839
0.5685532168743432
0.5292536868670638
0.5940099431425814
0.5422432862434781
0.5648123763317384
0.46143706594536693
0.49862115305028776
0.38033028534880103
0.46860739691530856
0.579545421720944
0.5239910029551316
0.40593976208482385
0.4382551689665827
0.36750637598271
0.4263948359012102
0.2746129155904898
0.4422214077121075
0.458415485568604
