0.3183722173762608
0.2466951608210763
0.3198575680283306
0.37418098718492154
0.3104739159070806
0.3117611438518161
0.29400452304677827
0.3893543160997299
0.3936018747542793
0.3638654916255213
0.32923153918877024
0.32301913425450157
0.32629807360996155
0.28515606713842045
0.3260968634513752
0.26664210137401656
0.30309306233135525
0.38511810003301944
0.3571935146068431
0.2381220809241406
0.2154051703633113
0.28710069137072636
0.3487452879738252
0.39093344891932413
0.34131833731423966
0.31216595212084053
0.31420713075282014
0.3108574281333427
0.3446086971246475
0.3483049743415483
0.2870612721048965
0.1656656801167603
0.27442810485561075
0.3439932199224794
0.3163341261955331
0.2789196547552749
0.25735602815529196
0.20928513310588104
0.27302867342379117
0.2899074637388325
0.24349166727434268
0.24448825252520956
0.17827604730580643
0.2989134202660871
0.2694737870586225
0.26987457901555256
0.29902867834531865
0.2531291533694173
0.3524454658844326
0.2643348208255891
0.3012854049574885
0.35691186478945824
0.3115502656151451
0.33319633138713234
0.29467939907341273
0.3603483826309239
0.4549684388137308
0.39514705996048033
0.32809978756270886
0.45251080209633654
0.43528020973247317
0.38836259864390854
0.3912351603208025
0.3528616734905188
0.4362114061805615
0.3614185740698774
0.3587154878317216
0.40225485103404834
0.3390521538843823
0.4077754468215695
0.3969817873659228
0.41944937722840275
0.35953036998012944
0.4235887668090077
0.5550060002763394
0.38794074644702126
0.46188496788378025
0.44040352459508136
0.5277496786954401
0.41963287681883077
0.4381003955458337
0.5726527654303146
0.5740995070421684
0.5027519169059876
0.567475138707698
0.5465135146309126
0.603190777073256
0.6837648437152413
0.5907315803556024
0.5706409471828835
0.6441014605852424
0.7780350776306619
0.6390562167536696
0.727631628896898
0.6884790403847316
0.6513941373653129
0.6949660640218281
0.7179465306930937
0.7066196963894726
0.7654767295841005
0.7324425677440218
0.7935288385045083
0.7507790598537918
0.673538773842079
0.7549162579848827
0.6895978668045415
0.7935620700666445
0.7237538435306874
0.6783719463171856
0.6611608168168077
0.64658796406679
0.6245154784377682
0.6997034147819107
0.6653013003691406
0.541146797540985
0.5911145909709179
0.6013130810479339
0.591157637294834
0.5535576660171159
0.604809037258942
0.5403567840272177
0.3853353692432294
0.44926623572883223
0.53764993880534
0.5349314074834454
0.4646262192788633
0.5387695622418929
0.506552071536857
0.5038070329465131
0.5272012897558943
0.4949705454166337
0.5765954146689929
0.5538560146194608
0.41293626541912865
0.41633130781387206
0.5315372378526116
0.4727811184742485
0.45540123945227434
0.44067643853821004
0.4529751775621622
0.5762041074151443
0.4244363275407744
0.4826493038581806
0.5072993259788808
0.46954385881379124
0.42754933608244394
0.5742408289142417
0.5514073481930118
0.4700066422030008
0.5334091867960794
0.4377729736480402
0.3559910409741016
0.36188566558938323
0.43685538559835546
0.5180279070402136
0.412299703353059
0.455331512758472
0.5280503408885863
0.3974748202923747
0.44665996431709976
0.41875870649063385
0.5015333119805142
0.5070732171803178
0.5069796069727228
0.5861618752795031
0.428120172845674
0.42931854112874723
0.5785493770837574
0.5366057794416309
0.4532196732719919
0.6341654525417771
0.5265229698015681
0.43847196752362
0.41477840503951235
0.47961637360669507
0.46994860462605603
0.40199590343341557
0.3553741560487552
0.5155896277599469
0.4233721493179615
0.5344803798262012
0.5234530589516455
0.47065146967922367
0.4439662162614027
0.4682426281613971
0.4738367511283885
0.5406858429280954
0.40645171697766025
0.4247580006444527
0.42174173118203967
0.4125672741448647
0.31999992924285126
0.35710413482550807
0.4480018769870677
0.36415016937270306
0.32438279475953613
0.3979014926671435
0.3750921747213271
0.38718240332100895
0.2949251639763494
0.3659916570293142
0.43016271117598665
0.3268859281279214
0.3451343443023651
0.3469493759768215
0.2830655225531954
0.40545524074074585
0.2730607249934668
0.38407132710668357
0.3814013763809738
0.4358497182703587
0.3780661849291458
0.3882734946996723
0.28535143106708516
0.3207559242066969
0.3395157589142792
0.24890652270789088
0.2732998728228717
0.20450519645702797
0.25446015526747173
0.3030736687736735
0.2708963579860475
0.15523693161733493
0.2498057485517896
0.2599600437854173
0.2865874844217064
0.2989794178999674
0.28751916103671027
0.1916395295171763
0.31006538974859893
0.23849010892926892
0.3455286398593981
0.4044089496120503
0.38323923412573035
0.3853559706787659
0.3906573104625246
0.4482288403669589
0.5233412216438137
0.46591371295020384
0.4469502754846177
0.46586482186401834
0.4726643060696799
0.4832227875323595
0.49072200465807736
0.518037229812323
0.6066094112451262
0.5178265316076693
0.6127151600103777
0.6538665590490496
0.5088893922374633
0.6149953295960372
0.8549066281472946
0.7409217121853026
0.6601715382729878
0.781217568665096
0.8620768558410109
0.8593551958105272
0.8991532011428569
0.8660085762882664
0.8541418907047573
0.9314715611453708
0.9955838105406192
0.8925544126021094
0.8846082763487291
0.8488328381634779
0.8285835803947985
0.8166903875428397
0.8234682174355017
0.8132844429374881
0.7661153298115537
0.6980411034196907
0.7363868834203667
0.6115837367307535
0.5642181635844845
0.6415575399359977
0.5983222297744167
0.5918561313532644
0.49508161212546425
0.4340992846602283
0.42483951560318006
0.39392543354657283
0.41043698683954705
0.5521881227539243
0.5014942458481384
0.42597115862297014
0.36851844789303567
0.5128849010126486
0.42991164772205026
0.48786701477466177
0.5564739524809763
0.5052337490948275
0.4371475743008646
0.342230771865895
0.40860007132757636
0.3349382486185637
0.3357885766903053
0.3517635094138163
0.43919132858111976
0.312564435786825
0.45879700637804355
0.400484315887067
0.5291928364634148
0.43598545238239006
0.3543054828145848
0.4475862369547459
0.3946692806706764
0.4627166382624033
0.43447704613550536
0.44131535398476573
0.4457098576581585
0.3866528203890017
0.4499015422998833
0.5312122400272239
0.3590439359446278
0.5406067465788458
0.4907044407736141
0.4432459391442502
0.49191414039252523
0.4969141432707545
0.5235600584697679
0.5186576904279245
0.4781198297411774
0.5312911199792933
0.5516040418962096
0.43212336779756577
0.46850655412021636
0.5198214327976266
0.5636728917753819
0.5373042700755395
0.5666101163379127
0.6528594495080451
0.4917663141300035
0.5184351888741414
0.6108475625744858
0.38443676878228905
0.4056966556852952
0.4792846002013257
0.6472765756068257
0.5722676193808818
0.6070005600740611
0.7560114071775866
0.6835815549775293
0.706752173210265
0.7605832824222412
0.7230794840361313
0.8187343284595476
0.7805042898849319
0.6821678154848333
0.707042999116064
0.6759662746837491
0.7658141032245566
0.6814901686937018
0.5378352502940862
0.6441297169691055
0.7931683765732054
0.7943807344366026
0.7026247404299925
0.6851696232720943
0.711036385747539
0.5995103028026499
0.6014899669893522
0.6004995945553406
0.7201020152240977
0.6907347091457277
0.593430879724642
0.7637788388237226
0.7626101129590508
0.6507739244568076
0.804015273404294
0.7066981903489835
0.7550276382820911
0.6422771502497822
0.5961230454880717
0.625996037286568
0.5765087758098911
0.6364500130170161
0.6943103110971685
0.5705848932195781
0.5147694914162535
0.5950827690431691
0.6417619713468052
0.5309535748681253
0.4641499895852946
0.49049821760393925
0.5947445126098461
0.5677283372696067
0.49161817436064015
0.5185586479498967
0.5371563102566571
0.35634041226454616
0.5216339498944511
0.3824715793165371
0.5375080266108913
0.45957281236511816
0.5431382666260053
0.5860055591375604
0.49989393863785136
0.5666761419387232
0.5543177665752383
0.6097257067572264
0.5632134368585489
0.6426715876798723
0.5713647603636789
0.7449530496964669
0.693246358566667
0.6359520711197175
0.6863371030999512
0.7263164912603906
0.7502437216047702
0.6823062641828925
0.6995192745612475
0.9047053139484663
0.6981311941970358
0.7300959832220075
0.7469772337300088
0.7573058163450961
0.7079370023192022
0.700531821264859
0.5912724432556165
0.6660260390677926
0.6560501546663375
0.6757975021689332
0.5640943199838228
0.6456116025755974
0.6197945792447672
0.5070188381344478
0.5699229654739506
0.5273359448173298
0.5650115285638481
0.5670697262551374
0.3456906602766694
0.4011362208719672
0.402275266077741
0.390734816039738
0.5302185246073852
0.3876401317895029
0.38154843049530573
0.43648742551291475
0.39360485816528945
0.37054184656951694
0.27412492311112213
0.28468758615985407
0.22617450119883303
0.20368628120006022
0.24898292583360737
0.2627607122690843
0.1353780452295448
0.21936284616020987
0.2594408950460027
0.121313451157233
0.1844047123204391
0.1730101425195253
0.2114528795458266
0.3003491560347718
0.14821157262211826
0.3127337448100981
0.21289453892232446
0.21407449721937533
0.1489996056206237
0.26030928820547294
0.2784886243500312
0.3140518577039917
0.2165227164195496
0.30270614931007206
0.2559671603140774
0.29380909804747013
0.2594045907906738
0.33907511669095636
0.293309599949501
0.3358610476493268
0.23673112754898737
0.3367953481820599
0.23973796652991824
0.29128719153065075
0.2495084922904477
0.35483470755789104
0.32200917176047067
0.18170019153368228
0.26561046002457794
0.3515694673506694
0.30329241998657597
0.16563581021225
0.12096775073429622
0.17595070941559313
0.30136032640665744
0.21730079319089948
0.2432222433268813
0.19279193247895282
0.2577696994135703
0.16926624993244518
0.20176603516191305
0.32591736663802584
0.1540201892241846
0.3254537105664429
0.3798196677500316
0.4698476248469734
0.22523292983499837
0.4416571481939926
0.3874414348224323
0.28934911465839164
0.2478358560757325
0.3836922174296833
0.3868157765161595
0.40976374430993845
0.3830649848216947
0.3141615184834412
0.33674636618296727
0.37540987896700245
0.3817626551423259
0.3982290761697641
0.4346863109330654
0.3445773316824289
0.3956199400637865
0.4793412581035587
0.4155777401838819
0.4321165875700185
0.4645327870648796
0.40308288147185933
0.4274663752415782
0.4517194221167282
0.42685552187802644
0.3755338200034707
0.4192070893568713
0.35669103807157454
0.438286905128086
0.3843993528618683
0.3405724309108666
0.3598785436662855
0.32296806231851327
0.4953567108321353
0.35976758246534923
0.37611821746640395
0.3663379577465084
0.3915102591090098
0.3959487051895927
0.3897607826527971
0.3951629950770196
0.35017438848639676
0.24900642849162438
0.306156026456729
0.4138961438702513
0.3004520347928768
0.3285209533059942
0.338309316505071
0.3343142653112628
0.27727487727218203
0.3171544454250119
0.2861274536144124
0.2940972985678875
0.2625025134157405
0.3113983403627818
0.3121538652702057
0.3242969069307381
0.3179569851882099
0.41617935304539005
0.18772802655130455
0.2338994364014534
0.27057866189399615
0.2921188141290373
0.34057396876588336
0.23801336547585397
0.4022216113998243
0.3840587284530723
0.37113002764011666
0.3507776680301804
0.206842129615887
0.2585530086100296
0.25671627785917805
0.3668820418172075
0.26873054884715686
0.3031251040351458
0.2938828210769882
0.3434320359085208
0.38610037070011083
0.37947825790263867
0.42516124317306647
0.3713497159490219
0.26453335773702114
0.4269332006382129
0.4248671913674804
0.6210629167104198
0.5010556447215037
0.8436335921069085
0.8432854018688958
0.7649533116071761
0.7596349726589502
0.419231594747564
0.45760796143783333
0.3373351977496872
0.3451137939085146
0.39136616720626566
0.3112584924213133
0.36631087776751137
0.49102575112256197
0.4660051516846634
0.30569759294437043
0.4829023310309135
0.2923565741301065
0.4333710924126082
0.2955116602636285
0.34675568354107034
0.46073826120678063
0.3574550164117203
0.3518182732292014
0.3235983586507081
0.46153560800840926
0.3144287709577672
0.36223240521615563
0.4322644914550404
0.3843407561093918
0.4051124497509889
0.4328177829240698
0.30353879021455604
0.43094505685870155
0.34276710689544687
0.3651080660855202
0.4382391775640408
0.4279460409538235
0.4658325923822678
0.42327333302146264
0.3915287566649536
0.34565444717885646
0.3365412037997707
0.3873845375297996
0.4279623802455029
0.27628352452796073
0.39511284841427924
0.5585657363355083
0.21839377735183102
0.42462091319391493
0.599129557997899
0.44027782327273457
0.439340833104063
0.4933061516188522
0.4429288551447501
0.45867472403329934
0.4966192449559281
0.46982024644533915
0.363875816314944
0.40896039774564885
0.3611161331636625
0.43722432566786085
0.4905875396576167
0.4115943251083755
0.43828031789681793
0.4474422606703896
0.3882734548284511
0.4730728667995272
0.5321142100548055
0.4828888412677387
0.30302815565236196
0.40056978331501325
0.439687886237677
0.42189386247648064
0.5372103199433613
0.3501288487842711
0.40219048037429483
0.38819981268288284
0.47801252894664936
0.4836352510758556
0.3974246456627041
0.41689679531056123
0.4655047842473068
0.35731650664301756
0.5368141399207567
0.39506290811976147
0.3778201657962138
0.355015029191841
0.4576507881846559
0.46044216822297035
0.4171179979920462
0.46084021297937666
0.4026205635730421
0.4820131791525005
0.31780421685112825
0.4981945973477693
0.3875959652391898
0.440535632138244
0.4050003302462316
0.5147002776669352
0.4726701753743574
0.4593995386421904
0.382492849349239
0.44408422985785445
0.5178469797550751
0.4717674415152824
0.5578779267859262
0.4500465600466291
0.5410365080355912
0.5163011772380035
0.5875475435571362
0.5208353261537728
0.47074966059276424
0.41360805423911995
0.45334589822007
0.3721375349148982
0.309057415597309
0.4651357434805453
0.3975971490312393
0.27089553601921523
0.40462821866161114
0.3529983365449289
0.518485723404774
0.39539810188884944
0.49799508819821525
0.42664327872470315
0.4932549059291371
0.4312675415741096
0.5251537435512763
0.5197515989652053
0.391540677344732
0.5127147077288563
0.5137202252747807
0.5505460021292015
0.4408591100465878
0.41520066002542366
0.43118248378423163
0.3458049828090868
0.45011702464340064
0.526052132833356
0.49372892965974113
0.5088530161487073
0.37668543402059185
0.491134080252145
0.510578049344842
0.4676827973228723
0.5196604703130652
0.5193644054592577
0.4836043609899144
0.49826649575931564
0.441815904634053
0.4998131726710217
0.6114075172665585
0.6195965059483941
0.41068633224337703
0.6432812038940592
0.6223922207793551
0.5848817938231038
0.532663947033002
0.5244990730201986
0.51822682374745
0.4861965057589037
0.45698281795137796
0.4533607938310894
0.4310761476449553
0.5581340542111008
0.3654531885225147
0.417500779408992
0.3301395486871616
0.5119382118636576
0.5675865406120097
0.5088051167878052
0.6245766827191901
0.6593331518358381
0.5918360907239846
0.4819676626882032
0.5507345808566082
0.5614854531920448
0.6396168164789344
0.7043411391014169
0.561295836508307
0.5061946723513254
0.5746779922308258
0.5567453730878751
0.6926570904549199
0.6305050935061103
0.5838708762950974
0.5715753202828701
0.5637828532604834
0.5427500056476077
0.5708243992376838
0.5025937365194606
0.4231590184795968
0.39881952142020366
0.4887301182705823
0.6038560050797208
0.43450223855055364
0.4811355696257136
0.4971614242585319
0.4945557620040461
0.40962491785448074
0.37062641758804393
0.5378958503919717
0.35892409544718973
0.5603968895998841
0.47104247826582635
0.3761040183379438
0.4816516776341416
0.42556336857366034
0.3181421284676937
0.3798516366419602
0.5125204642711974
0.32487638066476554
0.41985199111260857
0.3968585263416936
0.3279543720006497
0.32366329019825446
0.299391100570896
0.43250611782305926
0.34105500526539023
0.3222399650606124
0.28308424465994336
0.37106073162073233
0.33939493818816757
0.3859457179789938
0.3061315967316668
0.4684438684883922
0.32891424401040936
0.44178135650625444
0.43218601070440044
0.45772157941560354
0.4259291418571526
0.5222227170475418
0.29091147433197506
0.43518697230856607
0.34034102184904275
0.4471197626645744
0.42659634336676283
0.5188343244223622
0.3732547839346153
0.3731069527799191
0.4269060646438192
0.3689075424979479
0.22560185343418337
0.41140292946696005
0.3327006070309446
0.48940560467750704
0.46729204973377303
0.4927743379368634
0.5421582832950458
0.3067065506673198
0.32605715856409767
0.29369846168691266
0.3324776927407162
0.3692205985256712
0.40054126283526975
0.39472829007806187
0.33423242820285237
0.3553030976235501
0.2259370010537597
0.34913915448716504
0.32096597762276713
0.36763316368615206
0.3924961780336096
0.3772219159784477
0.26095499700691066
0.3043009747574288
0.41298271751177645
0.32213240147478384
0.1357009365661802
0.32168467530142075
0.25809353510293376
0.40359703897036153
0.20188989572211263
0.32460322219445403
0.23415616205801854
0.3121005438309007
0.3805109026370429
0.4102989308200181
0.35087249638919615
0.39111078225008966
0.2529068892491642
0.3289987820882957
0.43311288915630747
0.23872665738335266
0.38762968332806835
0.3414772322028351
0.3447999953302565
0.39311299031016644
0.4352629447598646
0.49459063048773033
0.4583359523724777
0.35209386677931104
0.27497306160868323
0.38211115709338284
0.39031077247487295
0.4027940572807445
0.27528598081859634
0.4733285454492384
0.31894877521128456
0.35440355354370795
0.24406938292397
0.5005583415791068
0.3452448599892877
0.2963368259256581
0.4202904698533476
0.42439566745644897
0.36709050234129925
0.41637399113844903
0.4559648226700856
0.5599444542194618
0.4324576640972635
0.36507245684509837
0.5472757570645155
0.4498391057612713
0.4145571639544585
0.404109285422478
0.3567074284864762
0.25572529634945607
0.40619424143229876
0.45585858894032627
0.5333270363438999
0.4898382653183271
0.6009081225891559
0.28077463869796004
0.43551138910670983
0.32705837385033515
0.46593457350791
0.41926829469826404
0.45361225974790487
0.6180571635475927
0.3819097503509226
0.5437344839899247
0.4007207775050555
0.4367353372650423
0.37865597169291365
0.479422451564893
0.2397114509447724
0.38022912757999394
0.3661917236421389
0.4751776633486956
0.405865124722227
0.3203240622948808
0.35014515855983175
0.378647769065665
0.45605145484321574
0.3514471318442969
0.5040792476348501
0.4046812942691535
0.3737891502716599
0.2814769376450156
0.33608842058574995
0.26093097969214873
0.3993466321734237
0.2216907617371046
0.200674391130617
0.4684139701277341
0.36785871510298074
0.5609148853353334
0.4028455521452081
0.31959847529319113
0.3683518023325682
0.38704528464209137
0.3648211856368232
0.3134829016556663
0.362566683333272
0.279472389902541
0.2503334401691811
0.3227204752436922
0.3853883457842406
0.3694703648195704
0.45246790441298546
0.3260213083840876
0.4567978975104372
0.3527053474011548
0.44370162203156294
0.31683628090726357
0.35104116983748085
0.22696819411695254
0.4153491794275189
0.39613889295315335
0.36048551606790075
0.4183733248014682
0.39296733234086656
0.4164491615177578
0.31300849698775046
0.3413154691139363
0.3606822763862063
0.40091823879041366
0.4374168582506025
0.35462791673291555
0.28206561298830035
0.39805271972468625
0.43037870483326296
0.46400021615583287
0.4348915737689092
0.5741415203834639
0.6047422230396212
0.44174123423496603
0.44225427966069514
0.5601574083687952
0.47850551874043046
0.44385853192040314
0.5047890559880446
0.5886513126795635
0.4834017132658861
0.4175304846102982
0.42593717325829794
0.38279151129535305
0.35698868040701137
0.34854323945962234
0.47726637141165795
0.44003365240328385
0.3919334908990725
0.4855312435072183
0.45382694809152013
0.45179156481084864
0.29553771378290405
0.26153530216597415
0.45918121337460405
