0.26488252187939787
0.34188061597207536
0.26761863561120725
0.2839312580559315
0.30940750090076385
0.27968659730757783
0.2989426627759249
0.2992461209180905
0.2329271887789052
0.31715396008485314
0.30171583158352355
0.3149887681895768
0.2718087471159275
0.29102021738260914
0.28644447601267853
0.27477888568531733
0.37344553878062103
0.3346838644422842
0.2803862032028097
0.25694380605990186
0.17812890215900315
0.270691770534617
0.32922302200481623
0.27099578570857485
0.20453482760566916
0.27656701665972794
0.3349486052440853
0.24330879906099756
0.22905396619930396
0.2726903087100224
0.24372429222849085
0.2675119369740238
0.30341416176482494
0.29406893489585423
0.2537042119461641
0.26288561110072706
0.2574976297258065
0.2509155890571569
0.23498016267847832
0.20980429345585377
0.2626088418666721
0.23997698135849438
0.24741463857792473
0.28105703187757913
0.2801176513818267
0.38419924124951704
0.2512118332369306
0.28003950207281747
0.19544116655375116
0.37250368627659475
0.23097655647169751
0.24164227575846312
0.27888506648947486
0.22526591246630814
0.32410399491150155
0.270643951170284
0.25303964485721464
0.35703083874653907
0.3335130966395663
0.3625641218964315
0.35729242919104187
0.31340475627878733
0.36697003200155803
0.4045506321291963
0.39472198844693307
0.35061795246455374
0.3261573978459551
0.426138210179075
0.357987976486671
0.3421034287952471
0.3944367721522307
0.4226590892082408
0.41729854936482913
0.4066209482548943
0.4440800520094612
0.37875383306126414
0.42888195254043376
0.34760751526743827
0.4725022718916222
0.358409689512052
0.5128446164653254
0.4050803541751391
0.4683503703730169
0.5245630451931664
0.46815957149803356
0.5344671319033232
0.5826152922107393
0.48191390006119894
0.47873542671013447
0.555261935506806
0.5721114699443641
0.5867204119465494
0.5313102017478122
0.5393905219089417
0.6820797789280588
0.6309547093165588
0.5529579516601607
0.5103177781377684
0.5603764696892731
0.5801328430207044
0.47269568640501813
0.5564660565301007
0.5742580116032749
0.656311929500253
0.7067647322206283
0.69598106064228
0.5381821794480297
0.5768736849518816
0.5738459533198672
0.6254870457277635
0.5528077636669887
0.5895476240500463
0.48964095181516076
0.514996885756659
0.5408433974894709
0.5903130020784457
0.5339900432031275
0.4988084327711367
0.4974039167476318
0.5193090839315069
0.573522035127242
0.42335764493946376
0.5219421373737054
0.5176057955535756
0.5259826083747599
0.41611851580487547
0.552527189192434
0.5039763658021998
0.4810124859204722
0.5515604608160114
0.5005877427204211
0.47172148769908806
0.4940100886601662
0.5155827529566939
0.5138819374747767
0.472529549719117
0.527804739900759
0.51549953183638
0.5017930961242416
0.5220541433580727
0.4786955556583011
0.5149840314634615
0.43037891649209004
0.536923511759499
0.5322994427897347
0.48356447079777576
0.4171289626144661
0.4223318370395315
0.5115700409463602
0.35166872897941676
0.4150815880494567
0.38978819670473736
0.5009190235646273
0.40366388207556425
0.46426406093742806
0.4350114648635427
0.36339217175795
0.4834472464107653
0.42047432632722115
0.4667965836341558
0.47741098155279227
0.4697342363427006
0.5394097911929812
0.48385894366317317
0.44640097264159706
0.5044263434207361
0.5384548843307397
0.39121288848474367
0.5299051131308204
0.4842780669216127
0.44830445445734235
0.5117363846925891
0.40337260159836297
0.4293978472179229
0.5220380455201722
0.4784839708193807
0.44792652617710693
0.42293226672895007
0.49694207268415835
0.49059074832385274
0.35516660348549367
0.467615234086834
0.4300034914408319
0.5226360538250397
0.446883543080542
0.4442800609651103
0.48695764492984317
0.46633577256504427
0.3963813514187155
0.44033002225381157
0.37822840923424994
0.44903539499580225
0.40485706464250104
0.351460241360208
0.3595539458102791
0.32337343489506887
0.3261054153727472
0.38615463258381955
0.399951429366187
0.41990176673169444
0.3469087875068339
0.3417265714293951
0.3947213341555005
0.39860682510817025
0.3112941439117308
0.31855158360430486
0.44294852273355384
0.3265276634595226
0.4173293624019513
0.3789420795186006
0.37661028725593226
0.32018806261444854
0.3033823402464849
0.3710530308747383
0.38465795827593646
0.3031873104873389
0.2734311108885363
0.32836702301492526
0.2912142504350997
0.3430026514777808
0.2874720789447643
0.35032891544828904
0.31358706397884223
0.2728829823649473
0.26419358257404874
0.2718942570268771
0.27888322973815655
0.3118911788888079
0.23843898083389697
0.22699022275427036
0.3538214860691151
0.1976731011962884
0.2450320044758465
0.2941993673507127
0.31210427808392227
0.34732625280617635
0.31758864726280933
0.4728276653902312
0.5000018996126179
0.4280685526160085
0.4481043085803278
0.4791802195734909
0.48974618610046083
0.5683107896923857
0.5507827407615213
0.5962605592571051
0.6196669748911585
0.6640911367783116
0.6555165706505535
0.6325476126302707
0.734824727683199
0.7418155660321004
0.729195202688059
0.8341555869160513
0.790654949497968
0.8819187040860743
0.7752877580696902
0.8189353139695659
0.837509301188494
0.8192766761845536
0.8598483058416929
0.8857992303207388
0.8920807358498346
0.8662710465376348
0.8696420601829427
0.8315508582656409
0.7443489390234947
0.7116763967546198
0.7433009336823884
0.7743349550144585
0.7168026348898154
0.6516602794835322
0.651564579457599
0.547682879855317
0.6303459100234239
0.5701362319651575
0.5619058688280627
0.4706016973947117
0.4611938737225619
0.5087964550534216
0.4261265982144362
0.4834367163709893
0.42171715418265454
0.4674394362988892
0.4669039453716216
0.3871120011880499
0.4946689492736557
0.4025147937162563
0.4315190475226738
0.4512774072662939
0.46305765176018165
0.4852909373041606
0.4992830316638353
0.4685205851704462
0.5592517021939588
0.41995009096026464
0.5092065518366274
0.46257937655221903
0.5106605545157605
0.43430925247816643
0.45639391652792677
0.5811233387143456
0.4352049084288614
0.5465396643228453
0.5142580531531893
0.44832893740448654
0.4759656425049411
0.4774179123408721
0.5246591411533
0.5182398039790956
0.44790619646093066
0.580482317814815
0.4214263748558748
0.5290261117728148
0.5970892115775926
0.5036972081173836
0.5538153066148903
0.5003047834199471
0.5409161981587494
0.5337179259229248
0.5039443508229078
0.5703592892185704
0.5387825611635274
0.567598676252668
0.6392590694321101
0.511451222702289
0.49605952941025533
0.5754296291663693
0.57086692458033
0.6650499880954789
0.4917415264815827
0.554127976440171
0.6284336676893411
0.5608106246684513
0.6104402705233326
0.5770498969573337
0.725252989167577
0.6453661562658963
0.6816854594113466
0.6128686410201476
0.7153364281663359
0.5344540469132038
0.7413555205894585
0.8186296618308014
0.6016252709648765
0.6833772392767743
0.8395479811729548
0.7690958778773609
0.6552621320894887
0.6258738187310178
0.6549512510035729
0.6774517241660222
0.6785554745161986
0.633851407002944
0.7398355227849377
0.6759548957481694
0.7550007501467209
0.6237537722758613
0.6588439143317444
0.7068467090518498
0.6554968889598449
0.6668271865874474
0.6138679724004877
0.6721961197419393
0.6066905802353391
0.6781881778147227
0.6446641319136597
0.7112863661866721
0.6269851938057278
0.6495525769834034
0.585366869364606
0.6074074494478097
0.5855083873027661
0.5918505395413765
0.6134214479066051
0.5001009308006772
0.5718072091306908
0.6218178627792555
0.6098323143301682
0.4121666036957842
0.5082176612998732
0.43315614656880197
0.4764785856823649
0.5120863045246038
0.5326825721575208
0.47439610620210504
0.4946316180296355
0.48084703194852274
0.509894818106968
0.43766036913776596
0.4574121713408539
0.5343720449112755
0.4797570880105179
0.46301051217829714
0.5275593507527929
0.5271833593756781
0.4836372975542408
0.49337848845316534
0.6032897685506089
0.5206060520370744
0.6344363583023904
0.5889016337296491
0.5241520204308472
0.49693947030818336
0.5582426834587411
0.4882985868862618
0.6772739767897485
0.5315455145392439
0.5188181257909095
0.5415313637593873
0.6087341396919306
0.6530515716027776
0.4917125666220206
0.6018152668466168
0.5528024959922881
0.731449615173466
0.6170383892073581
0.6857075980534515
0.5502434206020831
0.5388983064187394
0.6373318339526974
0.5194895349077613
0.45834417120204474
0.40215255013283213
0.5178650974372998
0.4947990647072306
0.4344740452248028
0.4374597242379795
0.3796982932946204
0.4410962288365978
0.35155701810029455
0.3607650567189882
0.25502233069835334
0.3672072488173046
0.3192992697655448
0.2588852405171885
0.362181482250824
0.257088930198183
0.34158137371607095
0.3217373084817245
0.32870347347079026
0.315778993164309
0.19937454317182846
0.3159135444670128
0.27212482678536787
0.2531733811579915
0.2007085462426503
0.26933619940358744
0.1766279982522896
0.15705260645663335
0.1854079455356754
0.18115831347996153
0.19351756071701265
0.21958020958689986
0.19275203654512635
0.20527077953874198
0.15818800280087592
0.24460476326540317
0.2579977032047537
0.3060455340854993
0.31656479955091077
0.2859670676073488
0.19475565718147358
0.25921009132796174
0.2855266792572159
0.22063581555175482
0.34638850932835585
0.19254504341844342
0.30294828136698315
0.26202882678366923
0.26653173851260664
0.27409164013898374
0.2528150336781505
0.323866962804687
0.32325516201586574
0.3061383007675118
0.31695646506433783
0.2732481214992272
0.29817687345396915
0.2070986806507074
0.2218958107944643
0.1971513936425752
0.2603279809055752
0.17758500041788483
0.3087475364126398
0.3376683452982672
0.39963515548522366
0.22271088370483014
0.3572999588289064
0.24315775247820307
0.37871601205850036
0.3893615942425297
0.26675214119139373
0.4488961409941121
0.4366664368801373
0.49786408241119695
0.43878627994671754
0.34477104244496404
0.4432042680527598
0.4238636993701709
0.36155563486021103
0.4120426034401152
0.3178819887716252
0.4607489237490684
0.38854035467499926
0.3982400774887661
0.37437092554138063
0.36311044237323015
0.30145759053441457
0.5470657970234147
0.40449776828082007
0.4573285812768838
0.38948261760367175
0.47783554078352
0.4875436100090415
0.4729887312639977
0.4414458318662592
0.438317047943219
0.44440759621466214
0.456933474908069
0.4560195139918982
0.4463281334005159
0.4809572025557183
0.5104898077587505
0.36031192958189473
0.472586982787783
0.338528912179718
0.432562780314077
0.4591763488507026
0.3989879649618704
0.3719064689120568
0.42437733306458464
0.41657325468297846
0.3572777390200604
0.4422542605644907
0.328016798198035
0.3449340325318496
0.37609975303290305
0.33742986956186527
0.40592025404909005
0.41875764023367096
0.27228785845480014
0.32212759756765486
0.36426303055595677
0.3580154874396846
0.29824081177498396
0.2802313853817307
0.3215481031059377
0.2591727483905344
0.2237528746232991
0.27781721990863717
0.2888216054936356
0.25655017178015427
0.3034975354783597
0.14789814683807087
0.23562883821090874
0.23427950332406167
0.3121460517951625
0.23037434949412533
0.21097970525065607
0.2372260277110368
0.2429219716999002
0.2692393901198895
0.34406119390411094
0.3703914489531167
0.35643152513532617
0.31998645166357265
0.2226474323558908
0.26160522689404186
0.163878189043432
0.2660481924724179
0.31282500140467545
0.24743364040940696
0.3134352196922473
0.2137954986889783
0.39671075137337863
0.3745549737966899
0.21878554125211275
0.40637437154290906
0.3080389828622716
0.5358113489725556
0.5807691181574477
0.6240977427231614
0.6165605043634826
0.5994783309417808
0.4594772311250231
0.36880231857049794
0.38331323516482213
0.46470127280987106
0.3131443002481173
0.30305924260739947
0.3668628094959163
0.34196400900708956
0.34057726695661206
0.3367715258834977
0.2591503842255176
0.32473334611657145
0.318203913021121
0.29012193666645536
0.35634220002569983
0.3530095387677818
0.32153592270567855
0.34859106903450143
0.28960271787752867
0.34295525218750866
0.27694375780652336
0.2666518793444611
0.42229405562444305
0.2982556448653617
0.5009032879474137
0.262864979506386
0.42223440216283087
0.3205357152454287
0.33031219376729526
0.20558511828937975
0.1836322655347598
0.4352757066884495
0.2894399157056491
0.41487533582461855
0.36351852648508953
0.36119933912099367
0.2483477648061827
0.3990812191751317
0.3096150387729907
0.3697965845699239
0.3316278026267704
0.26836752158952243
0.3065389739733402
0.3144941547285678
0.47756083007364514
0.44546347093875666
0.405853544448725
0.42663145259836666
0.41468620892349173
0.4610534809427005
0.437330102922159
0.36150289736952523
0.4886392243639057
0.474427665638637
0.4861798138617709
0.2728656816985445
0.29651029376717464
0.4674449572925585
0.4012543434946142
0.43729997770062756
0.3805381547044179
0.3910402495666976
0.265861686059656
0.3934868849269706
0.24395184118964403
0.40266942518148074
0.43152159526218514
0.3753650813185254
0.3309427676983545
0.3972700987653529
0.48803186545056726
0.38879546325148007
0.4661071008992438
0.3723762636026783
0.44927233517527276
0.37719529349795894
0.4007428774937851
0.42558930897443203
0.3227388545951707
0.374273316041818
0.45989289368933917
0.3861905415263379
0.3290425482505082
0.5207278579577015
0.4112773401217244
0.399629985309067
0.33832512281648064
0.4303662252221424
0.3133738446814146
0.21290088218688868
0.3993814999923336
0.3097544633465655
0.5250030320399754
0.349828165267789
0.4063826549192642
0.42552959062765516
0.42703501090440166
0.4204150874680491
0.33431025585603125
0.43259748952904864
0.5125632051682731
0.39925151754402205
0.40557363931771606
0.4829967482955564
0.4525637970481007
0.48953768064376446
0.5045284641627779
0.42980851375380225
0.44156365169598955
0.40157132065759205
0.4436146275355589
0.4315261853669008
0.5141994257398443
0.4665479104971275
0.5147593758832156
0.45868052304486473
0.4546356287613742
0.41519067787805974
0.4580488983900367
0.5147582918273517
0.5475469355299254
0.5407925741408789
0.4720467452743193
0.4454976446222739
0.39312450451432096
0.4562368404945143
0.2992722379199883
0.44556627774289903
0.41396114119621197
0.4432027564326111
0.5233344055535003
0.56187121813543
0.385254801123907
0.4029235423552555
0.457564867712429
0.32936034549435045
0.4603092756304421
0.3414588231505392
0.3539340536677576
0.4369401190890362
0.4988208007560213
0.33752196804421053
0.375523973269669
0.2546229450171683
0.4527614849670509
0.41122653933713016
0.46934973092176135
0.49315822449712055
0.433635362078001
0.48118777344243346
0.46340406838529
0.3459204471616498
0.4998778122411559
0.5153700391547515
0.3607166665677827
0.4038609285404606
0.40736716978680493
0.4427948163320106
0.39345069808754385
0.3477033688684661
0.46251770517096713
0.4800143188186242
0.48230386087189814
0.5221638235737804
0.3695245764208432
0.4386107561803281
0.3908716358682716
0.5518968317741557
0.47706240861243154
0.40821354762321943
0.4654009409127151
0.4853204605052793
0.5501682017246283
0.4044415019303682
0.46236862675608426
0.43957415844328207
0.4810217524089826
0.49158389332878205
0.40609158563265385
0.3920760905706614
0.4788720833834508
0.4366826594548209
0.4278503719015879
0.37216345613758484
0.4042782228501114
0.4646859813491046
0.44924576464862853
0.3810888090522297
0.47939556962465957
0.45279256580842686
0.48190853000711287
0.38080612756998394
0.46841343419690296
0.40778973748650393
0.5186089131628343
0.4959428092881425
0.43799790707731745
0.41627080229603636
0.4241929109778029
0.42917101886046877
0.4906565727824285
0.32513079313329846
0.33437200590090616
0.41690523957883474
0.41369389498514425
0.3527173833117382
0.498845425198357
0.30862942732829957
0.43876447220288256
0.3604261948038361
0.2824928284795232
0.2936963663364559
0.21861203588267192
0.4364780700843313
0.30806259733032687
0.37609327562247663
0.3219312877006547
0.536069569744996
0.37094841119839034
0.43867035981871233
0.3580212928103458
0.39782325433536836
0.48518277090462203
0.4026092016108755
0.42230284942008706
0.4745479256752288
0.33261224416634916
0.4646739741571938
0.38386645550050036
0.36265710760698044
0.35820944954008593
0.4506761888565779
0.2911200919233786
0.5717433554241164
0.44284202805256045
0.504321233184539
0.5169012538204049
0.38850224006442197
0.5330842886203979
0.34347801739634354
0.4972106226595243
0.3993632877717803
0.4659265663535346
0.5185312401454735
0.42192053513151195
0.5565760270139043
0.2723557334164578
0.37145054459871313
0.36471148710422696
0.3471281016203265
0.2710212118996168
0.42956349287368933
0.2981537842822389
0.28297610572512694
0.4515466504248827
0.35105133341838685
0.45751777891314793
0.4863258186789399
0.5008549944229038
0.33378636526548366
0.43643098836213934
0.5411240909262627
0.3796255289868431
0.42707952701010354
0.4245716045683565
0.4257336709027427
0.4443171235909952
0.36550351871855236
0.3987139104463998
0.3636192814765339
0.3253012911736922
0.47157090454625333
0.500573285500644
0.39470784263744135
0.41562499463006375
0.3304347467740951
0.3903439397042695
0.4392881150215422
0.46137975114020335
0.5297892409164294
0.37370111095136055
0.398832232418724
0.4757828323773654
0.4572725978382488
0.47688927109779766
0.5983556182828897
0.43480487066414225
0.40081164933548563
0.31053673320994557
0.4062056761695336
0.5470089804637822
0.5714922453449385
0.4887561774592956
0.4240081872687697
0.45619212974539125
0.5066846585763118
0.44605055658756954
0.3883696294581469
0.46062659537132217
0.5281710035017793
0.6138720353438948
0.44184175196615344
0.41601652941901324
0.5504759907350193
0.5708285397342755
0.5804056734891514
0.6118825331485391
0.47997094463967305
0.551954472935526
0.6257197253949505
0.49253542238612474
0.6068304140089685
0.566264586736049
0.6191458810546329
0.5935071712330612
0.5381718582440876
0.6054109940889054
0.6921050642488629
0.5023870770029645
0.6580854682209596
0.5733443454498611
0.5655880355002734
0.5768735080956678
0.5071660263312215
0.583195470609241
0.5467538282771822
0.5914536613491369
0.483378067940555
0.4989489798623794
0.48003601906820426
0.6127491162360712
0.4974038670228424
0.5234522039892007
0.5569884071390383
0.5210762923807046
0.4543011455881654
0.49470412914100603
0.46313222633063733
0.5304526128327411
0.5113357555179396
0.7075491975988183
0.4473585739646702
0.49260716935631554
0.5449855391106022
0.5102220347141766
0.5820468271147555
0.5161494764758954
0.5214452757252452
0.5040689385285606
0.5007384114405903
0.4483606852731294
0.49590030474251057
0.5584763640803232
0.497582327722111
0.49169469245989006
0.400122089477661
0.5853148957295058
0.5614685575220075
0.5885899119325014
0.4370709424146421
0.540946584555208
0.4722396446857222
0.5828029421009926
0.3705822662276777
0.45274109225916603
0.5385298677696393
0.4794918720849838
0.4789289894989915
0.4741890873651333
0.3777732707301794
0.485097552447602
0.4386958225722811
0.41151422672349863
0.5154886055621537
0.3607898473654617
0.5019755772118649
0.5297666964836771
0.4768424673956261
0.49618627534979526
0.5068812732427842
0.4514478983351569
0.47899816797723666
0.3820474019002784
0.6378715922770344
0.5690849034546928
0.4376492233012087
0.5207604001622241
0.46681885165039627
0.5082436228681537
0.5198783933807982
0.5707823354034957
0.4720418144500099
0.581963199512268
0.5397704152819127
0.6574321518454436
0.5196782372383824
0.4790587128196158
0.6032636474727844
0.5797257805192715
0.4861109706287179
0.5630228752757669
0.49753560386426354
0.46478564307359677
0.4128523689539862
0.5285315624803698
0.3580112840924411
0.4312020478033512
0.42363385233525647
0.44514813314290985
0.319888044458433
0.5159491562526282
0.3793202593272228
0.31737462202105604
0.37439060447077666
0.38783635707964664
