0.18209548653111887
0.28097947849501953
0.28518686034647794
0.3209390876292455
0.33559129492694934
0.2345825751280622
0.28082170167558984
0.3796531013663473
0.2786128262035742
0.3458573066445078
0.27630928463990073
0.20679281799917956
0.20037656067570553
0.23603412186681536
0.38732105479063017
0.29673612352873113
0.2691988093109361
0.35739605137213243
0.32989029251822327
0.3128398775651881
0.453608355860357
0.3734261762261888
0.35638627972778236
0.38137812792544523
0.3012169852005343
0.3472141872916031
0.2459425061269998
0.35508199135383034
0.32742897413512007
0.2892364653785066
0.18797530266853194
0.30754909488697924
0.22726173070652458
0.3047301490465021
0.42432497817420667
0.2598584216006984
0.3162688937741267
0.21489202806323696
0.3659475549852215
0.18040201533590686
0.23678093214544918
0.2826203574170883
0.2337831725762851
0.17442753310683592
0.2307643760978637
0.0767131932976407
0.28028526048952884
0.22088754720156514
0.23510849785949445
0.3649693387047575
0.23191088765238613
0.1830000736291824
0.23925276898318099
0.20083937267936597
0.27805534810825594
0.2711762787811215
0.24324978174206643
0.24681553786117744
0.3240525501993248
0.2855234508945946
0.3732683994067591
0.2926970369513311
0.2857022646232815
0.36284461086977104
0.3663998485342534
0.40144733935690163
0.42601844936941863
0.4610449032828097
0.3383471300396546
0.4890555479588939
0.2821365085041706
0.3487393632127568
0.41527910719357114
0.41869760494788105
0.3379579472183947
0.3518738626920933
0.35532391581028916
0.3481924035720672
0.4146795552797383
0.38649009687496716
0.44243775704473504
0.4878669625858569
0.4701644034458457
0.5471279359636483
0.6240809500268221
0.6168758086061996
0.4939676662704715
0.4762230333119458
0.5952183105258175
0.5353262298703074
0.6122371701149667
0.5418687086493253
0.6818588213019744
0.5588875682384743
0.5410377507336622
0.6284145533338242
0.6631885643361277
0.5401226451809701
0.7431814117869803
0.662231384964921
0.6022551566723817
0.6790714308253831
0.6821848933954624
0.5380925834376413
0.772601529383303
0.5548590001157031
0.5579409073218963
0.6241861345731086
0.648294432581965
0.5461707565924414
0.6018764923057505
0.6049163256934291
0.555363885937878
0.6740962017860337
0.5509566534484754
0.44878038518580854
0.49386248172418507
0.4863417866647032
0.6050320286943442
0.4817978142651282
0.5374194023414081
0.44573003334350125
0.42764880983685877
0.47267831410209216
0.5282157545413428
0.5942611311546108
0.4078004859526039
0.45279843485395127
0.4346856559834229
0.5848471142619726
0.39841802442385166
0.33819987167485355
0.39368471984096104
0.4596143934533139
0.504559750081518
0.4443205604232626
0.38406033385575
0.4710058798161374
0.36867183473404086
0.4871517076711089
0.38479662567975514
0.5243660001472583
0.5271218352599636
0.4037088071020606
0.4064541237601371
0.5880657613783383
0.4435421947807428
0.5093772023014379
0.4700802558088166
0.2939802884160259
0.33875734977017175
0.3099578209969392
0.2810951814959346
0.3048248151381599
0.32859652259889977
0.38386048321780564
0.3865321706934818
0.34711952119994527
0.48651008193876155
0.3524208223327829
0.32350559055863515
0.5785781153032996
0.46556783877312746
0.4471500247183684
0.4286796183904661
0.49439892291024606
0.4338967718862745
0.4259763755509041
0.5442669163046565
0.4521883644854898
0.3916651765522609
0.5625374719946146
0.47043788326619057
0.4939781847251002
0.4754972599425693
0.3097579703589949
0.4069169357637976
0.3989334287006553
0.3488866215775579
0.4775799139590411
0.4275120699266864
0.39841802442385166
0.44300575359468186
0.550641099809616
0.5321075827539418
0.4188448633126821
0.38978237317373327
0.3396198630497208
0.5419528562863544
0.32348455364937784
0.44159628067444334
0.26525438882519387
0.38336611585025926
0.35420895961965265
0.24089364790524975
0.33801053949153786
0.47713813886463796
0.4164045818388363
0.3556710248130345
0.4842591326482313
0.2762566923667575
0.3101787085441407
0.3966824794101251
0.2517697299912697
0.34878143703127135
0.4037193255566892
0.42710185019616914
0.4294369471237286
0.28450316079561594
0.27630928463990073
0.33122613625606123
0.22830305771476053
0.31476475476223037
0.40121593335507144
0.24574265548905558
0.22694617706766523
0.32391581028915234
0.2630981056263214
0.33895720040811606
0.27812897729065644
0.23827455270271694
0.33522314901494676
0.2217290235718568
0.4133331930872716
0.28932061301553574
0.31262950847261517
0.2096433192035426
0.34863417866647034
0.24564798939739774
0.33198346498932374
0.43941896056631363
0.42055937141715144
0.3280705998674675
0.3303110307033691
0.49026517024118815
0.2399890608071862
0.3999326818903767
0.3179518465147101
0.3937478305687328
0.46953329616812695
0.32443121456595597
0.47383534411124323
0.36035173712278196
0.4571004827970675
0.35406170125485165
0.48242892154284694
0.3898980761746485
0.49721786875072316
0.44676084189710846
0.5856359983591211
0.6088081539060282
0.6950174080424105
0.7707713182779187
0.7834145007415511
0.7960576832051836
0.7139611448286017
0.7371227819208801
0.7181369713161743
0.6886958168105941
0.701328480819598
0.7769982434180771
1.0
0.9073744885401437
0.7517013600361835
0.7116681217195568
0.6611795395020563
0.7789126021604905
0.7073239999579263
0.9408231742592378
0.48004123234214435
0.5767479041979152
0.5052013758138655
0.5913790745863617
0.41459540764270914
0.5428469249297893
0.5238295589611974
0.33652743738889884
0.4437946376918303
0.4142588170945925
0.24798308632495714
0.4077899674979752
0.32566187375750755
0.38027369018943735
0.4243565335380926
0.4579314407127305
0.3441848723585531
0.47242587119100454
0.474434896025076
0.4974913485710679
0.2891417992868488
0.4594460981792555
0.2720703474245564
0.42133773705967115
0.19195127851816013
0.3937478305687328
0.3326566460855571
0.4082948533201502
0.3997328312524324
0.34914958294327403
0.3721429247614941
0.43726267736744123
0.4392191099283693
0.43070968013379474
0.3590369302942012
0.37156440975691857
0.3104101145459709
0.4385880026506505
0.30386763576695314
0.3163320045018986
0.4550283472352242
0.43594787053886047
0.44848586845620647
0.4083684825025507
0.38929852426081557
0.4648841392222654
0.4563221171545477
0.5108813413133343
0.4602560191856612
0.38858326934606774
0.35899485647568663
0.44510944452041107
0.43655794090732186
0.5016356196947545
0.5562053623081696
0.5792092225810185
0.4654836911360983
0.4253768236370713
0.40631738384996474
0.5344637165907584
0.3365905481166707
0.4963448370165456
0.49833282494135955
0.5738868845389236
0.5232825993205078
0.5673444057599057
0.5061585551850722
0.4240094245353473
0.5732031849880616
0.7119416015399018
0.608692450905113
0.6317278665418476
0.5390076889903336
0.7302857864122604
0.6060733557025801
0.6290561790661716
0.6310757223548716
0.6435506095444458
0.6455070421053739
0.6790293570068685
0.6810489002955686
0.5883497596533118
0.7481040485531867
0.7921448180833273
0.6679008320097611
0.6067675737080709
0.6297924708901769
0.7369650051014505
0.5601392643392833
0.48849806986357563
0.6903472141872917
0.6713088113094424
0.6838362907721598
0.6016871601224348
0.572151339525197
0.5741603643592684
0.5445614330342586
0.6412470679807722
0.5906848565808711
0.5190857359236781
0.44742350453871316
0.6598331773095897
0.6303183936216091
0.5691851353199188
0.4029409599141694
0.468050194065488
0.6173701759737459
0.5352210453240209
0.5057272985452977
0.47618095949343126
0.499300522767195
0.5959861577137088
0.4192550830431993
0.5895804188448633
0.5390182074449622
0.3623081696837101
0.37486720451031336
0.33484448464831545
0.48415394810194484
0.4547233120509935
0.4988587476727919
0.46937551934869726
0.39781847251001884
0.31575348949732307
0.34939150739973285
0.456669226157293
0.4272070347424557
0.5239768173259984
0.48400668973714384
0.49663935374614765
0.2989134436368609
0.4167411723869529
0.26103648851910677
0.505096191267579
0.6650082569868835
0.6145722670425262
0.3853120299565588
0.5346740856833314
0.45269325030766483
0.591610480588192
0.7199461455123013
0.627467892417246
0.5875293201922773
0.431950857779975
0.5077258049247405
0.6887484090837375
0.5857201459961503
0.5774316037487772
0.5480430415163404
0.560801926980888
0.5314344016577084
0.41791923930536123
0.5358837079656257
0.5486110380662873
0.6034227051361615
0.6161605536914516
0.523724374414911
0.49446203363801783
0.4230732820733978
0.3727319582206982
0.45914106299502483
0.5350317131407054
0.2953897613362645
0.2766248382787601
0.31047322527374277
0.5336537955843528
0.37819103617296546
0.33843127767668374
0.309189973809048
0.24835123223695976
0.30327860230774895
0.1688843075175395
0.27642498764081586
0.46811330479325974
0.2600582722386427
0.27295389761336264
0.06497459793207182
0.28819513837027066
0.30112231910887655
0.16673854277329575
0.3269346067675737
0.2557351873862692
0.1634462664745296
0.17635241030387813
0.0
0.28640700108340084
0.2257681101492569
0.259753237054412
0.1464799991585236
0.3488340293044146
0.11987882740267801
0.3537566660706209
0.282599320507831
0.0010797193676305079
0.16140568627657226
0.3006489886505875
0.24004165308032943
0.20049226367662062
0.32924866678587583
0.4054127967519012
0.12397050625322127
0.20015567312850396
0.04494956401005564
0.2579019890397703
0.3341187112789389
0.36827213345815235
0.3182884370628268
0.17359657519117294
0.2603738258775021
0.08420654037508808
0.29723049089627757
0.3103575222728277
0.24991848197662803
0.27363759716422464
0.1605747283609092
0.22638869897234704
0.23956832262204036
0.2948848755140895
0.22393789904387246
0.23721218878522368
0.2925077047680155
0.20060796667753572
0.37163803893931907
0.2165960177130776
0.17733062658434226
0.3799370996413207
0.4142693355492211
0.2593324988692661
0.44094413648746733
0.1702727435285208
0.21516550788358174
0.1654026990354577
0.2734272280716517
0.5182021857348719
0.2686834050341324
0.26104700697373545
0.4427533106835944
0.1721765838163057
0.2592378327776083
0.3147016440344585
0.506968476191478
0.40473961565566785
0.30252127357448644
0.45275636103543665
0.5293727845504939
0.34298576853088747
0.3670414742666008
0.2964416067991291
0.499332078131081
0.39714529141378546
0.45279843485395127
0.4453092951583554
0.3852909930473015
0.38834134488960886
0.41249171671698
0.5733504433528626
0.3240525501993248
0.28508167580019145
0.3408400037866437
0.2703453208654584
0.30504570268536146
0.2977353767184525
0.22727224916115324
0.35668079645738443
0.21267263413659268
0.4157419191972315
0.3453419023677042
0.15924940307769983
0.6253116092183736
0.3761399375203795
0.2321633305634736
0.23545560686223982
0.3755088302426608
0.4103880257912507
0.3295747388793639
0.3329301259059019
0.2837037582438388
0.2134615182337411
0.2063405244501478
0.24130386763576694
0.3603832924866679
0.37434128177888104
0.19897760621009564
0.28659633326671646
0.33210968644486755
0.24093572172376435
0.23388835712257156
0.23741203942316794
0.3356228502908353
0.4443205604232626
0.2796015609386669
0.272617307065246
0.27622513700287155
0.35342007552250426
0.26234077689305885
0.30806449916378287
0.31168284755603703
0.37843296062942433
0.2979773011749114
0.20697163172786653
0.2948007278770603
0.18278970453660948
0.1655184020363728
0.10613120720303773
0.2676525964805251
0.28192613941159766
0.2751838099946356
0.3841655184020364
0.3564178350916683
0.46542058040832646
0.4377044524618443
0.46260163456784925
0.4454355166138991
0.7017702559140012
0.7056200103080856
0.835764849428322
0.7029693597416667
0.6122371701149667
0.2901200155673128
0.5360204478757981
0.3717116681217196
0.291571562306066
0.4218110675179602
0.4258501540953603
0.3878259406128052
0.4865521557572761
0.4170146522072977
0.10555269219846221
0.3305634736144566
0.4819450726299292
0.47557088912496975
0.41662546938603784
0.3892459319876724
0.48810888704231575
0.23988387626089971
0.19152002187838563
0.26938814149425166
0.20001893321833156
0.30948449053865007
0.30325756539849164
0.4863733420285892
0.35396703516319383
0.37934806618211653
0.2890366147405623
0.3670414742666008
0.4345489160732506
0.4494746031912991
0.43286596333266714
0.37420454186870866
0.2103690925729192
0.5303930746494725
0.3981550630581355
0.41318593472247056
0.3966824794101251
0.22241272312271881
0.41630991574717846
0.45244080739657727
0.28875261646558886
0.2933702180475644
0.5609597038003177
0.513027106057578
0.33888357122571555
0.4487488298219226
0.453461097495556
0.39507315585194225
0.4208433696921248
0.34146059260973377
0.640752700613226
0.32998495860988103
0.4084315932303226
0.29755656298976557
0.5127746631464906
0.35987840666449283
0.2700823594997423
0.3275867509545498
0.4692492978931535
0.3164056336842991
0.4055179812981877
0.3053086640510776
0.2892680207423925
0.4415436884013001
0.4991637828570227
0.6093971873652324
0.48825614540711676
0.3250518033890461
0.40378243628446114
0.2195727403729844
0.48768814885716993
0.39818661842202147
0.4138801527279612
0.42960524239778697
0.39275909583364016
0.36644192235276796
0.2875535126379232
0.34542605000473336
0.30865353262298706
0.3665576253536831
0.35086409104774324
0.5139948038834136
0.3931482786549
0.5142577652491297
0.33033206761262635
0.3568070179129282
0.22551566723816938
0.1784035089564641
0.3101155978163688
0.37874851426828376
0.3947891575769688
0.4003534200755225
0.42696511028599676
0.41152401889114454
0.4907595376087345
0.32810215523135344
0.29167674685235245
0.633947260468492
0.4187501972210243
0.45601708197031693
0.5774526406580345
0.5200955075680281
0.4312145659559698
0.48960250759958346
0.34815032975355265
0.4802095276162026
0.2546623050141473
0.3446897581807281
0.3190247288868319
0.4616865290151571
0.3834818188511744
0.44202753731421773
0.532160175027085
0.4014157839930158
0.35485058535200004
0.49762808848124035
0.3879942358868635
0.4361477211768047
0.4212220340587561
0.2274931367083548
0.5281631622681996
0.40810552113683457
0.40378243628446114
0.43102523377265417
0.36363349496691943
0.5486951857033164
0.3971873652323
0.676967739899654
0.483438693187197
0.41614162047312014
0.390949921637513
0.49199019680028605
0.26698993383892045
0.4206750744180665
0.6059366157924078
0.4861734913906449
0.5347371964111033
0.4255556373657582
0.48466935237874853
0.6279622597847925
0.5398702022698825
0.44129124549021254
0.5004996265948607
0.4229891344363686
0.34549967918713387
0.4784108718747042
0.45356628204184246
0.6075459393505906
0.5196326955643678
0.41070357943011016
0.522683047406675
0.7398680985789569
0.5573729107719494
0.48008330616065886
0.3922962838299797
0.4833545455501678
0.4902756886958169
0.2868592946324326
0.40953603096633046
0.3218647116365664
0.49717579493220854
0.3674727309063752
0.290382976933029
0.5288678987283189
0.3571646453703022
0.39584100303983344
0.5292150077310642
0.5153516845305087
0.5015093982392107
0.47716969422852396
0.4528615455817231
0.3759716422463212
0.5305192961050162
0.4747083758454208
0.7029272859231522
0.5419844116502404
0.5809132122308591
0.48313365800296615
0.4905491685161616
0.42436705199272123
0.5475381556941654
0.3972504759600719
0.3206130155357575
0.38073650219309774
0.5040022719861998
0.35380925834376414
0.2667374909278329
0.48473246310652035
0.43979762493294483
0.6893900348160849
0.4025728140021668
0.46288563284282275
0.20766584973335717
0.457352925708155
0.4440996728760611
0.31517497449274756
0.4702590695375035
0.2887841718294748
0.4754762230333119
0.48338610091405376
0.6596017713077594
0.3940739026622209
0.39152843664208853
0.34693018901662975
0.3759821607009498
0.5417950794669246
0.4236412786233446
0.4948406980046492
0.41880278949416755
0.27967519012106745
0.3719851479420644
0.45379768804367265
0.29370680859568116
0.08104364106825426
0.3943263455733084
0.21327218605042547
0.30571888378159484
0.30352052676420777
0.3118616612847241
0.3307422873431436
0.43380210579461664
0.24236623155326018
0.2508020321654343
0.35392496134467927
0.499153264402394
0.3709122655699425
0.5687854340440303
0.43006805440144735
0.18620820229091942
0.5419213009224685
0.42431445971957804
0.5276372395367673
0.3680091720924361
0.4818819619021574
0.427491033017429
0.3520842317846662
0.39240146837626616
0.4117133510744601
0.2627404781689474
0.3872789809721156
0.1752479725678703
0.20516245753173942
0.4770329543183515
0.37026012138296643
0.45284050867246584
0.3987020226988251
0.3025107551198578
0.2484248614193603
0.37316321486047266
0.4137854866363034
0.3913285860041443
0.43199293159848956
0.46217037792807475
0.2188890408221224
0.21755319708428442
0.4055705735713309
0.5094718683930958
0.39250665292255266
0.5595607493347078
0.2638238789956979
0.47299386774095153
0.25093877207560666
0.28134762440702216
0.3012590590190489
0.36326534905491686
0.23596049268441485
0.2138717379642583
0.16024865626742119
0.3275341586814065
0.34758233320360576
0.1257376066308338
0.28256776514394505
0.3552818419917746
0.3123139548337558
0.19573792218447267
0.2159333550714729
0.26769467029903965
0.3825982686623682
0.2345615382188049
0.3600256650292939
0.38033680091720923
0.36910309137381536
0.48412239273805896
0.5781258217542679
0.3355597395630634
0.20871769519622177
0.34486857190941506
0.41791923930536123
0.3858169157787338
0.4484017208191773
0.22700928779543708
0.36326534905491686
0.3312576916199472
0.42548200818335774
0.3829979699382567
0.36157187785970485
0.28757454954718054
0.3924119868308948
0.2869013684509472
0.3812729433791588
0.380999463558814
0.4122918660790356
0.4436158239631433
0.39081318172734064
0.3064762125148573
0.2852710079835071
0.3166896319592726
0.46382177530477225
0.4216532906985305
0.33743202448696236
0.4425534600456501
0.4004480861671803
0.6318435695427628
0.43200345005311824
0.642414616444552
0.5162457531739437
0.4426901999558225
0.5164245669026307
0.474466451388962
0.474613709753763
0.4432266411418835
0.5065161826424462
0.538281915620957
0.3912549568217437
0.5177288552765829
0.31815169715265434
0.5182968518265296
0.41342785917892944
0.3716906312124622
0.27739268546665125
0.2567344405759906
0.19402341408000334
0.4679239726099442
0.3316363559865785
0.2795068948470091
0.18532465210211316
0.5329385406696049
0.44932734482649817
0.41831894058124985
0.30318393621609113
0.31430194275856993
0.4306150140421369
0.36813539354797997
0.22152917293391255
0.44310041968633973
0.15979636271838943
0.2867330731768889
0.3505800927727698
0.4880773316784298
0.34159733251990615
0.4475707629035142
0.32216974682079713
0.4597511333634862
0.3343921910992837
0.4930420422631507
0.22046680901641932
0.1687896414258817
0.28542878480293676
0.30742287343143543
0.1611427249108561
0.288363433644329
0.26834681448601566
0.3324883508114988
0.3545876239862839
0.576548053559971
0.43038360804030673
0.515646201260111
0.2853761925297935
0.2865332225389446
0.37184840803189195
0.4151108119195128
0.3637386795132059
0.322885001735545
0.28206287932177004
0.3569647947323579
0.284618863796531
0.4752553354861104
0.32932229596827634
0.4042873221066361
0.24786738332404204
0.16509766385122698
0.2927180738605884
0.4834702485510829
0.37971621209411915
0.2549463032891208
0.3721113693976081
0.41567880846945965
0.3540722197094803
0.429216059576527
0.4097253631496461
0.1693576379758286
0.654773800633211
0.40392969464926215
0.5738342922657803
0.512343406506716
0.45087355765690906
0.37890629108771345
0.4542079077741898
0.46643035205267636
0.3419128861587656
0.5750439145480746
0.36642088544351065
0.4733620136529541
0.5592872695143629
0.413827560454818
0.5628950994519886
0.5121225189595145
0.41929715686171387
0.4421958325882761
0.26525438882519387
0.3512848292328891
0.36370712414932
0.3235476643771497
0.2728907868855908
