0.24201454861269647
0.2983438941538302
0.39195964913798237
0.2663018831382347
0.25163359952461684
0.30664751321612743
0.3048275735031158
0.3831553565441548
0.303356799954716
0.29719049577991186
0.39991495175109915
0.3431989949937126
0.3301793363354695
0.2932164165847977
0.27485490520139527
0.3776691274332988
0.27772040240033197
0.29087056627136487
0.3117805276634893
0.39999171524873134
0.3834584596244234
0.2903788452348156
0.2945106588329326
0.2567990807973627
0.28614969982006117
0.18595842286850298
0.28392917051431266
0.29663068864540726
0.24130894013930398
0.26447383677894487
0.2922466669639787
0.2358964972989832
0.31899155856427774
0.28820836794566734
0.28642742201766075
0.23715936771711732
0.2047070642764295
0.26675828033914817
0.25575871157096947
0.29315627951529444
0.20092355714203794
0.2987054833311826
0.24089696882161174
0.30469178329473545
0.16673686291115478
0.34310993226554976
0.31483710945480564
0.2863347864216017
0.2991756399201086
0.398213331578672
0.37017769974313586
0.3374137037748134
0.23118055423577832
0.3696281153067158
0.28174237025534427
0.3523362816915917
0.343766739548528
0.3147289615014478
0.3536817109632322
0.39180638488777286
0.33028754812785177
0.33369405229514915
0.3058357881722391
0.38448165404572976
0.3449081158188117
0.36958905369562023
0.3697743016902252
0.42213498732827515
0.43814711961429886
0.37520399991777564
0.3875514461738814
0.4052008274442752
0.3962322912079669
0.3979925732890382
0.3463121715585899
0.3983210187234598
0.488593268716236
0.45771662823897274
0.5049701396447098
0.45398939322239945
0.48791582144065027
0.44091265308936123
0.4179850135727459
0.4394404137871828
0.44235536588433566
0.5376074193437047
0.5570542766855116
0.5481833007950767
0.49944315786672355
0.5618334581429644
0.5082142286209566
0.5441692690467599
0.5782416259260557
0.59418866287429
0.5507212055106153
0.5599593171751245
0.6062336414686316
0.6766857755427909
0.6329118155359527
0.5943373453902665
0.5589240902381705
0.6290702163202064
0.6446927914126571
0.6227423651756139
0.6141728695936638
0.6054769194891424
0.649111706517
0.5475754772694366
0.624223021725933
0.5860885736654735
0.514721486452463
0.5938193628834876
0.5692107218247795
0.5315411226071873
0.4877461439085832
0.48374390901131636
0.49912847025221774
0.5172960440547804
0.5143828493205514
0.4626608094245266
0.44845319432284214
0.433585807368174
0.460486899030212
0.4947206078034575
0.4802859134509719
0.5123664106708896
0.48864628411770883
0.41310975421281176
0.4826402958140137
0.48642997102032537
0.4761870784840916
0.46270878673962246
0.44235902091922696
0.5120736892352965
0.5301416449727336
0.5095217575599497
0.5135380682127535
0.4426736431198466
0.3769760833438691
0.41670529025430847
0.4686646936988336
0.4305547783383165
0.5028563059169698
0.46387286247206283
0.5216820566784173
0.49609061421513534
0.4141548200370725
0.3364027274531454
0.4010847169538514
0.3582403144664915
0.35118733874550184
0.46775924861523344
0.3580870672882036
0.425595583190566
0.3640904877310016
0.2637784619024901
0.28188772920411564
0.3524425440643415
0.44940609073740234
0.4035002958408948
0.42090837275591114
0.4766234834844437
0.417622918401542
0.41000430246580677
0.542168491830002
0.42799550723361407
0.5514776013929233
0.4335844778672827
0.4433944108298735
0.36686984056428185
0.5412138530223874
0.4644276086345472
0.5205972282343834
0.4283854366385192
0.46269771878018806
0.4298992716905206
0.4792501170101968
0.42639733718180595
0.3635893594380744
0.4974369500082594
0.3839175679102162
0.4112271206074032
0.408079168237833
0.38881594589856217
0.34891820528575734
0.393735484932198
0.30717584322556335
0.30945164198348424
0.35961786692044784
0.28648888136719897
0.32017418511022666
0.2442222828144918
0.2885375500110513
0.29825950223328246
0.2986372666242341
0.2872177959873204
0.3219652535770153
0.2675903885511124
0.32102664559374294
0.24140877841403363
0.2825303190917762
0.32754573624751404
0.30909115403310516
0.2544640621152619
0.24002150165965638
0.29831185282969214
0.2921479997676188
0.36032087357989445
0.3587891926630729
0.26607424065194624
0.33883420820809595
0.32400312963975186
0.2894572152894323
0.3427403343459264
0.3582560567850772
0.26705053250841404
0.2835900416870645
0.3212768453361493
0.2615021266052149
0.33369392380016405
0.34169733543953246
0.23826546000890408
0.2973932492726228
0.27958303119104244
0.2727163389355931
0.23874943710929275
0.230430592923959
0.1782372128812541
0.338977019198801
0.2772224681002994
0.36245347398505756
0.32920539668917725
0.37955658622808475
0.34169489498331096
0.3480511044314273
0.39340379058605635
0.31376699325295926
0.37349170460708664
0.4278759652815977
0.4006799720578358
0.3960498316856776
0.47820884761661225
0.5236324927320294
0.6126635350689561
0.5464488361111766
0.5860420805713178
0.6635653918920639
0.6462510360534611
0.6204029565073209
0.7780612821278642
0.7267337373200059
0.7542422072304247
0.7670479459522274
0.9018205111049988
0.8233054583010014
0.8066111056543053
0.8575092368443622
0.8386353774745832
0.9363487822781956
0.8221029276938447
0.8396286350652482
0.8673221584570208
0.9009336741294585
0.8398031858010571
0.8712406971161899
0.8015393234638832
0.7606208901062863
0.8178499631271503
0.723938117631788
0.763973666136117
0.7404055590917817
0.6683625470222078
0.6787255807869514
0.7314629456961164
0.6001971439064779
0.5143142474491724
0.5900424373576079
0.5277129323303338
0.40696854698955975
0.508360888182267
0.5168611963632074
0.44084515995811135
0.493772674522425
0.4174761810466163
0.47376398357823124
0.5464576570587135
0.5012059866273852
0.4829089446845031
0.3790990371528965
0.5211613553924287
0.5167101144533619
0.4062648034915956
0.4185643180652219
0.40206604785195016
0.4013802426516675
0.4500545280495776
0.3763320623359389
0.48323563076862047
0.5375975158476625
0.48984313182840267
0.4588412801650278
0.4925822500009833
0.5271296928755022
0.48043262440030665
0.49489229111714417
0.5235155828260772
0.49887841003129885
0.4442565181632726
0.6167035106627814
0.5032236942451974
0.4915242301181818
0.4740164841954005
0.5051960118708323
0.542063275882827
0.5447065246216976
0.5403594553296491
0.5122893789695325
0.488089233457794
0.5634096398315951
0.6166111688621324
0.5348463749658976
0.5641292274535199
0.5638547498527706
0.537795422188909
0.5866195656545126
0.5522840802537925
0.6187988403369464
0.5022920558921155
0.6107700793770063
0.5177049779834346
0.5449582424960099
0.5283813797366833
0.6196125623501939
0.5148870902728847
0.6328195420485945
0.6944177516955194
0.6030564613939837
0.5966154707766236
0.694075736722034
0.6757830887775317
0.8195764663217522
0.7361818914423679
0.6964581143789732
0.680021506221143
0.6617038404586382
0.63216628941714
0.6732261029176908
0.7355661818623457
0.590319188900296
0.6829038572041167
0.6900503118647392
0.5992387239453212
0.696699491015276
0.6670575830925607
0.6745785428619899
0.6789996914765579
0.783626127454486
0.6627925904873821
0.6581147689165772
0.7931234871707514
0.7008624074363666
0.6753811328237455
0.7406734681667768
0.5328466038983617
0.6462283433198521
0.6192567994949215
0.7249249706026992
0.6530558465417735
0.6895881544836819
0.5831191289924815
0.6206554554902006
0.6175780077106059
0.5668852990291826
0.6266424427742394
0.5152359784822966
0.5407105885244848
0.5455908884109494
0.5274553539646046
0.6501110292603793
0.49490157141108854
0.46272131089888974
0.5234144288518499
0.5699695005681581
0.44336079842771925
0.5361241961130985
0.517069051210737
0.48202510738222804
0.4170834126307239
0.4410869088494487
0.5075247436392434
0.4898955993344941
0.4172192016468039
0.4178410757908862
0.4996284391158433
0.4302157153250307
0.48843646661580625
0.5021649608393665
0.5271850688375558
0.5102608961312329
0.5654827952049878
0.47407700589293755
0.5211405287383455
0.5941948333178038
0.5230402796251798
0.49041909175884235
0.5885524881027693
0.5376790846210167
0.5917351573200628
0.5209356340957569
0.5144947688075068
0.5934719469819424
0.5689411486750697
0.6191927595118202
0.5010690020067943
0.6043405221790232
0.5648939688802577
0.5276413905744836
0.5515653117976804
0.5917312341044446
0.503265804933814
0.4921065937333966
0.4448781885715932
0.46310238882143706
0.41744045691309534
0.42451010847694803
0.44898999629023884
0.31224862618143234
0.4361335146900651
0.3638909530738107
0.4057049002978529
0.394419683005256
0.37482851736680417
0.2670781240724298
0.37582687203418486
0.24602391938012402
0.22486571733587474
0.2559223436676292
0.22982956495607848
0.26618526516357705
0.3102372499945727
0.30031004243764803
0.31208551612346047
0.2483832171719856
0.27423670730613103
0.16664198839025687
0.16855916026984713
0.09932365867580811
0.170438629395861
0.21226224388491205
0.16059019861749024
0.17501923354416707
0.17032197158515788
0.03796063490779898
0.17626678136821233
0.14860827450978026
0.14384183277762172
0.13884377639261514
0.2160209101438329
0.1226159659420946
0.1565559088923087
0.23534596867556934
0.17913310259509996
0.15856899668394273
0.1253430372289412
0.17363075709549902
0.23824510605587548
0.21020507259568438
0.19311265474360045
0.2821246302546684
0.22633499636528764
0.23067501147457606
0.16673738505185975
0.1951791478935803
0.2832552427699077
0.3008212027469618
0.1814482895086121
0.19763627479068774
0.2136409342536121
0.33025593533932895
0.21790201944826074
0.23249791085610624
0.2844410685659372
0.3141306041053296
0.2524461597522476
0.17234015253566337
0.2635572783934934
0.17719601318365508
0.27246791910135654
0.23487148277251751
0.3345090195411847
0.24533842698971098
0.3375670780125034
0.4352487165910054
0.4017940886132285
0.431389502408254
0.4264259230694044
0.4603161979898409
0.4237565651268336
0.4302132686764324
0.4377582485516844
0.3710387356606152
0.4223975862201216
0.38909664452767767
0.41172766664990446
0.5038106717998565
0.5026420960527207
0.4351562619114231
0.4860238409189074
0.49451890948769145
0.4590616914294927
0.4944796315404773
0.6008197900040322
0.448286822159916
0.4964479336104244
0.5520062892100793
0.5612404913444307
0.5751236585099598
0.4548184528616618
0.486001482152594
0.5545334495446634
0.5271613787525659
0.490318662755616
0.540181783959031
0.4904642775681205
0.5012168158672243
0.43471184747000513
0.42642956861084236
0.5419384288626754
0.46452029652093924
0.447842307817629
0.5273948488126895
0.46805808516237213
0.47420081472745557
0.3981562580713729
0.4345827661266066
0.40053175691315246
0.4908022737874277
0.4889833639478499
0.4514239938734502
0.4780860702275708
0.4618247017330608
0.4594669211041591
0.5142983928257487
0.3455786475604008
0.4777788298795246
0.3805310146837516
0.3788065045293857
0.36815532664844386
0.31885372380647176
0.42232095809724374
0.344730856862786
0.4006038940143918
0.34242310997792064
0.33855573380461157
0.4297784798297612
0.3378521094691396
0.2655094157665713
0.3225004180882731
0.31936373860437034
0.28691797503410005
0.35926308961139025
0.44788674255766314
0.3474537370390164
0.29718399655493344
0.36513084959260034
0.3582885102728724
0.33201519448813527
0.35017859150051
0.29748324210294785
0.2700227123064054
0.3030573688612468
0.3098651475412932
0.2302571180203255
0.29083562058352885
0.40187505879415103
0.3279376968451156
0.26354370721322284
0.2980896968875095
0.32059159740708054
0.4020703004659615
0.5004447746062184
0.4769585009888925
0.6063952202321556
0.7458468029196883
0.5330506678250598
0.49873100679007987
0.5187332999747094
0.43125979689514826
0.35933348387878095
0.35573537251153486
0.36411561725802516
0.3669014908402538
0.26466011032769843
0.3352090002585805
0.3327213678990911
0.32114960870619386
0.2928027023642656
0.37619688271340007
0.346747844492381
0.3391495882587985
0.4305856249940408
0.42895855284625545
0.23257319288513245
0.3032790286785152
0.32474521742388046
0.32708672141303974
0.21370156031691911
0.407439851173849
0.3305274055257481
0.32573059108286406
0.31192067093962517
0.263133083193607
0.3281116022016639
0.39446035827655146
0.26572372231157
0.32761067489520945
0.3129328957431089
0.34941251683487506
0.349024300615015
0.3694590978960912
0.3255159251750719
0.3505840297389435
0.39595387648938984
0.3635834984951762
0.38025244442808315
0.3808594643770849
0.38953603174168683
0.5054120032216232
0.37839364847140017
0.3626536943214306
0.43029785235055384
0.38022425532557463
0.3623530712537001
0.3325291570453227
0.415936515062198
0.47429962378817014
0.42814637793814736
0.35483966036504694
0.3771500471312077
0.4522253572521765
0.4860270400640304
0.45564034777520085
0.5168409855805903
0.33669655835452234
0.3900573836907236
0.4042085433757908
0.4575343803867937
0.41767740701381695
0.39725969220914803
0.35489697113122837
0.5258308866083611
0.42609225478455687
0.4365662525709939
0.3876408948521103
0.4427752069096136
0.4252526406825056
0.4217275653529774
0.4340427439056638
0.42781428562995416
0.5108087678603855
0.5074824385581755
0.4410754641885277
0.4523021264277205
0.328675959082387
0.3362582928319641
0.3769210898776863
0.43219488258508243
0.5281179146668226
0.378997091823964
0.443995720975608
0.372633254292456
0.32343366575634597
0.39672246978322945
0.4092522740842146
0.4132987175282976
0.3629577062964805
0.430891986030565
0.3791830535204542
0.40502745745210367
0.45080586829057234
0.4359815025223013
0.3947444438442339
0.4090444896698234
0.47957179019393925
0.4633690166286098
0.46271590166293897
0.5616123888554605
0.5248985565916553
0.5428937502447191
0.6191344166462234
0.5315413025566457
0.5531382229555466
0.5368721205783181
0.5362985092517412
0.5261122993256729
0.43865407327322836
0.44568896821653725
0.41579059190257806
0.45752030240992836
0.4480826153121591
0.44972112107720497
0.5316672250977889
0.4055648609416592
0.43023503603800706
0.5489062687625914
0.4999756063483565
0.38495769722214046
0.45255663633236254
0.48791351467754357
0.5021397109161128
0.3187975322485598
0.39412360602650776
0.4311209849574183
0.38702140230069715
0.4073072695400901
0.4355929097117261
0.39117333077459593
0.3951323185331529
0.38209457057917373
0.41742248296858
0.459265005790826
0.4117941357670373
0.34735728835701263
0.4036615973061922
0.43373962486047357
0.44898243052179077
0.403919767720688
0.4143414035278286
0.3704371324182461
0.43102679679168854
0.43575039695796514
0.36450059510144284
0.5568202646727808
0.47155541149394326
0.513165317220516
0.45173291070081434
0.49381432108456014
0.47163103560848796
0.4495520118015055
0.40437530610072114
0.38499248145240483
0.3703834569651403
0.3697355028113133
0.39670059110320444
0.30168760659380994
0.368249368778382
0.3715507947062434
0.38984612535521257
0.4450933707034813
0.3772583021085737
0.43557467747634593
0.42480319173884407
0.36977845756426275
0.5011956986097674
0.3716240881375996
0.3077914432346814
0.4287638774959438
0.389277787140496
0.47623000751801126
0.41386795137705834
0.49160438570148146
0.3482763789342045
0.4608502389395337
0.3935412939805295
0.2861737401186738
0.32151630975971474
0.3338158351594478
0.3101552516115192
0.3325615156306294
0.39304508421430717
0.3834347017556109
0.3694803408324421
0.365668794283361
0.43431360072556285
0.4241612573418557
0.3686601952928288
0.37700298291524326
0.486992342299787
0.32104640471944146
0.5178838801418295
0.39260375035375417
0.4159151715013209
0.35323337871036986
0.3989023298327123
0.40335637994018697
0.4066049881239859
0.41296262196504036
0.48653196619161554
0.2619217495017705
0.30185904737121816
0.4170361043905858
0.3102329644319184
0.29562533085953024
0.31853976512495047
0.21555473856739288
0.22097579535919568
0.24453912819744406
0.24279252154893838
0.29527674915877355
0.33263299199938273
0.3552340273278598
0.3041285798028157
0.40310153867395493
0.3685653512062669
0.3930585022157589
0.25969754444996135
0.24577604404818154
0.4389331445521093
0.38633201460211175
0.39562603151679554
0.40454078036359137
0.45976751538167715
0.5031146651840566
0.5342209672198733
0.4032724960965707
0.3331100945925767
0.429402234733684
0.40909206845648904
0.3565317357626093
0.3264295107777861
0.3535158098191795
0.2812340614051491
0.38629600131800834
0.33608707345161604
0.41092798464712527
0.40290681588506233
0.23599538841133438
0.31839108794910004
0.3755479701872291
0.31289359136223843
0.4112635385894651
0.35486481870207404
0.37374306757340925
0.3229125940929488
0.3338038481918135
0.22237428033193474
0.23408030873531763
0.2619812187762264
0.282882529269909
0.20131069983820943
0.29108427803976683
0.2926768422895767
0.3337745150313424
0.25872143509004353
0.2641624240419016
0.22347130089321393
0.27269951918746776
0.28946273011423895
0.253474414051831
0.3670234455209645
0.26124244615391096
0.2441338884666583
0.3236652333211235
0.32266785021131705
0.27858468164222583
0.23934741567165593
0.27328563998194527
0.31540679366083985
0.3581697299906319
0.36539028021716186
0.350167962391353
0.4887086402641584
0.3763439272340193
0.32516588620370224
0.3630561197808007
0.2574003630836029
0.3012749230215841
0.33016172530081916
0.32194081754194853
0.3553012210786273
0.3586464569306794
0.44146744526134435
0.34447161390848635
0.37337691733632006
0.46559778403326246
0.3410787455053536
0.45113043001100694
0.44045967978407863
0.4423700268162654
0.45121808886328574
0.3168705733437504
0.36497414719141896
0.30412689606972865
0.30450852224905384
0.34006873933547804
0.31821262889649793
0.40994825524176104
0.35844594067272084
0.36876153043470494
0.3768434129376006
0.37224446680746026
0.5162895148966152
0.379487882823045
0.4982436215703584
0.4966584634409718
0.3829725817878018
0.4599609591136897
0.4743122261247888
0.48627696902523454
0.5272245573895558
0.4837661236566208
0.5163916888926889
0.483396621563435
0.4214403080556013
0.4545799759107236
0.40656246189679757
0.5529874295392504
0.5001992882723854
0.4894325959054471
0.45204413103449226
0.4669717772127342
0.27496118554038795
0.4482524898691074
0.35766272630698404
0.31412899634130587
0.40232414925343557
0.3349607819886856
0.4235719008400223
0.438868268306243
0.4628763377099778
0.44293779220393237
0.3941010134325804
0.3362151259187875
0.4676524895555656
0.4214530995428805
0.4571856315544741
0.45901191637368677
0.40187299467498566
0.42724977652212537
0.3631831444955702
0.42046951495777724
0.4456228645239393
0.3354859253795472
0.37548010780786345
0.4103477485401177
0.4052818795596829
0.51343967009641
0.4101947095457493
0.46663876848671415
0.4614299167860452
0.38255205205959153
0.33865080952236487
0.44586907855838664
0.42693274915931095
0.31324665485647396
0.31479487819139057
0.40427045221811303
0.3718320477252402
0.27060334385330065
0.4072786020860131
0.4197371207432783
0.31788020640740655
0.39468772625913867
0.46017848668903977
0.37668184409302774
0.30681829872249705
0.3273620085675518
0.3653113746430435
0.36700760981919545
0.38640698675804735
0.31882670863992146
0.39696643854350916
0.32535752872612617
0.3183486706218313
0.3066573535723688
0.41371047804830074
0.4325932963458656
0.3240905702946862
0.4200401181737046
0.45298701055263635
0.41150863522655046
0.40495441815599914
0.43766321713157874
0.5010724142038047
0.4463623601201835
0.46939029019173306
0.4180739847258424
0.41524812438140407
0.5609995303553699
0.48076777187771025
0.42427284859993275
0.5136926297490663
0.4687564030881215
0.40688214051816074
0.4208521267452504
0.35182938138783537
0.36628594827275307
0.3660748405123895
0.34119703094231474
0.39627290458325237
0.40208040307226584
0.34327524515453006
0.3409817114586754
0.3153006597861343
0.32058206396300937
0.3930449766603288
0.22412808011968924
0.40708992197474886
0.3716675961001698
0.30518246951842437
