0.286805182236381
0.28940334016433944
0.3186364451245008
0.2920453744467012
0.2620033192131114
0.35649531251053657
0.32335917359873645
0.2212760241989935
0.31748458900440935
0.34318212743770743
0.2238093302667707
0.243959347597736
0.2918349052522327
0.26988715808428243
0.248573560363832
0.25680675895708716
0.2608676159855067
0.2829580455392974
0.3154314300728972
0.24963838707238795
0.2537496271196396
0.2240606631877026
0.2658368061359801
0.2951911640170536
0.2543314370214271
0.2410804271790472
0.25834289668298405
0.2098416539342473
0.23128705990071396
0.24573048048372592
0.2062651209045392
0.2202766300071747
0.23947098034226444
0.31196929213579117
0.27388600071982483
0.25112690317426944
0.2278191078486627
0.2069799377933177
0.18907483090677155
0.30439764017313575
0.2327208944218732
0.20196140948941727
0.181427600810298
0.24706014304475174
0.256102820728835
0.2068852603464195
0.23592586023814058
0.3054476039052533
0.22688801529692942
0.22777925997532575
0.23068757117214972
0.2604719082299528
0.35173136367296315
0.28188631023115085
0.2831430211647725
0.2916441740379146
0.33601739202392616
0.21637445293371582
0.25897719558451204
0.34365472183981915
0.24539303684788993
0.34060390532670987
0.2655678376255112
0.37031529973647653
0.387458192956676
0.38856365040780505
0.3396740084132365
0.33513337543854066
0.3504755994057736
0.34123199438618995
0.35883579499621265
0.29120709631823116
0.35576263741821706
0.36664008260501213
0.3357345104836117
0.42659900135215145
0.41091610725025135
0.4497764003238143
0.37413546146193544
0.45016472854713707
0.39922822256847434
0.4581390149939326
0.44954684369767905
0.4600580332735526
0.48320742655099735
0.4025635043894177
0.48314070070992304
0.5093343563158114
0.5264844542189547
0.48279197831603266
0.47066377917480606
0.5060412910971306
0.6382309635091211
0.5414964290791073
0.5242417712949385
0.5500772064364305
0.5430776116622364
0.6027014255328745
0.5595549550169948
0.6725251716261517
0.6049415777743302
0.6255768066659746
0.5825690878266323
0.6137610573125798
0.5915376854477361
0.5731851833875088
0.6530144460886993
0.5811159255761696
0.6393560449987683
0.5904348316498089
0.6149725659990157
0.5025605070644792
0.5474954606194243
0.5408571051625292
0.5566581833560957
0.5312202901768708
0.4854688156973727
0.4601527011413768
0.4248852992991464
0.48535355664471
0.4478591197268285
0.5041183027997969
0.5025792990489233
0.5142582651802086
0.5646911471007824
0.5035013194509966
0.41652668786019725
0.4399730325570659
0.4374336622884887
0.47994526205561455
0.39132070093751703
0.38732999143239716
0.47362913386615024
0.42558384054123954
0.4563195570823564
0.43012528007495116
0.4691681349384428
0.45171875157401065
0.4855134629709752
0.42883927905753644
0.4510792083294383
0.4634290789513333
0.4841919789311086
0.4514185373611742
0.4538222644521762
0.4452828396510507
0.5124579403734694
0.4692033099616346
0.4777810426517909
0.32425443122953174
0.37856582916706494
0.388833310772966
0.33378212577175687
0.38417388521849916
0.3812775785367155
0.3040990639293806
0.3088921822161237
0.4145756878673968
0.39042381383599656
0.4407614092275079
0.37079109062588644
0.41526939366722604
0.41077496239760186
0.439940315745328
0.4631476551600471
0.4093469940040626
0.41129829067844537
0.4655121491356838
0.5241492888969963
0.49313301907529744
0.5064628162619543
0.43145729363041335
0.46028409497288886
0.43250953399224557
0.4308166977704319
0.5138087454142524
0.41589635914321377
0.5058105930975397
0.4837380599449189
0.4470058040963511
0.38143297569834567
0.38675684167047397
0.4169577689742594
0.38331631893794627
0.4076546508405825
0.36743263714642255
0.33815934115680674
0.30815396501450837
0.3141576863048945
0.3134231556761885
0.33352378542907857
0.3413194522589459
0.26179576626245177
0.35843308440484256
0.26793895595905504
0.3151819868185801
0.3389919015368783
0.28678920270625446
0.26826924761682364
0.30708106820870557
0.35157105141410266
0.28468787715560273
0.24929927067736107
0.2202263436262467
0.30447190323850637
0.38128548855197164
0.36428980297154345
0.36561145066488393
0.3127682528526843
0.3401991056370603
0.36109126615128073
0.3285238606666811
0.2685468141432087
0.3393994928749448
0.3528700395695533
0.3190816945509949
0.3307838824629281
0.28118998085096586
0.34611012324904206
0.30743486740027137
0.24307486095959405
0.3411973511066574
0.32011779829587217
0.2387414255428268
0.32454476831572204
0.2889021388316761
0.2084763775210401
0.29240106731836674
0.30021099394373196
0.34118193732690355
0.34561423426040205
0.26832265562487984
0.2834313244699529
0.30695873584531586
0.37921341156806826
0.35134570138922233
0.4499172546355382
0.4995117196068457
0.46435781979198576
0.49816515809903944
0.54667834182074
0.5736538774810188
0.6163628044002483
0.56487086201362
0.6177247175402095
0.6342835843735599
0.5749827768664392
0.7254040359387007
0.7720242482116428
0.7444555248498811
0.8164695940991489
0.8067453709608634
0.8214696578477956
0.8687265012991187
0.9227192453139252
0.8845233302662139
0.9429769503492036
0.9077026698168333
0.9510212660047651
0.9422510216581312
0.8682462167857975
0.867629895664986
0.8997744799730342
0.929354365235789
0.9055238422369947
0.8421017832869159
0.9535868570981008
0.8452691732568737
0.783989585881214
0.8421056016778291
0.746129113671874
0.737918972930023
0.6902116922581402
0.6800566231305947
0.6835580383808147
0.6416107726738147
0.6131950764105876
0.6799177515420489
0.542313521031913
0.4742546888752664
0.5119320893376854
0.5154883148686071
0.6139876225041926
0.5409296264488413
0.5006237954191253
0.5349832953883908
0.553383729005847
0.5391606128395612
0.4864302224330417
0.5624653124192763
0.49419975259286153
0.5700499957652615
0.5201632405356207
0.5366596019449908
0.516494697596677
0.44661215292651046
0.5407629611501303
0.5539761368401439
0.5297749758182685
0.5193988992755741
0.5895267780729
0.5443383137016196
0.6758168037352864
0.5777372317838806
0.6049635864638864
0.5398182463852581
0.5454362223037392
0.6242537285717629
0.6136984589482629
0.5722674632545609
0.6819184906679553
0.7230598638292307
0.6423506321607211
0.6811123788855755
0.5685536387751052
0.6777245794761214
0.6043727726118019
0.6374425323999686
0.6529416165093728
0.6639553601226826
0.688299854044497
0.6920471497324818
0.6476399444659788
0.6139845592387394
0.705502663376937
0.6763153425985058
0.6372117821940467
0.6627360085549061
0.6017730125452733
0.6505676004627701
0.6983972406423554
0.6046065582962503
0.6446776182703666
0.6156433708764301
0.6887201173699201
0.6494296616628189
0.647737189052146
0.6384062965225484
0.725549489512393
0.6891283649678552
0.708099263689111
0.7798815580847217
0.8907263067687444
0.8731852102138402
0.7903236345869935
0.8245090336527536
0.7484655317002276
0.7926882510197674
0.7845911035686506
0.8267361956051457
0.8290523888575891
0.7867035620429007
0.7816403066770808
0.7629586273039503
0.8206645257439178
0.7643348779998502
0.7816643212195115
0.7866973455246596
0.7832469462886764
0.7589887630771113
0.7201530431716155
0.796226066539814
0.7580875321947196
0.7481121047176831
0.7894539874613916
0.753966104190241
0.6874180032283692
0.7998996590207732
0.7214210377943695
0.7191243720905814
0.7602902063733173
0.6570460269802831
0.6581108459748296
0.6470215668283107
0.63097197546659
0.6950005225702551
0.6921154912769214
0.6479047325422913
0.645033839337659
0.5419121807516459
0.5984966045055593
0.525045612800269
0.5561160691142069
0.5256459884404497
0.5812167388760053
0.5178168216835665
0.5201436384930964
0.47707378471891715
0.6120253656925457
0.5632025485922317
0.4811823291904401
0.5939812181365336
0.5372474690388194
0.48791714361329797
0.5672959645267974
0.570156176294076
0.6184673503337863
0.4840027957573803
0.5562817371807222
0.5477196744970791
0.5360378340135745
0.5374150295700217
0.6161645137121904
0.648133479534502
0.5929011239526363
0.624586114198769
0.6295636708980378
0.5990104110442952
0.5753333714647335
0.6867442497589168
0.6158072046475632
0.636197161168754
0.5861046598462798
0.6361196237330453
0.5824213073607895
0.5605764583514415
0.6589335888154179
0.55112771210362
0.5396471627364099
0.5048312207370029
0.5827674031689565
0.4973954857543851
0.4641109822370198
0.5050578074781141
0.4563235501712048
0.4676769318020998
0.5300210209766456
0.44428070934080616
0.47467284090139655
0.46370006922944207
0.3691486781493199
0.3024452138990542
0.2715734819054125
0.3743710763581736
0.21579771174458384
0.3172155961180424
0.312323920050311
0.33937456594247134
0.300357036277435
0.29017974793572554
0.2253482296872845
0.2762553084521754
0.23714227577285754
0.25780232031486683
0.218617427248117
0.25427678892587013
0.17658838904591526
0.15635173473629022
0.2540168318913929
0.17008305421919115
0.0782156879283769
0.20565410211279214
0.13088187507509744
0.045076806630287486
0.07891729537773003
0.08275528921263448
0.10766016667070288
0.23635673309790636
0.18282442193676207
0.18779293103435474
0.14693680590651426
0.24398433226073835
0.14380120081306405
0.2568624370509627
0.3062838057758908
0.29861909787798674
0.24845534361889596
0.22761916642198465
0.24258455480097027
0.2630390598616335
0.2668409059955095
0.23684861961011025
0.2813642566614234
0.22606248392104666
0.27489749915074335
0.3106192994073781
0.3662500241534414
0.3458318362885131
0.24737568116940173
0.3121303298660828
0.2861847474082181
0.480152112201867
0.3618336947529663
0.39464456556574123
0.27033706308113364
0.37688595101222977
0.3426308870031254
0.39039706773851457
0.3397608650597466
0.34931029460521906
0.2596366571768703
0.4468723335811306
0.4511527272490091
0.4344877987052483
0.2991610288240725
0.5179629201016525
0.5074256585847493
0.5781511945689287
0.4788800995364905
0.5807850806010207
0.5119702925879812
0.5431197964153053
0.4992289070837189
0.4821571805631998
0.5310151961267853
0.4677754775920962
0.5166387799607232
0.5053954860453046
0.49274351991850085
0.5274261132695948
0.5304425403960206
0.5824789979225417
0.5641165774821424
0.5489417671394841
0.6059280048697832
0.6609173371546277
0.5764925421259421
0.4942559268589627
0.6147907112130938
0.5618662255112958
0.6238136466258402
0.5456452608486668
0.6052164257593352
0.5275818961776031
0.5087444651637684
0.5501051270713664
0.5528627592272601
0.584690332220941
0.4850268221703993
0.508829625669271
0.5710530084644744
0.53867527402673
0.5012385933215053
0.44916295897964603
0.46418578885947304
0.43591306923284895
0.45985345231397473
0.5379012360731039
0.5041369774222324
0.38979238448664383
0.4752786625838272
0.5324922832588546
0.48594801384433717
0.47606168385889547
0.42432104368098267
0.5171867489942019
0.33930790541797023
0.3725844556165913
0.36455400900852836
0.38660127963677826
0.42868335268773883
0.35091518642716496
0.41779178348120133
0.37219741939826806
0.3722490464458239
0.4139233741865593
0.30500243922866827
0.3923344338835033
0.38294141687263644
0.3001418935194545
0.3148110128081608
0.4331731716131587
0.2583812209289738
0.3622114696904197
0.39091104904505386
0.3570736888235849
0.2744245424985246
0.2997863017233351
0.32931135738334016
0.2635775757186831
0.23339098509447026
0.2396658808726892
0.16347410823090264
0.2141952076500628
0.24732361076623005
0.2516597028375231
0.23696187392760715
0.2595237483945424
0.29693736885371663
0.27195090942709216
0.34849099406879347
0.4561350423575741
0.46824090793664763
0.4487256445542045
0.47438876143795183
0.4774784735116403
0.43534727640228243
0.38038436665448694
0.3948407340449961
0.3148267757813147
0.2408845522722005
0.2585723037555807
0.2563027892637819
0.2737726962565443
0.3200012864805848
0.2794047464329657
0.26540331592782607
0.29677585113049687
0.26081200211777467
0.2656044322281225
0.29747810687192955
0.28977898605458885
0.24128731779956972
0.2967727035063519
0.22024131151988272
0.1539016951793799
0.30469300115306314
0.2879402805645216
0.28317655164880895
0.24147762875953804
0.2653445562119125
0.17375928964657222
0.23526196977651806
0.2893893808671314
0.16939694139858252
0.20580006838238135
0.32595453979134936
0.20576683748185695
0.23855580509707358
0.34270738630311615
0.3100309752519591
0.2588851255737719
0.1862574980388009
0.3293871425480256
0.23665973061900955
0.21795500398763523
0.2600016457146335
0.3445906642421285
0.2900597688783693
0.27944465274932745
0.31304139892742733
0.29866205116821587
0.3299273508154203
0.26724566662921173
0.3803571198048465
0.37026060411891315
0.4052322264449406
0.3245520246256443
0.37182753162952814
0.3015589564635762
0.26510578717444416
0.3879868136668356
0.3613797414672865
0.3352840437531672
0.35779141947847687
0.3375739110028904
0.4525331361498808
0.3955013401228616
0.3508101948552063
0.33985940623215977
0.442163707307217
0.31759362803200974
0.43166190530129606
0.3592082374009411
0.3873793213895447
0.3034020209857494
0.3188877706663255
0.32426500959995547
0.28922996105046406
0.350696107991318
0.29536366763437444
0.30856888145162065
0.2399624621717512
0.24596839681591276
0.3383715174544685
0.34506586048271376
0.28175014854944663
0.24831288581773214
0.28640182612233167
0.30944898585402697
0.2725570736675026
0.30215499305191607
0.30744939411797984
0.31237385497618225
0.3127454855875426
0.3031708257276506
0.3995246707813498
0.3502455200554703
0.41680282802048213
0.3883138191208191
0.4273847677876854
0.3477059164935217
0.44488113421018904
0.44418930022732983
0.3711712731974061
0.4099342821366583
0.47006691502706505
0.5237405766375381
0.49114064484389863
0.4671903080879826
0.453085021087415
0.4611890457971258
0.5054018685658414
0.42070514544426063
0.4218265324590498
0.38367849754595884
0.3901131560839648
0.40853911236051477
0.5195744814280505
0.40432762045725235
0.4907994670808824
0.40194674606737635
0.3979502563093944
0.35067944005392226
0.36549093237745156
0.43370122625165564
0.37343506387794256
0.4128613544229713
0.36059392233769505
0.4217441711135974
0.24802938883329484
0.27581388000531126
0.35812034659291464
0.28408791203625433
0.3516892964495173
0.35091388661276746
0.325430861825441
0.34215849624888295
0.2805817151587141
0.24160990396399284
0.2637905574192633
0.28975671599091146
0.2601333547366592
0.2601417472695385
0.37446153882444533
0.32151858052217
0.3015630875266885
0.28789596518638305
0.31660215442604767
0.22729831465493833
0.2925595377500239
0.33881404878256227
0.4007375592528484
0.4097757849224073
0.2855818646018349
0.46012337179299545
0.4215237339257816
0.37742455376043044
0.5049061884908503
0.4081412332188533
0.33618897359464833
0.30865820361911117
0.2961896447322876
0.34319747485673513
0.3451046939948845
0.3061545120821383
0.3289026222009061
0.37263249347404953
0.4260704902138285
0.3492537912749111
0.3497366794833793
0.35174487796539694
0.3387307460505615
0.28671039338996374
0.4107854103670538
0.27315069085375576
0.3205578504850583
0.2532372378569666
0.4495688517168577
0.24790014688102535
0.2861434406200976
0.2407685366131945
0.23129169638101565
0.20901640390193876
0.21628347155357608
0.26777476355197966
0.3272788073380456
0.31372036415549964
0.2738356523623592
0.3415993437830479
0.3696460435476573
0.38893128555429923
0.2984790095768975
0.39521416239636753
0.3339849283750024
0.3251955555356896
0.42633741979096407
0.43882985275168773
0.37178067085861627
0.3561853098732841
0.42456344758111614
0.4381358615519891
0.4427847309452411
0.32786674313946906
0.43481126176255236
0.33960250006781745
0.370813671803832
0.27924075093171274
0.3071240332223592
0.3869386016711576
0.3368963185968785
0.36666598530292766
0.19364042686859873
0.3555800979074106
0.20640089344579446
0.3422733461531256
0.26054980358791396
0.28472890509042076
0.3435809078780115
0.269400321810522
0.2921114976941988
0.33026894161111564
0.20301091566740023
0.3919043744046181
0.29567620817410534
0.39550598364443457
0.2883745176683361
0.3168460732486973
0.3078973747738883
0.503704754746017
0.3749646909033867
0.3929208852808383
0.43960902341465524
0.33116435991169535
0.4156587376358779
0.4703424679968432
0.41565485632604765
0.4154713494830244
0.4119548821647565
0.4502396766095913
0.3301341493390501
0.379118103690904
0.43203864108798534
0.37460834971737966
0.2827009244331461
0.3566955644502745
0.3630478335820679
0.38875244118310304
0.3327510047994534
0.3562176643561733
0.4235783036414944
0.3174873326557024
0.3876101832349892
0.36551460587113144
0.30924504557455984
0.3503392662683472
0.36316425860540874
0.3552690810332788
0.34413477912176577
0.22717411361635856
0.3229375586995397
0.417018202167841
0.27999059350095684
0.37429510283602274
0.34823892738633616
0.34009069912777806
0.3723016435749176
0.4119778715363172
0.3337136057627787
0.3858687782994453
0.33868603976313344
0.43086808766212814
0.35985986694813
0.3322991550380666
0.3370317291341909
0.32893051333315076
0.33502537629252754
0.4121665211426762
0.490730745496939
0.3841571378900081
0.37185480643059676
0.3710270073024359
0.3923488433946994
0.42059708992564937
0.3503240716829074
0.4276917038591526
0.41593275785383543
0.35914678512714954
0.45844016002783455
0.4318123502774633
0.48638035885154857
0.4415666088566779
0.47431043965859543
0.4440856445634802
0.44562084918264505
0.45104782380391545
0.41215776361973944
0.49371571875305564
0.5441377977923499
0.48251302542689056
0.5064362764518726
0.4892844915753364
0.4746066819498308
0.3968176129711324
0.4403932726306082
0.41031490339643206
0.5170417019164405
0.4183488528281657
0.46330754883135716
0.4302918775332449
0.4793616510381861
0.446129631320717
0.48610124253041753
0.5462397252410651
0.5029064849581077
0.5093873683863471
0.5258173539005665
0.5443925950005565
0.5463619028051812
0.5060384253230936
0.5370657992724168
0.5220521964899514
0.5427852035229435
0.47388718582645756
0.566272163648424
0.6309784685920196
0.5638959688499466
0.651446304520716
0.5109552663142644
0.5641342521398777
0.4790325495526691
0.5654661208318061
0.4775368949530258
0.4686569521783706
0.4899345210055672
0.5180895812126842
0.42149326160895106
0.4889764186817741
0.4345274961089446
0.4700783550608637
0.46875423121567156
0.47189736926288073
0.537900322513766
0.49334398309628047
0.448581969697845
0.5054701620595358
0.5076855046799011
0.4525998643684412
0.5433364101540672
0.61052419803003
0.5363337780798937
0.5100238162938381
0.5719929847649295
0.5698449822063759
0.5556668140498666
0.5529680076757812
0.5607891267718281
0.5398222325484376
0.506904835960723
0.4534324119172037
0.5151780567934258
0.47590425723907387
0.5025666628777936
0.48758134467654907
0.45824121516532795
0.37033391606411514
0.5947548381927087
0.36713945431080375
0.4163734751358805
0.4355306423673747
0.37245786232702544
0.3721770741582291
0.4160341961682938
0.4023957224829012
0.27856798391266835
0.3144004526079229
0.3442897115865619
0.3038829919630745
0.33613015170743477
0.4097012554471443
0.35483151878612196
0.4311191066925342
0.3826203436472917
0.37347366521893866
0.4398971720441641
0.4182833932342591
0.4152085248113984
0.5160854917944775
0.39846236780690897
0.4291373271893157
0.3785951369806167
0.4195436858586876
0.49232049883105244
0.42741326922738077
0.5255838918050545
0.4245455330411336
0.47485730498023204
0.5009088599338165
0.5601180069863706
0.47391526498449793
0.5029556278588065
0.41065789813486797
0.3828576484680235
0.4309156633528781
0.4089436340498934
0.4389362293681843
0.41881650733341186
0.4522570976378679
0.38175118043309175
0.33797627186349644
0.35636775434254364
0.3614964442837948
0.3002399035362372
0.39993892729237995
0.3594751874365199
0.2848486448659219
0.30365591618480553
0.2781194189143926
0.2768281267425984
0.35241593197006743
