0.2993412590710372
0.2760636353900502
0.30219436770701374
0.30627203149681287
0.23939281602467122
0.27046244579592865
0.30197032601632307
0.26945317446414996
0.2706225951036168
0.27062728870486774
0.3190335330865462
0.2340293285946117
0.17195287549360502
0.28983345052859
0.2596007523026699
0.23834372805262205
0.21784650070970618
0.20552484106877913
0.23044667105017747
0.2954765323290591
0.1888887242008169
0.2298729062444688
0.21660377255071833
0.25579634001333534
0.25406112093780053
0.26904291886330434
0.25285024510885
0.33241021121268993
0.253925966924762
0.2782199428674906
0.3119474922020133
0.23591166520465445
0.20055129138773728
0.20043903154549414
0.2414833832495903
0.25670422089802075
0.21709359394690034
0.22935938925108443
0.1159700763421887
0.23650676594884357
0.26180804627782583
0.23261470537562373
0.15015385422656163
0.1925189283457254
0.1368518119906771
0.23383047055516237
0.18972634548930029
0.254895386474327
0.2382534493771171
0.23603078688756984
0.26186798026810776
0.27921748719284745
0.24779511975621807
0.2624183578597079
0.21374451948720558
0.21111662598183645
0.3050702159526015
0.38092949373428653
0.4075661662198711
0.3080373290659309
0.31179434862950617
0.25898384380442757
0.4364397307513543
0.2995172712565628
0.2785658182169424
0.3671521871571928
0.29873756246493627
0.2558061648663651
0.24086817497718002
0.35498231098203475
0.3221563685203953
0.3652611616950621
0.38624333391526566
0.31178780145576146
0.3930757626555498
0.42273285169139385
0.4458291823903981
0.36715800334683313
0.4070186699507917
0.3441410863638313
0.4239824047801322
0.4220789334198946
0.46603226411651727
0.4213432313182168
0.45179115131992476
0.5191504538963498
0.4195353785719046
0.47733242899638995
0.5128016317352142
0.5471327519463606
0.5402020071905749
0.6078927896457715
0.5530234176880611
0.54026185621709
0.537056050523036
0.5030056209736369
0.5482441075871941
0.6023006276498932
0.5245103334554315
0.5956722559500682
0.5167425799529244
0.6137223136866179
0.6589835469856996
0.6686817826167122
0.6846947067832024
0.6009147075570116
0.6297946343379939
0.596916433087155
0.5453108750564086
0.5440673041244448
0.5775577527475495
0.4754150175057835
0.5719183291943377
0.4487767700485962
0.526485303805638
0.4685497603290422
0.5634210178592729
0.4867964555883486
0.4763715550644707
0.4729028554230933
0.5001013621962448
0.44916136247305033
0.551203353868919
0.45236406981470073
0.4454879582923271
0.5204291203029539
0.5019937423789705
0.46328572929826795
0.5313801809990147
0.38148620131133254
0.4554595681961833
0.42552995785189907
0.440805876734113
0.4060116061984008
0.45901053446681933
0.40830065247895675
0.4635653516026941
0.4731263127172599
0.4567407838326234
0.4694225496994867
0.45790540589385464
0.5120812538442606
0.44831589853780096
0.483770886083322
0.4810080925057189
0.40853715754631675
0.44823866679060426
0.39995444885992587
0.44128835158955093
0.39332132806045417
0.42017406292978415
0.4078534207418459
0.4452708094390341
0.3936082562983299
0.37593355221949937
0.40199837345871753
0.27828912993475063
0.3419024425541042
0.4067831885674488
0.4474504001040941
0.347833635009271
0.4325775545593455
0.481907309884872
0.504570082732689
0.42311764952855957
0.47649569536540815
0.44484712058612774
0.5191934479913998
0.45209576311041483
0.49749878314090534
0.3912645869757895
0.51977275645847
0.544038340404063
0.3876918919478656
0.4705007269629789
0.41352605335229237
0.5310821950093972
0.3822707684040166
0.3495231211888054
0.3744077970271902
0.3871719800712917
0.36302104910523936
0.4157658839616833
0.4680084458208633
0.3860045467073997
0.35030281709593286
0.30618148779138527
0.3551640055485088
0.3840680551217671
0.30963475740016855
0.24599342136484306
0.3470590603209107
0.35771053655738205
0.29014359811244833
0.2732842906700126
0.35616544305201087
0.2725174635260291
0.30103543837657465
0.2889431089323728
0.23374463154010375
0.28781798446164253
0.3300023960943957
0.33740455520800083
0.34658144487544207
0.3722106591528633
0.30076881531724886
0.19211662274487007
0.32501969313843865
0.27780211075871364
0.43722299085945643
0.3406064801859664
0.25207808932678555
0.34907821441731834
0.36462895739536005
0.27564170717226677
0.29196167476162604
0.3969292029459266
0.3554199155692501
0.2985840205290625
0.28928751233340955
0.28269322045061707
0.33856275788437223
0.3142790839435838
0.29376585553129664
0.3798178506212675
0.2630640463158034
0.36297664516083583
0.27174507804080394
0.2711872763902437
0.3390593688307374
0.3232466702559854
0.3251256129622243
0.4175514613627957
0.34388269037403235
0.4117568616545334
0.4305595203054504
0.4202206403941415
0.5084571539420365
0.5600851938396062
0.5813294406269157
0.5606335657793786
0.7048672505038064
0.5086584797855119
0.6324300472159334
0.6474814550737343
0.6994448726750891
0.7661994840571299
0.7484388361974774
0.7701556072049126
0.9695649347680251
0.8176865046958744
0.9939639804744287
0.874932046280297
0.9320964617248554
0.995923641769039
0.9435154557461467
0.9252595369808438
0.9386382485344159
1.0621638125925734
0.9204852491943716
0.9948616197664648
0.9525557911617648
0.896045346952446
0.9476850803250566
0.9798291922544327
0.9501859330914402
0.8648958061446418
0.7790369449969656
0.8651259853453713
0.748456326376994
0.8379618669835676
0.7893325493080408
0.735601042320072
0.7392615063448527
0.6985470897525707
0.7093389447720888
0.5845765960582208
0.5780271450838906
0.5730931520825076
0.5253552479512815
0.5545784249178229
0.44867538240018495
0.5654734937522826
0.5930252736895999
0.572140556969333
0.6487498519008673
0.5865574309677446
0.5968897545171826
0.5324328620037456
0.5570585098782102
0.582182027208334
0.7111321401861175
0.6585377108405048
0.5741295632387666
0.5372482835536925
0.5900250945686593
0.5863715277113126
0.6148530591785096
0.5983337889816759
0.6560662281314735
0.5755279617578349
0.7261049190678406
0.6258717951782012
0.6558228890518473
0.6583712560490413
0.6584084824825439
0.521262049574346
0.6442000052245589
0.7099328219641086
0.7309199353369232
0.6579715865427807
0.8269509171289451
0.6156541819548861
0.7005384418985366
0.7123087806335502
0.6598111500480557
0.680178544359242
0.6736891478241384
0.7397625393674914
0.7020600003876967
0.7760560886643216
0.6970789863572322
0.7303097798475798
0.7587714575689443
0.7563514727243892
0.7492030142567564
0.7302583743924213
0.7270090402134353
0.7276435334127246
0.6980785185390226
0.7203817974914439
0.7587768445041034
0.7769713688950755
0.79374736722554
0.8033220893548146
0.7158814745525623
0.7527842124732481
0.7801094013316224
0.7492122649574949
0.8465663546451098
0.8096733112539135
0.9084943647979683
0.8562664189245031
0.8351349629897777
0.831220364892923
0.8627586083332092
0.8897194708169341
0.9096542472117058
0.9774668858735369
0.9057397666066976
0.9125498435396723
0.8604973821681268
0.8718403000867438
0.8010695768603225
0.8678484330149385
0.876722446180457
0.7578493047252322
0.9228387671851429
0.7138480035597969
0.7411546379473433
0.7581304357833843
0.7951683104497675
0.7936559192289336
0.9249721350264035
0.7891768712911883
0.7577047733842872
0.8431131573268155
0.8550978819821384
0.7162087973321779
0.7600377825791782
0.8210966184140942
0.7624872861280735
0.6867852497704777
0.658934431169403
0.7071249651148226
0.5805620673174631
0.5833832810095054
0.5667218660083589
0.6605586117898458
0.564913115993976
0.5883933788924646
0.5668091569058092
0.5624661331072364
0.5132529577859504
0.46961680015755836
0.5982320286332858
0.494689155993122
0.5576776744839335
0.5842381065366744
0.5084742750123362
0.5073739121198901
0.5431855589709981
0.4394821210228013
0.5801258694640872
0.47691736964238696
0.6238598890878024
0.594816988442335
0.5579377956236774
0.5145329847217351
0.6509201116539011
0.538125313719732
0.589651703896066
0.4864204573888412
0.5897592538202131
0.564916709396295
0.5683166353832964
0.5021218467756037
0.5811136936493724
0.5583744283288989
0.49214289540031453
0.6127459825801677
0.4930498411027065
0.48896414953067446
0.5470964118502265
0.49637526590583103
0.5020081162522733
0.5278759293809685
0.5080871111270043
0.5014119644709091
0.5484516219506516
0.5375344720417801
0.4755874725662479
0.47969256877482924
0.500160147987555
0.3604106918256296
0.43917711889535394
0.3162306619575653
0.3912282821008068
0.342094611954345
0.3782442993233267
0.28646627846973316
0.32621138764455637
0.3192771745822649
0.2838919937216792
0.27422451629438443
0.2900724468983454
0.1972848624355031
0.303808716820956
0.320909916793964
0.2943074972740703
0.22865908018204933
0.24336289921042997
0.17011348231190349
0.21042743121904528
0.2421480784541165
0.17635388724784312
0.19716976663051278
0.19816814533279903
0.1287669668457494
0.07093188391448593
0.11093335881999913
0.06817624318769733
0.08701606311034671
0.10622084312434255
0.06605853332905468
0.18020119647043087
0.1554590801165707
0.15496493839997533
0.023618968421270193
0.15217578561900114
0.12955513167078903
0.08577739267089451
0.18018684757404657
0.15046551790408613
0.10798005836498567
0.23652698933194624
0.18367494076285518
0.1304608699794407
0.20976160392117132
0.25928025344950384
0.2878372841740125
0.2020997361830156
0.2738959971573416
0.261174233950388
0.34336582784652125
0.31274962223995084
0.20127727546155644
0.2930865099119844
0.27235963934238083
0.41293521827500596
0.33393498612695877
0.24171191809252085
0.4111973307352128
0.25437221495148643
0.3162503062246763
0.2946729267519445
0.31653757864765597
0.4074220809255008
0.37938310591761126
0.303195093869992
0.39248258133209385
0.3356125544616293
0.4722259146638606
0.4457718618412267
0.4373407637887784
0.5743994979840062
0.5125361387098285
0.447533119274982
0.5046229271329349
0.5049827188503596
0.4581341044332905
0.5168624628245897
0.457689255219607
0.4442766846280633
0.3862056537256113
0.4681563326761411
0.552838643937516
0.43045903346306663
0.5146198835396526
0.4825780542033241
0.6628763195859124
0.5697406212503104
0.47153616887751026
0.509893058234773
0.5370124005858581
0.612741125546438
0.6665206212210563
0.5694581492009474
0.5781972059509509
0.6447042535633943
0.6197281222300473
0.5044835957963012
0.5876767852950774
0.6412609427219433
0.49053202753018255
0.5228744553995485
0.509293754503601
0.49953097043623684
0.4937498173925879
0.5302848058334759
0.4536551696573551
0.46627542339401434
0.40444720226117886
0.4513771908447206
0.4230330801119132
0.45562910222452296
0.29139507727539077
0.36737560458333945
0.3089333479209802
0.3236800947737287
0.3609498358237583
0.35603683742723946
0.3335393720960075
0.4008881278914116
0.35789805993396917
0.34155758471044645
0.3058651309350524
0.3124441122836997
0.2372740732516409
0.4044161627634986
0.34709896403716095
0.33242188541378753
0.22666672436528432
0.22947472455462314
0.3625055263544166
0.42561089077708175
0.2618248065293446
0.3228629706111492
0.25691017354401186
0.24772770198415425
0.2553979282770943
0.341155125551708
0.26284283242943735
0.3026924941661866
0.22848079071410765
0.16329559275198977
0.17975930736481188
0.10897776902711412
0.24670349593372337
0.26623275489659415
0.13901255786123606
0.19269553575286663
0.17600985211113812
0.14254296253066728
0.2482508773353808
0.20229024005052243
0.18134177785166533
0.30801227795605357
0.23426606479087614
0.26862289068670014
0.3718716677695147
0.4436076641394232
0.4642780715071008
0.542958748221906
0.4839882720853266
0.40342036761450933
0.2852917791197852
0.274405038741075
0.2064901096182031
0.1581183946908935
0.2296858702610251
0.22792686302055443
0.21934276581816095
0.1717443462646197
0.10528775340027607
0.15083738810017125
0.14731274523089638
0.3175576550576995
0.17405240526060792
0.2280601505766001
0.11400663819956275
0.18897713520480647
0.10380771124916521
0.18986760971202496
0.24291518916269147
0.11893836891524182
0.1440076711773168
0.18357112750187204
0.18115319287683845
0.10122220552811231
0.2927947887460427
0.12328452443918328
0.16365035280847728
0.22320696725277284
0.24698705593118297
0.1759894683582655
0.13704086893949266
0.060855442662994044
0.2075971788396413
0.22535584887587207
0.18251851936848867
0.2781680220323668
0.13289727770229756
0.24497392613019883
0.2301278665614524
0.21571582683767557
0.296750919497792
0.3072325973624701
0.34326558908355104
0.33666105925167683
0.28635646842490053
0.2544290654804662
0.22248591139426055
0.3305894796174167
0.34398087284486883
0.29811707070299726
0.2721799579788958
0.30903790858852354
0.2988985490010413
0.42857307398533395
0.3808944843323249
0.3779607595503062
0.2930703554959515
0.4074758055376975
0.3070033627433819
0.3926317285976575
0.38984830947160176
0.42414052472640196
0.38622095929605604
0.4413467417633713
0.35306565001350254
0.3192499364342707
0.4078705562808044
0.4075206034098203
0.43097907545195957
0.29425353155276274
0.4215964647426797
0.4175654406747152
0.4262234641694198
0.41730423966608915
0.3788370677619518
0.39138106295354125
0.40199336571859234
0.2704020256798312
0.3897644097320783
0.3846708527700271
0.3829507732449975
0.2604769450818766
0.398415087530924
0.23967629185044392
0.21865199946330777
0.3200362631059713
0.2861711583834818
0.33166678147424256
0.2632019042782784
0.3636463231285688
0.3133474164253168
0.265227664690394
0.3253773415933604
0.3333420359852127
0.39933179091797316
0.38978421980790756
0.4951586206727574
0.34348702710211615
0.4127797340536937
0.39982425189390114
0.4896380679771706
0.3897031581433442
0.5524872590917475
0.4870692822171739
0.45155620585781814
0.44318849885462347
0.4985543137849624
0.4684572290312077
0.38484207377006246
0.42820698628909226
0.3508236800492027
0.33211394224099766
0.2617367403441227
0.3805330533792178
0.3599143763778592
0.3126581328967755
0.3949337080110477
0.3131857619018593
0.3246273057504264
0.3020933661183286
0.49546326779000943
0.3061678511860205
0.4701289233544077
0.33886116584133613
0.32941358119040126
0.35048433761605813
0.24920926128503773
0.3590858394533428
0.3294892742432531
0.3012040102919056
0.36837530642863686
0.3503711485057178
0.38601537845235334
0.2854572361018406
0.22911701249568825
0.3834611162687538
0.2886354878192559
0.21264821732419864
0.20172688465278357
0.3057180962520983
0.364076255154968
0.20752665099239184
0.2767759194393101
0.23927342012370667
0.19362137699567622
0.3385389479108374
0.3444214595071638
0.3095367049360405
0.41611821016796824
0.38452844557605786
0.33849782249060395
0.4616787322696288
0.3688678855828807
0.4186297060058817
0.38598101195521517
0.3639117629261876
0.26460002277071193
0.27120808945040287
0.34346432007339006
0.3804526213653415
0.21298291442015876
0.28871808073261346
0.2961724322591254
0.33112864547694965
0.31243827581681477
0.3228764585167207
0.31381382922123396
0.12713711778496367
0.3480004653522009
0.21852956493276143
0.2872575390069102
0.3000677958581859
0.2828471934363531
0.25621774223728333
0.20648929229739343
0.2967586726395332
0.16824764374854162
0.22637656227654268
0.2854961955532816
0.2970247719756526
0.19394094811209955
0.3440233105830218
0.2692697377972216
0.40114034201469934
0.27914734693667836
0.45789324535572024
0.4866086814392765
0.384486028379176
0.42298616670008277
0.4379849616561794
0.3132940323546565
0.4843973832363784
0.4015632303388893
0.398562495864353
0.29563914780380834
0.3778663693994455
0.4463249535736909
0.4442119396502945
0.4255999552696659
0.3336540317554217
0.3602628735116628
0.15783165396472432
0.366710433233204
0.4099498939782619
0.3596007907977513
0.31380614895084025
0.2818644881464007
0.21873000597022274
0.29623389992724636
0.21513122421440106
0.27090364758744645
0.24461329322395794
0.20306492367626675
0.20661045501170394
0.3915432789560121
0.20296402938800062
0.19923164699336543
0.3510979890290919
0.25330762275536245
0.1492473957588971
0.26638872360675697
0.4136691339197572
0.398742022877875
0.4839578826739938
0.4396646771081415
0.32971359205298456
0.43403626552445507
0.44316739758300416
0.30502227991286046
0.3733884116276204
0.37055329276233373
0.35829503964262027
0.46900819450448333
0.444465196784348
0.38652046090409165
0.5293175947345868
0.4699658982687579
0.513687829697633
0.34819013838073515
0.3895460696962795
0.37240735412781306
0.3771878312263472
0.35881600097220934
0.5035632921950463
0.3550160447129717
0.25905401848966814
0.2739660065091116
0.23104354246250122
0.33739924510458863
0.374032853666841
0.2891132794232864
0.23317212482124672
0.35739209874882905
0.3914334481850896
0.3470978479438264
0.3104906934233075
0.34088184125913706
0.3248323738016247
0.38618077222643565
0.44740195755568235
0.23638365498209285
0.3197986457472601
0.4404616960659341
0.35798779988955554
0.39990761412802855
0.40332790443554317
0.361444529091966
0.3074104513977075
0.4891494241397206
0.40150712721646975
0.5423535920766414
0.499358695705955
0.41934896178369374
0.44148830132627487
0.489469671005879
0.521570202173052
0.5568828772573556
0.48276659376557207
0.45469918647008456
0.5282485430232146
0.468959269579434
0.4297913722362795
0.5486800443182414
0.4982826388402603
0.5366031529858483
0.44840622204502634
0.5005440096919315
0.5645124188961044
0.47352268141550347
0.486146382706176
0.5036776455571768
0.3911728969195766
0.5386310200135717
0.5745224971618854
0.47059309419467077
0.5322549431763753
0.5099114735635715
0.39447048032668197
0.43723686133960254
0.5262144439111165
0.45593892030315764
0.5736358049416309
0.3654339204389465
0.4192078394488754
0.6124960496996954
0.6450797746667967
0.5685761207469358
0.48569181625671365
0.6081595639923514
0.5414203680686351
0.5867545199760246
0.46260842735061697
0.509995193236939
0.5858822032132325
0.7530324191476688
0.42653850337449517
0.6907307326454126
0.5922365097353506
0.5540211238617371
0.7567386833424331
0.6351624225504967
0.6869961497473029
0.6468313043037084
0.5657653168325003
0.5951825644549842
0.5756742464995732
0.584366534365919
0.5354029523868701
0.6219328092063421
0.44760486718924963
0.4890231774343966
0.5700346309990075
0.5542468742799168
0.5758878971057417
0.6032684293763348
0.563105561756162
0.5205550736747013
0.5188871639618996
0.6666903195795653
0.5919615693093934
0.612061070857231
0.637638487177518
0.6611292205797367
0.5777655248009894
0.5710402307765874
0.48487219944520293
0.5700465565534488
0.5690202066596564
0.5801039938023869
0.7367514411615907
0.8001315832113983
0.5665663633051831
0.6286791487927464
0.5581499164596007
0.5350006769378548
0.49551957357926363
0.5243732526817197
0.48018809288200964
0.38984377275496934
0.41372355086256096
0.5122789902458164
0.391134202286837
0.44713213702835913
0.4509269059565636
0.28319014754245897
0.3869942097324933
0.3673486753464925
0.44952157304230744
0.35133920713006217
0.44522254072574985
0.3232777874302976
0.4166803788188487
0.40252967544374413
0.428600468595504
0.3825563501061226
0.5207931744661565
0.38598701254104806
0.3821596766683524
0.2755008568904794
0.32984003551094687
0.35340791252827597
0.4925680561488307
0.43923312717941104
0.24831077351705053
0.3414296509278162
0.4515832773522088
0.4096057608876803
0.4704815918976102
0.48821489531215084
0.3835799970009744
0.3785682722915841
0.37684898394872857
0.3817499235101676
0.45942734563745624
0.4859318259606425
0.3870455895770696
0.4560266421976651
0.4981477101475405
0.46548886828648084
0.41495350483274057
0.44135211718696976
0.37113760273850094
0.41125619066519836
0.4460816799198613
0.3678620388347992
0.3334383678406535
0.32158548208010923
0.26106622514797273
0.151631668837872
0.3078382230526786
0.12567409209680508
0.23490113546919217
0.17322500470667054
0.2501332472655832
