0.2608744045233961
0.2046302479853969
0.21072970927385246
0.2168380748853568
0.23180624193045724
0.3002671296914652
0.10605939183473576
0.241320511108143
0.23857797960910018
0.23139664307021054
0.2820444325720137
0.159124705044299
0.20094831040470146
0.22052001246605227
0.32018610035172074
0.24628467120787143
0.2925426294465963
0.25873291483015
0.2471929121588531
0.21779974177463157
0.259707938203998
0.18581986554472193
0.12979831708294376
0.3230577445349717
0.20918480922487867
0.3178754285205467
0.2084234896042028
0.1613641422910823
0.2300164729976403
0.2096389297003695
0.2382974934330617
0.2312986955166733
0.22430880192333374
0.1861671341436267
0.20151373491830282
0.167846489470638
0.2677529940786252
0.25191665553626286
0.13368950625528694
0.1846533992253239
0.26679577935087484
0.21093450870397576
0.19069943457548638
0.2283513645875072
0.1858777436445394
0.2458171942478073
0.21672231868572192
0.2098971550687859
0.25205912470504427
0.2719202172654824
0.21615689417212056
0.17375895997506788
0.2515827434219313
0.2448243622278616
0.21576510395797158
0.31143315079471084
0.2735408040603713
0.2712301322291973
0.2556253060861048
0.2844975735719692
0.3356974311028004
0.2756021548461778
0.37129246249053915
0.26219669649614885
0.33124526957838035
0.3557366101242153
0.3535728596233471
0.36472997640354393
0.38930145585681847
0.2802724722852945
0.2914563020346378
0.40065446774408975
0.4430301411335203
0.40527581140643776
0.43431726103023016
0.32535060772004804
0.390080584123592
0.3879880682071145
0.3547437781042696
0.37048216909309467
0.45745959663416585
0.4598637638573527
0.5335025154712613
0.4602644583945505
0.43153020791594315
0.5141356128400338
0.480967009483104
0.7683540358844219
0.5883086238368727
0.5061662437113218
0.5932505231289791
0.5467699568140332
0.5136903966875918
0.5741062285739725
0.536529985307867
0.561328524998887
0.501580517341169
0.6243266105694314
0.5067005030942522
0.5449000489737768
0.5964115578113174
0.6702729175014469
0.6016205867948888
0.5819865544721962
0.749343306175148
0.7208494724188593
0.6655536262855617
0.7038867370108187
0.6575397355416054
0.6869240016027781
0.5871955834557677
0.6611459863763857
0.5836783758514759
0.6976537108766305
0.5267797515693868
0.6185388005876853
0.5366635501535996
0.5438760518231601
0.7024175237077601
0.5627086950714572
0.5610613953074217
0.546057610970126
0.5621744356885268
0.5293620052535506
0.5321668670139352
0.48599795200569873
0.6134633364498463
0.5405814522950892
0.6146654200614398
0.5952985174302123
0.5625306086104803
0.6588753839989315
0.6706736120386446
0.5176973420595699
0.5651128622946441
0.6481901963403232
0.5442322247451137
0.6094563910778682
0.6079426561595654
0.4372289746672009
0.5381327634566582
0.598993811495481
0.4505587462713147
0.6449846400427407
0.567784159209296
0.6064289212412627
0.4624460175415164
0.6168024575931614
0.4373180178976893
0.37798406126174255
0.5769110903343574
0.46418236053604023
0.560705222385468
0.46578513868483146
0.43327545523351585
0.48973776768621163
0.5373313743822625
0.6294465963225145
0.4099283201994568
0.6445394238902987
0.5630203463781666
0.5928498285917813
0.4624460175415164
0.5857708917679533
0.5977917278838877
0.5029606874137393
0.519478206669338
0.6161346333644984
0.5258002760340145
0.6580739949245359
0.6167579359779173
0.517519255598593
0.5652464271403765
0.5416944926761943
0.5849695026935576
0.5125328346912426
0.5735719691910423
0.5456569164329281
0.5221940251992342
0.47197364320377544
0.4396375940519122
0.46956947598058857
0.3481946485018476
0.42712702016829174
0.4660522683762967
0.4603980232402831
0.4592404612439339
0.40019589510707443
0.29666978317973375
0.446863452206046
0.4145585681848537
0.33776768621165576
0.4167668403009661
0.37556208539245806
0.4278660789813454
0.33329326387961355
0.3410845465473487
0.4468189305908018
0.4190240861938471
0.49361114821245716
0.4480210142023952
0.4514046569609545
0.39689684341747916
0.5205022038199545
0.5862161079203952
0.554026980098838
0.4060415831886381
0.38274787409287203
0.5731712746538444
0.3539824584835937
0.44200614398290367
0.3296513957526379
0.399884243800365
0.3721739904723743
0.4067984506477895
0.43248297048216905
0.40034281643738034
0.4394372467833133
0.44288321980321443
0.32171319175459684
0.40085481501268866
0.3242197586928454
0.48350474155202344
0.3979831708294377
0.29461288455545165
0.42725168069097547
0.38622056008191974
0.36749476871020875
0.48230265794043004
0.3878589555229064
0.41367258804149415
0.3326031788433284
0.39845509995102624
0.5266907083388985
0.41446062063131656
0.5026045144917858
0.47940875294955704
0.6610569431458972
0.47317572681536885
0.5034504251814256
0.5381772850719023
0.5461911758158586
0.6789101108588219
0.6290459017853167
0.6014425003339121
0.796491696718757
0.7021058724010506
0.7502337384800319
0.7805529584613329
0.8776546013089355
0.8367392368995147
0.9293441966074529
0.9374026089666533
0.9455055429410979
0.9090423400560972
0.930457236988558
0.9919415876407996
1.0
0.9769378033035038
0.8737366991674458
0.8550821423801255
0.9700369529406526
0.9558345576777525
0.9327723609812563
0.9452829348648768
0.9178130982592048
0.8056631494590624
0.9072614754463292
0.9064600863719335
0.7142157517474733
0.8247184007835804
0.8194648501847647
0.7385245536708072
0.6932015493522105
0.8571301366813588
0.6559814790080584
0.575085704109345
0.5209028983571523
0.6848314856863006
0.5860825430746627
0.4250389564133386
0.6067850941632161
0.6728106495703664
0.7076265526913316
0.47980944748675475
0.4923645429856195
0.585058545924046
0.6110146476114153
0.6013534571034237
0.7074484662303548
0.5553181069409198
0.5144472641467432
0.651707403944615
0.5129335292284404
0.6946707626552691
0.6315836338542362
0.6308267663950847
0.5676951159788077
0.7183117403499398
0.454832821334758
0.6856328747606962
0.5690752860513779
0.7018832643248297
0.6610569431458972
0.48666577623436175
0.5437424869774274
0.6275766884822581
0.5377765905347046
0.6527759227104759
0.7899915408931035
0.6022438894083078
0.7662169983527002
0.5829215083923245
0.6043809269400293
0.6971194514937002
0.7274831930902453
0.6243266105694314
0.7615867503673033
0.6761942923289256
0.6754374248697743
0.73251413561284
0.6961399759583278
0.8200436311829392
0.7391033346689817
0.7338943056854103
0.6574061706958728
0.6165798495169404
0.6692043987355861
0.6684030096611905
0.6320288500066782
0.7291750144695249
0.8085570544499354
0.7899024976626151
0.8781888606918659
0.8417701794221093
0.5871955834557677
0.7822893014558568
0.7592271047593606
0.7806865233070656
0.7620319665197453
0.8592226525978363
0.9296113262989181
0.7239659854859535
0.8211566715640443
0.8559280530697653
0.8862917946663104
0.8453764302568897
0.7911045812742086
0.874894261163795
0.8562842259917189
0.8910556074974398
0.7922621432705578
0.8314856863006989
0.7505008681714972
0.7808200881527981
0.7354080406037131
0.8592226525978363
0.7915943190418948
0.8575308312185567
0.7720493299496906
0.7533947731623702
0.7970259561016874
0.7160411379724857
0.7819331285339032
0.8567739637594052
0.7489871332531943
0.8950180312541739
0.8629624682783491
0.8665687191131293
0.8478251190953208
0.8691954944125372
0.7391923778994701
0.7338052624549218
0.8041048929255153
0.6874137393704643
0.8067316682249231
0.7211611237255686
0.604514491785762
0.7192912158853123
0.40673612038644763
0.6150215929833933
0.7075820310760874
0.7021503940162949
0.5988157250345042
0.6423578647433329
0.454387605182316
0.6003294599528071
0.5147589154534526
0.49156315391122385
0.5395129335292285
0.5340812964694358
0.55977026846534
0.5943635635100841
0.5176528204443257
0.5166733449089532
0.7159966163572413
0.6036240594808779
0.49129602421975865
0.6238368728017453
0.5293174836383063
0.6351008414585281
0.625127999643827
0.6641289345977471
0.5784693468679044
0.684252704688126
0.6609233783001647
0.717688437736521
0.5652464271403765
0.5507769021860113
0.540759538756066
0.49957704465518005
0.6008637193357375
0.6175593250523129
0.4828369173233605
0.637549530296959
0.596322514580829
0.5506878589555229
0.4960598370508882
0.5216597658163038
0.4803882284849294
0.5326566047816215
0.5047860736387516
0.5124883130759984
0.6092337830016473
0.42991852544410303
0.5310983482480744
0.5477494323494057
0.41738569075286047
0.4295089265838565
0.39710164284760247
0.2979074840835225
0.3990516895952985
0.35327456480121094
0.3564578602911713
0.23943279462178885
0.42959796981434484
0.46391523084457503
0.34243355148924803
0.3767107430657584
0.3397934197052669
0.4230755531810694
0.3594274520279596
0.30022706023774537
0.2765949868661235
0.18622056008191976
0.2605627532166867
0.3259561016873692
0.24001157561996347
0.19853969101999017
0.22833355594140956
0.15127554427674636
0.17656382173545257
0.09944347980944747
0.14257156849650507
0.1188682605404924
0.1842393482035528
0.1605226837629669
0.11008414585281152
0.2466675570989715
0.11607675526468099
0.09678108721784427
0.21104581274208625
0.2050932727839366
0.05225501981211878
0.2510885534927207
0.20059213748274787
0.18125194782066692
0.3310894439250256
0.2805707671074306
0.24340412270157163
0.27301099683896535
0.21801789768932814
0.2876808690619295
0.3217176439161213
0.15094608432393927
0.36305596367036197
0.299078402564445
0.32417968923912555
0.29139842393482035
0.4055251324518053
0.4483771871243488
0.3532344953474912
0.2714482881438938
0.381051600552068
0.3882952673522995
0.3999332175771336
0.4160633987801078
0.41433596010863266
0.3814745558968879
0.2906860780909131
0.32014157873647653
0.2560482614309247
0.29435020702551085
0.4929433239837941
0.4689016517519255
0.38253417033969994
0.42975379546769954
0.37006811807132367
0.4750901562708694
0.4064957036641289
0.5026045144917858
0.23809269400293842
0.42323583099594847
0.41697163973108947
0.4106584746894617
0.4399492453586216
0.46925782467387916
0.41392190908686166
0.45207248118961757
0.4679666978317973
0.4304305240194114
0.34837273496282445
0.4265838564623124
0.44246026445839454
0.5161390855260228
0.5988157250345042
0.43210898891411775
0.621566270424291
0.6818930590801834
0.5196562931303147
0.5665820755977027
0.346418236053604
0.593695739281421
0.5516228128756511
0.5673389430568541
0.4896487244557232
0.407408396776635
0.4320778237834468
0.5190329905168959
0.35663594675214816
0.4480655358176394
0.49935443657895906
0.39038333110725254
0.4773162370330795
0.39504919638484487
0.3661813810605048
0.41299585948978224
0.3440407817995637
0.24836828280130002
0.3752949557009928
0.2662526156448956
0.2996705400471929
0.29746226793108055
0.2106540225279373
0.448866924892035
0.19729308579315252
0.2707403944615111
0.13047949779618004
0.34193045723698856
0.2728373625395129
0.20378878945728152
0.3306219669649615
0.22593829304127155
0.10784470860602823
0.20794710832108987
0.18778326877699122
0.23444637371443833
0.06294465963225146
0.07392368995147143
0.2363207337162192
0.18940830773340456
0.071301366813588
0.1802012377009038
0.2668358488045946
0.09528070878411468
0.15964115578113172
0.1928231156226348
0.266119050799163
0.06777970704777168
0.2077957348292596
0.031700280486176034
0.1583945505542941
0.07132807978273452
0.18460442544855526
0.271163349806331
0.09948800142469168
0.23945505542941095
0.21023551934464182
0.20327233872044875
0.12506566938248517
0.14480210142023953
0.3915898668803704
0.23767864298116734
0.44877788166154664
0.5619963492275499
0.37244557232536396
0.3075330572993188
0.22035973465117312
0.3335292284404078
0.05934286095899559
0.1903076443613374
0.0719424780731045
0.07822893014558567
0.17800186990784025
0.1441966074529184
0.03471038689283647
0.023157027736966294
0.12290637104314144
0.05791816927118116
0.1309336182716709
0.057027736966297135
0.15674725079025867
0.10954098214683228
0.0
0.20210142023952626
0.09699479097101642
0.018598904768264993
0.15835448110057435
0.07993856017096299
0.24193936156003737
0.012148167935532701
0.0939984862650817
0.13577311784871554
0.1953519433685054
0.15253105382663282
0.14976180935844355
0.09802324028315747
0.03292061796001959
0.2527492097413294
0.2054449935443658
0.16704064823471793
0.24884021192288852
0.17480967009483103
0.1942700681180713
0.2270824985530475
0.27769021860113086
0.10124660522683762
0.23199323271448288
0.26478340234183695
0.19071724322158404
0.3214549663861805
0.33642313343128083
0.24009171452740305
0.2506077200480833
0.287823338230711
0.3562085392458038
0.3533547037086506
0.28371399314367124
0.33873825742397934
0.22901918881617023
0.3508125194782067
0.27671519522728283
0.36733449089532966
0.33329771604113795
0.42836472107208046
0.33644539423890296
0.3246649748452874
0.42862739860202126
0.2699211967410177
0.28929255153376965
0.32202484306130624
0.2790614843506522
0.2004852856061618
0.36232580918035706
0.4128533903210009
0.3253684163661458
0.36253951293352926
0.2171808913227372
0.21873024353323536
0.33604469970170514
0.2574595966341659
0.16997017051778637
0.35851030675392903
0.2888339788967544
0.33490939851297796
0.3453675259338409
0.4404167223186857
0.3440318774765148
0.3055117759672321
0.4228351364587507
0.4421931347669293
0.31464761141534214
0.2449712835581675
0.17529940786251724
0.23474466853657452
0.45002448688838426
0.25568318418592223
0.24390721695383105
0.3745915141801344
0.3628155469480433
0.37329148301500376
0.2680245759316148
0.3853701972307555
0.3112684208183073
0.44197497885223275
0.3278082008815279
0.45407595387560656
0.4734873781220782
0.537420417612751
0.4277325141356128
0.33139664307021055
0.4932994969057477
0.44149414540759535
0.3763501179822804
0.5338141667779707
0.4864876897733849
0.3946306932015493
0.5966341658875384
0.3578647433328881
0.3417256578068652
0.44579493344018517
0.3317216508614932
0.39573482925960557
0.38852232759004496
0.4481100574328837
0.4319976848760073
0.3936467655046525
0.31077868305062106
0.34367125239303675
0.3320511108143003
0.3783268776991229
0.362272383242064
0.24382707804639153
0.41033346689817907
0.26964961488802813
0.34712612973598683
0.18420373091135744
0.38191086772628113
0.2991407328257869
0.3454966386180491
0.2672098303726459
0.16666221450514224
0.23531009305017586
0.3440496861226125
0.2969636258403455
0.14303904545656915
0.23399225323894748
0.3160633987801077
0.22450469703040826
0.31105026490361065
0.1972530163394328
0.23040381105026492
0.2368505409376252
0.3501580517341169
0.34327501001736344
0.43435733048395
0.3429143849338853
0.29600195895107073
0.3693157027736967
0.335799830817862
0.44922309781398867
0.21537776590534705
0.23088019233337786
0.19741774631583633
0.17733849784070166
0.2596723209118027
0.24407639909175902
0.2418547704910734
0.28862472730510663
0.3888384310582788
0.2976314500690085
0.3043853791015538
0.2978006322069364
0.2734295000222608
0.3559325052312898
0.3048884733538133
0.24051466987222295
0.1627977383019456
0.2898980455010907
0.18106050487511685
0.37054004719291217
0.12817773028805485
0.13070655803392547
0.2133965540269801
0.17145719246694266
0.24974845287387026
0.22565335470370862
0.18822848492943323
0.19980855705444991
0.2692845376430256
0.33878723120074794
0.3281732781265304
0.21518632295979695
0.43168603356929786
0.38108721784426336
0.4774498018788121
0.38681269756466763
0.44757579804995323
0.4638707092293308
0.37779261831619254
0.3050888206224122
0.34817683985574993
0.5204131605894662
0.2429856195182761
0.5488179511152664
0.37387916833622725
0.38149236454298563
0.3846845643559948
0.2498909220426517
0.23088464449490223
0.18074885356840745
0.3532478518320645
0.156253060861048
0.23977561105916922
0.30997284181470103
0.33568407461822714
0.25012688660344595
0.14679666978317973
0.26610569431458975
0.21626819821023105
0.41133520324117356
0.14786964071056496
0.2673211344107564
0.3645518899425671
0.22140154044788743
0.3498686612350296
0.3181024887582921
0.13054628021904632
0.22795957437335823
0.3165130670940742
0.43627175993945055
0.49819687458260986
0.44440140688304175
0.3015983259872668
0.33693067984506475
0.3901117492542629
0.39436356351008406
0.3808468011219447
0.28723565290948755
0.3183250968345131
0.34055473932594277
0.3183117403499399
0.40741284893815943
0.22052446462757666
0.283001647299764
0.42121454966386174
0.29234673433952185
0.32825786919549443
0.373113396554027
0.4313788344241129
0.33831975424068383
0.44566136859445254
0.40166065624860875
0.2642268821512844
0.33609367347847374
0.3813009215974355
0.28408797471172254
0.22699790748408352
0.29461733671697604
0.34893370731490136
0.46119941231467876
0.5111526646186724
0.3697386581185166
0.39755576332309334
0.4877788166154668
0.3198032144606206
0.3344330172298651
0.44261609011174924
0.30153154356440054
0.3519567249899826
0.3133921018654557
0.27933751836516624
0.2008236498820177
0.4696139975958328
0.32445572325363964
0.3440719469302346
0.4082676639508481
0.5125773563064867
0.4477984061261742
0.48101153109834827
0.3629313031476782
0.4452606740572548
0.44748675481946487
0.3963848448421709
0.35424068385201013
0.47687102088063754
0.5150260451449179
0.5621299140732826
0.5246872356529094
0.40720359734651174
0.6058946618583322
0.6221005298072213
0.46030898000979475
0.3430791149102889
0.63554605761097
0.6297582476292239
0.5172076042918837
0.6139975958327768
0.6708071768843773
0.40710119763145003
0.6599439027647922
0.6323405013133876
0.38224032767908817
0.5106629268509861
0.4209607764569699
0.5895997506789546
0.35759761364142284
0.5486398646542896
0.39695026935577216
0.4323271448288144
0.5256667111882819
0.672498998263657
0.5478829971951382
0.6281109478651886
0.614932549752905
0.7086505498419482
0.7802413071546235
0.7851386848314856
0.8078892302212725
0.719469302346289
0.6623035483727349
0.7743644539423891
0.7485419171007524
0.7494768710208806
0.648145674725079
0.6314945906237478
0.877565558078447
0.5538934152531053
0.7823783446863452
0.6681358799697252
0.7098081118382975
0.7070922933084012
0.659899381149548
0.9512043096923556
0.7973821290236409
0.8350919371354792
0.6324740661591203
0.7015270914028761
0.5792707359423
0.5995725924936556
0.6422242998976002
0.6315836338542362
0.7189795645786029
0.6639953697520145
0.6892836472107208
0.7280174524731757
0.6288232937090957
0.5742843150349495
0.6667557098971549
0.7370998619829927
0.7051333422376563
0.904812786607898
0.7884778059748007
0.8459106896398201
0.8589110012911267
0.6672009260495971
0.7472507902586706
0.9075286051377943
0.7785049641600997
0.9568140332131249
0.6677797070477717
0.7706246382618761
0.699968834869329
0.7051333422376563
0.5233961088108277
0.613374293219358
0.6322514580828992
0.6735229954142736
0.5412492765237522
0.5693869373580873
0.6422242998976002
0.572637015270914
0.6412448243622278
0.48737812207826897
0.5116869240016028
0.6875473042161969
0.4583500289390499
0.48305952539958147
0.6326076310048528
0.4794977961800454
0.5802947330929166
0.5921820043631182
0.5552735853256756
0.6119941231467878
0.6198299274297671
0.5388005876853211
0.5959218200436311
0.4839499577044655
0.6793553270112639
0.5900004452161525
0.5096389297003695
0.5274030541828056
0.4918748052179333
0.7058011664663194
0.5370197230755531
0.470771559592182
0.44917857619874446
0.4544766484128044
0.6112817773028806
0.6702729175014469
0.5335470370865055
0.6863452206046035
0.4430791149102889
0.39583722897466717
0.4912515026045145
0.5778905658697298
0.5222385468144783
0.5379546769956813
0.5493967321134411
0.5343039045456569
0.41694492676194295
0.29976848760073016
0.40089933662793287
0.4888473353813276
0.27866078981345443
0.3580383776323405
0.26839855749966607
0.30804060371310266
0.35675170295178305
0.32550198121187834
