0.22767292893684704
0.21201152143072094
0.29523666222432393
0.3311766476075835
0.23809810412278057
0.2912471518851296
0.1681441038648381
0.16542281071321094
0.2701818494475732
0.3534542796956279
0.3463952538583896
0.26631701130647867
0.2851253170542969
0.34692833498129916
0.21952624564722062
0.28134216069816426
0.27002708396027686
0.4565151971110442
0.32921198572718285
0.3308155281372254
0.2894931430291045
0.23952108679764414
0.29279050771677917
0.29442414341601825
0.30471604832122434
0.3751472421649971
0.28652250548127767
0.26674261639654356
0.15663986930914406
0.321680065345428
0.24603413438803143
0.24342461631056275
0.23652465500193456
0.11355917630368427
0.2700872705386699
0.23741455655388846
0.23914277116203084
0.26237479042173595
0.20392932376080136
0.20137999226172565
0.284820085121018
0.32527406388375385
0.1636816989811272
0.23424616310562743
0.13715231503374747
0.37539658656119684
0.2998151412235071
0.21134517002708395
0.372223894071622
0.44710029663385065
0.3113408709857702
0.17561153862688622
0.30642706676411163
0.30398521129788053
0.3057951076909849
0.34635226344525166
0.3138386139890804
0.34146425347147585
0.27457117062894976
0.28071879970766517
0.3643093590129401
0.4049138042216586
0.38959202097932155
0.3699754954645114
0.41919951850737286
0.27062894974420704
0.30697304501096256
0.3303813249645329
0.34524740982760843
0.2783844202742788
0.44800309530974586
0.29950990929022825
0.2842612097502257
0.316310562744508
0.39565796827307503
0.5351876531533467
0.425454623618933
0.440350801771205
0.36065517389622115
0.3669575684622329
0.28298869352134476
0.4096814410386484
0.47190576501440173
0.5814023472765574
0.4071922961179657
0.43501999054210905
0.3941103134001117
0.5294269377928722
0.44125360044710027
0.4045827780404969
0.3851812045913761
0.45608529297966555
0.432397575340699
0.5806715102532135
0.4838570998667297
0.602080735995873
0.5311035639052492
0.42574695842827043
0.6041442758264907
0.46876746485533727
0.5224624908645372
0.6364300760930311
0.6127853488672026
0.6794634796440394
0.5956321740251924
0.6279179742917329
0.4839430806930054
0.5936546150208504
0.5313615063840763
0.5507501827092559
0.5615837668199991
0.6025106401272516
0.38547353940071366
0.4048966080564034
0.7167361678345728
0.5040196036283908
0.45896565065990286
0.4999355143802932
0.5022140062766003
0.4056059498731783
0.5841967241305188
0.6295086195778341
0.5415072438846137
0.5481277675078458
0.5375521258759297
0.591462103950819
0.4820085121018013
0.351068311766476
0.3878165169167275
0.5664416835045784
0.5559090322858002
0.5110270409698637
0.5950732986544
0.451270366708224
0.4407807059025837
0.5076737887451098
0.4885860453118954
0.5554791281544216
0.4332143931903185
0.5774902196810111
0.46386655775762003
0.47495808434719056
0.5762434977000128
0.5486436524655002
0.4737113623661923
0.4289153518765315
0.2981084218219337
0.502643910407979
0.3245948153561755
0.44314517862516656
0.4284553544559563
0.4310218821202872
0.36903400541679204
0.4575469670263531
0.4128240402390267
0.41106143330037404
0.37921843428915347
0.43334336442973215
0.3671424272387258
0.4556983792614247
0.45397876273590987
0.5038476419758394
0.42912170585959325
0.4661020592407893
0.44288723614633935
0.5142943123683418
0.555651089806973
0.6141610420876145
0.539443704053996
0.45612828339280337
0.44159752375220324
0.586131292721723
0.48561970680538236
0.591462103950819
0.4823954258200421
0.3819268303168393
0.5608529297966554
0.45612828339280337
0.5233222991272946
0.5561239843514897
0.5674734534198873
0.4928420962125446
0.3838270065775332
0.4209578264047117
0.24748721035209148
0.254541937148016
0.39491853316710374
0.2859163406560337
0.32313314130948795
0.38610979751515406
0.25564249172434544
0.2842870039981084
0.30859808262757404
0.3458191823223421
0.44323115945144226
0.46760672370061473
0.3371953054468853
0.2970680538239972
0.40311250591118175
0.3801986157086969
0.4432741498645802
0.4160741154722496
0.3673917716349254
0.2972228193112936
0.3560337044839001
0.41915222905292115
0.4822664545806285
0.48953183440092857
0.4366106358282103
0.4051760457417995
0.4812346846653196
0.6303684278405914
0.4226903400541679
0.3999011220497829
0.3986114096556468
0.3929925626585271
0.3831262628433859
0.5065560380035252
0.43648166458879667
0.45673014917673355
0.4597394780963845
0.3897295903013628
0.45294699282060097
0.46034134388031467
0.34303770259232186
0.3719401573449121
0.41370964274966676
0.36525084906065947
0.2092816301964662
0.2768711577318258
0.37890460427324707
0.4851898026740037
0.44533768969519794
0.298061132367482
0.4215854864365246
0.39035295129186187
0.513907398650101
0.43540690426034995
0.4342891535187653
0.5406474356218564
0.5825630884312798
0.4653712222174455
0.5202269893813679
0.48901594944327414
0.6513477494518721
0.577189286789046
0.5632603929323761
0.6826017798031039
0.7546537122221744
0.689179313013198
0.855810154335583
0.8934697562443575
0.9096771419973345
0.848544774515283
0.8217617471303899
0.859464339452302
0.8542195090494819
0.8919221013713942
0.882378229654787
0.786896522075577
0.8332401874382012
1.0
0.8915781780662911
0.8562830488800998
0.8811744980869266
0.8932118137655303
0.9352994282275052
0.8054253901379992
0.8175056962297407
0.8123038562400584
0.6437814367396071
0.720347362538154
0.6636430076093031
0.6498860754051845
0.5888826791625467
0.6568505223335196
0.6259404152873909
0.5607239585572418
0.4180516744765917
0.5677313958987146
0.584153733717381
0.514595245260307
0.5955461931989167
0.457246034134388
0.4909075276213404
0.6019087743433214
0.5581875241821074
0.5231073470616052
0.5912041614719917
0.5862172735479988
0.5984265508791539
0.6492842096212544
0.4078973388934267
0.5577146296375908
0.5226344525170886
0.5133915136924465
0.4826963587120072
0.45625725463221695
0.5631314216929625
0.5237951936718112
0.5059971626327329
0.5440866686728859
0.4790421735952883
0.6804952495593481
0.4950775976957138
0.5890976312282361
0.49825888826791626
0.5707837152315034
0.574566871587636
0.5439147070203344
0.5820901938867632
0.5342848544774516
0.6111517131679635
0.7138558101543356
0.6316581402347277
0.6354842870039981
0.6951979708524999
0.5356605476978633
0.6856970895490305
0.6207385752977085
0.5558230514595245
0.598383560466016
0.7484201023171833
0.6018657839301835
0.5240531361506384
0.5537595116289067
0.6393534241864064
0.7808778642362753
0.5354026052190362
0.5264605992863591
0.44873393233308967
0.5988564550105326
0.5211297880572632
0.6068096814410386
0.5764154593525644
0.6620523623232019
0.4382012811143115
0.6399552899703367
0.729934224667899
0.6909849103649885
0.5273633979622544
0.5313615063840763
0.8793259103219981
0.6684579338807446
0.6252095782640471
0.6464898327672929
0.7408537896049181
0.624564722066979
0.688835389708095
0.5510941060143587
0.6283048880099737
0.7012166286918018
0.5290830144877692
0.7868535316624392
0.6706074545376381
0.6231890288465672
0.6445552641760888
0.5627445079747216
0.6958858174627058
0.6227161343020505
0.6526804522591462
0.6139030996087873
0.6439533983921585
0.5406904260349942
0.5492455182494304
0.5964489918748119
0.7038820343063495
0.6049610936761102
0.5232793087141567
0.5963200206353984
0.553329607497528
0.5662267314388891
0.6951979708524999
0.6135161858905465
0.3899789346975624
0.39432526546580104
0.4631357207342762
0.5319633721680065
0.5492455182494304
0.49340097158333684
0.49778599372339966
0.38610979751515406
0.5194531619448862
0.4894458535746528
0.4079145350586819
0.27475173036412875
0.5457203043721249
0.2707063324878552
0.36545290400240743
0.37420145307596403
0.511929839645759
0.3100468595503203
0.5681613000300932
0.34050556725850134
0.41808606680710203
0.4827823395382829
0.44430591977988904
0.45741799578693954
0.5608529297966554
0.44503675680323285
0.3334981299170285
0.4283134860926013
0.4414685525127896
0.4374704440909677
0.5237522032586733
0.48106272301276815
0.37387472593611626
0.4085894845449465
0.434719057650144
0.43501999054210905
0.5084906065947293
0.4701001676626112
0.4275009672842956
0.35476978633764666
0.41965091784532044
0.4587077081810756
0.2914664029921327
0.35634753449980655
0.33958557241735093
0.42597910665921496
0.44791711448347016
0.3193886763251795
0.38861613860109195
0.2944929280770388
0.23047160483212242
0.27823395382829624
0.38622157258931256
0.3265293839473797
0.2754481750569623
0.28025880228709
0.15611108722754827
0.14374704440909675
0.21737672499032712
0.23082842526116676
0.19699926916297664
0.12449163836464469
0.18526288637633803
0.31912643480503844
0.14344611151713166
0.10107046128713297
0.14468423541550235
0.2055070719229612
0.22334809337517733
0.24977000128971236
0.05697949357293324
0.19092472378659558
0.14859206396973473
0.05041055844546665
0.17576200507286874
0.1635828210309101
0.06973045010962554
0.010254933149907572
0.12704956794634797
0.09341386870727827
0.0038776062937964833
0.15512230772537722
0.0054180817677657875
0.031985297278706845
0.11017583078973388
0.1496625252568677
0.0
0.08679764412536005
0.07042259576114526
0.04119169425218176
0.17100726537982028
0.16756803232879067
0.2802072137913245
0.1822062680022355
0.2303856240058467
0.16249946261983578
0.18920080821976698
0.26750354670908383
0.3028287691844719
0.2779717123081552
0.3305145952452603
0.4174584067752891
0.27653583250935043
0.22163277589097627
0.31720476333777564
0.29241649112247964
0.4567731395898714
0.2514423283607755
0.23098319074846307
0.22770732126735735
0.405025579295817
0.3028975538454924
0.30827565452904
0.35233222991272944
0.2674519582133184
0.3115300288035768
0.2696659644899187
0.4470573062207127
0.3148875800696445
0.5008813034693264
0.40316839344826105
0.3183397102446154
0.41840849490563603
0.3894931430291045
0.30899789346975626
0.4477451528309187
0.35869481105713424
0.37281286273161085
0.3740466875886677
0.3108249860281157
0.44533768969519794
0.42941833971024457
0.4392760414427583
0.34170499978504787
0.4633506727999656
0.37438631185245685
0.35421521000816814
0.5102962039465199
0.3826834615880659
0.6075835088775203
0.4928420962125446
0.43837324276686296
0.5171316796354413
0.4841150423455569
0.4984308499204677
0.4826533682988693
0.4324835561669747
0.4984308499204677
0.4525600791023601
0.4497227118352607
0.4683805511370964
0.41399767851769054
0.44129659086023815
0.515884957654443
0.5130905808004814
0.514595245260307
0.37858647521602673
0.42312024418554667
0.527836292506771
0.35747818236533246
0.42784489058939856
0.3649499161686944
0.30636688018571856
0.3208761446197498
0.3783930183569063
0.38432999441124627
0.3730837023343794
0.379046472636602
0.34203172692489575
0.36951119900262247
0.20784575039766132
0.42450883452989985
0.3187567172520528
0.3032973646876746
0.20187008297149736
0.3110872275482567
0.3988392588452775
0.2501569150079532
0.36802802974936594
0.2279523666222432
0.19968187094277975
0.3433687287734835
0.24203602596620952
0.21810326297235716
0.2887408107991918
0.2089463049739908
0.31400197755900433
0.47495808434719056
0.2146382356734448
0.34122780619921755
0.4033618503073815
0.31072610807789863
0.368569708954903
0.2759769571385581
0.23496840204634367
0.19397274407807058
0.1615880658613129
0.2625037616611496
0.2731352908301449
0.13761661149563645
0.1482739349125145
0.18043936202226904
0.229813851511113
0.31789690898929535
0.3629981514122351
0.33503288766605044
0.17810498258888266
0.36511757877993206
0.5349297106745196
0.4124371265207859
0.48772623704913803
0.3738446326469197
0.3416663084132238
0.2579166845793388
0.4192253127552556
0.32689910150036544
0.3033747474313228
0.2583637848759726
0.3165470100167663
0.2930613473195477
0.17500967284295602
0.3020205494174799
0.3516572804264648
0.13046730579080865
0.2704139976785177
0.014860926013498988
0.22791797429173297
0.32921198572718285
0.26286058209019386
0.2524096126563776
0.1860797042259576
0.1455612398435149
0.22973216972615107
0.21933708782941405
0.3723141739392115
0.09110528352177462
0.25701388590344354
0.014525170886892222
0.18475989854262498
0.26902540733416447
0.17704741842569105
0.3731180946648897
0.272567817376725
0.20642706676411157
0.3982416921026611
0.2117578779932075
0.2746313572073427
0.3031254030351232
0.32303856240058465
0.3214694123210524
0.32421649972056227
0.18940716220282874
0.34694983018786807
0.2895533296074975
0.29665964489918745
0.2564894028631615
0.2550234297751601
0.3610506856970895
0.38971239413610764
0.3582047203473625
0.27081810756201363
0.35541464253471466
0.3282490004728945
0.3010962555350157
0.32125446025536303
0.35001934568591203
0.49056360431623747
0.5537595116289067
0.4235243540690426
0.4093676110227419
0.3651304759038734
0.578865912901423
0.35409053781006833
0.4130776836765401
0.37320407549116547
0.26886204376424055
0.4525600791023601
0.2450883452989983
0.295559090322858
0.4449077855638192
0.3449636731008985
0.4642534714758608
0.30415717295043204
0.44069472507630797
0.37519023257813505
0.3483986071106143
0.35171316796354407
0.5055242680882163
0.15634323545849274
0.38755857443790037
0.47693564335153255
0.4846309273032114
0.3719702506341086
0.27652723442672283
0.43046300674949484
0.4811916942521818
0.3858174627058166
0.247457117062895
0.22088474270237737
0.3877907226688448
0.46442543312841233
0.36483384205322206
0.31254460255363054
0.3978375822191651
0.32838656979493575
0.45238811744980867
0.4732814582348136
0.33508877520312963
0.5021710158634625
0.4241993035553071
0.4408236963157216
0.5176905550062336
0.491380422165857
0.42637891750139717
0.47749451872232485
0.34375134345041053
0.4379003482223464
0.4976570224839861
0.4757319117836722
0.36357852198959634
0.45780490950518027
0.5434418124758178
0.4399208976398263
0.3794161901895877
0.5167017755040626
0.3831563561325824
0.40439791926400415
0.4127638536606336
0.42545032457761917
0.36937362968058124
0.47667770087270533
0.4765057392201539
0.4978719745496754
0.48918791109582566
0.2999312153389794
0.49761403207084814
0.33850221400627656
0.3814625338549504
0.424444348910193
0.5706117535789518
0.4631787111474141
0.3385624005846696
0.36873307252482695
0.39462189931645236
0.34314947766648035
0.4937448948884398
0.32625424530329733
0.5671725205279222
0.3266411590215382
0.3569579983663643
0.3185116718971669
0.39616525514810197
0.3878552082885516
0.2892910880873565
0.3713081982717854
0.5952022698938136
0.5010102747087399
0.36814410386483815
0.4201582047203473
0.33032113838613986
0.4683805511370964
0.5720304372125016
0.5209578264047118
0.3753278019001763
0.4403937921843429
0.45384979149649624
0.48884398779072263
0.4379003482223464
0.44284424573320147
0.3833369158677614
0.3754395769743347
0.4449507759769571
0.5015691500795323
0.523838184084949
0.5160569193069945
0.45238811744980867
0.4876402562228623
0.4412106100339624
0.489402863161515
0.4731094965822621
0.37086969605777903
0.4707020334465414
0.3556338936417178
0.5071149133743175
0.3748892996861699
0.30717080091139676
0.38134645973947806
0.3996646747775246
0.3105283521774644
0.33748764025622285
0.42036455870340916
0.3356046601607841
0.2594686384936159
0.4455956321740252
0.343721250161214
0.26766261123769397
0.5656678560680969
0.35637332874768923
0.36637719788487166
0.36780447960104895
0.5068139804823524
0.4008383130561884
0.40235157559864154
0.4941747990198186
0.41835260736855673
0.6778728343579382
0.5591333132711405
0.4489918748119169
0.38190533511027036
0.42659816860840033
0.38963931043377326
0.5160569193069945
0.4447788143244056
0.4379863290486221
0.42264305059971624
0.45032457761919087
0.5081036928764885
0.4025579295817032
0.31423842483126263
0.3291260049009071
0.4300331026181161
0.33319289798374957
0.3911568720175401
0.3201796999269163
0.3610076952839516
0.3846696186750354
0.292287519883066
0.3761962082455612
0.4945187223249215
0.3291517991487898
0.370164653282318
0.42410042560509004
0.2975065560380035
0.4675637332874769
0.37974291732943555
0.4553114655431838
0.5308886118395597
0.5291260049009071
0.42851124199303553
0.5084906065947293
0.5670005588753707
0.3848157860797042
0.4305059971626327
0.3687416706074545
0.34570310820686984
0.40008598082627567
0.49748506083143457
0.3885688491466403
0.44735823911267786
0.450281587206053
0.31135806715102526
0.5078027599845234
0.3216714672628004
0.4536778298439448
0.4137999226172563
0.3997248613559176
0.4501956063797773
0.25991573879024976
0.44370405399595886
0.5501483169253256
0.30839172864451225
0.3461158161729934
0.4053652035596062
0.4173681269076996
0.3047332444864795
0.36409440694725076
0.38479858991444904
0.3367525041915652
0.4735823911267787
0.24507544817505694
0.36479944972271183
0.3083014487769227
0.4023085851855036
0.49206826877606286
0.40127251622888094
0.3406216413739736
0.36169124285284376
0.4042904432311594
0.23627960964704872
0.407931731223937
0.21849447573191177
0.29134173079403286
0.3212372640901079
0.4242551910923864
0.3553501569150079
0.3552641760887322
0.3595159279480676
0.30792743218262325
0.3939426507888741
0.36391814625338553
0.35113709642749663
0.30829714973560896
0.3084906065947293
0.31302179613946085
0.35628734792141353
0.48987575770603153
0.37414556553888484
0.24127509565366922
0.4480460857228838
0.36685869051201575
0.48776922746227586
0.453935772322772
0.4846309273032114
0.45084046257684535
0.3655689781178797
0.39638880529641884
0.38426120975022565
0.5398306177722367
0.2225613688147543
0.2277589097631228
0.3146812260865827
0.2597781694682086
0.467176819569236
0.31776793774988177
0.2715919349984953
0.3845234512703667
0.2868535316624392
0.3912772451743261
0.37537509135462793
0.4154034650272989
0.4683805511370964
0.43540690426034995
0.4970551567000559
0.5157989768281673
0.43996388805296416
0.3770861097975151
0.5765014401788401
0.5094363956837625
0.36070246335067274
0.53875585744379
0.5019130733846352
0.422122866600748
0.44125360044710027
0.37446369459610507
0.5398736081853747
0.4387601564851038
0.2302437556424917
0.41727784704011
0.4495937405958471
0.417479901981858
0.3854176518636344
0.37919264004127073
0.3601220927733115
0.4313658054253901
0.515584024762478
0.3333003740165943
0.42620695584884566
0.351493916856541
0.3413266841494347
0.43007609303125405
0.38132496453290915
0.44869094191995185
0.36133872146511326
0.39441124629207686
0.483427195735351
0.40053308112290953
0.4466703925024719
0.3896737027642836
0.24675207428743387
0.3661192554060444
0.2662998151412235
0.25680753192038175
0.34195004513993377
0.40134989897252904
0.4436180731696831
0.3182623275009673
0.3778255449034865
0.23109496582262154
0.3853445681613
0.4450797472163707
0.4317957095567688
0.1949959159107519
0.2505911181806457
0.3062508060702463
0.13841623318000082
0.36184600834014014
0.16403422036885773
0.2801040367997936
0.26296375908172476
0.2071922961179657
0.28044366106358276
0.3193671811186105
0.31535187653153346
0.35869481105713424
0.47947207772666695
0.23059627703022223
0.36439533983921585
0.21880400670650443
0.1549718412793947
0.27175529856841923
0.19512918619147926
0.2733502428958342
0.37742143501999054
0.3138773053609045
0.30199905421091094
0.25148961781522716
0.3600919994841151
0.39569236060358537
0.3711577318258028
0.27360388633334765
0.22770302222604358
0.36672971927260223
0.3596406001461674
0.4342891535187653
0.3843686857830703
0.43338635484287
0.28466961867503543
0.28651390739865007
0.35720734276256394
0.42365332530845623
0.3870082971497356
0.30312970207643697
0.3568806156227161
0.35482137483341214
0.3571299600189158
0.31651261768625594
0.16418038777352648
0.3214608142384248
0.3756201367095137
0.2793946949830187
0.26920166802802975
0.21609990972013238
0.24044538068010832
0.32075147242165
0.20336614934869524
0.2623146038433429
