0.28288129463882106
0.23616761594792512
0.29794774432691434
0.27836994846758883
0.19094566494891965
0.27986619654642436
0.35523460808245183
0.3537654823252871
0.15792423831479974
0.25139227917909773
0.24989151071331708
0.18064370310098543
0.2967317602386764
0.29981918452219514
0.27574360365247264
0.20199801102974418
0.16437483048548956
0.24885634210288402
0.28813850465599855
0.14204863936352952
0.19038513696772444
0.19347708163818825
0.11977669288491095
0.15904981466413526
0.13056685652291836
0.2738179188138505
0.20914022240303773
0.08575174034897387
0.14765843956242655
0.2683346894494169
0.22633125395533857
0.24757255221046923
0.20101708706265253
0.059542536841153605
0.1531778320224211
0.2015685742699575
0.1324382967181991
0.262214085525721
0.19309736913479794
0.17823433685923515
0.2266612422023325
0.13044480607540004
0.2105279811951903
0.11884549317421572
0.19894674984178648
0.2293282704999548
0.1964288943133532
0.145461531507097
0.13969803815206583
0.1881475454298888
0.23664677696410816
0.1404981466413525
0.14381159027212728
0.24205315975047462
0.29053883012385856
0.2803091944670464
0.2294005966910768
0.32763312539553385
0.24057499321941958
0.3433414700298345
0.20657716300515325
0.20090859777596962
0.40314618931380525
0.27087966729952084
0.22003435494078294
0.25051532411174393
0.27200976403580146
0.26182081186149536
0.2923695868366332
0.13755085435313263
0.30367959497332975
0.31616942410270316
0.3015007684657807
0.3591673447247084
0.2631452852364162
0.2801419401500768
0.369519030829039
0.2644787993852274
0.39450772986167615
0.3527709971973601
0.32459994575535667
0.31452400325467855
0.3360952897568032
0.34410993581050536
0.24364433595515775
0.41893138052617307
0.5490461983545791
0.28133080191664406
0.4928125847572552
0.46013018714401954
0.409447608715306
0.3904032185155049
0.5386041045113462
0.42466775155953346
0.4236868275924419
0.35494982370490913
0.5258114094566495
0.4570563240213362
0.5103968899737817
0.3422249344543893
0.47238043576530153
0.5619293011481783
0.4796130548774975
0.42903444534852186
0.5592170689811048
0.46343006961395894
0.5574993219419583
0.6018443178736099
0.4246903534942591
0.41479070608444085
0.4501401319952988
0.47188319320133804
0.48011029744146094
0.3662643522285508
0.4061703281800922
0.43699936714582766
0.47238043576530153
0.3992360546062743
0.389408733387578
0.3434228369948467
0.3607766024771721
0.3961757526444264
0.4089820088599584
0.46248078835548323
0.33516861043305307
0.5197540909501853
0.4105234608082452
0.5318687279631136
0.476900822710424
0.3360817285959678
0.4755447066268873
0.2669062471747582
0.3159569659162824
0.4689449416870084
0.45020793779947565
0.530919446704638
0.4263176927945032
0.4934454389295724
0.4566494891962752
0.43341017991140035
0.4554289847210921
0.42316698309375284
0.3366512973510532
0.3631950094928126
0.4077841063195009
0.30777054515866553
0.41566766115179454
0.40603923695868366
0.34221589368049904
0.32808516409004607
0.25067805804176835
0.43097821173492457
0.3219464786185698
0.33949462073953535
0.17627248892505198
0.40629237862761053
0.42386312268330173
0.33295814121688816
0.4635656812223126
0.3771856070879667
0.3224663231172588
0.4259651026127837
0.44362625440737724
0.36181177108760515
0.42913841424825966
0.365423560256758
0.3649986438839165
0.536343911038785
0.40937980291112913
0.6214627972154416
0.5216074495976856
0.3449281258475726
0.4394855799656451
0.4481240394177742
0.3890064189494621
0.45194376638640266
0.3611653557544525
0.40151885001356113
0.4464017719916824
0.41441099358105055
0.3372660699755899
0.36405840339933093
0.39993671458276825
0.40414519482867733
0.32250700659976494
0.21372389476539191
0.2496383690443902
0.2403218515504927
0.27172950004520385
0.19914564686737185
0.33902450049724253
0.22129102251152696
0.27982099267697313
0.11234517674712956
0.25678058041768376
0.24304764487840158
0.32874062019708883
0.31046921616490375
0.3690534309736913
0.27395805080914926
0.2602341560437573
0.34144742789982824
0.4000678058041768
0.34568755085435315
0.17378627610523462
0.395167706355664
0.4402630865202061
0.2909908688183709
0.3858285869270409
0.3179414157851912
0.28622638097821174
0.32229002802639906
0.3583988789440376
0.3628740620197089
0.2679097730765753
0.29496880933007863
0.1683798933188681
0.21357472199620287
0.2587424283518669
0.29491456468673716
0.2768149353584667
0.2135566404484224
0.27232167073501495
0.2316833920983636
0.28594611698761413
0.24532591989874333
0.22276466865563693
0.33133080191664405
0.1912575716481331
0.2636470481873248
0.3134797938703553
0.37232619112196
0.27748847301328994
0.28214447156676614
0.3410225115269867
0.4632040502667028
0.345791519754091
0.4951179820992677
0.39128017358285866
0.5631950094928126
0.49557002079377993
0.48671006238133985
0.6767923334237411
0.6362444625259922
0.5551035168610433
0.5598047192839707
0.6413977036434318
0.7320314618931381
0.8045836723623543
0.7777325739083266
0.805126118795769
0.8957598770454751
1.0
0.8556188409727873
0.9327818461260283
0.9149715215622457
0.8248802097459542
0.8839164632492541
0.8797125033902903
0.9162372299068801
0.9346352047735286
0.7767832926498508
0.9398336497604195
0.8317059940330893
0.8411083988789441
0.79631136425278
0.9277642166169424
0.8196817647590634
0.7251604737365518
0.8611789169152879
0.7756983997830214
0.4597233523189585
0.6047825693879396
0.5555103516861043
0.5695235512159841
0.6016182985263538
0.47097911581231355
0.48056233613597327
0.458412440104873
0.553837808516409
0.5226923424645149
0.45994937166621463
0.6322213181448333
0.5242744778953079
0.5428984721092125
0.5298797577072597
0.6389114908236145
0.5580869722448242
0.5496338486574451
0.44626163999638374
0.4784829581412169
0.4022330711508906
0.45710152789078745
0.4215532049543441
0.508046288762318
0.5448422384956152
0.5048368140312811
0.5325919898743332
0.5603923695868366
0.5158213543079287
0.48485670373383966
0.557860952897568
0.5585842148087876
0.6225476900822711
0.5102612783654281
0.7415242744778953
0.6156767019256848
0.5847572552210469
0.5222403037700027
0.726380978211735
0.6322213181448333
0.5018985625169514
0.7874514058403399
0.7114184974233794
0.6082180634662328
0.6497152156224573
0.6188861766567219
0.6875056504836814
0.5527529156495796
0.6168520025314167
0.8211282885815026
0.7360998101437484
0.705315975047464
0.692658891601121
0.6392731217792242
0.7712684205768015
0.6862851460084983
0.732438296718199
0.6338486574450773
0.607675617032818
0.7171141849742337
0.731624627068077
0.6738088780399603
0.864614410993581
0.657671096645873
0.7716300515324112
0.5828134888346442
0.5837627700931199
0.7430160021697858
0.7892143567489377
0.6862851460084983
0.5969170961034265
0.7652111020703373
0.7843323388482054
0.7130458367236235
0.7141307295904529
0.7197360094024049
0.7569839978302143
0.7942319862580236
0.7591989874333243
0.6021155410903173
0.5851188861766567
0.7354217521019799
0.7320314618931381
0.7151252147183799
0.711734924509538
0.6451044209384323
0.6960039779405117
0.710740439381611
0.7752463610885092
0.5278003797125034
0.7957237139499141
0.7155772534128922
0.748485670373384
0.7632673356839346
0.8142120965554652
0.6391827140403219
0.5997649398788537
0.6417593345990417
0.6656269776692885
0.7753819726968628
0.6682035982280083
0.6423921887713588
0.7205496790525269
0.7082994304312449
0.4520025314166893
0.5301961847934183
0.41402224030377
0.47414338667389927
0.6337582497061748
0.5537474007775065
0.5732302685109846
0.3531235873790796
0.42685109845402763
0.44636560889612154
0.5020341741253052
0.42661151794593616
0.3060030738631227
0.5922610975499504
0.4038604104511347
0.44149263176927944
0.5830847120513516
0.4037745230991773
0.5770273935448875
0.41582135430792877
0.44445800560527976
0.6313172407558086
0.45203869451225026
0.4445484133441822
0.5139227917909773
0.46573546695597146
0.46279721544164176
0.45080462887623185
0.5066449688093301
0.589594069252328
0.6680679866196546
0.41201518850013563
0.44981014374830486
0.5599403308923244
0.484721092125486
0.5768013741976313
0.4654190398698128
0.3224663231172588
0.4597685561884097
0.45240032546786
0.5083175119790254
0.4829581412168882
0.48463068438658347
0.46379170056956875
0.4112648042672453
0.5033902902088419
0.43737455926227287
0.3351640900461079
0.34597233523189586
0.4517177470391466
0.3676159479251424
0.4553385769821897
0.2672723985173131
0.2419627520115722
0.3341967272398517
0.2772669740529789
0.3559623903806166
0.20412259289395174
0.17886719103155233
0.144575535665853
0.2187867281439291
0.26588463972516047
0.23614501401319954
0.22448241569478347
0.23544435403670555
0.15601211463701295
0.16699665491366064
0.08758249706174849
0.17993400235060122
0.09601753910134707
0.11156314980562336
0.1316155862941868
0.2601889521743061
0.0
0.060785643251062296
0.0763764578247898
0.07388120423108219
0.06687460446614231
0.08249706174848567
0.09811047825693879
0.12731217792243016
0.09321941958231625
0.00037479884278094207
0.17426091673447247
0.22156676611517948
0.1061477262453666
0.13539010939336407
0.03807431516137782
0.18488382605551035
0.2141578519121237
0.1801555013109122
0.18685019437663863
0.28395714673176026
0.3177922430160021
0.13013741976313173
0.19111291926588916
0.3831886809510894
0.1232393092848748
0.4554741885905434
0.276900822710424
0.25204321489919534
0.3266205587198264
0.27917909773076577
0.30407286863755534
0.3741750293825152
0.4578247898020071
0.34714763583762775
0.3494801555013109
0.40152789078745144
0.3767561703281801
0.45142844227465867
0.36338938613145283
0.48779495524816924
0.33650212458186424
0.2213543079287587
0.32773709429527165
0.47477624084621645
0.37323930928487475
0.3847210921254859
0.4187957689178194
0.4528975680318235
0.3965916282433776
0.5437121417593346
0.4557906156767019
0.46279721544164176
0.38843232980743153
0.6124220233251966
0.43865834915468765
0.5541994394720188
0.5657716300515324
0.5050628333785372
0.3945936172136335
0.4875689359009131
0.4675436217340205
0.47012024229274024
0.47269686285146006
0.5386041045113462
0.5819094114456197
0.5845312358737909
0.5781122864117169
0.6079016363800741
0.5698399783021427
0.7172045927131362
0.5977759696229997
0.6637736190217883
0.5986348431425731
0.5606635928035439
0.5046107946840249
0.37173854081909413
0.6140493626254407
0.6755718289485579
0.6557273302594703
0.5138323840520749
0.5617936895398247
0.5419943947201881
0.3820405026670283
0.5385136967724437
0.40121146370129285
0.6300515324111744
0.528930476448784
0.4232799927673809
0.5075038423289033
0.5781574902811681
0.5177651206943314
0.3805035711056866
0.460220594882922
0.36821715938884364
0.5519392459994575
0.4689901455564596
0.39507277822981646
0.44774432691438387
0.39645601663502394
0.32257481240394176
0.3617123225748124
0.31044661423017805
0.4264533044028569
0.20344001446523824
0.3737139499141126
0.308927764216617
0.30744959768556185
0.33760961938341927
0.2140990868818371
0.2442952716752554
0.2970888708073411
0.23689991863303497
0.3303996022059489
0.36967724437211824
0.2643025042943676
0.4030377000271223
0.3338576982189676
0.22399421390471025
0.19551125576349337
0.329780309194467
0.17926498508272307
0.20505831299159208
0.25798300334508634
0.18435494078293102
0.15593526805894586
0.326421661694241
0.18953530422204137
0.2651161739444896
0.3904303408371757
0.2897387216345719
0.22521923876683844
0.3370038875327728
0.35839435855709245
0.4928125847572552
0.3153241117439653
0.4452264713859506
0.5208841876864659
0.4609890606635928
0.34230178103245634
0.20555555555555555
0.18634843142573002
0.22591537835638728
0.20672633577434227
0.16946930657264264
0.2226335774342284
0.3029246903534943
0.23405659524455294
0.25560980019889706
0.20484585480517134
0.16313172407558088
0.3158077931470934
0.206310460175391
0.31832564867552665
0.23145285236416235
0.12651206943314347
0.3063647048187325
0.2466458728867191
0.28638911490823615
0.15436669378898835
0.2800198897025586
0.15706084440828133
0.2194512250248621
0.13267787722629057
0.23577434228369948
0.09477895307838351
0.12104692161649039
0.20157761504384777
0.1871847030105777
0.17280535213814302
0.14487840159117618
0.14860320043395717
0.247269686285146
0.2736190217882651
0.23669198083355938
0.2675888256034717
0.20356206491275652
0.22092035078202693
0.24732393092848748
0.2827863665129735
0.1736009402404846
0.2723713949914113
0.26718199077841065
0.23035891872344272
0.3065590814573727
0.26976313172407557
0.18325196636832114
0.2504475183075671
0.29957508362715846
0.4300786547328452
0.23060301961847932
0.43798029111291925
0.3741388662869542
0.27415242744778956
0.32334779857155777
0.14653738360003618
0.3404077389024501
0.30375192116445165
0.41627791338938613
0.3615676701925685
0.3159072416598861
0.25217430612060393
0.23365880119338214
0.3552888527257933
0.3774839526263448
0.295719193562969
0.4219057951360637
0.3040050628333785
0.21323569297531866
0.25357110568664676
0.36624627068077026
0.2393499683572914
0.47861856974957057
0.3201066811319049
0.30626073591899466
0.40995389205315974
0.3328451315432601
0.3642392188771359
0.13798481149986438
0.28241117439652835
0.3409637464967001
0.5080010848928668
0.3044164180453847
0.25903625350329984
0.3538061658077931
0.3039327366422566
0.23599132085706537
0.29010939336407193
0.17247084350420397
0.3079830033450864
0.24009583220323658
0.29878853629870716
0.3710559623903806
0.2579965645059217
0.49303860410451134
0.3121914835909954
0.3573863122683302
0.3257481240394178
0.3302865925323208
0.3845628785824066
0.39816924328722536
0.389187234427267
0.46157671096645875
0.49783021426634116
0.48435946116987616
0.2132582949100443
0.36255311454660516
0.407897115993129
0.4849019076032908
0.28616309556098
0.28181900370671725
0.24132989783925504
0.26413524997739807
0.336678419672724
0.18774071060482775
0.33715758068890694
0.26057318506464155
0.23372208661061383
0.31085796944218425
0.3292378627610524
0.22106500316427086
0.22139499141126479
0.36638640267606903
0.16784648765934365
0.2631452852364162
0.2725702920169967
0.3272127294096375
0.133247445981376
0.16079920441189763
0.3149308380797396
0.21593888436850195
0.3248982912937347
0.2440150076846578
0.27615495886447883
0.2857065364795226
0.2545927131362445
0.200885995841244
0.26924780761233164
0.1568077027393545
0.23424193110930294
0.3207259741433867
0.17668836452400324
0.13663321580327276
0.3406925232799927
0.21930205225567306
0.26517493897477623
0.4828225296085345
0.4428623090136516
0.2853675074586384
0.2770590362535033
0.3636922520567761
0.2830892324382967
0.36523370400506283
0.3660247717204593
0.22670192568483863
0.42190127474911854
0.3187686465961486
0.27893951722267424
0.27528704457101527
0.2580914926317693
0.2725522104692161
0.4362037790434862
0.26083988789440377
0.41999819184522197
0.321512521471838
0.363172407558087
0.31444263628966646
0.3516137781394087
0.2712729409637465
0.30847572552210467
0.2191257571648133
0.2744462525992225
0.12636289666395445
0.2630774794322394
0.21447427899828228
0.2969803815206582
0.20320495434409186
0.22697766928849109
0.11515233704005062
0.22936443359551578
0.1718199077841063
0.15949281258475725
0.3777235331344363
0.2840656360184432
0.39836361992586566
0.2052888527257933
0.37837898924147906
0.4475228279540729
0.3042220414067444
0.228745140584034
0.47875418135792425
0.4304312449145647
0.3866467769641081
0.45136967724437216
0.4708887080734111
0.38197269686285146
0.41510261278365423
0.4120920350782027
0.4362173402043215
0.39255492270138326
0.22686013922791795
0.28267787722629056
0.3882424735557364
0.43053973420124764
0.2423108218063466
0.1671141849742338
0.2682262001627339
0.14786185697495707
0.3348973872163457
0.24168700840791973
0.28411083988789443
0.394354036705542
0.25599403308923246
0.22162553114546604
0.30480065093572006
0.36539643793508725
0.2316291474550222
0.3058222583853178
0.24442184250971885
0.20564144290751288
0.3386538287677425
0.4988246993942681
0.2295452490733207
0.4756351143657897
0.36913027755175837
0.3711463701292831
0.31442003435494076
0.3029111291926589
0.3908733387577976
0.3251604737365519
0.4086384594521291
0.3339255040231444
0.5033450863393907
0.23879848114998642
0.5257662055871983
0.38333333333333336
0.46239038061658083
0.35164994123496973
0.29967453213995116
0.4014103607268782
0.44892414790706087
0.39701202422927406
0.3451134617123226
0.33844589096826694
0.39508181900370676
0.3387261549588645
0.29143386673899285
0.31196998463068437
0.2918407015640539
0.3124129825513064
0.2968447699123045
0.3084214808787632
0.24769460265798754
0.25027122321670736
0.3613597323930928
0.42274206672091125
0.2852499773980653
0.2743513244733749
0.2770319139318326
0.3927492993400235
0.21918000180815475
0.18124491456468672
0.25181719555193927
0.34049814664135253
0.27098363619925864
0.24217521019799293
0.2540728686375554
0.3880435765301509
0.3412214085525721
0.2944173221227737
0.27024229274025857
0.3319726968628514
0.34400596691076757
0.3379757707259741
0.4223804357653015
0.53394810595787
0.3381113823343278
0.45872886719103156
0.2991366060934816
0.4062562155320496
0.24217521019799293
0.33125847572552214
0.4068077027393545
0.41456468673718466
0.37714944399240574
0.3623587379079649
0.4786637736190218
0.45037519211644517
0.3452490733206763
0.5113461712322575
0.39724708435042033
0.4097233523189585
0.4583672362354218
0.40761685200253134
0.5331796401771992
0.3965735466955972
0.31875960582225843
0.4037067172950004
0.4344363077479433
0.4742337944128017
0.4010351686104331
0.3866332158032728
0.3044480607540005
0.33078383509628423
0.3119338215351234
0.3518759605822258
0.4054063827863665
0.40019437663864027
0.5215622457282343
0.5390109393364072
0.46157671096645875
0.42030105777054516
0.42877678329264984
0.38756441551396803
0.4503390290208842
0.5809601301871441
0.4720188048096917
0.530331796401772
0.43049000994485126
0.3758701744869361
0.4749570563240213
0.40232347888979303
0.45175391013470756
0.5238224392007955
0.4647861856974957
0.46460537021969084
0.44632944580056055
0.473284513154326
0.5861585751740348
0.4640177199168249
0.319297531868728
0.49557002079377993
0.3147138595063738
0.3147274206672091
0.35092667932375016
0.4775788807521924
0.32396709158303955
0.40546062742970795
0.5095832203236598
0.38319320133803453
0.39244191302775516
0.4650122050447519
0.4517177470391466
0.3073637103336046
0.5201609257752463
0.43010125666757076
0.44856703733839626
0.4399466594340476
0.4720188048096917
0.5222403037700027
0.4458954886538288
0.5549227013832384
0.38823343278184613
0.44307928758701737
0.3578202694150619
0.32683301690624716
0.2778049000994485
0.3644109935810505
0.4374920893228461
0.33882108308471204
0.31251695145104424
0.22747491185245455
0.31875960582225843
0.31515233704005063
0.32060844408281347
0.3351460084983275
0.2638278636651297
0.2151387758792153
0.3201744869360817
0.307711780128379
0.2862489829129373
0.30549679052526896
0.28409275834011394
0.20848024590904982
0.3498734291655366
0.3782976222764669
0.4655094476087153
0.4171548684567398
0.34171413072959045
0.3973917367326643
0.3220052436488563
0.3099493716662146
0.3250474640629238
0.46220956513877587
0.3553430973691348
0.45190760329084173
0.5032998824699394
0.42816201066811316
0.3395036615134256
0.436199258656541
0.4018488382605551
0.2680905885543802
0.37394448964831384
0.4798390742247537
0.4501401319952988
0.26679775788807525
0.35470572280987256
0.4968809330078655
0.3272262905704728
0.4559262272850556
0.41289666395443453
0.2840159117620468
0.41735376548232533
0.4241524274477895
0.2592215893680499
0.32938251514329625
0.21877316698309374
0.17147183798933188
0.291474550221499
0.2306979477443269
0.12475363891149084
0.1725386493083808
0.25200705180363436
