0.45462596281476164
0.33825193619179295
0.41554651512568913
0.3863554537278152
0.37100197248617023
0.2992040806958297
0.3718738478565232
0.37079868320567533
0.39403558403078787
0.3278589671717804
0.3490508238078679
0.3638472355134542
0.3018811244992346
0.3088142617824235
0.3846612164663954
0.4422167183875614
0.40051859688778296
0.3292567454301999
0.38201609736831843
0.4660495254644266
0.30701986272992726
0.36473877694345347
0.328027446311674
0.34798099892630124
0.4119939487159059
0.387926485217394
0.31921125737752876
0.3361817844683834
0.405549524075079
0.33523430768174917
0.32423356649399837
0.3005464668710035
0.3666646958396844
0.3273047956235457
0.3826377052091812
0.3151462464934121
0.40716126678213294
0.4234327225300371
0.31173826054568315
0.33444012565179954
0.3511029932640407
0.3699781330350136
0.2865819539963504
0.37458404707391657
0.2819031755807099
0.33453798205090074
0.43118617327953807
0.36343688317903267
0.37124877142067897
0.3213236779893519
0.3747451238655629
0.46432431143251574
0.36181620265255576
0.3804403443070469
0.3443912120937871
0.3469507422475784
0.4162357340823119
0.28349465581435646
0.5468903957310343
0.3810117852282907
0.44003924332644956
0.4043699714650606
0.35885376059859253
0.4362830291062778
0.42234917720800713
0.4777111027589125
0.4585534229754622
0.4877431391273089
0.3737464249007875
0.49318583167385954
0.39820742618269717
0.45457635935690677
0.48997099936225097
0.47180726866966893
0.44630834376395223
0.45479718960985743
0.5207774308624767
0.5001191766638895
0.5174856413473968
0.5478949119027743
0.48721420865968246
0.5039531270285375
0.47280240177271704
0.4702207637778221
0.5636936746638075
0.5500742977513532
0.5822354176400895
0.5211899419996681
0.5549472347645225
0.5713933573209302
0.5806565974543785
0.6399304221441829
0.7155273130510176
0.6564464236065463
0.6190322223994285
0.7034461506239601
0.6348754632170466
0.6312512793730735
0.636280720554437
0.583987485991242
0.561056811363247
0.6615200883790932
0.6392999846394527
0.669705369243067
0.7793391134223278
0.6617193401894776
0.7185531174369486
0.6797364018295724
0.5956862777425829
0.5959800984937421
0.5672308990695831
0.6553805501710094
0.6347832587744946
0.6987845512551127
0.572001871939124
0.49952792136176544
0.5792366843004465
0.4872776724177478
0.6095784020827291
0.5517819157956244
0.5127445527356929
0.5713720814929154
0.5440933826217069
0.5506199638230281
0.5368292309396773
0.5697084125226268
0.576717565040326
0.5642038460090759
0.5349564660292997
0.5663724318841376
0.532503656765286
0.5608486825034278
0.5613667213552276
0.5909089812308852
0.502590717095694
0.5974898663049333
0.5666272350623073
0.5475612500270233
0.5307300321713301
0.5351776271307284
0.5104831348526377
0.5814885644800527
0.5702364248165078
0.5403847213549595
0.5656855509238395
0.601319878266533
0.4059814073982114
0.44678591885486096
0.4754015741533933
0.39860504167017147
0.4608745678179237
0.4637388583512748
0.38677400524911654
0.461523188151338
0.45611149450675315
0.5125731448039421
0.4819878046149513
0.463909853296667
0.49987090074365376
0.5253693089461672
0.5216988156893402
0.47468398712189275
0.4688549699579848
0.5817452645708379
0.4448014303046418
0.47914119130696226
0.5327900616409937
0.45556737715409895
0.5228687184175782
0.4583564132852458
0.5692058784296392
0.4554388784398253
0.5225223655532827
0.4528735763104652
0.49886597838330127
0.480533213271189
0.4484670003853869
0.35278424795395785
0.3979777655022967
0.5099938348850082
0.4263174479326044
0.4256234757000974
0.34901489527972107
0.40036470571733734
0.44168879766770186
0.4227068937869434
0.4091862691792851
0.38895770211035263
0.4909789071933851
0.41674982690144713
0.37260442189823734
0.35161956608721123
0.35312943657230533
0.4265671942518924
0.39430976668307577
0.32730827962054376
0.3822376329541681
0.36808535179171925
0.2566143763463603
0.4052100544285042
0.3478348435909754
0.43044256491033084
0.34675284019022007
0.40850361570317456
0.23278905792118254
0.4215325108411448
0.3926798713243642
0.35380121875754006
0.3918099111801894
0.38664902313619043
0.4216858425043143
0.3373187433756739
0.4891085876713056
0.4224867708782797
0.3134405098914519
0.4593098492182677
0.37014649562615254
0.3260265329602932
0.38754429609426755
0.396619128858662
0.4137206483378141
0.3816173010533619
0.3406322246911691
0.3616022672014303
0.40745787868786165
0.3954476615934514
0.203339430460517
0.3705937774956416
0.23377120831615228
0.23901862213939234
0.38418040816876176
0.3427459569700161
0.31565050836239983
0.3874629891651301
0.33498015010322413
0.42485176489579124
0.45237292879379404
0.4929966819971341
0.5124631325013501
0.5588977791461616
0.49662346531165136
0.5480671032825288
0.5935441713546945
0.537821776994364
0.4857935498643895
0.6325039001804701
0.7820037373524115
0.6327097661047396
0.7058465228191237
0.7633672447829228
0.79048776928902
0.7987085820652446
0.7647249198217326
0.8081305285262407
0.8001118704773663
0.8418680615777516
0.8336212994764733
0.8478696627145342
0.8939203540948577
0.8599366918513456
0.9082980471539153
0.8568283553775571
0.941609722764545
0.8273182657269191
0.862446294080615
0.7701974654744397
0.8383404232977263
0.8418826760490976
0.8306448580261352
0.7745576912684751
0.6993729549120384
0.6473598157366053
0.6989554189678041
0.7029270656021316
0.6430545721620745
0.6225359818423422
0.653437842598646
0.5147737385651543
0.5625840151139561
0.46530330111763685
0.5211439755781155
0.5711242230660373
0.6177715362990233
0.5039601518380338
0.3860078958248866
0.5131524322797602
0.5404133705337125
0.48238787333141153
0.6014950741259266
0.4698694483353487
0.5299551940251072
0.6361407000205007
0.43597820407052956
0.535443469972807
0.56552816590432
0.6280538887619949
0.43448328952091786
0.5763334214255016
0.5293063795120564
0.6132553193648684
0.5320734876909492
0.4564271313794824
0.476119116921944
0.6520928898366372
0.5540368087114929
0.530109040864315
0.5278440410967173
0.5794965299784232
0.5932923260341788
0.6658284001892929
0.6246047248430537
0.5813895445985859
0.571702111323586
0.6566734259895146
0.6204967239879606
0.562003571648813
0.5757993677045687
0.6387050553945416
0.5882423009670708
0.6510984551259582
0.562079884016222
0.6287555311987792
0.6572705892407543
0.6540669145323982
0.6827605430956917
0.6134436903116605
0.6045846941386462
0.571429398722703
0.5956841228260131
0.6007197672145788
0.6338524047182829
0.5892308943962102
0.6370371805128217
0.5469962345899688
0.5420100806490562
0.52609744800417
0.6217860409535562
0.612706676563258
0.7107895288268214
0.6659514659648111
0.7142062243511105
0.7129709515160509
0.6765585141074003
0.7553425069416349
0.7113862303900419
0.7784950871329016
0.651118173494106
0.676159432523009
0.6036729532959751
0.7369367858104757
0.6403095793173261
0.6959637726665227
0.7936361346790176
0.6785081551945982
0.5691910691516502
0.6231085011220291
0.7571705245550161
0.6285507634053926
0.7220463868711536
0.7077755404756976
0.7050316103142242
0.7665346791235114
0.6996919698486695
0.6285696392875767
0.679074252808008
0.5661581464391011
0.6100384128901895
0.7109487340282329
0.6378350030493386
0.6680526531490242
0.5993779311105404
0.6972744770176659
0.6247688149234731
0.6356875011134024
0.6493995943169659
0.630017150111364
0.5752256216024213
0.5644969069025833
0.5233223813717311
0.4870353370509774
0.492289354440732
0.44980985567333287
0.5252071660009808
0.3575329560568906
0.4556703699860638
0.5176527652526115
0.4447940723559203
0.3824129868502958
0.4380212350775442
0.438119238413498
0.5006898963659947
0.4381088379674229
0.4436361737396741
0.5221167891104432
0.5708465547530106
0.4898279234307634
0.5417842011668403
0.5185745281024488
0.5416549091524869
0.4406816364463746
0.5688509543213658
0.5038475054491602
0.4714486858778414
0.4824334852458464
0.5505286225390377
0.5287859808801042
0.6036820405478618
0.5724875829451053
0.592770741304163
0.5173728813896026
0.5115239120647431
0.5181290868825857
0.5066542288626088
0.4889405049362364
0.49319783189965155
0.5459939937697533
0.464226201536459
0.5383309035539848
0.46203132834247235
0.5150692608014871
0.5719471860889354
0.49942480268148104
0.42150052439117486
0.5408476876610386
0.4719906467184731
0.3773676719073519
0.37076532695088005
0.4562477029701837
0.34977905194428127
0.3396135536564268
0.42546332062074926
0.2928796250815661
0.28751289532444835
0.23716335616098017
0.3201950015863394
0.311831978812159
0.32477026387392927
0.24095423501894575
0.1730596285491492
0.26437369237748
0.2060359520415197
0.29013558565330744
0.22332951960115638
0.23472076627467467
0.2207778672219077
0.19277280507506245
0.19428495694584463
0.12289940821019635
0.17186014355061902
0.12884137491886594
0.15957778800103617
0.012435292471668594
0.136361721436006
0.12549609224454367
0.1554127219542339
0.17730266494916655
0.1989824896291971
0.20478310659810073
0.2432037200577037
0.2185417542313629
0.18450860314806639
0.19034116695377284
0.18836722217964094
0.2587696368696898
0.2543697805073697
0.353897199264271
0.313973182707678
0.3300978456344512
0.3452069670163622
0.3414654066758401
0.1812387739164389
0.25463014483164964
0.29128957694989793
0.42139867679630083
0.3473222800660686
0.3076890641058278
0.39380959819954064
0.2638976578917527
0.19792892472051998
0.3839507293113743
0.34631425571721985
0.19632514116230695
0.24052214997347227
0.27340770244136253
0.3157983155810803
0.31692966734728223
0.2968125569623192
0.2853705784547488
0.2922049800829638
0.2963888871851412
0.41479296661404486
0.41762287047223606
0.4254228810710088
0.4315547422087809
0.4727763568508664
0.442857018267271
0.4208329009428756
0.49022063946908334
0.4177233997389158
0.5803680654118045
0.4655031473303943
0.4591937327755355
0.4908556878943397
0.49539720237695584
0.5361041943854336
0.4854135006034635
0.48757230728436846
0.48848445077709923
0.5826566434878463
0.40861329223435466
0.5697503932300597
0.5787347323304328
0.5126444518573883
0.5522113746141283
0.5423416153579409
0.5596262541183602
0.5860054632995384
0.569579968891825
0.43879792837525156
0.5205994678548006
0.662881966970299
0.5858007580826641
0.5757941215206969
0.5192506994154455
0.5713744400935502
0.5395531746721088
0.5323854540166604
0.4935210965885207
0.4135029790740715
0.4461833516623746
0.42164001108786275
0.5451177364170317
0.45863283902614793
0.5159493261336506
0.41040392326822345
0.4680588720748504
0.49821664196475385
0.47770894791063057
0.5362332136208229
0.5284080623245974
0.3875981511108848
0.3882596058311436
0.4815867074212262
0.3558467650113342
0.5202643837291472
0.437201305047571
0.28576324260050245
0.4237307717400377
0.3933244529398627
0.42558233220804703
0.39462351323607214
0.4484213488577847
0.39232032665456035
0.26489003432560093
0.37116987498474263
0.4326058985673569
0.4113401626044718
0.3175410891100812
0.2574842001010531
0.483178209159341
0.33653686751354905
0.5166418187420361
0.41341182815180516
0.37631249785110515
0.267285574918704
0.38498186968468084
0.33926417334914705
0.33419265669542386
0.34094973308584553
0.43598599852767406
0.38586807335678686
0.24263968735746302
0.3830455606786737
0.2976589124389358
0.41377590853857654
0.45300595869196275
0.3629627419245842
0.28788225838564124
0.34299403031741643
0.39510950923212895
0.43738096225224343
0.5110395195918196
0.5541307559844141
0.5612797105769747
0.5477616324360643
0.5816927560480534
0.3765000913157691
0.5074180198518821
0.3430719067375748
0.45196087337874624
0.4063774659100418
0.35596665522749804
0.4396129118498624
0.33695111329277444
0.4487532438968791
0.3383168835967557
0.32914353287287973
0.35255783275968133
0.41498335934711794
0.30921360851616275
0.3300477417755677
0.29064358855480155
0.40068443333712445
0.4205845054195556
0.38942388601627653
0.42889271927640615
0.2996404327207061
0.3951122276104627
0.4168992731653643
0.34134662110894587
0.41054991453265155
0.40140857794016127
0.39091323810368467
0.41915871969582763
0.4162767488144966
0.38305094727480354
0.40934340951098336
0.35268129362393064
0.430030527188047
0.44350738503789533
0.39110560308950765
0.3690190171163797
0.3853275585612732
0.38182664258143045
0.4106395553061225
0.36428993386447317
0.3773017026117991
0.3689728798944709
0.415145698272257
0.40365607759627603
0.3809116619391518
0.506735452474348
0.37691321364173136
0.3522226118968985
0.28454401779764416
0.5492337895904398
0.6724495769015749
0.5110588174122801
0.4707665410593825
0.46342469249839663
0.5049525611555912
0.33689293387287134
0.4140435262628632
0.4341511955158287
0.45644631792176965
0.5191949839084746
0.6507907461138136
0.4091307629746078
0.4033612381454321
0.5087756153912057
0.5165328366549451
0.49793364185970973
0.48378108735957775
0.5978832559719609
0.4943623981178018
0.4915619005272533
0.4687892793389842
0.5817936799192414
0.41223640611308354
0.6132435552909153
0.49733638245295386
0.4928527672548115
0.5002032767589845
0.4579576121156432
0.5356321001030709
0.5606586566934473
0.41221735422825
0.49174766693778355
0.4925705724498868
0.49925983563593623
0.4603323088759474
0.5468123346356681
0.449273443978772
0.46683583666036343
0.41894294824485867
0.5575579834213263
0.5231145754514139
0.4668946251210737
0.36299435139452235
0.45442365234142457
0.4020680103216282
0.462386941965693
0.590492091165655
0.5312962431425888
0.5368301371816709
0.534595903702753
0.5655132680383513
0.6962615749724503
0.5102018592644002
0.5407619780769347
0.6539864452345783
0.5734394240958399
0.7216205831293633
0.6023352546292676
0.6540602030151916
0.6051979200605215
0.5244229666443896
0.5723662995448358
0.5623297350208006
0.5595139304579171
0.6795601816522655
0.5214909997120835
0.6467362597858552
0.5242471013156399
0.622235252408298
0.6033284731331443
0.568109690957301
0.5508293307417651
0.6072935032945516
0.6631723262718702
0.6220706740696733
0.6514601238400108
0.6650510481806715
0.5958181320416363
0.4293882035106684
0.6845372725524421
0.4289470439583065
0.5422324326349067
0.4199429826035855
0.5293501691649237
0.5008316609098179
0.5278687163565264
0.4504495139078857
0.5069784608428193
0.528337352727854
0.6468633207116342
0.45773112893148915
0.4666273427522639
0.5523236622682447
0.5947944335614563
0.5259261451736451
0.48990947844349153
0.5247829569049017
0.5300166185834869
0.5683980623992422
0.537686719249677
0.6060653971463312
0.5522317813859936
0.597530088848268
0.614742850227443
0.6072410862775007
0.5248240904083005
0.4751673849697068
0.5828428683954905
0.4326014456835647
0.486912910493293
0.5077197466860062
0.5522122991696846
0.5848929427366356
0.7317400103786622
0.5914987563563769
0.6652664205201337
0.6258403974104191
0.5785210254698177
0.5957071072163069
0.524676297412119
0.4434352678979715
0.5814142358129225
0.5151265030387875
0.5395865894744329
0.510927445473844
0.42151744008893655
0.573134082561752
0.43524502570362533
0.6001180089973402
0.4649200472315598
0.4779635195867439
0.4733384717299902
0.5766622799331184
0.4560163521838505
0.5135976456044075
0.5398097159625774
0.6229454188462765
0.6368135799206831
0.509843453033941
0.6272786261135969
0.6367418401084385
0.5367551720716773
0.5804760585665101
0.5607441123708684
0.6613808955561106
0.7021716022119565
0.5378236727274618
0.4717676778511273
0.5790097970135637
0.5263883144362281
0.43618031703674903
0.48591334961776156
0.4591960624469493
0.5128702699426093
0.5479526494753856
0.5656818521428952
0.6005855566739258
0.39975215536726966
0.37320507657122803
0.47770852216064996
0.481132661310094
0.5220068187117658
0.4708035919295628
0.4626861229538678
0.4534030721146678
0.44819756997224924
0.42120711433562685
0.39191333156865904
0.3954455533671544
0.5401954199550231
0.5065991738047885
0.5173580862658247
0.5733846780281742
0.5284096280410875
0.5582014856354398
0.47892713722740643
0.559216033666422
0.48981897492739424
0.5048687437660322
0.5462710085058714
0.5404521755452151
0.4426618587311093
0.5197162953008073
0.5671005644237537
0.5579828590690076
0.5055626160996067
0.45145436550339035
0.4702518378833469
0.6310992078320087
0.4763015184543375
0.43802914899498907
0.5007150947108181
0.5391034395736338
0.4690088283130093
0.6119844602976685
0.4073605647985672
0.4502800632428034
0.4548496485991108
0.5005033414417428
0.48766326034566176
0.5142547470604472
0.3530154556896385
0.3925974734097375
0.42407775827222627
0.4405934711376737
0.4930523836975411
0.49097536603323955
0.37873893613114834
0.3790655251165409
0.4242914998913627
0.4002042150031529
0.36566665579689467
0.4690504722060882
0.2852626661218305
0.4990463637476424
0.3847032455961295
0.42249068888188146
0.39101059035834096
0.5315413421190889
0.4563442955720517
0.4474633131041182
0.5348530330137837
0.3902371027287267
0.3597662986275436
0.42654627049746435
0.3292896994508707
0.4582615479751549
0.42789012082645517
0.4355809955352502
0.3959293669080095
0.37915683421211693
0.42511541084909754
0.527766498368295
0.5167973995341913
0.46458561897356215
0.45021948325006295
0.4011473745318948
0.45039111686077793
0.47709241982370676
0.46515750007835716
0.2799577300686445
0.47719880896484823
0.4308090341492594
0.42533045074462894
0.4774193312643783
0.39531818733121316
0.3942314706153883
0.4673335442170082
0.2884864787092877
0.4002698665614971
0.4228524735921778
0.4211186959459056
0.282054700173257
0.3750368506812122
0.4522273090277451
0.44408601310750473
0.45826026495799277
0.4634722772243004
0.4190061314515596
0.3772597154542675
0.5436955579685147
0.4089744814993361
0.3890457792470091
0.4436481446885977
0.4776630670289357
0.4708983490158103
0.5351228432564195
0.4052178055911448
0.5685938202922648
0.5025434488591937
0.4288497721777902
0.5053482066810628
0.3094151795250863
0.427120843131048
0.5467485491176183
0.40150229912439117
0.44746826964813213
0.3839084094305526
0.40684224144091496
0.46940209782444153
0.44154735960193353
0.3261123289161251
0.4380404271697721
0.3763883318123846
0.3965064488907848
0.4154654183307156
0.43735775697555157
0.45361305445602307
0.2842635125461413
0.37270345128413285
0.3835031729246846
0.3024903993227275
0.32517549517750377
0.38313380507713346
0.4725959066875534
0.44847289085281017
0.37349468808347475
0.26781540913271323
0.48368643176771553
0.38834287009523744
0.44981366698025604
0.3690239597855419
0.3232469122228283
0.4435510344150805
0.3741714669101137
0.4159433511196475
0.3420358347266996
0.3794613581604786
0.32170768479875916
0.3247069878454015
0.28691901918388774
0.27651918872998205
0.430736409736065
0.2954816987092596
0.2900573838663239
0.21577140370137982
0.3526921062244941
0.308807136931211
0.2225882565847389
0.3355620620926073
0.3320088470288496
0.4267988160851614
0.4050685978381017
0.3990940819701061
0.3860679401738544
0.26676126355373114
0.35238549603852676
0.304987800001175
0.48928594247004475
0.30673996512864243
0.42006797075067526
0.36641792937294965
0.31539840156766474
0.38041791116740586
0.38096181422033665
0.43622994609013577
0.43248727180077917
0.4765723580061082
0.4839805706037307
0.47533010240204265
0.5159749296241446
0.38491599224250894
0.4846766387148477
0.5027635365934011
0.49918766639237455
0.5103587902938048
0.40041344532133616
0.41083682972975144
0.4898291509423106
0.4953955765795641
0.44452664444084683
0.4406942196270109
0.40963332051516377
0.4675813795377576
0.38923566082681954
0.3689812715289587
0.45716071919419243
0.28336317593143634
0.46012468360806213
0.3783558044120543
0.2763626583392492
0.39183908178021615
0.33556562372048726
0.323136327233403
