0.19468609673752113
0.14765020472986617
0.2041368560216247
0.2118564450326269
0.12565867532468583
0.22517288862837534
0.20822993547035445
0.20547627621327202
0.20536116206283772
0.17040445840402466
0.1514694096946596
0.19018382163472214
0.18156278942887283
0.1534910790136791
0.10382815231172338
0.2565644580553566
0.2074499603249128
0.2321362377837969
0.19359150191675148
0.16826907408568462
0.131924658179261
0.227578181528606
0.24322327448671607
0.13376201517862973
0.1791746570640978
0.1972077245459754
0.13996155653039583
0.18039510138790452
0.18210245031241612
0.17328813875330606
0.1686173908061333
0.2150044155479188
0.15578110141765883
0.17629633645611342
0.1483101172528833
0.13987491740529415
0.16593316153187704
0.14421519298778446
0.15203687038057245
0.23549422738993536
0.08054751854452807
0.13992047965582344
0.08836888706235436
0.16466208735556023
0.1773735854098926
0.14818730852219766
0.15493350106349846
0.19929256484100916
0.1542877706556691
0.2592124395675153
0.16414678834523194
0.16814757857854115
0.09665095820639912
0.2331406553462887
0.1485440568995473
0.20334059155173942
0.1978571081970065
0.23714070209592408
0.26107639931810955
0.24330197616141344
0.22757314752907326
0.22577532405905154
0.22769474237460152
0.29386984401797384
0.28909849243325003
0.2672491768905252
0.2059933133961344
0.24631210842483292
0.15253820693761783
0.2543538976437613
0.23364454268588952
0.29967567283711705
0.23796743800544082
0.22003976110658255
0.2640520689724373
0.19946248338415012
0.23821077554333406
0.30887883521072107
0.25005993888480654
0.29985333234421646
0.26902431902288004
0.330433241897732
0.29840327962699875
0.3250989313058793
0.2759541136025767
0.3769508680625204
0.4211175084573276
0.3137308599514769
0.44227231058245925
0.34944509032683635
0.4400586761305151
0.34915957405048925
0.39138199745749613
0.3805317970122699
0.35824609157853543
0.41564691836322887
0.4974724336277514
0.4126470539757317
0.41230869811211646
0.4689717892483469
0.4784593364519334
0.4424189575285373
0.4976203556175409
0.4229166967808825
0.5221140617157276
0.4460966187059223
0.44260060282765595
0.4435506500749669
0.4912374253511025
0.4323482231162522
0.48717796953886666
0.41302849487989385
0.4160693267110402
0.442891832110381
0.44554021961277335
0.433123396574168
0.36122287690758703
0.4600693828384079
0.42402209495265136
0.3841892516683533
0.3179743403902728
0.37252050503157375
0.36456821721840615
0.34554882896130834
0.35905533164947995
0.38329881571476954
0.43762515313427114
0.36932101698598635
0.402529214098849
0.31456960997561145
0.4187950292887502
0.4090117173244709
0.36571884930858745
0.465296181925511
0.37691405856113724
0.46723689551053443
0.3922655483193111
0.4220806870875389
0.326091540735973
0.38223173180974923
0.38447612489601846
0.381160373691697
0.4598862881222183
0.3772131972069745
0.36571205392827244
0.41220066388075965
0.40248205046607927
0.36290902033965755
0.35667823873159316
0.35229231224949215
0.3529908226795943
0.3308567537357728
0.34684097037737105
0.3783082756760945
0.32873043213670244
0.3751682272395953
0.36904599734321103
0.3875967059470322
0.2999939562810038
0.41222715892577766
0.4851979199077361
0.4588821893960697
0.3743470728580254
0.42222005553613784
0.4296320561840696
0.4026964239856379
0.40813083288642316
0.40176504681982417
0.4060415213935147
0.46767851253645887
0.4852099134372476
0.46713401201508387
0.3909367451503342
0.5244498279506786
0.4443722849505591
0.4386161917614014
0.42575050218511074
0.3607358491634844
0.4421207611808582
0.41643319564649356
0.43880779785177504
0.38097068688869157
0.4140545161212132
0.36409579139056725
0.4179053166009737
0.4161380512588662
0.35759327955970205
0.3689215739834182
0.3798319902910068
0.31253836008975916
0.40340295729531894
0.2663670346428085
0.4007921397431539
0.3219188102450202
0.406920898443055
0.32091857389862116
0.3922201033035523
0.40415809060470975
0.453483589530337
0.42110807301582176
0.3522316686838387
0.3871755780203733
0.44062960310174676
0.4298561448376418
0.4602893452241529
0.43081865030405647
0.44782265514270925
0.38131536032732005
0.4266117476841909
0.42304590639101103
0.41352747647848637
0.4230917658631941
0.37310209238601194
0.46422784402749323
0.3718896763848037
0.38038843161674063
0.38151226234450564
0.4159482666782456
0.3968105059939914
0.4151311324059492
0.43249147486415757
0.38467120789543585
0.4371267179361418
0.303722838829403
0.36338596584103405
0.42151945413402836
0.3595483547811888
0.42067085427754225
0.36702145306064127
0.38226377342279005
0.48921795776625815
0.4599113759827504
0.4669752659580318
0.44046495405726277
0.4728679106692532
0.4963292674585398
0.4908552268179737
0.47460618891593503
0.5495342822018499
0.5642768554014352
0.5883628077276486
0.5191715620320557
0.6229855791762738
0.5906669256896905
0.6987767765229018
0.6496682118935592
0.7095971344661203
0.6144826157689031
0.7275072754185663
0.6902474527688509
0.7990997331006865
0.8429751389009064
0.8103149086603161
0.9002494566656618
0.8223464417930335
0.8105411991792204
0.9301281403256698
0.9215601589355923
0.9065962770226687
0.9116642086012484
0.9276387496526977
0.858305682936384
0.9071444445652984
0.9821409509665143
0.8804077682386012
0.8793234081897027
0.7761609278894493
0.841609711030895
0.7672384338521167
0.8194703065508185
0.8230478641729871
0.6980318284801363
0.7788297675048061
0.6895087931842232
0.7291647193827232
0.675606897231145
0.6804798196517527
0.5853667476828859
0.5866977236003196
0.6050103726966737
0.5778284704253911
0.6175352641986379
0.5391302343260945
0.5739985206450102
0.5596490254596896
0.5720401401335404
0.6006151876384112
0.5999916850335676
0.626807315899286
0.5763656738879346
0.6103912422870824
0.5645583298095466
0.5896168645986168
0.5831042230461566
0.6298420440070643
0.5556418416523877
0.6346078299666392
0.5647288950883294
0.5523560650908483
0.625915438398057
0.5513181505896175
0.6265296377021691
0.6853968461379669
0.5999552741186001
0.6719157217577171
0.6840012245928228
0.5489620088374465
0.6431698502011128
0.6324029602843892
0.637367409045167
0.6239498375572802
0.6566063109340049
0.619657636460804
0.6768496705915424
0.6918826520304301
0.6161759769071385
0.7321832589668444
0.661906312075465
0.6812883153405973
0.6576834506535963
0.6837373588118286
0.6551381368244442
0.6377595445645378
0.7126087149858703
0.6694685368481187
0.6391502346684408
0.6988569666273483
0.6649066383326767
0.6221150513615976
0.7431111230373716
0.6114237553456173
0.6542712892123107
0.6406887834788342
0.5669865278932602
0.6709652310682638
0.6110893092094635
0.5579823335430959
0.6045750863614721
0.6447072928325562
0.6621418319880771
0.6449828088393624
0.705682540879775
0.6656284679698679
0.7806581727765978
0.6730723889105263
0.7377748721730153
0.6833102591714193
0.7697821082175653
0.6804733623288535
0.6889571645369799
0.7049337252109761
0.6391838366574559
0.6764010127247972
0.7076632796102894
0.6418464246698188
0.6571822909946846
0.735144394434433
0.570030786465861
0.7079198984370859
0.6569708715919841
0.5904314532559473
0.5757432747733205
0.6333861026641169
0.708830261153885
0.6120208685524838
0.6796097540346838
0.6447327160617834
0.6622703843699962
0.5725785291277005
0.6861964819026442
0.6294635679746421
0.6060173938652414
0.6044502089358119
0.6325400582724946
0.6160786849010162
0.5225343078732283
0.6131153371411062
0.4852210067044504
0.5191815756140419
0.4808838700719559
0.42906344439790134
0.5180501891226963
0.47020476032084013
0.4351373543149765
0.5004371462084052
0.44978398983661566
0.4717493018956978
0.36581026200113365
0.4862643252059403
0.41736188520666895
0.46646396601937873
0.4667985389188662
0.45546333290964786
0.43103256713460575
0.43540326601551527
0.43435940891740954
0.41704850106397723
0.465665737373609
0.4535594209565817
0.4788683705139022
0.491657808830083
0.4612306012736149
0.530760654472284
0.5216041372215433
0.415891628125684
0.4770561300263332
0.5495983076532308
0.5257218711812013
0.4476297791893295
0.46609255463279003
0.5349427014452564
0.38646149950525766
0.46751594115153694
0.4582775548543603
0.40924333537904745
0.4617779371490971
0.463729126382557
0.38718416592472304
0.4088773860297329
0.48947129255052124
0.373819740275924
0.4117846522612692
0.3507759685978119
0.39544967695082534
0.36931288052436195
0.3911239345910694
0.311580825805186
0.3250263285738736
0.3906660419531758
0.27774910274807446
0.2818071504118197
0.3045552502278103
0.22493004957925794
0.326783411534812
0.32323930015260693
0.2744927405852226
0.29033974834539056
0.29399517816543247
0.2742226123414271
0.25015144663345823
0.2773061747217206
0.21942295344850757
0.23111286064330702
0.22628711926657363
0.1938628963380387
0.22302542588253535
0.16828220171749192
0.18706598091449939
0.18771630071897866
0.12766805595170644
0.12183958012526627
0.12639608320500736
0.129048198723262
0.10343107266822005
0.12635609491466046
0.10110792553622489
0.11828999439013554
0.20093955596494872
0.07750780497845818
0.14326024059622997
0.1789451711517412
0.1461916427304201
0.21018421607657345
0.18754442072146293
0.26627427130760056
0.15671418923268993
0.2709361863555255
0.2282775172188315
0.25938678216411276
0.26926051847352356
0.26522337383428174
0.24240399968470358
0.2781846873673022
0.28122197744533645
0.3116083213821129
0.31809506976946983
0.3725861566342127
0.3175192164721236
0.3760130545589427
0.2645512364665403
0.3317818846104551
0.2922271797928717
0.44450148144497803
0.41101348630843004
0.33012263500655376
0.33049974877579574
0.39944774730729266
0.3509500503295027
0.3583443603115536
0.3105428663826497
0.3437832214448977
0.3941898331664554
0.4285396282687082
0.3395638711640748
0.435428142778701
0.4554366847387199
0.45436742283895887
0.4223042292750694
0.4922244352257066
0.43134367819366204
0.47449551993524974
0.43043706952085103
0.5024447602083598
0.47260291241231134
0.49974880510934117
0.4667852094887506
0.42650669406342545
0.44077864707491626
0.4564521433088694
0.420396874776119
0.5107496942377241
0.46655401120246076
0.44324339070635693
0.44603732684530306
0.5272257302512016
0.45209162425156557
0.45714147707041664
0.3968243315914023
0.4970506218479925
0.45215191920165715
0.4374851749363316
0.4607070834612372
0.5014820725647384
0.4533087531075985
0.46477246337719746
0.4007887208711254
0.4871517859263737
0.5140635498285332
0.43259137256831154
0.34803778393040663
0.4309986007911771
0.45218059230699437
0.38898545302413234
0.4339560797956573
0.4217486697840723
0.3652023221694411
0.3239440013288103
0.37847056192548917
0.37304398403456673
0.28058567653759653
0.3293669816592763
0.3543589830765494
0.4032908284705736
0.3461361819816987
0.32725005051482775
0.3996380915352431
0.28955605189277206
0.29812895529389577
0.3361184958932005
0.32591193597895807
0.39588139391123034
0.2731277957667969
0.2696975893649663
0.2812999752130138
0.3036338100482387
0.2966969068326183
0.24483707651729522
0.2528220280740741
0.2630353647771131
0.2742520451676867
0.14490980517978694
0.22481297175133608
0.2589304571092759
0.27458579330544775
0.20257480854844545
0.18009450114050207
0.2876493558811391
0.2987035926797075
0.27958819635920784
0.18284217065629133
0.1858333556704798
0.19834950833250803
0.19871995189120983
0.13716752740762625
0.2017709171622548
0.27204427893998606
0.16937529389764105
0.21213193667044455
0.27707783306977685
0.15046736226549667
0.27981649325379243
0.21288491575731833
0.2748198121382086
0.3937802420802987
0.37442936973890933
0.3562203329124113
0.28325603788348913
0.30507006877690573
0.22141158417693457
0.2667640373561169
0.17539805382595158
0.1787726031500034
0.12089087668077442
0.15613790570727862
0.16163264607884895
0.22487442205117292
0.19312500656687184
0.16977398348794326
0.17543175820931184
0.1504436587812314
0.20265581654198653
0.2084286590300823
0.15771654397604512
0.11085431930923534
0.18589456044423244
0.16880706920852667
0.04325296451859931
0.11100327400376943
0.1420396073209525
0.21466889550401858
0.14519182093881305
0.12176358026707856
0.1637645751356241
0.12031978124481041
0.1258775827614426
0.15884158862175674
0.1910546963074552
0.16785891173167947
0.09062705043052914
0.15525807777898845
0.2916493725498944
0.2009267409591961
0.0987391202254002
0.09539998865543581
0.09349524141528638
0.19234938588293138
0.14468140220534284
0.1805066917144019
0.25515619774025006
0.211744167265883
0.23354065384506456
0.31719003458834283
0.2233328605885096
0.17486414755181726
0.20610337511946394
0.15939421351862973
0.267841105595091
0.2070957337444003
0.2771841659837437
0.20230996089263942
0.24974583818499282
0.19456779512863895
0.2880223433825537
0.2944739326248279
0.2854120474618342
0.21325674953533563
0.21639108343747676
0.18004292563877006
0.2350840961136042
0.2759436028237121
0.2870962440832197
0.19219059344217224
0.1846584921231422
0.27244783612425516
0.1901536512662052
0.2936639376136372
0.2305656752181299
0.23378769047868037
0.3006015814930538
0.3125828515868702
0.2538051001995032
0.2656733122533364
0.202174529760397
0.20941919764045655
0.14714679788428756
0.21856702017906618
0.1391341189697612
0.1842466469776869
0.10630096062250956
0.17940337163501338
0.24752137604585012
0.08178763168816774
0.1703093115902533
0.17200924057747322
0.19946558066553646
0.2374588415096455
0.23088517374070355
0.19415160073517698
0.23547407734487946
0.2323600414002096
0.24848404094683102
0.29438255110832345
0.23235015989341934
0.311455726592876
0.34318761044583324
0.38547399588976483
0.3104243092207233
0.37194596396097573
0.40199116309652616
0.31082233454623787
0.34274478428263827
0.39988052572207783
0.27514258205321396
0.33605085116174804
0.28451220037015446
0.34998423176925775
0.33727466143569496
0.41570884753073994
0.2570707784115561
0.37673937750709496
0.2704257122409714
0.2462584720647628
0.2909952247288248
0.2743856219877863
0.34832846687824726
0.3239708059439226
0.29997909419496604
0.2614976867777025
0.3402319741329772
0.19165218648604787
0.27947343915936884
0.24433142102264815
0.27278127863975044
0.3043581936551026
0.25433644410335265
0.3356869769144322
0.21169946520261176
0.3086403014850987
0.22139661803741456
0.29171476644195493
0.34102716413114054
0.3332016386678421
0.2786012344946589
0.2275454550000927
0.20933841299433473
0.24651960538439172
0.2608560351588316
0.21460673558527013
0.26698333175877054
0.2871972199773993
0.240619899083297
0.3261826711128695
0.21795140854255204
0.31691710379282984
0.3324374924395312
0.225988003265009
0.40757859717855977
0.3394176124430017
0.3928805925374374
0.33223182203271573
0.2587964252593044
0.3099536574893471
0.27643335715334194
0.24193470128470956
0.29071136631096384
0.25975965568345294
0.2799106072972406
0.36078511163768734
0.3423675040750412
0.366296070115398
0.3436852905725595
0.35813886527489164
0.37082249221018326
0.28820194382450015
0.33662552168440013
0.38229816484636764
0.4363664342187374
0.3502336566293238
0.3419897091414197
0.32300614887813284
0.2725209220390035
0.25832394029928857
0.2915672969572633
0.33522202225384684
0.2792418877063659
0.30855281648197824
0.33585054620812116
0.2541538033546625
0.2939733648844495
0.33313697179268204
0.313940691120436
0.27374142592780554
0.43889756327677054
0.39586977785184185
0.3806887424791258
0.37478995712381397
0.5095679261086732
0.45073389464732005
0.4287539832951161
0.39859564155604466
0.45745555562435464
0.4396631958428751
0.40225802509580605
0.4628024484443456
0.37596364164755036
0.3083832173719452
0.34187181445398657
0.5227482828063714
0.32173807832391993
0.4089829202100992
0.4090197905027963
0.2895586606992269
0.3255222267347113
0.4288586012775863
0.3306296817828888
0.375368004220331
0.3201791408150183
0.38663146546168903
0.3263604857066774
0.39271014864454734
0.365125550805866
0.43338021869446386
0.33887122948940246
0.2951447341575439
0.4217271272965881
0.29573396433108534
0.405959361899689
0.4001085796481417
0.4518665639862242
0.4678221841182294
0.49821609869180117
0.4492906894388053
0.4414046313031784
0.5236128942555919
0.43188773796161506
0.41042359611959084
0.37446003072677625
0.43695746212980824
0.42468781125587296
0.5037698303840625
0.40184354991611987
0.3693747780174343
0.421441539382235
0.44482652650278526
0.40596649520626255
0.4769428158693303
0.4957550008341657
0.49851036917969616
0.4516704143517215
0.5105025900057408
0.43745773739641974
0.4953717861220863
0.4809473516148585
0.4030455194513456
0.4317936455984349
0.42096411367538195
0.3971971923950619
0.38691033423734716
0.3892757239419551
0.3426739027252069
0.39777385624326317
0.3515299084432052
0.4104431717096808
0.4232650424214709
0.36862216856404706
0.4683542872773935
0.3705294835847116
0.43726576950919605
0.3993726154729995
0.4096062750008952
0.39685944628078734
0.4799898991723134
0.298426483592905
0.36089701074077857
0.35891955887267535
0.3684802737018812
0.41717765526023254
0.4154554151000186
0.312023459233028
0.43816635898938777
0.3996858438666395
0.4100698779564464
0.3625600039616788
0.42593711341978696
0.4268461561715691
0.338541881232845
0.49376127073095133
0.4404616196504042
0.42110689555299
0.4746212104693282
0.5200620772701041
0.47034961985801016
0.5435980246739262
0.4763994530701869
0.5081306239531689
0.43335742483712414
0.4297988303669845
0.45437696475379546
0.46943930724322186
0.43983398540029245
0.34598038754951965
0.37945157641248695
0.4456380976943803
0.5031438512709271
0.4369027295521697
0.4551737958157788
0.4039747714131498
0.36431391370783
0.3405171313011946
0.3908859488594689
0.4231659737613226
0.427246016319282
0.4557785017069486
0.4641095455073607
0.4320743280144203
0.3713162677901534
0.41617595375791105
0.5460835397858605
0.45296007958738516
0.39932883897224103
0.469902957808799
0.44086742777243304
0.45252595753372715
0.42641479287627415
0.4448445893925054
0.4801174851887472
0.45622886245185323
0.46864142452429347
0.4264643061228451
0.5146322567035962
0.4627573307311206
0.4262350773570915
0.43418681876979603
0.4733252331672494
0.4215081364570339
0.42058404828126694
0.37960097424750217
0.4564353001145661
0.36677360162668055
0.378718957136771
0.377817002901414
0.43095523881242137
0.4516725660494644
0.33014544847187943
0.4109388533957311
0.40830868184339025
0.4069820329297197
0.3980506815913614
0.4175698831797777
0.3286554004408523
0.43696210063167507
0.3818621288172038
0.45170173538767544
0.3161326632597728
0.472216389695297
0.4501712043417342
0.43025151960939784
0.42626055600019197
0.38290448901936985
0.4878886873501259
0.3818648506548442
0.41470628793311604
0.4224037204578035
0.34015242020602604
0.3095295435746559
0.39182675084306373
0.3257570628598018
0.3410652329373835
0.3879433832037775
0.24275157780052248
0.3305771246424276
0.25520833136133175
0.29087219786421453
0.271941297135734
0.3226703741796145
0.28928792846388734
0.26166831905808785
0.2504434102713232
0.3878306577454012
0.24662100875233728
0.3891301753709797
0.2467190437765257
0.29564477332826644
0.30588170115984414
0.2816381247271695
0.2649192566027849
0.38315044746296
0.32235985568831915
0.3610914233306983
0.33020495556129364
0.37739443880455087
0.310735904557684
0.32780639944038725
0.29843249229295654
0.35654488167176623
0.40009320167533935
0.2930644905646103
0.3910402702662997
0.2723338392748925
0.33078282848118684
0.3243711353323788
0.3724718947360321
0.31508996513134824
0.2710059764760646
0.2482161021871378
0.37654629039079013
0.3161893256829259
0.3801347617260966
0.2637258898451237
0.32074756624006845
0.2956406211962597
0.25507602128269935
0.25090456072033124
0.2336835440256448
0.2986744998388729
0.23843189100324869
0.181256496294591
0.24498132368198275
0.16950933906005786
0.32141180208133435
