0.28223257204159063
0.28309846439975933
0.27946967488548163
0.26466703519581236
0.3102331158418157
0.3253161253651634
0.261190783876024
0.30609880251974014
0.22400516479597238
0.35997600372659894
0.2838370091618936
0.25624586143170786
0.20474238494304692
0.19883729612372675
0.23691369349730554
0.2682928526938282
0.2802230128423686
0.34287428819934324
0.2301945484217922
0.32565794701890793
0.26590933799329636
0.21357442562835982
0.26357563521922267
0.2739256410609117
0.32906243243740047
0.20659100158931767
0.22959198098212188
0.29968399731914985
0.21745688428730423
0.32854642409377866
0.2851546048339905
0.22455515423167888
0.22665032468620494
0.1764604799295498
0.3092015750886162
0.21642956533302954
0.3334685326709877
0.36456831504613235
0.15539884991313796
0.2432492208212736
0.29306304584536047
0.22565586689596948
0.2731557376604201
0.24308150035799134
0.2600063077451844
0.28885592734966137
0.3050403833301774
0.268201716304152
0.17830317910199464
0.24590671085914273
0.3068055452003392
0.20796930990067036
0.21814478542211574
0.29764832868848645
0.33239958997833113
0.3291036947489114
0.3070601610972792
0.326880998134646
0.27273524827259954
0.185018525848314
0.3660409452670543
0.2611860266581026
0.291336423748053
0.27296286692654187
0.37936154522858506
0.28856886782624497
0.34261667519687955
0.27127839185015873
0.296203458511198
0.27857340449268403
0.23705042741611937
0.3396372865560647
0.33393204475483473
0.37746721534868516
0.36429078819045185
0.3831268285993475
0.4901695582108902
0.3784277732467895
0.39281333819172465
0.4602587733127917
0.4096260600910406
0.49566874489838647
0.3906264417226586
0.5631960305522445
0.45292615333628883
0.46878362602936896
0.4644388940212575
0.5034489383657114
0.5946055556469417
0.49843915402982186
0.580667776063753
0.7039417074132469
0.5921036223519689
0.6407170654151751
0.6109315159891185
0.6431480220593389
0.5894469924784871
0.5865653731533116
0.7650897845220181
0.6628528545681756
0.6098617320170505
0.6920179468768625
0.666666618610662
0.6368639070954976
0.7085313781015835
0.6279027048768504
0.7211978383124702
0.6749397933229883
0.6659226977258665
0.574125569333379
0.5002525307670338
0.7196069147801453
0.5784286881068559
0.58139480120835
0.5074320139987196
0.5954704648434747
0.5148480944113819
0.5624214957611053
0.38318731750334256
0.5025465781396691
0.42115159635394245
0.5001139068267814
0.4844081194565606
0.4842227190095608
0.47220764999619913
0.43768612487222197
0.333064828434689
0.39707730895462556
0.491771942964271
0.36473842628204123
0.3525729685327459
0.4875748040625937
0.379148239916855
0.5625484413302919
0.4900099554027487
0.4599248950499445
0.4545682528127899
0.5535954128774772
0.44216548030786157
0.5890271801197696
0.4477018954869248
0.49452857335613737
0.38007137943958674
0.49773162857513986
0.49144094757189216
0.4613635258380416
0.4431773205482047
0.4555542321740966
0.38592505818456957
0.36621170006157616
0.4375850551485512
0.32086708782611734
0.30338763816968717
0.34411558693654387
0.38410227651172024
0.4054709748738799
0.38427169830995384
0.41376964403140415
0.41863880251076024
0.40342030564027154
0.34854521001297206
0.297489572166724
0.49195240518058414
0.405035733435519
0.5054093926005372
0.4214063406360637
0.45164257353293236
0.4766631788511021
0.5785759373108058
0.5064999411749331
0.476265758631315
0.5034521730845039
0.47320604407935674
0.4809996123545784
0.3686359997789859
0.4301346459860943
0.41251038198142553
0.4576262812683939
0.4781089060906346
0.41420429949127985
0.4234688677296432
0.3938690336453123
0.43071948690990214
0.45866450202393744
0.3760990336293934
0.4763950699927136
0.3482754203373148
0.3955602801556225
0.30703137353680726
0.366981396979076
0.4135184461518113
0.3242004944951996
0.3811687988253328
0.3702074488195047
0.3129170625878711
0.26318985396784295
0.3514909145510765
0.3091115468714963
0.2616213981143515
0.32754474201116196
0.24191544448015082
0.24359985239785925
0.32510422331053923
0.35438197549336964
0.22701795448255513
0.27423713796069393
0.32818715538915916
0.3872944039149916
0.35688108284491926
0.2040408330728826
0.2654403865466099
0.31181006427436203
0.25083138267724436
0.22186741225857248
0.18179993460736987
0.16468073061290903
0.3500127163100162
0.2964199586492502
0.2293177472417153
0.24739181229357232
0.28853840320373003
0.31188873592693445
0.19256439301218345
0.2628456710934655
0.2338773928322183
0.2862681768606283
0.2131488423312556
0.1849362273551895
0.28434205137559704
0.20302492143312637
0.4107124704611018
0.20253122898102535
0.30568639220075533
0.3364129460100992
0.29098636225827246
0.23136970566064496
0.344162985178056
0.3860642969477947
0.3189809422157973
0.4004707534108028
0.3788225433656801
0.3931133487811891
0.37161777108331695
0.42238213016513104
0.38288690407067694
0.46066883481971566
0.5136661945830896
0.45184194543333184
0.6915441606586796
0.6169401985336143
0.6767657795095536
0.7768282190628346
0.7030013555140366
0.7993408167635019
0.8427349571881817
0.8159244797981713
0.8323975280328622
0.9047910647505818
0.7638355383651481
0.9326331109763493
0.8482096850564289
0.9894258598640372
0.8550897694739032
0.7446359915066045
0.8349829059811616
0.8910414816248573
0.8006762667924068
0.78580927891516
0.6828656770857717
0.6536940670113772
0.6410048347306787
0.6634818271769196
0.6187142716088648
0.5627286594569325
0.44780724393656557
0.5254201670506725
0.4172221262417365
0.42253181395267453
0.5001469806780983
0.4583559285946004
0.4098924390421077
0.41583108020469634
0.4188583451980098
0.4054496824174304
0.3352829718649644
0.4151613349876463
0.37562062505487426
0.46373217425297775
0.3465612033833114
0.3181823971644018
0.39289516216581777
0.3085579638480337
0.44367304495839244
0.3817613491731476
0.4317533346778675
0.4369747889518918
0.33625393592896435
0.278798110615317
0.35570282128612696
0.38332157732705724
0.4319067823989141
0.3737270393627524
0.41479460905780313
0.5245278766529167
0.41187923939644333
0.43647206991675197
0.5066774781792472
0.30446182130706645
0.49104527924654495
0.30970947415832567
0.3851349972221534
0.4926282329381217
0.2993482099321938
0.5396682773455709
0.4322690428211248
0.48229092367790777
0.4025456735112322
0.45628216564793245
0.5107470627297805
0.3204577332812555
0.4116094564693077
0.4101637472983974
0.5572425104233705
0.4624709639483499
0.4536363588248261
0.501389099251827
0.42306318340091176
0.5410985232044174
0.49330661571859397
0.3351210176868547
0.5613564661769335
0.490508466516972
0.5950530298691878
0.5040709248395787
0.5960003540252665
0.5601735853639478
0.4572495060279469
0.7260986510589689
0.6484800982628285
0.6000413468313017
0.6232804567889236
0.7905622114165147
0.72418875952363
0.6795805045496806
0.750508252741223
0.758114670035594
0.628266526493342
0.6805992686099225
0.6083004614886701
0.7204132970964936
0.6891230521212134
0.6347386319758914
0.7266276135707816
0.6185761984894769
0.7716565412311064
0.6209787547423841
0.622586501849265
0.6458435606974211
0.7310884849690084
0.7677510588478024
0.7111581383653467
0.6180071312008795
0.609200056834525
0.6518934398641892
0.6438873569971605
0.6394919466939176
0.676981648606412
0.7555286062959979
0.6003739074453052
0.6498416024288364
0.7686709609305635
0.4755637308271067
0.5966075920949722
0.6751851735415666
0.5200739526944145
0.5523344443767324
0.5749071837046495
0.4721287639147951
0.6044774583935615
0.4471359085174764
0.5084900323587529
0.5012997384852635
0.3783700512366537
0.47782136105462747
0.4862921399900806
0.37532534795465844
0.4262862996344411
0.3303083283328285
0.47009952765927165
0.4674054308646003
0.556409659262382
0.5096907776513293
0.4554662071249993
0.3848198988976222
0.3776669596150915
0.43764941400314694
0.366230494422136
0.5732850984384125
0.4579701334652125
0.4522439877373376
0.5824842407938362
0.4760000631857547
0.5801105127013776
0.6505861981657927
0.6688397521229917
0.5594529934108442
0.5731999190340678
0.5780763381063205
0.5575565742104239
0.7489410099889141
0.7082916279460035
0.6854504505515753
0.5545153467980217
0.6347192906041164
0.5896185253122419
0.6257999279132718
0.6366868426509668
0.5586312040019713
0.5121020089654925
0.6609968794210215
0.6017030692670844
0.5947278700975988
0.5682669247105405
0.4388379318997705
0.5407621378113693
0.4642881686755968
0.44917535512292184
0.5749602241456143
0.4067556698704321
0.3161784045158821
0.3965639682362871
0.37314374586406446
0.2153404304106398
0.2278321791796707
0.3089722843795984
0.3849109520736731
0.3160449743793602
0.25682793763859896
0.28720496483292324
0.33856038751970324
0.27858044227552037
0.3292216500899982
0.17677301191104539
0.3198776970327145
0.28691756706707305
0.2897406688184927
0.11637740595509954
0.14687681445942594
0.12136787558675913
0.1742049727107338
0.17039663668377428
0.2150817998508495
0.15826385780679936
0.03726774353751162
0.15808857913537533
0.023705997173049737
0.06692083479919794
0.1743100201708685
0.16542061903834954
0.13467715944766018
0.1750804541194479
0.2675256995880096
0.2458993904003287
0.2772714035111279
0.286185654142431
0.30637860145026
0.1541077033843523
0.1660807469046021
0.16610732889582663
0.23933983289435967
0.11325161752062608
0.08123086418397538
0.19475674517115726
0.3724589203135521
0.20462925196488446
0.19357233984537095
0.28248459394832587
0.2273564469926282
0.20135104074652582
0.18504826035154168
0.2680667357492143
0.18162518291929047
0.19974261149472694
0.3163243758546115
0.117239026368474
0.2375423455240614
0.11318731154396255
0.1767477374458824
0.26139275150818236
0.18845700732537052
0.2626951078755941
0.30318929003090017
0.28627706526224495
0.37540138365646036
0.3503134615087117
0.46482874724349765
0.348655447712094
0.4079495413583623
0.3866143134864347
0.37498193582675693
0.32460850026094057
0.38243741699301415
0.4043707962679968
0.34139192938586455
0.26784785229456337
0.3227428357606174
0.42617371959966194
0.3795207183627096
0.27244599531638997
0.3676592189791721
0.4957517574286359
0.16557867104711027
0.3406963907205705
0.22098173279966132
0.556658070710057
0.5377546255231074
0.34263076088533473
0.29542945941117327
0.4407430908710612
0.4129032834129135
0.33428845148763336
0.3759802813640977
0.3026633664219062
0.5002827546197135
0.4598009480557176
0.4769095329248872
0.48720948166197425
0.5057426164744827
0.3533616158431559
0.25696829524139836
0.3151354717139731
0.45915208450607614
0.24709104929837214
0.3821907055197015
0.24850252626688563
0.31864903163681074
0.2969923653131486
0.19468697177086608
0.2648670729140616
0.31868607644885827
0.2492374405965127
0.43364621596583475
0.38890119752107755
0.21063023036445866
0.32868204646577537
0.2906475484859168
0.40646994334330383
0.27148923264533653
0.20371201494949925
0.2762544636198153
0.2009857470815467
0.31462875015243696
0.2327795883997757
0.15454334282221732
0.22111829408693862
0.19670616301524707
0.27082331566322754
0.263678782943313
0.27654163541903876
0.20745635003841417
0.29723816527344393
0.16548147867564456
0.32405480419974103
0.32363789871228277
0.33364460976326854
0.10111644847512596
0.20965680096755293
0.30192841230865575
0.2066792582106684
0.19591472279651548
0.1574519966161062
0.20265779976235682
0.23972689631042132
0.17668092512271732
0.1443387567364634
0.30079151499670487
0.3191749490415187
0.26449314696474563
0.39563425527254437
0.4730109813821214
0.46912512467927686
0.5935831848828653
0.666625320706142
0.756812383548035
0.7312201544488969
0.5780482527730607
0.38753146298873326
0.5247308528080905
0.43649403210954746
0.36104141160894565
0.33189078301477115
0.49674324940689546
0.4377137024336543
0.42878395583615075
0.3398948961842676
0.369023344782554
0.43321110737538715
0.1741938059211447
0.4138532695342251
0.3967027113641389
0.35495696172522906
0.4468659002223734
0.2670508263680359
0.29477607397108957
0.33294452319307005
0.2509902951225101
0.4728690264477963
0.3341222470470762
0.3365619812320621
0.30159843082722493
0.39448622192031657
0.41183157964971884
0.3732176374952433
0.4361897630396779
0.4520579973933563
0.3471335459906782
0.3570913435937801
0.5253393474089807
0.38831401562220164
0.3752060182009533
0.44271224444005153
0.4743835733147074
0.2568328587258636
0.3393465829942507
0.4434706282230058
0.36774193212541056
0.3412797849572705
0.4282798240742053
0.3638753668879352
0.4688601359236608
0.37749783937781134
0.22871943305778822
0.4173091193112633
0.42532511853213556
0.44596953420737845
0.3211437832530511
0.5486629991445025
0.41338119232471593
0.5035691917960999
0.4809889063692832
0.4293704132485779
0.38001718075638935
0.4896728565712348
0.39625809209307433
0.5372995256347151
0.48496815346802097
0.5349587131842805
0.299083881334377
0.3550446101088581
0.4162913094048989
0.3745774205161234
0.4820138059785616
0.3626545582950427
0.3225036616240108
0.3941971419766085
0.28906380652347746
0.5511474656872711
0.4744301153103288
0.3498827124087992
0.3321444640237742
0.4300581039819012
0.3227767289042269
0.3879172364031202
0.35380503616316394
0.3757389124341089
0.41854724548137834
0.4711287716837585
0.24289280369357474
0.36264331933981114
0.4674289071752962
0.32376955012354897
0.4270054280291328
0.38410859008022563
0.36360365889058743
0.39902576763787007
0.3800696385931297
0.38343507336479743
0.4070266057607149
0.41266924762242846
0.38552681056337923
0.42406295728462023
0.40664726336087886
0.3630605315040378
0.38896735398590476
0.5037389276727061
0.47668011584436
0.3854818195304093
0.5106620912778638
0.4821920117940211
0.46563389028093016
0.48042793072136436
0.4698377346551782
0.27490533101777404
0.40023732732747563
0.38229407469326304
0.27843328640797815
0.37621972429867384
0.46201100702922476
0.47917782625193683
0.3366237659066294
0.49195638882200465
0.5411909206968573
0.3636320630370696
0.5271881691776542
0.484716008836155
0.5214499558958261
0.3864507061382253
0.40296959425017254
0.43968322782441577
0.34500743389112176
0.4452457885721651
0.48194656789987605
0.4075672145336924
0.4585425997229106
0.2834095223190957
0.4157417261866544
0.43984677704826175
0.4170156669242126
0.46656244298876837
0.43776249963281105
0.3336050152073717
0.3368608380420258
0.37086691369793284
0.5398915873405843
0.5619870408520531
0.5876780690694587
0.3246559416603369
0.3421929218103905
0.3867235807046107
0.45661591900870635
0.5422254829917594
0.5351963802236261
0.4685659528458754
0.5183232779953201
0.5830207302474548
0.4112099962911704
0.5124384909059386
0.4936730476523587
0.5016579943674063
0.5567781844351636
0.4752274636964573
0.4489337744308557
0.4279335149257093
0.44800021404786683
0.44200296534937566
0.31582239926569555
0.41950147484449796
0.45677804892049567
0.39031693623540986
0.6329118697637646
0.4366349324241007
0.585984074441418
0.5351666930961085
0.3972107957460749
0.39130148012086224
0.478729948261289
0.4302698197990984
0.46617751705807897
0.570075508745669
0.600798930587904
0.6009689383646228
0.7355339856840727
0.5192347689710977
0.5761499702731705
0.33003769090135604
0.42501108739921895
0.4565539986562006
0.4963526530853486
0.42046940283570433
0.4550763226092114
0.376242705409385
0.45637676212436884
0.35512868106852885
0.44055841115528444
0.5155688325461714
0.26585152427945963
0.5371842105438602
0.434546511144265
0.59766623447556
0.39723488083872804
0.4722638001450361
0.43838809874268103
0.465720920576173
0.40494353268425354
0.47559887092335384
0.3610548572218957
0.3652687031772843
0.37246426824480844
0.4462030207008588
0.44444803342433903
0.28898205482387385
0.2663862065442999
0.2110030357326464
0.39741402165097167
0.34126345511326295
0.2888836527254864
0.18419403441846705
0.21024548446691013
0.325101045627639
0.29739557271675576
0.25998949320493947
0.2105979613831906
0.49650610026215963
0.40007877658119867
0.30081563530140226
0.4560724544681941
0.5165076356596725
0.27918487301466083
0.38736690954133335
0.258253958433107
0.43073557103153015
0.3912232353122816
0.4935606908086047
0.3607419234856702
0.42502027600119996
0.36905691465020907
0.37513757159266437
0.2774708389238236
0.39703533146309483
0.3993301263977688
0.3763552341771693
0.30710970221209594
0.4117967719725843
0.3425122492266037
0.4643927602567698
0.4019191172541888
0.24528189827858138
0.4493037858022508
0.41148282296482175
0.44383288216881267
0.3455803152917458
0.48238361195543594
0.3139187886447253
0.4082880654341009
0.21673652619224365
0.3781999622599814
0.2986754487246444
0.33626484905033405
0.2544577334173143
0.30407364106510226
0.24023482166671098
0.14128502262639156
0.35442168254276785
0.3510629814350755
0.29017883682944173
0.2166759786196495
0.3625918040647298
0.3637688398416497
0.25596345272815046
0.17801218328565627
0.17690661696489346
0.15869735801773824
0.37034774073306553
0.1185620477322117
0.26527098417758765
0.22096400225645527
0.32445084407474156
0.21896444746839888
0.19694655550490991
0.28783727534753223
0.2219175494746569
0.23587393946676802
0.32745313115687796
0.34366059170466007
0.23968473486725322
0.3976955366108046
0.13103327289732902
0.38383739497052005
0.2575690828673418
0.3678209034341118
0.29681483843161693
0.3450981992753802
0.39417806439583547
0.2672156715257247
0.2557838868134691
0.24817901912116044
0.4473718778682492
0.24868948143176256
0.41126361340419115
0.3812472538721309
0.3691775412629579
0.23249568511637644
0.3458517824104111
0.33379923189034566
0.2403725212227739
0.3784255050904466
0.34473856130689695
0.34088857310524473
0.2579761354044056
0.3549283854914459
0.2929346109754173
0.2584832434820744
0.31365729208577064
0.37181081619028566
0.40613951656829406
0.24853803105541747
0.2798415343177494
0.4409825115464008
0.35960838633882075
0.3744250245848234
0.357285348133712
0.31176552599099894
0.5527227073969334
0.5139389348321255
0.43629282417588205
0.4840434148722096
0.35108933550042515
0.4160169337822678
0.39064462028062175
0.38910683335569457
0.3473060513190509
0.2838537139298153
0.3599394571078321
0.41741376052672424
0.37185713281793953
0.24268049003355607
0.2979044513017225
0.40910711815419115
0.4195905645273023
0.24710632381510145
0.3016684642632923
0.3874053336096962
0.2314236047965607
0.4881652660150887
0.26195484708414685
0.4299776586110407
0.3314224708272363
0.24923286787446425
0.2560061317938105
0.33057060777471325
0.22236199181472358
0.40293238720148866
0.4334802660098505
0.2946366749848998
0.3640379174394302
0.3236826104435358
0.4147361366556033
0.22955004773694654
0.2660801630486359
0.3145522526667171
0.24434428480970777
0.2950532549106141
0.3322863670380217
0.29050572329736196
0.1747398153618094
0.3709196804972311
0.21785084725035636
0.28721467671744666
0.4386159439619092
0.3012389282645623
0.3392296748713315
0.32416576692954746
0.21660478590730178
0.3852063462389694
0.3656904476268532
0.3558729120043532
0.27437436359638456
0.348104984900251
0.3711435995463198
0.3098121448599008
0.2865494960044874
0.16917942404606282
0.2892069426123546
0.35545140168494527
0.35223680997710144
0.3364109639039947
0.32730176170836867
0.37482932709933214
0.45975793346880167
0.40278878339652524
0.3689602585140934
0.41954673777758045
0.37151692199276387
0.21595476237387354
0.28962419875081874
0.4236698147023319
0.3711790338019161
0.3873127164093391
0.3743430640075913
0.396399858232065
0.5558169774272428
0.5293385996836713
0.5126169814110475
0.6047468029933339
0.39613023079304416
0.35547833487141123
0.3192485342680471
0.3457066238875705
0.32437438016835896
0.3403780501123717
0.3100968902390649
0.2909028039141262
0.33900808264718485
0.35865838552314766
0.4596761177126665
0.4763821770510291
0.3340164443783924
0.2961242626508827
0.3649469995739587
0.5055488649496878
