0.3512140299376363
0.2983754227937089
0.3372412141219163
0.3924375391731708
0.32693700002353643
0.3240370446287429
0.3340701728853901
0.3542143374833625
0.22713639322789925
0.30623020827076763
0.2843308458295613
0.37263734614538857
0.3269732792434612
0.2808593323101316
0.342220648814243
0.43216945033275517
0.2891158229655426
0.3858828451852152
0.31551268532421956
0.31634848874258464
0.2779082716452465
0.3266017036440198
0.32090309046449705
0.3287348212493304
0.35580459384635094
0.28345031766911327
0.33144845574047443
0.3100148818426829
0.29907033898078217
0.29367042360909085
0.31231792727425034
0.3173916954923649
0.21912535787977805
0.3442958643955967
0.27026058326870633
0.23334910833053613
0.33175567472924916
0.3687603890533441
0.27062470071386036
0.3437911331203256
0.27820758050320116
0.3427713469001694
0.25581645539151776
0.32697698661291985
0.28214604945232613
0.27955634140232555
0.44691053702216577
0.2982463469223919
0.3316059043709718
0.31786806387105315
0.4216216358408962
0.26300761363756875
0.32648574015722254
0.3308035482544524
0.27771010578079575
0.36643081238643715
0.2596676513335086
0.4196671009916405
0.3689573496886974
0.40282097795422667
0.2563122159457677
0.3656173933074993
0.4397969681269073
0.37305166599913964
0.4806777886361824
0.3805097912656902
0.27941107692359257
0.4268648929116581
0.36000262191398397
0.4281808526312248
0.3407184752179391
0.3356190707235759
0.32107121438184116
0.46140743273270257
0.2981469274649925
0.4380369243099625
0.4486846216143401
0.43004794288229464
0.3971671625662196
0.4960806506837563
0.48897852337240205
0.46736263652004467
0.507697149207404
0.49677033176906094
0.4561374814015642
0.506327875282083
0.5295508528497015
0.6015055809791647
0.5673146240768892
0.6137953116514729
0.576687438543439
0.5966436194246949
0.5970008189745523
0.6561183523942973
0.6339458775266658
0.7687323677565631
0.6076349507193759
0.653338156716025
0.6520907419497354
0.5614210399389357
0.694442207389426
0.72110368928541
0.6199404229225252
0.6762811376956037
0.6919920050867558
0.662848905501713
0.7628646720404847
0.6201710433317613
0.5718940494574261
0.6285733219093099
0.591833929677694
0.6298075961979672
0.5912043098176873
0.5666502694162425
0.6071239823219121
0.5574675291142044
0.5600742772985563
0.5484394939634685
0.47982401465034946
0.6063086142450953
0.4924145007609331
0.5133832671881643
0.5753117341901277
0.5351547397280614
0.5285135621611218
0.39472429438409307
0.49637576515522464
0.3854016009530592
0.47896555100534166
0.4971851085795921
0.6150122549789867
0.48123272968779907
0.3820823709645841
0.49269040860377855
0.4417361352362982
0.5989612326206146
0.4640920669060749
0.5924983970281659
0.5104087437384053
0.47923091807757945
0.45743914846636446
0.3927736350454961
0.48075921666890914
0.5010548717094421
0.575286551957692
0.4461282930706242
0.4834028852865525
0.4815120143549163
0.49246396747063137
0.45195530395098915
0.5340236739963246
0.45884804605893825
0.4084489857476445
0.40983650781872455
0.46876474323152983
0.39063799035338576
0.45644271921826013
0.4506207685940794
0.4674143470255717
0.5624095291610172
0.48342207540043136
0.3810466369687764
0.4538950250215711
0.5260694940032447
0.46435108179847717
0.4148264782430943
0.584108908086115
0.40516160263286893
0.48586489910136155
0.49853955126106453
0.4309257940277482
0.4832528629266505
0.5237034031483682
0.4627596996236617
0.43243182422254134
0.43049850054808714
0.45792295686233514
0.5133326066534815
0.5035477308969233
0.46832553937264554
0.43099563881324787
0.54732682995777
0.509872554402245
0.4481772791095884
0.5666033121184841
0.5214581313510502
0.4993668869962695
0.5136059963423587
0.3800924187602298
0.3733464392915204
0.48717992619051054
0.38379443536307367
0.33872438333184807
0.39107267405277324
0.31639015607725257
0.3516762064330182
0.3023154728981048
0.29819434152720625
0.46080187038287923
0.34750644468444636
0.40211711109078907
0.4767873849449089
0.36457159401144146
0.2835711187479593
0.33713526659817245
0.3084137486960371
0.3580284817688142
0.3560626323879873
0.2745730727690775
0.3294882396865927
0.3702153946883383
0.3774038343346314
0.24448921729147843
0.2847546600158312
0.3591285385015246
0.24101925009592612
0.32329848022002966
0.4034891734709326
0.33585770579764423
0.2561613111145679
0.28626167608972775
0.26814449047330885
0.3659615334459713
0.31667133015734233
0.3553692750062246
0.3156930785169892
0.1864262287860171
0.23280784388943904
0.24339209058045047
0.3708166801408216
0.294570453818244
0.3210679049674049
0.26215918008966493
0.3731857989548679
0.2882283720331945
0.3026189823034256
0.3450530520503554
0.3223994453885505
0.44786640466454225
0.43451493142711606
0.5574547500777238
0.4265502605447675
0.5401822431073766
0.4454586020044877
0.5687088162155793
0.5649916711639247
0.6001910080473942
0.7214555362766867
0.6824347538325798
0.6023806825326697
0.6006916837707212
0.77595254366818
0.825955437847371
0.8222334705712288
0.8538973983918394
0.806795154721038
0.8600972785095322
0.8502729511396991
0.9632028120807675
0.9207880975834222
0.8553024635186091
0.8263515762223214
0.8862516130465677
0.7806658354399985
0.9124814774592748
0.8435386623501144
0.7833814555203426
0.7213096841463963
0.7697925141270394
0.7819267566102652
0.7361397490650472
0.6709630812408494
0.6190728627084994
0.5667595090460493
0.5360981411451671
0.5358963649608859
0.6004629150647128
0.4711097518035735
0.5350241649292737
0.4870498698543094
0.5050717913084293
0.4994414353948268
0.5730249371946564
0.5446546470229361
0.46755922233859926
0.5134019449135687
0.47054519836882636
0.4118404878820686
0.48302234650901765
0.45890127528587216
0.4686790593130008
0.4591734087172642
0.49288002053770424
0.45513355527117816
0.4893061453699145
0.5061024342663885
0.460494750408714
0.43444005695727633
0.475925455990056
0.5253655460058763
0.3769156640984926
0.41652661123737333
0.5173596600530509
0.5601632429263506
0.41207214699943895
0.4586425537103431
0.43874390096087523
0.42766040056201693
0.34381718812611684
0.503501951566356
0.4564201900544186
0.44098755405155604
0.452452009567193
0.4951533911908763
0.45449300074391363
0.5778840465287329
0.47183420965978384
0.4063039073423181
0.523829288040701
0.5990220096460781
0.5578313280665528
0.3810791300386572
0.5871846957810897
0.5236245400364851
0.5442957357389658
0.5111148858860992
0.6037891138292916
0.5950432994406925
0.5309854942237442
0.49210620567071467
0.5915654537978682
0.5031376165267302
0.4971920022532845
0.5374651135231359
0.5504940570406293
0.4119302254826362
0.711723032085405
0.5536946975539039
0.7025713871299661
0.7319689003590353
0.6977736013111919
0.4840153048299062
0.6200738605801266
0.6423071752337423
0.7092420398396861
0.6795280965047952
0.6445182647074279
0.7939031555604634
0.7391684594147219
0.6480282619779446
0.7025780620990529
0.7063823699790973
0.6451207567753187
0.7102927698261786
0.5786438183236008
0.6551393242317666
0.8053019330728646
0.7910283884986338
0.7706668733011399
0.6228101475459134
0.6864507507272922
0.5609726489556013
0.6677511606442443
0.688443776998185
0.6425024716997485
0.6248282432782701
0.6880483337498741
0.6073695612752086
0.6296703188486533
0.7050807214210413
0.6474006417277576
0.4794749759807746
0.6029219173456604
0.5352934683882269
0.522429647134354
0.5456029664813826
0.590591874089236
0.5689703836960607
0.5302718606832337
0.5251141017811957
0.5167166346772278
0.501310013298451
0.5719805151812813
0.4917799106511771
0.378006956304762
0.5581974661685831
0.5022954290961892
0.4633413176349209
0.6145878309087133
0.5044373112143796
0.5026829417145082
0.4821286942692753
0.4476381008481546
0.46301306356029204
0.33716871159530737
0.6235539072953084
0.5081963957040236
0.4580483791226917
0.40895629611373063
0.5495815170011769
0.5517242271490562
0.4850540118778677
0.49279822274806234
0.6022951209003505
0.5940239102220707
0.6842165850682915
0.6656758919580894
0.5746891642363817
0.6518931530767003
0.5697855161627051
0.6706296302536463
0.5723537994091544
0.5928906877795759
0.6959117982714738
0.6230651789567226
0.4417171286686493
0.5169067552573912
0.46517965791612725
0.5541998824050731
0.6003185194196844
0.4974863634224731
0.528087215024763
0.671713260507907
0.5283011576491385
0.5521711906515099
0.5334848114158355
0.4120987755745066
0.4683912357383373
0.46119725457464134
0.520765968440273
0.4582367764071881
0.4179320058994198
0.35144036625799957
0.3512887983499424
0.2935396997762326
0.4484147910523901
0.3913203450330477
0.42275451780738926
0.24625422672975442
0.35631411782110495
0.3151333724958474
0.15516629164926699
0.3420174052828359
0.350005153193604
0.30405318929870795
0.16617746920514498
0.25459223501424155
0.25148645861450053
0.2370867732734242
0.258563900300478
0.27523071598623394
0.07242700499349433
0.13662500515805248
0.08658474561605325
0.17194334179827359
0.12429111083468314
0.22678705807806793
0.13289887419988436
0.18335687918545332
0.19392157096669366
0.3721667876674276
0.18392535320298392
0.28778257554494385
0.3795764043753015
0.25563743757818913
0.26450491303531287
0.25229053604794255
0.12314711565673017
0.2285918100264856
0.4884714409905796
0.33711222147688413
0.34477212052903505
0.317104256985011
0.3142694415794468
0.4153453427374182
0.1429303997367611
0.2298762964952826
0.27470326126319894
0.27497993911675667
0.30474969626118753
0.23229454360000618
0.26336593384924667
0.23577356034162894
0.16818548384504994
0.16440192989994407
0.3393083918909392
0.2623737057638653
0.29255143481188345
0.34173571369041233
0.3644713216085688
0.45415119225158135
0.32205719862411925
0.24091409601936792
0.3234196706478382
0.4754345247530236
0.3487815638421321
0.36358212503970655
0.5310826579480339
0.47860982323374773
0.5049889357102905
0.45241338881135457
0.4918369642473104
0.4145023973060194
0.3315573755051086
0.42937831785738845
0.35851707931367705
0.24533189464269742
0.3580810262809785
0.463791682736516
0.3518906458937254
0.405289313128143
0.34429046417332565
0.4911380795935002
0.45155888899622443
0.434239237241158
0.4577934314226394
0.4541307882640906
0.4418333890231585
0.5562016503898528
0.4581644520701764
0.5344321170287298
0.5320043476228271
0.4830382014450628
0.3008845417540175
0.3557424638013269
0.40041637926199647
0.5385345837457477
0.4551720132923882
0.3611955946746568
0.5891954568739362
0.39470597320241974
0.35155381854072243
0.4842702352903123
0.3985497219060027
0.4515558590617657
0.3339691603725704
0.31375683940223115
0.4023325141173668
0.33699767148278786
0.32374192434316224
0.38596562976134685
0.4841268727381669
0.3556090205097976
0.3918691040284268
0.4137449729335189
0.3093583519707049
0.24520068688960384
0.43073745089365145
0.26531387529818057
0.2094206773284193
0.25385933871781796
0.33783847542692313
0.43049063448998814
0.3618499477841708
0.2142067623932056
0.43172810754274504
0.3160179356303598
0.23625184431118268
0.4481020740161831
0.2317166576907937
0.17947312447335792
0.3302531658614813
0.3655655076259562
0.399351514454071
0.36295721162285094
0.2663901586451854
0.3003068088968465
0.23102864363646392
0.29107702230876387
0.23200751465524672
0.1526510328536022
0.3078253165545459
0.24120892585540998
0.18098316969719572
0.2994833999302985
0.2959819125476799
0.45620905483079616
0.422162491425581
0.47444250606676974
0.39401887426782845
0.46577603090817166
0.668528365033522
0.6385871383875483
0.5936843492361674
0.7737955024841284
0.6195821602544744
0.6733637847335436
0.43927032291669177
0.379796330236447
0.4105753248567927
0.44876004319736545
0.507442324091667
0.2724352623815227
0.5511229684663669
0.3717081475214602
0.29945433739891547
0.4590679806351975
0.39347968665776833
0.38614320597342205
0.48604046838545867
0.33936831003724727
0.3914823412309474
0.37859902971863657
0.43966720975909623
0.3524133201054436
0.4354801119520758
0.19442696343083313
0.28902515711985544
0.25739184117633757
0.3747409349316602
0.4658438505121855
0.41311700011059127
0.42526763870289386
0.47584915718246
0.22315630825456695
0.4517488021616788
0.5490306421671602
0.26516599368371463
0.37301236743561994
0.2778744394693481
0.39993979317780926
0.5115403888839749
0.3382975476745178
0.34570906536972845
0.475880486475455
0.35869358392875844
0.3896845495870092
0.4626113322816219
0.4192144724932039
0.38072792887651685
0.4156862536102536
0.5229859227302582
0.44823777334840353
0.5065117619822161
0.5139896604052456
0.5496006790794344
0.42945923330487723
0.4059244815646515
0.38243270518507794
0.45498933263208363
0.5524424981596803
0.5030040889598217
0.6249442337817301
0.5161035753815836
0.42731514547632754
0.4501089243042428
0.44986193487317216
0.3148293138091074
0.459071997302397
0.34364960537126177
0.32878407496630757
0.29112023497456674
0.4905400588774967
0.38248539583131186
0.3718481276788573
0.4250068205765323
0.33869657407861153
0.4550885316205112
0.49167935348894765
0.3727763440616849
0.44181977294985614
0.46111398635067
0.4248547789616296
0.5105588736710924
0.4188398910105722
0.47698219483552895
0.3579571359390326
0.4604678722084071
0.44154688881061765
0.37629347663827745
0.509655977161759
0.5330733576001276
0.4260456056826295
0.31363323883097327
0.39874405033881133
0.23003001831525222
0.39136172526418833
0.5200349091603633
0.3895690108114124
0.3209535170686074
0.4300726873667119
0.3867502046626379
0.4424169993477771
0.4289408912845107
0.37854085159199286
0.5044936946501479
0.49241376130270914
0.36987349690626414
0.423225113460184
0.4728142285805254
0.48276420911577855
0.4336764761886933
0.54008944949517
0.4666784778378357
0.3318730786644906
0.4543766559345901
0.42293391127773117
0.5291772322871948
0.3747383043401426
0.42850834907167945
0.46250349526922463
0.49600067780820345
0.6361158145734591
0.6028884189228196
0.5661177454767032
0.690598985271135
0.5083810256468722
0.48621233561571464
0.6163831571051037
0.40069225601976044
0.6260144182703347
0.5681970992786023
0.5017982382490178
0.547921510782021
0.6147128074314729
0.6224589204566193
0.4852801421306431
0.5019018326580633
0.41742874668398794
0.496329698799815
0.5334325140794762
0.5464110108169604
0.40611713341442696
0.37904377231884645
0.644331354262484
0.5819519370921776
0.5223904466702627
0.44783236846212493
0.48962264155711055
0.47246391178721003
0.4447087040614549
0.6361134044564516
0.6117032220068479
0.4830130210101183
0.6604185444368795
0.5198468724475516
0.606753999130351
0.6307111408349485
0.5644854679900699
0.5906299049714193
0.5878687297908519
0.5167169270975553
0.47277628080724876
0.45543099044192076
0.5616809238536129
0.508089920522355
0.3604736574037065
0.5594278434941022
0.5287357274180562
0.462626579881704
0.46197413976538826
0.5172187045032798
0.6981124043206484
0.5315258573628714
0.3651923743216376
0.43551777627934535
0.6417115590588129
0.4841828310562851
0.7007364573818649
0.5588500641479536
0.6634066377165091
0.5059546339073007
0.5319700380427611
0.4874165437648739
0.5056941623699116
0.4360768537543822
0.4384737417907826
0.5144902548987391
0.5091495311745823
0.473879973853317
0.5267114667520427
0.42177157766988416
0.4486790095659715
0.37791425987672056
0.47670469546531813
0.4199467100539054
0.5476370707783349
0.5037930525784778
0.5106116470357973
0.5321968096865777
0.550860225516723
0.40450005546119566
0.5080920603996403
0.4738318517951988
0.3702330254625406
0.39268593845947525
0.41857503408472396
0.31827788856871775
0.3526162137783376
0.4478285942559379
0.40411116942546843
0.37942210769779894
0.2916874306818566
0.4396603330109501
0.3481892710701687
0.37873814376451953
0.2628142485344708
0.47252890708393475
0.42236833003813856
0.4658035246834314
0.27604826580861586
0.390696313849165
0.3750375995142348
0.4856758696578645
0.3197752779005216
0.3340936046900456
0.32016281179472067
0.47000737176462476
0.387307039248034
0.3868199123629319
0.3764923166886817
0.565220779240608
0.37199578571283054
0.3679858603128282
0.3708254150481938
0.48503597359350803
0.30820549187314084
0.3851611991001881
0.3962458309933976
0.2744325385335403
0.44357329614640184
0.35746050208495556
0.5012175717964142
0.47935985226340067
0.25936259325418987
0.48532334079484446
0.433532840634732
0.46973312116888766
0.3990447426349622
0.3455033475407644
0.4851906170069965
0.2931362650320007
0.26334065198326695
0.32285534761860374
0.4193131511864188
0.21471321898250845
0.3796954252852688
0.12941600777228968
0.28608108257903925
0.12644606456481294
0.40397052707612224
0.3545126370576283
0.29438010947995386
0.48458271079486437
0.3877794417752385
0.44333418030827454
0.2915885131232595
0.2913237138114232
0.34593678168892694
0.22839297048646
0.20013221617184446
0.39407910327587803
0.4634914189056918
0.31431278500240023
0.34577768744705906
0.2444759057590478
0.4288825206429768
0.42328507199352194
0.30993039885548845
0.28657485262430427
0.3506500120352422
0.3445665495250052
0.37841853383935375
0.3230457264667285
0.450514441725131
0.2517532180188001
0.41069971496662044
0.319364776395048
0.32838311703693857
0.27781364838813855
0.4275914308765393
0.3515422538342221
0.4492673417405899
0.3609746399530125
0.3894362171407926
0.43642379176921614
0.4146014912006002
0.28559973210470524
0.32009277144532683
0.2543457759147175
0.30912138825594765
0.38114998548219253
0.45859162006684995
0.35141943250097274
0.35522841505338
0.41894961055747926
0.43597446904144554
0.33729064557262184
0.46331712813225046
0.51558840967839
0.451110490071235
0.48700148721269537
0.4069804027435027
0.4384708776513715
0.4425435473420234
0.5026785251261688
0.36925505651521034
0.42494590328972637
0.4344929623797174
0.35658115428054205
0.5219011125628882
0.5547807897351376
0.4623611717279773
0.40544851998427767
0.46119619021421243
0.46978923425755764
0.4837142230547964
0.6055266940439776
0.4504064245233721
0.5159185384974563
0.39893084138532797
0.506215947279265
0.42482118781116596
0.5184950942073261
0.45375412176048924
0.5033480851559601
0.44213420607254217
0.4469129626981237
0.4383106168859846
0.39498100628469646
0.4040490211831416
0.39584887266355606
0.366751467126773
0.4501901200299019
0.49673169222107605
0.5483770985543072
0.440160926630289
0.25958161104698785
0.3177696613820977
0.43300914356839104
0.3595175777389
0.3446548120315977
0.3503799243877609
0.5097291992085813
0.3569217238305029
0.4410017102209494
0.5045043139860488
0.4085239310692627
0.491247215912056
0.4496972367030382
0.41944875622559313
0.38568479641815057
0.3997134456675835
0.3505491348141585
0.36312673599577017
0.4286499941125958
0.3062832871788648
0.4206329687621325
0.28922347705553914
0.3919725230220166
0.41582492851730724
0.24573699914751346
0.4599699397864411
0.4282435876127117
0.30907824858891264
0.49040872377581685
0.3601762599741646
0.3579114644305505
0.321275989940607
0.3390446890530622
0.2859571594125192
0.45845044189866646
0.4295416261697458
0.3550257802124689
0.3788505097892776
0.3884816932769273
0.4007487551844256
0.4272232208946644
0.3288688850647846
0.3949708743109899
0.4286297382581128
0.3834650008008943
0.38034586169176676
0.5331325488806897
0.3216953139968576
0.6027884283215428
0.47530891305764367
0.41645615645608236
0.6272924175444452
0.49229632716884036
0.4676968601824856
0.5717656869784986
0.5376769282429874
0.6803991346537449
0.3644176151525592
0.5672523450270005
0.3540373845712615
0.42932990485812306
0.5329760848531856
0.4627392537196247
0.40694149247137845
0.32170538832811546
0.48856214888073135
0.4451333235015608
0.3312626497191882
0.4695611469760357
0.39878761488555936
0.30925754165647956
0.4042699459049174
0.35586863084167436
