0.40401464808287413
0.4603641039152414
0.46214469758530163
0.3535493129783439
0.416334439192426
0.41352748862079025
0.3266924542805112
0.3983226853209417
0.3452266696019243
0.4898095790097215
0.4468381084943843
0.40374232443653696
0.41630485171624565
0.5049341760624856
0.5164548437345289
0.3801572832252477
0.49516592557728695
0.34689708184820156
0.444404330318816
0.4646342977640512
0.36635415709035557
0.33579144403792915
0.3976948868426893
0.43378178141939017
0.24031683406727206
0.3372941243814661
0.39914767317514843
0.40009507396965677
0.29750370510690466
0.3239294577206939
0.3844550679265677
0.3488344283886695
0.4454249507343783
0.3798650254448015
0.3525946563183518
0.3498979802572753
0.3513974869358338
0.3203860522095527
0.3199122105626889
0.34766672170453633
0.32513356349960343
0.24054892477499235
0.24706007546939707
0.3367094214480948
0.4626773530572223
0.2089349988622638
0.34839564260978867
0.31192014962641734
0.4270196216599458
0.33231551842293866
0.45381784154015575
0.4482957553093868
0.5010373953970679
0.3511013459766291
0.4166792107629257
0.4416083117350807
0.5234090309916568
0.35996500432884826
0.36053662615439613
0.402669055682772
0.34997751750354833
0.3769067157390375
0.4470960821037393
0.5233574959548365
0.42607095308152143
0.40814830678616393
0.44887008441762744
0.4069087839046013
0.45313244643323514
0.387625930316839
0.43249030410947
0.43261090749437536
0.44573775572968033
0.46418399520760223
0.48879697414937806
0.4672158945373564
0.3748582823707838
0.46595593715789396
0.469010423290678
0.4772969938233989
0.39615706860314504
0.46781189951524776
0.4185115769645573
0.5520464724439531
0.37572543311266593
0.4683306475149983
0.5778167120407438
0.3863377342173657
0.5050256361644152
0.5283319232798258
0.48356826896763005
0.5197236680929039
0.4626699056319652
0.5532352244699302
0.5128788784481446
0.43899788382907384
0.5766605241741428
0.4813476470553783
0.6868907638471997
0.46919780593358695
0.5337765563917087
0.4786637290899377
0.6451119164757586
0.6474921912461271
0.6374724007863216
0.6686645654035824
0.6266767523558359
0.5197076433528794
0.5684367317248572
0.5514106944856336
0.486554011911847
0.6234047948454505
0.6000054470616532
0.4550895641612175
0.6179499718451869
0.5455007138325981
0.6229626713097535
0.507602097793714
0.46715507746769386
0.44567820200611735
0.47095578476006017
0.6057726614634737
0.5068650256398507
0.5175562596783428
0.42773960322840615
0.5336474812512236
0.4312940535517703
0.4181300279933339
0.517231219927632
0.44080979203743126
0.46309801483001184
0.5631334060573326
0.44050314934377677
0.5349807723286719
0.502799913304395
0.4684132869022505
0.5028820355071009
0.47034632684617816
0.6017227937607732
0.49444445302780154
0.575048098082283
0.42333742673574576
0.48222691529053074
0.5337959333472413
0.5148952574332784
0.47743513057325243
0.4309681648360594
0.5231180036673648
0.5085442271782026
0.6228665373819825
0.539592140933637
0.4692458772368694
0.4154233172600815
0.3677697935139357
0.3902510118028861
0.463063796438811
0.40138342267274957
0.4004446398670267
0.44765803790007164
0.4235815670631986
0.4750770588779568
0.40062282025042084
0.4144473356758168
0.4506888012204239
0.3577306125704157
0.48679586753335147
0.510261171449696
0.5421086641093285
0.5422464012051906
0.5232471396309859
0.42346052329660044
0.5065312803966373
0.5848223176988582
0.4654806236412464
0.43710810869335237
0.5531042250708124
0.6327735011036911
0.47903848533907345
0.5716566537272647
0.3586959737444327
0.4490099902099087
0.4619053060076296
0.457708151296747
0.4482817351739441
0.4057704911028735
0.42098472909286705
0.3686215633033661
0.4346418562599774
0.48675493817967064
0.4045850862819666
0.29351324609348733
0.3130003097721057
0.32068015243534037
0.40518913031045134
0.3413305580446844
0.33309747781844745
0.26514250315849497
0.42212918362362106
0.4548793633762082
0.33056606768368135
0.35323420343218104
0.21348947618294034
0.2874635896809482
0.39286378894212226
0.39700762887289326
0.4001617999738644
0.42065141211682366
0.4302121268688729
0.5166005810321971
0.40611958201074105
0.44540792306575844
0.436649478216677
0.30010655125423846
0.4043964607104919
0.3744542313266124
0.36211038456840416
0.33749632736252166
0.5144177934904153
0.3048329906829138
0.3016655471827621
0.37508886189467816
0.2791234769479233
0.2855968219387201
0.2182783950550644
0.28343776420608846
0.27570632766917835
0.29886412843865023
0.30303373531520983
0.3701959933307709
0.18221858767450952
0.2705248396005419
0.28073875535675524
0.2997423874284766
0.3509002283100819
0.423412813907976
0.4822408865563106
0.5182413151670534
0.4611226806354666
0.4261668355747876
0.42845778610338364
0.421747855702176
0.47452743206905257
0.5761748388186452
0.48270019814832
0.48954029041818037
0.5253503140183623
0.6332466787064982
0.6462239699010977
0.6126356996773867
0.6714503168308283
0.7801589450622012
0.771559280610862
0.7916832171716122
0.7415227450174448
0.884313668970142
0.8946198989110892
0.9046608905015651
0.7795605223512381
0.7821276765197229
0.9195548173951943
0.8675822361320087
0.8004336673482634
0.7327431617397431
0.8157714606046913
0.8551654092874617
0.8488998511064307
0.7452266518327645
0.8233482067821204
0.6280801648859204
0.6159037984348978
0.6691203618871722
0.5151978147412208
0.5744887224466788
0.66935012168555
0.5663860877872398
0.5578186744502815
0.5446997415793343
0.5423955692927683
0.44975198778516823
0.486630538904991
0.5801123036126028
0.5402813585035466
0.3632322010286132
0.38995247900383645
0.4508193031725414
0.49119545452439595
0.5349989349151343
0.35240719327581066
0.4955223242444582
0.49134967234591026
0.39797416281145237
0.45005496323203853
0.5279495202794813
0.5265019223448245
0.47462067327424945
0.43856033430413954
0.43344372018506555
0.4831759768483273
0.5312471945596996
0.3174275320475072
0.5584279904614077
0.5472157776510006
0.4603137728150441
0.5392298359981892
0.5937399295009572
0.5636749140423162
0.5188396290262557
0.5844592620029909
0.4930510304338411
0.4920811188518021
0.6135420830418756
0.5531246787336368
0.5295983194118409
0.6380317843133655
0.43776440985221493
0.6417074956952779
0.6155964809963229
0.4789570297393264
0.6452041921874881
0.530797770207734
0.6346884965106497
0.48607406946645954
0.6011215186791545
0.5947757643255981
0.592085651687503
0.6576636844308321
0.5336556964008109
0.567084082481018
0.516806407454495
0.6453627348757462
0.37381931888563213
0.6229579011045623
0.5805874390439756
0.539128119905889
0.640908679451289
0.5726902456652184
0.48058283201800656
0.3785676133071093
0.5876211101325308
0.46167210591740526
0.5764607199222842
0.6066039851594197
0.4973158855180315
0.6758788916739109
0.6616586703032138
0.6970201192501014
0.6768992663453941
0.6684396526669326
0.6326844896921812
0.5714953667327577
0.5938071609867601
0.6854063099911011
0.5836899451588438
0.6236869417234888
0.7472171876418776
0.7969847884164505
0.6900446643487415
0.5439597245406607
0.6251228885471616
0.5879405014735671
0.7753698668939444
0.7557493505806058
0.6914539078652747
0.7421228886348441
0.5923666358755582
0.7599692010536456
0.6282229648681182
0.6529654480049039
0.6302363151688698
0.6049184205798093
0.5141660349175655
0.6801126495117544
0.6687366339302376
0.6547935248423223
0.4996341855391919
0.6362200021354127
0.604798636562532
0.5143557686726181
0.5467212687535072
0.5070008415549205
0.4495000252338173
0.39668231471124143
0.5419802226818571
0.5303809827917534
0.43310968721746224
0.5042623694775811
0.331035661105605
0.36478400112743437
0.44420104275692335
0.5080882292213302
0.49385534858588254
0.5641578596367476
0.39647784180502893
0.49674318981251014
0.5116807412279899
0.44809209377199666
0.4144625907052303
0.5596569133502566
0.47515989644591805
0.4836566891116922
0.5438618987312038
0.5684148044743846
0.45819454319555053
0.5466553493761003
0.6031176104374706
0.6200340123548412
0.6574337333410973
0.4267928702894662
0.5684826213761599
0.5278671439760018
0.49124406983596147
0.48913994572010216
0.4007543808901488
0.4464923936194988
0.3384542361008438
0.4793201901712378
0.3968213561851098
0.5202266156412988
0.4950854924826317
0.5065151935808676
0.5007129265499543
0.47537032067855833
0.4451320485937381
0.37577111617288206
0.35334766184332755
0.5666173547431989
0.41262814826765104
0.31435132686583517
0.22000178867260728
0.43142565219924756
0.28720196156563677
0.335672795815321
0.2992307461800024
0.31800349466583333
0.22601538754117745
0.341398283845964
0.18075575820581363
0.2897667397666277
0.2984588400489725
0.2029139705881182
0.14142643584066503
0.2842018918650788
0.29167510967485955
0.09265112769574371
0.3101191455264531
0.32928084633480653
0.23080299509226007
0.17554966969288338
0.3438024815420706
0.11853609438052863
0.18656673334181495
0.023064554428576276
0.27907735658385474
0.14207236840851478
0.1584045603480148
0.2375676770524041
0.19786775802304715
0.23827832145531216
0.2578964618548401
0.24055659622050185
0.221338569072615
0.2585111950976202
0.327037370312669
0.14951712660955596
0.24908820282169136
0.2908090696217742
0.256655314911446
0.28263979452924715
0.14944512976794982
0.3418811084741118
0.17998311514675153
0.36595478389827035
0.27630207410847984
0.3074432785650789
0.39843388873087815
0.4283751607095684
0.47576235703290626
0.38895713179120756
0.34022483498539186
0.2871711018677242
0.1987977591060354
0.33678772004256874
0.4076054689415192
0.27594192267708806
0.14964244258856518
0.34649875528288704
0.3763905547356839
0.26710322793643027
0.36825203789759864
0.44033528452127974
0.45378699452938753
0.305964276083189
0.4533306958030925
0.4742922679408983
0.2906531834139485
0.4214834259111029
0.4210491793204423
0.31129746728829666
0.5648270293177159
0.4039051445892185
0.32085478090149167
0.27771017529888065
0.5003541925893074
0.5223469604410887
0.5715414865778881
0.5551240772914212
0.4218294540994
0.4734602446446817
0.45563086868663794
0.5339528308403568
0.5886473589160166
0.497608847175515
0.446630887631461
0.630298640183468
0.5431911042189437
0.4405458407968501
0.6284148644564828
0.557250174342209
0.5164013612121178
0.5945176609280101
0.40361900426700154
0.6152133593918329
0.5518501125638691
0.43125112972175
0.5642231981970484
0.7059877745890577
0.517072561963516
0.45241789608986566
0.3596882366747143
0.4987956211164421
0.5274868228483471
0.49757930726270483
0.47727377153580774
0.5148040887598839
0.47564205781736346
0.5353130091080114
0.41585009069330814
0.4251520551286731
0.667781555999794
0.510454089839007
0.4539995014757555
0.4895952866833194
0.5189277184277404
0.3692186756774809
0.34948552595736654
0.6088678394551873
0.465907716489882
0.6111702021863571
0.45355575607924065
0.45241755579166765
0.3572080440402736
0.35981829448731073
0.4651079486384961
0.39098654745231826
0.3318562309526082
0.41892794071223405
0.33906666005074143
0.388371305642945
0.29923794775381385
0.3339732802800981
0.3384884488553022
0.37916043762330365
0.3459700009020399
0.3580024167417208
0.21341720618300264
0.27267306668137725
0.28236342293232597
0.4557423166417273
0.34252682134321166
0.3807652248911828
0.23475928840459812
0.30151892667017255
0.22407397843038385
0.253328607148417
0.3237960919097028
0.45417308451406224
0.4581216783313863
0.38954218838990917
0.3612745883051661
0.3006910139729067
0.565867029247713
0.530678606267922
0.5863448117828418
0.5160991945214842
0.590166778112224
0.5706957923200593
0.37578949354607566
0.40156491151979334
0.40331045621122263
0.4555409341735429
0.42836041314803086
0.21318598506897057
0.32896733735510075
0.24396754325725228
0.32384234979239424
0.31290224510792175
0.36597543579548697
0.5069577606297812
0.4018613344055956
0.34001211565014483
0.4043098912610992
0.33389456292039155
0.526986761920529
0.29303626304528546
0.3939168492582037
0.26439361272396955
0.3251868167765913
0.5151510354508999
0.29016298361821435
0.3877552512550865
0.4079084724289468
0.33995476931073854
0.2294145649521956
0.3283295703961347
0.2828071005089866
0.4392660030023295
0.2839871166040517
0.44047695543711085
0.3545843031684346
0.37020906885553506
0.4806420499885544
0.39002556126731747
0.3984933924395353
0.39820014686917343
0.2685058034549878
0.32953263659867515
0.30367094076514967
0.4974411907156523
0.34179212390423264
0.4196392178797515
0.3823694300893463
0.5203232958320496
0.48538490373668663
0.4480721199122738
0.4337006297742728
0.43073904120223105
0.414334139668455
0.478775754999026
0.4689783536078283
0.2782664045763921
0.42161721315359524
0.6248372860775468
0.6810759275604719
0.4090230410582669
0.3142295553152537
0.5045533404702367
0.49061515252695087
0.42552385892365846
0.4022243648882241
0.5070271959029621
0.5283721057382821
0.48640184693827254
0.4312617682411515
0.5080806128011643
0.6018999464675879
0.4913186789945696
0.5607034034076879
0.4077712200929406
0.46513797268485757
0.41791939006552187
0.4809127549055975
0.6451948112163939
0.49874491353552824
0.38964668015737774
0.4388487803761437
0.4756785539714776
0.4924592850080582
0.5902080939138135
0.454477282847747
0.5339101375620526
0.4905133698674057
0.5968184940441007
0.3991969545170513
0.37243934980028387
0.45106773991460924
0.5338234687628363
0.5055919122823086
0.5153505709285598
0.48738745820818447
0.4285152495438789
0.42396795051637237
0.5014416276043542
0.30271617002822576
0.49839541341804866
0.5101933994450221
0.615422263153443
0.648989380382475
0.4355213108297322
0.5266156328167806
0.5103727670516502
0.5159928234998508
0.5464984266160625
0.5916301271096351
0.5358528937111513
0.48827814700260497
0.6047915853555375
0.536692820310886
0.6606223297822447
0.4164631144641867
0.5810889039680399
0.5937211231806055
0.5837400293160357
0.5944034623499411
0.6245781074936926
0.5159778751987021
0.6731611774287587
0.519867555894829
0.522005041813866
0.4610763999910722
0.4369181821796003
0.46187035147575106
0.6337388007745843
0.6106556756772823
0.6287743289210649
0.39893606959281924
0.5214057560370993
0.5589736362985446
0.6080452091372212
0.4858014225932017
0.6503719706067749
0.5735778410869259
0.40619523006573033
0.5860225149247208
0.48993154331900235
0.6079406362901324
0.3367765864740193
0.5153008797507402
0.40593932591033755
0.5028828775290657
0.6589421362845771
0.43287380249888174
0.552289205589953
0.5274685456123317
0.6206182412829033
0.6095536488358408
0.5537956671498392
0.7132036480109976
0.68524983831362
0.5298765651988058
0.5943676569204651
0.45282208694314574
0.5423058908130444
0.6686663832083065
0.5697913425550907
0.7077626930078122
0.544695068737686
0.5297635155856995
0.5117538684422556
0.5372427664278329
0.4274557830073017
0.4599079317382895
0.6770156937093468
0.6138366995574887
0.4860968976831186
0.5422041380729705
0.6277830735719282
0.42309807765732277
0.5268029761456474
0.5290287781526904
0.5630341197589436
0.5713074360553211
0.4856355954262813
0.6020412149557924
0.468190363524136
0.502337913326201
0.36098270194131543
0.4340934434085716
0.30405521215774567
0.46516842301210837
0.4288932688406244
0.4853693675143467
0.5374565816710852
0.5056903648080606
0.5813042507052858
0.5061665128310162
0.3986097025413493
0.448782162293187
0.5336943871982541
0.5175475166970289
0.5993238813070735
0.503705453913248
0.5697061278743927
0.6495908754759957
0.3740267286420601
0.3465714655034678
0.5609622588183047
0.35674144734329705
0.5000530492448032
0.4983943946707853
0.5373687516492281
0.4690918005307567
0.5834860366247648
0.39862107496462584
0.5302218450245358
0.31638642581284643
0.43788341027281075
0.43295798527991713
0.4653052038480241
0.32405276974826785
0.448462309168731
0.48189939072056504
0.3490244708045843
0.41436302770541433
0.45069190461401254
0.3739765335931431
0.4283324941118453
0.3723535894292274
0.3635066351608191
0.5274364061233469
0.505287933280538
0.5446318560703503
0.38681983288676103
0.4210596354241194
0.489551753834586
0.5318207050876664
0.4976250526670826
0.5866595398378504
0.3717770452064405
0.4935340522048214
0.5137144791432591
0.37869892825644136
0.45584008993105946
0.40985405870593594
0.46940881642323734
0.40337099010167793
0.49763129787358107
0.4346215591196505
0.40980299198399917
0.37582689823571624
0.3931738492732869
0.4687406296291132
0.5815689758437721
0.5348637418511648
0.3574701706941451
0.4355655296431878
0.4622283005334239
0.3675644150963538
0.44338048810228337
0.3736552410772768
0.5705927141044573
0.4975014844987711
0.38857497020449216
0.3907211260598179
0.394799930973346
0.3211019458870822
0.416172085314664
0.2982436270725213
0.28062756594025573
0.3901777085433098
0.2615438395510513
0.356623993662741
0.3910368639327739
0.34340562069085906
0.30255788707748377
0.2965584798981674
0.40470708432223046
0.3642940410274652
0.49192785811337764
0.40849764860959814
0.4606934565255399
0.46024057783460737
0.470996117996905
0.36714158947653314
0.4743852606820641
0.49863622355802517
0.35599394467477813
0.38590704967219003
0.47386118290069357
0.47250936032540636
0.3586733147374156
0.31759215737145186
0.41769022352087287
0.4593276741726907
0.31988515056606237
0.4037130663966413
0.40485183372261657
0.4254015065917597
0.35069982554353496
0.510257583457301
0.6097948944544391
0.4310040273845262
0.5321874946512458
0.4083863107588792
0.496595370481102
0.4564137607930354
0.5894963256160262
0.3736570796037401
0.4218266795157912
0.42540496730114036
0.32266437573703877
0.5354132215321423
0.42487898562498777
0.4586689892085781
0.43495575304756795
0.39290900082434765
0.4504695476479955
0.48105706267168136
0.4390573318323994
0.5440870358102055
0.4653292734364341
0.5561587894201092
0.4550315854687734
0.6170122612552564
0.4174978430915304
0.5366595175592966
0.5505806841506931
0.488807871314736
0.4211875186888211
0.5559995072449168
0.5254983188433351
0.5179005478489624
0.4267265314668386
0.4816837753164873
0.5310933466337552
0.5010415377944042
0.4059511538539867
0.2809708833385538
0.27918936030386143
0.34082040845722317
0.27145537221940186
0.42869204806642525
0.29975610652608037
0.368873303552329
0.41934603955662253
0.38426778604714146
0.5016201709402829
0.473118400207727
0.4825827671757839
0.29990652475367513
0.5237208171323289
0.38027940786853787
0.4139855202606778
0.22511230956249761
0.48925080324878145
0.3863036154444046
0.3938640235683979
0.3565868702733934
0.43161046434441575
0.4526131224120831
0.2764658238405266
0.42149234117989903
0.5008228139862999
0.4199377849824056
0.3749041257113258
0.3674790019665306
0.4735392615748848
0.29446510222296074
0.41062808441320037
0.3038042159409
0.37755432858404137
0.44028582013734785
0.29308011572099957
0.3465505267228988
0.2563337017812444
0.42275396245417346
0.34016059965191453
0.2301478297817498
0.28127130552001023
0.23536186244221335
0.37530223378576383
0.33377547077299524
0.4137466990139814
0.335320029053453
0.3396660408468819
0.36589573445737633
0.4059674066405081
0.4566861160230252
0.19699489407579307
0.46266552876403494
0.4044778307928025
0.45211688833138697
0.38396071497895046
0.34489316133452386
0.4051792723098909
0.4373783300494656
0.5275005475826934
0.5574249129127308
0.5173308964317582
0.6000641245670134
0.4967384727000651
0.6702522768668501
0.5810064857379329
0.6394263834833795
0.4126582443032669
0.39464205785852063
0.4468363477549677
0.5153394031637726
0.5536790789329392
0.40757000626177675
0.45631034984857555
0.41279329301294465
0.4465627042698448
0.44927515483536695
0.3582590762027158
0.364142309689387
0.46723214675125635
0.31591503672159693
0.2621445705707037
0.2431493994463319
0.3479711417679877
