0.34467914964808455
0.24673471425474455
0.30416459332902923
0.33588989200780983
0.3469601354665004
0.3239618224721108
0.34696866957392347
0.3639367665925498
0.4351595699730405
0.32126098743216025
0.31319140293872394
0.30946929894892516
0.347120498532878
0.362711328554859
0.44905627437864015
0.269489875349332
0.35393111835529933
0.31583742250056146
0.28133088387888305
0.33174029329530375
0.32824987736420175
0.30969782079503544
0.2647667981807733
0.300790186952936
0.26796406654351856
0.27647330752834753
0.3397146393412413
0.3452503193898385
0.29911367576989323
0.36735319260172017
0.31629310313456016
0.26027315403925105
0.3165936729881651
0.3614688323644024
0.3810512516912552
0.3999889890294033
0.22752646659781495
0.2429945784298856
0.2673167068584241
0.32924277244868755
0.27993516098084437
0.3068748913804269
0.3090407676513568
0.3857027404450964
0.31787804974964107
0.34395641060604865
0.3167294775237659
0.2877530983578402
0.3794728209150222
0.31656863981484884
0.25061964589672764
0.30068783362265883
0.35559770585332284
0.3131302877478631
0.3742453725373117
0.45990600859201125
0.2768012868029046
0.39003312778411225
0.2641208086399066
0.3732159517224478
0.3313362541302595
0.346156377849143
0.41573829308886134
0.3971698573535408
0.39298101923582746
0.4282773573283897
0.33312452097492895
0.44777224011776867
0.4049145155648247
0.3800825528031602
0.4096395453016034
0.43638014188389096
0.4179258168882176
0.5069626834229322
0.5085396848480929
0.4903496185531516
0.5340335087747614
0.4582068422656226
0.4899323153006678
0.570249005496441
0.5294168229762202
0.6303740168312191
0.5596000830659713
0.5471506974848774
0.6265617944204535
0.6419404391185297
0.6138227871285626
0.6632230873216898
0.6662299373215943
0.7701306101744062
0.6755687177553985
0.7135142583103352
0.6825293729794939
0.6656622587665048
0.7076729863274659
0.7531122688869747
0.7189167788764399
0.7161633279491213
0.7806106663991658
0.7702570302051558
0.8101181523773694
0.7327940056162855
0.7654381579136396
0.7706344218698995
0.7547331577987463
0.751808583381923
0.7244146454591018
0.6583161888722238
0.6647713058308024
0.7073182375251671
0.7155505388300257
0.6308115186033312
0.5204477209474673
0.6939699972748364
0.5529910944438395
0.6537227078902226
0.5470131571579684
0.5521301385056956
0.5240184306263295
0.6396785069394787
0.5515548700273761
0.585967794643245
0.39274332348954755
0.42384477374683305
0.5736858656785113
0.6086381528654912
0.5182183213079984
0.506529727332251
0.6207581059303047
0.5634571071764634
0.5532086621046783
0.47550800232165014
0.5436114717094468
0.5335360384286194
0.5600114547879416
0.5373488817460712
0.5669307747174374
0.5502964116177201
0.5868632652093267
0.6374928468544886
0.4531659470970866
0.49018968305246247
0.4593846951916415
0.5686865895958403
0.5911617347010277
0.4117445895839702
0.5617148444042666
0.4578039717635841
0.5225222433182204
0.4275819865932615
0.448902262615706
0.35735550936965477
0.4431158302827744
0.4332984097875623
0.3424195613220662
0.37005535955740987
0.4478193245807519
0.36764340926380285
0.46738275516846267
0.4342769335616957
0.45639121951526707
0.4626566777388913
0.48892524152896577
0.5004222256071692
0.6036164289536242
0.4561125877595749
0.5353559531637405
0.46529955039034004
0.5553720303659593
0.6311034825842015
0.5277049645452517
0.5242794539242959
0.49661259120418433
0.5774036046879181
0.5360656948889232
0.5292152838709281
0.4502085916314327
0.5520721633050847
0.5066780511009618
0.5621662919839348
0.5464943015360788
0.4720696742011397
0.46152534931805606
0.4242652854971861
0.5162539795759444
0.5247932592888256
0.4110868286792285
0.49154811429529055
0.39017617437257884
0.4290385566148669
0.5105447072034554
0.33682341130918886
0.2764228650707783
0.3815350994073857
0.4230835589496674
0.3941989808618961
0.41208425746361826
0.48486282986992413
0.3573762518736334
0.3737900002793018
0.295174236501234
0.24642718159242064
0.20117833509060623
0.41163691659749735
0.23244673773527993
0.2940865225796516
0.26801627096363134
0.3403461267911525
0.1481113504074354
0.35217025682343256
0.359010995004519
0.3026269820861025
0.2540074893119918
0.40879443266255
0.27807785702803
0.33286980609567646
0.18489207215227765
0.3351984992323186
0.24807319971586236
0.28390815933789826
0.33752037487574416
0.2645851249112694
0.3187541430973006
0.33922367844347967
0.4074111207846872
0.3175032596993992
0.41252188861110367
0.2521210399530678
0.27833447229823266
0.4090848146780285
0.3301740099075944
0.44046685609509223
0.4042450471414388
0.37055821719131565
0.3765459659739742
0.4981317598530187
0.41224905892939434
0.4477540229059161
0.42939412187041975
0.45677664494660786
0.4309350683024882
0.42098584438049336
0.48015683636537226
0.5247027336566601
0.5548503524022337
0.4622153791318223
0.8240957831605865
0.7892831772797815
0.66322865527564
0.7900146413092397
0.7462081489851375
0.8531215821979068
0.5951101659565292
0.7760333524473836
0.834046770142485
0.8941597140609017
0.7934400742428711
0.9105713632084069
0.9560719441389663
0.8303252343643467
0.9477434279620232
0.8724761762347135
0.8467353215827088
0.9023218484873357
0.8867234656801983
0.8873125428902195
0.8773395128849664
0.7983564394804308
0.7395300095116564
0.7397482427544085
0.7058746490165069
0.6008382466578214
0.7223077160125326
0.6410853836156671
0.543998388453007
0.4375639771834304
0.5401016525355388
0.472796774663908
0.367789280004453
0.4006413121034881
0.5138490408795088
0.4451214976294021
0.5497325143386702
0.46495940780941225
0.4178126282140185
0.5023429779715756
0.37331162881643054
0.3659787929939383
0.37415748382488834
0.5284392773687284
0.45344269954278976
0.3503312302539528
0.3533491202679715
0.3701084401216791
0.42228737664560567
0.3325937583774105
0.4729825794135488
0.4327984393052957
0.4782180093266475
0.3442691824918947
0.45589836080564544
0.5418551139013101
0.40227921164635505
0.4358852010097839
0.4806741558678933
0.4141911152305065
0.5265364365462253
0.4559953994709524
0.4828008782661811
0.468773727499781
0.4711976765374634
0.4724611136383894
0.48288095965281963
0.571171985146832
0.5300015563827395
0.426505445916034
0.44248773485900367
0.6170927374420219
0.43108646885146806
0.4599632986076961
0.3442449198922991
0.49045940464058213
0.6122762765873239
0.5966618107998769
0.509506715845681
0.5012379734177399
0.6698450307909144
0.5333647480983587
0.6552456477102936
0.5480143815054779
0.5023607013874754
0.5329519257077062
0.5205447606191254
0.5452231940933018
0.4692933325439371
0.633239044547678
0.6082699006707362
0.630666334242064
0.6855534005440225
0.6168625057221349
0.7287087560680712
0.7482319058059057
0.7123996451833959
0.6991440337628815
0.7111560470111373
0.7417686457314765
0.684118240662165
0.8996728334193943
0.753520900154123
0.7300312986624227
0.7782886645157756
0.8189706471131419
0.8479034180537159
0.7144305583041084
0.7624990949566957
0.6873934843920503
0.6616219741816369
0.7354916697672615
0.5813957008434347
0.925384271688892
0.7821212117987902
0.8229316366545483
0.6321709673027549
0.8220136120484931
0.6837762356281468
0.7233163613944914
0.5606903589171557
0.5774008528421216
0.7373625742655613
0.7249983035203164
0.7913003700873118
0.7398823788886916
0.637501398271591
0.5888808998752441
0.6038044981621615
0.5487278865735628
0.5167145466379249
0.6860632433326956
0.5672906793932296
0.5447139664860545
0.3248102304063215
0.5841430141155833
0.5995122669559283
0.44232935096712467
0.6248709370507337
0.5513557255095283
0.5871012689004346
0.42571864518856783
0.3549037512819655
0.5777720512048264
0.5451724420576914
0.5931076137844692
0.3551256779907159
0.5030214286930007
0.45389005856510956
0.47819845022168994
0.38433253031326475
0.7081468019547634
0.5966649025214872
0.6679846603460864
0.5526126615956826
0.6619626751236114
0.5521438958299403
0.7666485953138169
0.7081564566941012
0.8338053658814842
0.7149013988757575
0.6980426304630016
0.6732788530212948
0.6662889840661582
0.8063065194127927
0.7372886050337248
0.6180940945100581
0.791552824307075
0.7576475888100366
0.6496482815424915
0.7210156205467053
0.8802501039437378
0.7471103028248028
0.7641232751345665
0.5207860143090736
0.6523245248924099
0.7229782017722602
0.5673746383953996
0.4522870712892293
0.6084370569304752
0.5659976278324177
0.4479482750997255
0.6172489624010158
0.5084165672983153
0.47998278114861104
0.37141521150042167
0.4142244380084801
0.3238722515830831
0.3135553082590893
0.3192727200286364
0.471837760141539
0.4149119075230607
0.4527916355476299
0.3737518782497586
0.44217562068411237
0.32562146206333453
0.3262792302423779
0.24490016252365973
0.15629783826461408
0.3004886600826112
0.13309159955556987
0.2644214468369126
0.21310269691673045
0.15139971828843365
0.19764983706283926
0.2682105443543202
0.3455324996343597
0.08134921299096473
0.12777531201909156
0.0932268154153018
0.035752871902889095
0.1896642626176839
0.30944111719274203
0.21428871570153402
0.2602821511276959
0.38211551996395104
0.2010111343535284
0.13321356098016726
0.16651077051635307
0.3445777817783001
0.30975167641405355
0.11854347362032733
0.27982193423245444
0.20820675101372027
0.2135272513983245
0.11999443690935027
0.23307727639805959
0.33462821916406854
0.36432262627266593
0.3950070396640022
0.4083479734018714
0.2469833603729237
0.3231044214424424
0.251681315597121
0.22361267398472262
0.260240405936576
0.3232476250952365
0.16278819200552394
0.19042133841891562
0.19065104537830574
0.16927160233062416
0.2720493796608564
0.19676214859161156
0.08481354330474873
0.22199476221893888
0.2722623753764421
0.33839192846666544
0.4031174786560184
0.4619745418976957
0.3472670885616536
0.41199509594989414
0.5271876621720166
0.3910893688654792
0.5055720416031371
0.21575059712237243
0.4290674728736702
0.2860692019451897
0.4427685308622583
0.3389435581357163
0.3123710130425924
0.399550322741543
0.34682345109829993
0.5079038270884874
0.3871438286023149
0.42874429655395146
0.3311729187556807
0.34030229791772737
0.4456128822825055
0.530077765909999
0.606906893217821
0.4988008550103536
0.5370341484973117
0.48676954042379045
0.41834405340402225
0.542846712394054
0.4007453455621094
0.3921714347562203
0.3789322407191619
0.33962794027458865
0.3244249044854898
0.42155557711947766
0.5394372532325672
0.4116123074887094
0.46608869663327424
0.30666982108678176
0.46827637338828176
0.468118800924557
0.4520496130922634
0.4239407937150068
0.4743084366424007
0.35917369713139147
0.31770685090276374
0.2680391954526274
0.3526041048693358
0.25506154308723
0.44542698988518376
0.3415834952170985
0.25156676134619826
0.2862165526435797
0.45203218817772034
0.34946933637667943
0.3441862407821139
0.3973503884740328
0.25155325142225
0.24563730417470894
0.27006621813939374
0.40747477020305767
0.2915565144326682
0.329895748321373
0.28697427916668994
0.47650682572597425
0.2723356008609657
0.2604875270985467
0.36704832562333506
0.34756964760717934
0.4089752314051962
0.36921413831263306
0.3952472264405796
0.30548794244519606
0.2724731912978685
0.26636700727943063
0.24865300087503361
0.2473912051191674
0.1484785618224344
0.22221455092171039
0.2341111987481798
0.2709172087033523
0.39557686367411987
0.10973753599180427
0.43631686478795745
0.4199939657867322
0.313847513988718
0.43410161057748553
0.5184656882908862
0.5992645678577897
0.7389992487451778
0.8401192500249213
0.8767079538218585
0.656949986664274
0.6261861558522492
0.6393371507352251
0.45182715773212334
0.5174203088002288
0.6083908519200665
0.45333003635571545
0.49904742917816924
0.4197971873509959
0.3149142359238426
0.3597548195555607
0.4350419699888745
0.29564468178178904
0.3268915140856977
0.49881861102589165
0.3690542063434278
0.5073779655203252
0.3786099021850924
0.38081258997437595
0.30284109703043705
0.4299377546410655
0.3093470297273435
0.5549240227820982
0.4093514062514982
0.40945821673661803
0.4416041092163583
0.4544981612412344
0.3638715942074177
0.5344166771363513
0.5303998584771659
0.345777914729254
0.5126389506613401
0.38906875632318566
0.28508389680381074
0.4158762429845647
0.3782961046395268
0.3986685010747807
0.2960051151181652
0.5385964427127489
0.3774913782859614
0.3560186514975756
0.4387514896985231
0.4914678116603528
0.4264120567449363
0.5431559607988122
0.35246490626502835
0.4747150288665558
0.4246436722562098
0.5797344617656525
0.51972359506875
0.4731805681982481
0.5471438837100253
0.46902486947540467
0.3870776843825139
0.45935751965667304
0.6567202196850259
0.5585891096007018
0.36686832501034916
0.4701506395039373
0.522028779904337
0.49883721922488683
0.4706255885686209
0.4650530835267173
0.3864767914667304
0.49968938026945037
0.5135216285852369
0.3362875650961953
0.5410447920642003
0.45888279621658346
0.5682074316748085
0.5370819643005295
0.41949320989118255
0.4784460162318034
0.43426428942541284
0.509228633562674
0.35806024537858183
0.48255769148297956
0.4942946971241199
0.4224566110274322
0.5400284218581195
0.3288908455518097
0.5970931960936289
0.45064580085453376
0.6604525414962441
0.5029579814157892
0.42404473005720944
0.3831751630592027
0.5771682239029566
0.48905401777702356
0.5635334620083271
0.3731242787351151
0.3328873729219316
0.40264968049357097
0.4673828370751476
0.3882740835706738
0.42832707036256445
0.6684120805105841
0.5348141305120224
0.6074122942761
0.45149169764407815
0.672642979895974
0.6450129362156019
0.520579724833298
0.4007360822935987
0.6655138939859861
0.48153775315094666
0.4970504786386535
0.4589470815248585
0.7046095038342397
0.34291747901453806
0.495378847910861
0.5402217743683482
0.47152116538716715
0.5349590380014252
0.33005143881191334
0.3178528916991263
0.40771863174602274
0.5228695131814187
0.5719161491904212
0.7035659574740064
0.5736574505087424
0.4647391416171222
0.5239601442424384
0.6672446142998341
0.5871426905048196
0.47655616560366443
0.5625734224300005
0.5237373030331318
0.4788713203465764
0.5421784552043585
0.5081265042600185
0.5450741206013949
0.48324130811375693
0.5627013497765138
0.5681829118198682
0.7578859970238443
0.48350191710459406
0.5373808768713897
0.45748004276422694
0.6015078356004352
0.6329037047307778
0.5084621166016511
0.44866459537760817
0.5574951181830752
0.6384082740144019
0.6790752115000149
0.660149567775761
0.566287737791582
0.5698542814327373
0.7953412099544938
0.8102168496929536
0.6934480942599778
0.7103001855918093
0.8055200802074703
0.6652968626283057
0.5744541952743845
0.5671869817048292
0.631150045178281
0.5563494223087797
0.4817920049995098
0.552915979279748
0.47703665140803986
0.7763129576368429
0.6769959752101575
0.7406402001826061
0.5132330234502545
0.5374453506050401
0.7398987080379954
0.7267967024492996
0.7007721722905371
0.5237612575625535
0.7039203733295171
0.43347339609349556
0.500635049937411
0.6911932717667166
0.7962873877477675
0.7978484391721838
0.7248616318294308
0.5819941704463738
0.5842364066809085
0.6074733543162186
0.71479252966861
0.6300800432921241
0.5954970093222753
0.7126234137149285
0.5504541909469871
0.5853591779340572
0.45698878142994204
0.6279191672131541
0.5382873113169058
0.6151782365297632
0.5442345578985794
0.5192322650822738
0.6515942440810043
0.5175186339109845
0.46570834795495863
0.41598480915908037
0.5834095040564542
0.5360595912304921
0.4317059594172752
0.6549866425719704
0.45052111130100825
0.4110191990414506
0.3892663674353868
0.45742534963790005
0.44395878930468735
0.40321061160047117
0.3929423217731606
0.20951567648922675
0.29087436517378046
0.29056839350886865
0.5552106114222572
0.20937598804849872
0.48938161420437143
0.2837843515274129
0.4764368891606162
0.3278967916903155
0.3850581770885425
0.46933930432270116
0.32872154773728807
0.352608998885655
0.44167830870641295
0.5540068243919576
0.5085316715678385
0.46092850994085466
0.3581622000853104
0.4296833266812645
0.4935205957452408
0.3057618766321452
0.6427462091165
0.32802156690856643
0.5745534561948634
0.45302773813646313
0.2717148304913548
0.4748031311897408
0.37192625659453205
0.42485814283476514
0.30767958837139087
0.38196121256986026
0.3082964404636707
0.3557784393531637
0.27416442573408406
0.49253632798475766
0.4582633518987291
0.4689569769565194
0.5887185136115856
0.5625039871870066
0.3529471496324452
0.3390143566638507
0.36849607050420524
0.20101791573378414
0.3223729271321841
0.3401992079234084
0.10739055160251287
0.3572364887031253
0.33323972544833974
0.3584756138647991
0.24655139945617743
0.3493986763865503
0.436779704954244
0.4446323042629613
0.45382860185518686
0.2215579942252143
0.20736258870353552
0.3011456868592046
0.43451041120529343
0.3672303705700626
0.39167108182614263
0.25110607454998635
0.47180163649825463
0.3584415993582907
0.3947874173883095
0.4536685292794955
0.40694014469491796
0.3952489394177097
0.4039892391208514
0.2996946879031647
0.30903885903931144
0.30581233027673255
0.28813447819000043
0.4531426876713379
0.4963998435466812
0.37325327141636855
0.24944278318751933
0.28250792544526815
0.5234012479333979
0.20230078353835326
0.3745250092915345
0.37312089662698644
0.32104549126137055
0.4334744530452361
0.4190765490868301
0.409662135187029
0.3364624602074179
0.38977605388212466
0.4139665447141556
0.570641556954535
0.4227755622263145
0.4021216867640808
0.36767894709209936
0.5039959635306287
0.39928549121128254
0.4246259209392616
0.5712993222993095
0.42140310274303994
0.5386443433219619
0.33149531440872226
0.526401986351098
0.383455170449427
0.47660544101973645
0.5410376118602719
0.4694304270636079
0.44332141715522766
0.5483308657901754
0.4210010559603184
0.4908297743778943
0.5472495027459559
0.5737587815490008
0.5040888367785581
0.45312885485059495
0.5785900879284075
0.5086603977843641
0.3289623884961932
0.5059424275132529
0.4742994616068785
0.5157280416279446
0.4916674040515241
0.45480043636863465
0.2976017506550274
0.48436951682467433
0.4900370935505059
0.2998424546189819
0.3248707722606841
0.4566452908366021
0.3585391659686058
0.2272656791815139
0.4624996516525608
0.4066716990712965
0.37959617590646894
0.2884478624335258
0.4502476981783482
0.4270752865823696
0.457688224949932
0.44501505665827107
0.37772498773340135
0.4247448876898028
0.4999337679210307
0.4282343745660187
0.45973660619222373
0.38542842346227957
0.4830642812144767
0.3893439117787722
0.31864683538019406
0.2456510828960925
0.33068037041401205
0.40571450563696554
0.21350891979379008
0.33003940385936525
0.5209413108292572
0.356467421202209
0.3619538609958361
0.21501796412426108
0.4568771699228963
0.35246605817665727
0.4269282509654061
0.4049202036623593
0.3434747393174046
0.4607030268564638
0.44652396082389356
0.33762880833004905
0.3591767797896086
0.4292512705564704
0.28413457728682945
0.2918657293164446
0.2702455014623546
0.2605229251207824
0.3036734680961405
0.34468715538484496
0.4557077039591324
0.4056877747082117
0.3441367981087955
0.4001187752065233
0.3006908746863764
0.5237091714574407
0.3832234331151849
0.505307784963893
0.42124078806871085
0.4598844409795495
0.567096970241002
0.4997724911091747
0.4940787830736825
0.5014974777004073
0.5357668064263192
0.41491694709766724
0.5553743828086138
0.5285781451444738
0.5647915226485126
0.44599997052440954
0.4445507037260005
0.5977071847275726
0.42994766084361624
0.6507575799807149
0.4538944494594005
0.5088632280974603
0.5118018820316969
0.4331927170152019
0.4624601114615208
0.4148435785659093
0.5449710755562023
0.43422595892131466
0.30907573307545644
0.46252124549107665
0.4000963788856516
0.42533947764197166
0.42331280575143804
0.34624613598780024
