0.2868604916544427
0.3219070883437349
0.3123774893367685
0.34353129223564155
0.314768515709035
0.20211781136760149
0.38856757174734957
0.27029773307158905
0.2811153259123306
0.31478843934191014
0.42099256541038654
0.3553068436617268
0.3095734048401762
0.19956919313386257
0.2736989569445541
0.35892714784350965
0.3465287029381714
0.2912195643415664
0.24633371564201056
0.33862174556584956
0.2579823926089151
0.1987904930117923
0.20524025926183287
0.24665494869239135
0.3103035839979866
0.26035905465704823
0.2941094622985977
0.3256037009831768
0.2713673539058599
0.24906024089204976
0.3268005817115694
0.2457970957220412
0.28374030564297004
0.22832549672855929
0.21126914684395665
0.2937850392752968
0.22988813866127272
0.31219078483529733
0.2784960774411899
0.3202864741978065
0.22882530369958448
0.2585435540723874
0.2453994693821562
0.23348449588714174
0.2927785398434479
0.33467576347487266
0.31199357629405317
0.2853015855846288
0.3062524076460102
0.3129123213650621
0.28468818919406264
0.26240593496765285
0.25347323452650017
0.2658364363145526
0.2769260108398363
0.3483224049049878
0.24959403264160074
0.2817208867375529
0.3716725141603915
0.38586935498188457
0.3302309955701131
0.34513328953136
0.35024620006651125
0.33350363831508517
0.24884471985104928
0.4112451807558256
0.32725903418850383
0.3248279010159552
0.40947935018330806
0.38399204714067947
0.45027384194569464
0.29698150460081946
0.5001115266804528
0.35267497753485977
0.40895591039396273
0.38643319515792846
0.40633484735232667
0.3864979756719821
0.49422044134703935
0.481230973062228
0.4502211217253471
0.42907918956088514
0.47068894281321294
0.5109966632724613
0.5359389307297895
0.5170642534255229
0.5333891203981316
0.6157457827313056
0.5696069060129691
0.6472689647247893
0.7035951239116373
0.6891646184103667
0.655993693649541
0.6551225209648232
0.683553817426495
0.6903216492132549
0.6267305096945547
0.6073147282288271
0.7027358543473631
0.6186320672375567
0.695775239334666
0.6775198213111973
0.6453825418109871
0.7724692370213397
0.6031849740988164
0.5878544175488145
0.64314663413329
0.6894052383248462
0.6394180744930542
0.5357369775342187
0.6605470379570095
0.5913699782570329
0.5490265298354096
0.5549318602526219
0.565031409244039
0.6463688727034334
0.419634243337733
0.5797083810099727
0.4768689068833639
0.551589495746427
0.5377454801906065
0.3730327203435597
0.4329059065990427
0.44542829286039615
0.4964266676055515
0.4789060989233059
0.45686683217930935
0.4668635156824032
0.5389195317151699
0.4698556415923274
0.4839946004999067
0.49674793258676586
0.5521272671916415
0.45939190930440604
0.5114105978665981
0.4956932801982865
0.5181288020895314
0.5138206290649675
0.5686865042616701
0.4324859191155471
0.5870260862635677
0.5051377459497548
0.4684452821678488
0.3866345685919088
0.38972437189818804
0.5183946562235189
0.4610357002768399
0.45519769721389236
0.4242067535439606
0.42524039770455635
0.43481803767294597
0.38646919369231475
0.2961990902537042
0.35008258321244934
0.37956100588265285
0.35517375495144476
0.38848485346057193
0.3585801125164293
0.47297186932081337
0.2867536865952375
0.39988643559334724
0.4889944940005837
0.374772202126913
0.4178167881715875
0.4141335855716739
0.44211011860641736
0.4958877722571102
0.5134316514887782
0.46528952556404507
0.3676860571059432
0.46206555571245206
0.44803511277814845
0.5228902578274465
0.37460418287363306
0.4386767885141334
0.4329394092577326
0.4472145496278439
0.4055476918664285
0.4459069584173032
0.37293787865569583
0.4476215889595067
0.4198174657369277
0.4929971830269191
0.4363550963566313
0.472274884780182
0.49575893529469955
0.3927462607016337
0.42299368104906204
0.34058380929254306
0.398039284190797
0.3342694538133174
0.3897472325241314
0.30423617454047536
0.3083413696336035
0.33376763581373775
0.4334962078447295
0.2545377327564767
0.33981841810799457
0.3495719476723851
0.28181192161146346
0.25547038215819323
0.3179971512510409
0.30034578540094237
0.3843859046738357
0.26532368586120025
0.29149426107284626
0.24830355375701807
0.33523781302132927
0.31554287689176225
0.2700512363719407
0.2951861709168375
0.3551623492265364
0.2674637550061238
0.25960685555043506
0.21590761091436
0.2708260874837763
0.3457459736082181
0.2006865936663128
0.30548888071145947
0.19523314337115416
0.3084595774354277
0.2758154322763337
0.28976196573533597
0.26081301679951757
0.3094530069198113
0.22198125141102543
0.21064571174917696
0.21015523545045892
0.2047655729325914
0.18658908317852185
0.28117047794108513
0.2624542682406371
0.26259165691088093
0.3346983105720665
0.36206814030187545
0.32733925450169865
0.31145535151377707
0.4035549919121555
0.41467853756797696
0.41146233916570973
0.4259691238235228
0.41464518241446846
0.40752875421653095
0.37362741426260754
0.48328936929634636
0.5125601576619934
0.534195583542655
0.5083239909324258
0.5085761789846475
0.7199363927500918
0.651108419313038
0.6817604989732718
0.6555900441429082
0.5803823914818529
0.6516560314396486
0.900653805915432
0.7444317410807711
0.7281136575536064
0.8726773863244905
0.7994910265827491
0.8228524145480959
0.7714060945299597
0.8426446056281329
0.8025620677326075
0.785898800186874
0.7624089647450387
0.7464356946887016
0.6111344637396382
0.6768198776436645
0.6901663925599636
0.5904619103926905
0.6914011458947085
0.5949979543455052
0.503668552708562
0.5639242242197362
0.429969114777773
0.47133762952698116
0.40185029688159607
0.4718336770595791
0.358933897482036
0.34412416772706306
0.3383053363320686
0.3780269770837085
0.2310913699136474
0.33554934833065764
0.3773070900721551
0.2988536860736599
0.4181971422634678
0.4145183127949664
0.33544457441240655
0.34155035330888595
0.3665686069931994
0.3985524789568222
0.3551490367137075
0.47350618784615395
0.4318417810856014
0.3978145047670608
0.3813305074016914
0.3416229153958277
0.3102363755718739
0.39615945123154406
0.28812765834677734
0.49169687971939274
0.2957482137365655
0.40653671756124243
0.40681721771235213
0.3418299585884753
0.3503934896275863
0.3909708079554589
0.3938550749964267
0.4438237018041106
0.4144993028144277
0.28261269227102775
0.43110803061873315
0.44733345041869144
0.4533334932418659
0.3915700610463376
0.39946254653201524
0.5553370445890913
0.5277190683074366
0.3861501683745493
0.4542064818153596
0.4523572760083737
0.4548101608522429
0.4708281937701661
0.4481030514713325
0.3839700526922233
0.4985509295978867
0.34524921495705463
0.3863986788736723
0.43343694569515395
0.44341173956729785
0.4221172618028804
0.4301775779181978
0.49142039834266515
0.6091166457165527
0.5387706381941714
0.5780841967085755
0.59194753457653
0.555117802252484
0.5393255575439381
0.6398271559629195
0.6583134992994095
0.613518376907131
0.6874066008067412
0.6650869422710246
0.6158321547949513
0.5998760198059001
0.6331255842816356
0.6443671797234469
0.6899962687764655
0.6269198561051491
0.6151929550847394
0.5647325118741899
0.652732877296575
0.6604311999745512
0.6498165211569216
0.672563849450319
0.6313281237232417
0.48441231376921934
0.5825635239675382
0.5809966633559538
0.6639613741704159
0.6348670205387584
0.6452675519764748
0.6170684442114817
0.5077756176702921
0.5551390318124244
0.750688878075599
0.6766554095157814
0.5859677880286869
0.5946825845716212
0.6445591169518801
0.5599005773437651
0.49230802971959187
0.5497862280413797
0.6141907245599711
0.6215692437716576
0.47840330739785075
0.3695578234890703
0.4995795491037462
0.4071043459063436
0.40855746463806014
0.5516641198686895
0.5053514830491534
0.30922923470262603
0.48480328922342913
0.3717845146782652
0.5363028298342278
0.4382552433847992
0.44760612021493873
0.4217258143662219
0.45974127503982853
0.35927949609444343
0.47802727455305516
0.3251526257486467
0.5078863897166043
0.51762024305557
0.498347508255805
0.5287519331397614
0.5282768826204813
0.48315051621815597
0.565615339586648
0.6040105662077117
0.5265473320608853
0.5507846840902965
0.6359807018232944
0.6882472088579539
0.7326124728872474
0.5609432226270561
0.6294151940996502
0.6827358359758741
0.5775019035964922
0.5712656208729677
0.6656641120136427
0.6616560097430814
0.6131984186634883
0.6061596316327483
0.6724248782174903
0.5649651575344058
0.6075605533016659
0.49178732704290906
0.583931198668166
0.5164728065880836
0.48383118531542646
0.4870396682203073
0.4892973117729261
0.4532965153408324
0.5426614289424264
0.3297460131686495
0.47410009134799147
0.2501641778483012
0.322264482535405
0.3984859700450082
0.39354366513411737
0.3648054218459354
0.2814421362369178
0.36458808768555634
0.32515288386619706
0.3702411130798706
0.4023833794705293
0.24792830908782945
0.2570684721473852
0.2547699054891262
0.21578796849631637
0.16004659537274804
0.19055081469303736
0.26042268238986577
0.0820331854872131
0.08189218411138866
0.17870008762005937
0.18905133454239575
0.13194074536205935
0.09651354741327617
0.2521592318638673
0.22651590157980378
0.030290682220408958
0.22201502192751232
0.14782318634171576
0.28501136864817433
0.2926821090656914
0.16635867689985265
0.21688093043904108
0.2485882276363588
0.21345683711470045
0.22781258876835217
0.2398913343980441
0.19513480637613673
0.1808938113632708
0.14432835930087135
0.13690081506363447
0.08246444523599265
0.1573064273404723
0.20655950184195035
0.24482356254854903
0.31722437293439565
0.16247841927040993
0.2741980450857014
0.19419684252732777
0.21806101104968212
0.15805557720446894
0.1716231549985282
0.2694025143745975
0.1520272237215778
0.2222816797022576
0.1613315472829756
0.20434389552453472
0.2838340608803264
0.14225321784580192
0.2467395054151821
0.217079264431293
0.22137892662226943
0.3458158799238655
0.24406699871975815
0.2453070226255335
0.3669702428638532
0.4304612915578449
0.30169704246793594
0.4450919732550346
0.34223738142202637
0.35974769736106793
0.3642533007193412
0.4750450262240302
0.34997738341091644
0.22106642509750063
0.26518075742011277
0.32244866499582925
0.29088946124180237
0.26971394771108614
0.38241209544691357
0.32934060111350233
0.34986567074680136
0.41393561108705573
0.2971405280994151
0.2727159953579075
0.4330309498497297
0.25444675089766505
0.40600010959858596
0.40573782135550723
0.2731123770397814
0.38441164385444415
0.36891135187565866
0.35160109759166325
0.3718622857603609
0.37906140485211764
0.35957099695281214
0.3784150591966034
0.37060031593138115
0.3400584228079255
0.33731152253261765
0.4870343968762404
0.413580887172983
0.3021466039355977
0.2959046796325169
0.33707827074856594
0.4213653840767356
0.35836804855294335
0.2446586093227246
0.4100670380792953
0.25457025002214523
0.2793507966835501
0.3061495105623136
0.34963922608391956
0.2802800955245064
0.33685820574682956
0.35135311567697397
0.26133371476595046
0.2720992764262167
0.3192879804770981
0.28981495834862864
0.34685188802174916
0.25109891948194873
0.30377698288155025
0.15335264233571919
0.28135656372296625
0.28431469403512627
0.34992559605994217
0.31360965142930075
0.21641963097615616
0.34398753468715315
0.22660497763063198
0.28939258232254705
0.37984533685112254
0.24850717976048792
0.2806321149708917
0.17492683949536475
0.3187110294739323
0.2848574976452122
0.2837910893799971
0.2348513021621514
0.1873242972881829
0.27400629794745307
0.32996042108714585
0.34690074564118895
0.1932263204444277
0.3548465864712907
0.3702478929928371
0.34365034373869113
0.3237724850439724
0.3676301414731604
0.5555822756167309
0.579785385956276
0.6340763868639809
0.8013360549077108
0.8296644638387355
0.5034184567547684
0.4937329426768359
0.47611871342240336
0.3981602576296487
0.5651120641528635
0.45590460838939145
0.4695437493980513
0.5099137541904742
0.4380013511476097
0.4531118896585744
0.3950152033654496
0.39885564049583083
0.2952985780728045
0.24170440337920607
0.32605890611288635
0.27260755258963243
0.39671162296879986
0.35018160300403867
0.3603824535777263
0.32401073041549067
0.362429741806667
0.3003319198718458
0.4234820088058877
0.34184999779310493
0.4324836575564663
0.3662365841143123
0.3854627141052542
0.43494128335809473
0.3821058962216325
0.44544555653735385
0.4133516659264819
0.44116819328657375
0.4623219295658831
0.42024453282657
0.3867394230235356
0.47986708352893237
0.3833370966824515
0.35093073157495414
0.4829469102962589
0.3397675175826067
0.30500206560915816
0.34896272957262003
0.30639124812056373
0.48211821105337005
0.44875215432004184
0.5562822229594293
0.5378403207841026
0.42747879859149995
0.36586823199226526
0.5300689067370377
0.3769221641175233
0.2098139175982961
0.5071653149274765
0.378926555986305
0.5210516218158622
0.36197307958358277
0.5841002742482343
0.6262700133385348
0.46759994993542475
0.32795198653710145
0.3838109618140893
0.36759582771452337
0.45206589815188397
0.4370760592937953
0.33027201242255705
0.3902669324397407
0.4456869147539062
0.480029722891141
0.3000416841426642
0.5054130620621823
0.3663972755359354
0.37161382581526453
0.4569348609903802
0.4051275912124728
0.4102531318263321
0.37927631944954665
0.4087313945630013
0.4097684254875422
0.41085155534896134
0.39767278426438263
0.4418283016214508
0.4583911691564158
0.3778224125990075
0.36960295217241157
0.4412876161047537
0.3950212820860424
0.4400609010172897
0.39626421298590186
0.41102740335063465
0.2574846906119342
0.3389730864642272
0.3249335368205198
0.3580315088338831
0.37559779744482097
0.34224295504856095
0.4852331837351319
0.43417925569026
0.3745345930128569
0.4233179446786958
0.44583375776962797
0.41737318815969277
0.4685475857245809
0.5009252125459812
0.4841045096071042
0.510594513076826
0.40245139198093416
0.399551907926706
0.500161975472694
0.4763421414051566
0.4704663461140331
0.464730098931982
0.47067692030952246
0.3792110887753534
0.3692632806638064
0.31364517341547815
0.49586270172860675
0.4466102626011445
0.3570140495792288
0.44884729581956434
0.4185061734987896
0.563491393348039
0.4221675623523944
0.4845719315811293
0.5055195001540991
0.41191840189066564
0.3876814230639317
0.4773612179299078
0.3820752104949133
0.5055878158185045
0.5943699088718473
0.34867315926159337
0.44720731541074166
0.3268219102223741
0.411450895249722
0.44478534597425895
0.4283867710259508
0.43249637934197077
0.27883596199549476
0.5126514473956637
0.4492869165041804
0.5161112868912967
0.43415425041291955
0.4731806562734149
0.5348594971193394
0.5187332728398392
0.48602159585863436
0.49792209837207485
0.5765236427258916
0.6249867615267961
0.7109722667622389
0.5361078638094979
0.6873875691693037
0.426214650573823
0.5798101573472855
0.6334827160000528
0.49340859212559
0.4796392393988276
0.3771394975757879
0.5013521578060225
0.5240448366459929
0.4624943629511846
0.5531613089632524
0.4778876796767445
0.3872727610354998
0.5066131597311869
0.5279046854532561
0.6862780122032031
0.5011694145968698
0.5696064376465871
0.5738625175059215
0.5491015421473011
0.5273127665656153
0.5871569818421367
0.4830166419681461
0.5593196533279925
0.6215842014911277
0.5936154352546864
0.6279382243704548
0.7067496269713343
0.5860675965954523
0.5222318930713483
0.5040293753764161
0.5636557434204857
0.46873929494784655
0.46962516315105
0.4092143688841806
0.5069513396202888
0.41880234805273253
0.49979652559064147
0.4773426321228734
0.4870102792726095
0.40203924963296866
0.32133458351044664
0.5056307304191145
0.532985165263405
0.5046271111659341
0.4897932705593962
0.42691438267472387
0.4551350938022533
0.4811842271012119
0.4338635340781031
0.35515193683386426
0.29770940120617023
0.3363428756166524
0.4530328505590138
0.3296571556053839
0.39801504068194443
0.542405316829267
0.21914821663514256
0.24311380945509523
0.36486697562465253
0.36520832458185476
0.17837835405498476
0.366071797696623
0.23201787152769246
0.3078802021420385
0.41681162795255766
0.2360926247707817
0.34425765835438227
0.3978067506703927
0.42672935380002586
0.42463050306378636
0.36852267422874513
0.34531677290201757
0.3018690495992279
0.492135044787418
0.5357823759016284
0.4829731320223722
0.43628855247407394
0.42563112244440454
0.3363052264453148
0.3981913912138921
0.2866813982555205
0.5291377802880697
0.4462080283021336
0.3387642604702598
0.3615521275737289
0.40168775189621747
0.21815834319338362
0.341848176418198
0.29822125161056884
0.3404431681569485
0.2781701865794283
0.42420548529312013
0.3355098083858494
0.32540161746802737
0.34965639888342515
0.25364534595512844
0.3873414619247354
0.2960145810012462
0.2647184301227265
0.33787526605164947
0.34311732458443184
0.27569653900903085
0.3800546787548725
0.2902346093334553
0.34811666421992127
0.3226457260852369
0.32731182887226495
0.3633071081781698
0.2887146640850699
0.34739378342146643
0.32867407133915794
0.30711557364860576
0.2659153212287589
0.3167694776759587
0.29439137003803284
0.2827547893561348
0.20042153696074153
0.32990134457664466
0.3385557258565007
0.36946350745736617
0.40939776411552903
0.3715328307191722
0.1474411867078686
0.3090655646982582
0.37042966538160654
0.2595797037543092
0.318973046527817
0.32093567577788784
0.33642695459148664
0.24283099349147771
0.4006357765338143
0.3581307378786699
0.2837270359046554
0.38134341169112373
0.28835063260668936
0.35117779660749515
0.3710863889895104
0.39444375998085185
0.3422357777065412
0.2967005326347501
0.36104949987755647
0.3452066638883608
0.3452053833706785
0.2996735768280989
0.4094946753461223
0.32687527536165356
0.42567976040608696
0.4349101866908692
0.38015141690493637
0.35391639442257833
0.4850553007995461
0.42905632715334374
0.3815879778801316
0.34877805129387246
0.4082684009358954
0.4436992076407601
0.48816893715596577
0.3566160124058636
0.3115529823236773
0.3918940503159892
0.4216461915382939
0.37278642942434603
0.4335603611384731
0.4911061359488168
0.40625695548470375
0.40562274826954964
0.36740175258918445
0.38324498545961144
0.48375045945394024
0.4526141621265394
0.4408222112070581
0.3729339885180436
0.40318138621756794
0.41706925204393547
0.3200560688349609
0.42000054047769386
0.36996407334453185
0.3158875666955254
0.4431220606772808
0.35460545699206625
0.219834363726518
0.341038629859676
0.36696224091293533
0.2780595719786019
0.43476544087215024
0.35259012932870853
0.40281276328639154
0.34409529382765763
0.3962902300506026
0.36581267328347783
0.26762533874431177
0.3779894813794542
0.4117813382369837
0.267313696497195
0.36384224206041377
0.3114861111604499
0.30919301869985394
0.3011435631305317
0.3503467938159495
0.3979113049181527
0.35245707979665475
0.420943171949371
0.422303545585662
0.4000625189137276
0.27155304701325905
0.3488352234063309
0.3471206584586954
0.39966309003263534
0.34018024157669347
0.28692990083155157
0.28075637538814396
0.2908227978037357
0.2605810248092782
0.3725934871189742
0.3253598871766187
0.3118192279104813
0.2441460364802002
0.42396790800828976
0.39226912242664214
0.15993525075548026
0.3746921772223387
0.36425035541002077
0.3477662229646492
0.32992980733813443
0.26540484503206985
0.20142870790178918
0.2782815576993989
0.33380253664256915
0.20150380496818776
0.40446954952405206
0.30802340600604644
0.4214787432805168
0.3228234698674656
0.30586255944743035
0.5409637123792657
0.4544165806412084
0.38663236654236816
0.37862720385306503
0.3845879479154466
0.5296563581662856
0.5406762887057733
0.3933869625141305
0.5205492901598311
0.5148557293644125
0.424263120402258
0.5338658556739628
0.4177048626656009
0.5239608141288985
0.3642476022546031
0.34361511975393805
0.3767937283234222
0.2971353203146275
0.3209129424400072
0.24108948303864997
0.3729282343338306
0.2970179840651097
0.3015915270768616
0.2929918613979411
0.3261279120622326
0.32899472693628296
0.300843566882801
0.23474983602520338
0.4313936961852929
