0.1925940099526219
0.2152627869766373
0.29093037777814534
0.2789590670077944
0.16619685889784802
0.3443198169643802
0.22125572039319902
0.2366797840967006
0.27955654920145734
0.23959038354378434
0.2342847486273515
0.24059082504207902
0.1801760644975075
0.21528587904814567
0.21404871681474644
0.20303167445830675
0.2525046091090005
0.2607902768514021
0.22779468083975607
0.26186652517729325
0.22435032820402714
0.2495407484686118
0.21935981573410124
0.2602424086953908
0.22743424087407205
0.17090709965955067
0.20010737771712556
0.2505264321390651
0.21102353317563755
0.23472173788054834
0.20618769132862724
0.19201816190471535
0.17790465913444117
0.22990541398614434
0.21400488902022569
0.2109668076503427
0.24860741277240586
0.22605479922932814
0.22483355573008443
0.21151858637566606
0.19061933035386672
0.1726367110875406
0.158486365048867
0.19905532288357428
0.20842742266284175
0.24921562004386616
0.1772768977967572
0.19887179359728582
0.2440811611240043
0.25545001233716985
0.20306737334426464
0.20699675159906125
0.22386936030422
0.3127471194289549
0.3501765726863465
0.2877046216448743
0.3445829257118775
0.2773541446484335
0.2932305444392521
0.32319717516517477
0.2886433643027172
0.37837043108477336
0.3364591056261479
0.2718342438208846
0.3914344967966876
0.41734984771250083
0.29540063573170083
0.3079884999333097
0.3390249070557376
0.30279204735193693
0.3698607595307297
0.32241673127307946
0.4161350656720848
0.35707592148687295
0.3421501961906356
0.4150831083550949
0.3864491973330775
0.3979362303201866
0.4516461214680318
0.4107648181424406
0.3888744481947125
0.4473724479149201
0.3879385298226802
0.4943661709630216
0.4703597884602211
0.5098408952203571
0.4882087243167883
0.45195267958614443
0.5134104913118255
0.4777370299978021
0.5037240767071404
0.5447206740521169
0.5827841280222098
0.5517870849402359
0.5623457216789342
0.5982669588506062
0.5283475242268614
0.5517096715177244
0.5731822990258036
0.5433950415225541
0.6378310385719127
0.5853790203884801
0.6638334920767861
0.5904082849145486
0.6316025937967249
0.6172937490037687
0.5548869477913031
0.6718000207874208
0.5806015637681894
0.583409217328531
0.6047687647347545
0.5410543264318773
0.5829410690610345
0.6168508238520337
0.5088057523418692
0.5660503803998242
0.5252031722515337
0.5459463394989243
0.5312797776885968
0.49462634565121105
0.5012957630858492
0.5117761784297654
0.552712426745791
0.43141480501963275
0.562039180083461
0.49877832944846856
0.5279517916937909
0.5721037971826246
0.5679875172268712
0.5170522303748928
0.5914879939278503
0.5259249603253963
0.5326045700586223
0.5078875382104748
0.4899411273785303
0.5770260371164042
0.4566201985376154
0.600846977776156
0.48263520588395004
0.5281276403409365
0.5197661633351716
0.47012884620466233
0.5279248609026556
0.5199077680731276
0.5808451257550812
0.4649665206503851
0.5004315324549712
0.5374136726299017
0.5069072061733203
0.5522838763017353
0.485457500218492
0.4898117615319461
0.4747951257048956
0.45398305329647204
0.40487157026050147
0.45915463712648463
0.49789128252897064
0.4114633482572057
0.5226772757921602
0.42677628046248983
0.4797292252593065
0.488345483981483
0.485770235400328
0.6326693251968046
0.5802129506886529
0.5155601129066479
0.5045444155369062
0.5173702901745448
0.5000077457909984
0.5443962045708665
0.5587600666533828
0.5303586098138215
0.4904032386969403
0.4760496716126901
0.5111632640992165
0.549005209032815
0.48022776707174214
0.4345066482633867
0.47590425040824064
0.4605158813835481
0.41162047721662526
0.4741041304400575
0.4793154918144561
0.40491163548565584
0.4914602502353227
0.3804362562222649
0.3848037944055672
0.4168814317765797
0.34941907416324264
0.3687995581214531
0.375110860044819
0.33382905322956463
0.4049522963396288
0.3788114020554792
0.3391123635300894
0.30785176985242996
0.37074571742685625
0.36705054113314134
0.4265187904212717
0.4375329122370457
0.41445899235741235
0.3458257410056266
0.40912009613428174
0.370181239184396
0.35123794738372804
0.3989121019302702
0.37009611893538485
0.38620802441093327
0.4045214681153215
0.40796790891445
0.3274045782603783
0.4007254932290785
0.42529506904871023
0.41674018881760766
0.4268209392836226
0.43330277617643503
0.36782979387740455
0.3984730795371659
0.34130438580809286
0.3922096587543291
0.28218497334763165
0.3479000683341088
0.32434686209562175
0.33660606325132947
0.34198308972086755
0.34019060732540307
0.38144337743034235
0.36288933015917724
0.3102129235693798
0.2963772186666316
0.3648490280496542
0.357681246411348
0.4050237989443817
0.45386827657734247
0.33002045341741065
0.38758105468625054
0.42102112517544876
0.49857448728745307
0.44749931667906623
0.5353995290365356
0.5405164681301448
0.5582098580358275
0.5127223567805438
0.60738906700348
0.6065642129006614
0.5637372697194662
0.665101211522355
0.5834540335375994
0.7017804132943029
0.7295328886431223
0.7707265543698444
0.747357756961367
0.77117451850477
0.8167885642072868
0.8539995371974806
0.8875721811734638
0.8924121135069757
0.8267290864578684
0.8602062175096015
0.8447459958660043
0.8534907255307593
0.8902215671106343
0.8808151364276413
0.8232457713393166
0.8424886580957156
0.8086867919883014
0.8939964877595578
0.761593667230166
0.7100770921578351
0.7044319672886653
0.7600010914617041
0.6644407228044416
0.6749929964242289
0.6551746700047318
0.6202354823676723
0.5965610598134521
0.5853740714698846
0.5475979256270942
0.4946641552683299
0.4639461654100585
0.5221358991213283
0.49818590137600227
0.4696794927012511
0.46283161418224616
0.4445522782066632
0.5243346132012183
0.478176525401058
0.43660482133025663
0.5470888011937276
0.48736458100065294
0.4482131996581061
0.5343837759127257
0.5339682880339011
0.4691700853988336
0.4914759067319057
0.4822063599761112
0.5039370569056285
0.4414971263503584
0.5266799759866624
0.538686956136266
0.48049792938371205
0.5501351359742896
0.48883456503085654
0.5177498002920189
0.6102626467790415
0.5798604480529824
0.4954443412263043
0.5421474538475727
0.5798343431141251
0.5661642372880179
0.5573126601562062
0.5691918656060497
0.631313708789887
0.6312222763831684
0.6315803713924004
0.6390748016365266
0.6389079438136479
0.5384500759939931
0.6302134646328981
0.5505475300017781
0.5923353231139843
0.6219295262615364
0.5895473142889062
0.6565736857463005
0.6361337715858472
0.6144343962520279
0.6367979043904819
0.6262083424176802
0.6015048232792078
0.6175641803358802
0.5783878750135342
0.5854252432374041
0.6412291268785691
0.5274800436085082
0.5828022579113574
0.6089934328813721
0.5844348237910169
0.5806525528560018
0.5788979163657079
0.7200597350206421
0.6614977516443759
0.7195933153087203
0.8016537048387654
0.7256589340506175
0.7269062465187912
0.6973644054316434
0.6292552880188584
0.6738959404878943
0.7000331081859685
0.7583382055580398
0.7836446329016078
0.7486791256561094
0.7145371412641207
0.6716587938744614
0.6687449098159401
0.7375231198019163
0.7263477855985665
0.6909880653014003
0.7133898382307838
0.6506770230023782
0.7728933802382375
0.7441856294291752
0.6278076631507571
0.7047188579203175
0.7000646944764554
0.6879229199868977
0.6903984247246306
0.7240259424174713
0.6394693588747467
0.6845480332101272
0.6856782160487824
0.6344457640268384
0.6153054396186606
0.6490041976532224
0.5741919975287714
0.5981647647100767
0.6265565950280975
0.5833430551620348
0.604800778350126
0.5856875127715779
0.5268720060867113
0.5876635378748537
0.5270470094549364
0.4758179073565719
0.5080420558771528
0.43377808059935474
0.4922347488535709
0.4817722388586756
0.5405996342411943
0.4689654663107428
0.5296666498338369
0.5378951373777843
0.4571267229735319
0.49308233643291643
0.48054023103182797
0.4444927765765036
0.5289965610536007
0.554191304025764
0.5195999317292852
0.4436554740824401
0.5044277376728856
0.5697555190323341
0.4993654775125886
0.47598576625019506
0.6420461483195702
0.5801191369283528
0.6071338600566522
0.6336279255336876
0.5480513913886891
0.6501993894428304
0.6409604103785042
0.5612927000490194
0.5592257387608718
0.5634331433512766
0.5216118227897757
0.5973862915111262
0.5666811626921225
0.4979648848626763
0.5323441228270197
0.5500809629079892
0.5045376135784052
0.5357582794098076
0.4230698466741867
0.5245448912930987
0.49385589270442143
0.46234057713233623
0.5222225119687762
0.39617697373293226
0.34557341803216984
0.32432449691534176
0.3260651338386442
0.309137538448745
0.33008055162925504
0.33084863896928585
0.2835610074994308
0.3367413627698013
0.32814307714607016
0.32972104759128734
0.3509416983455578
0.30156527197781063
0.2771715529707033
0.31657316647131273
0.24091952050641086
0.16826780661827467
0.19452560022912121
0.22377427182235604
0.1477959434757739
0.1562726520406342
0.1599875146149675
0.12069241213640765
0.16102247267650197
0.16929497203600027
0.1087732654814256
0.08064809908903176
0.1841798499098417
0.17495892903505622
0.15248254598117478
0.18527903659855952
0.162259300895329
0.16954717403209102
0.24470497619538706
0.17738934528140657
0.23492016741452948
0.21143656249123402
0.1918069171471063
0.2740516062958041
0.27951491980102344
0.20185736968539794
0.24667501312403908
0.2341337474329132
0.2688926635464885
0.3110076930821439
0.2852955539854934
0.307816194874226
0.3169390241144944
0.2796161303708317
0.33303502636477283
0.3331006722033907
0.28796656300639023
0.30802976293992673
0.3546329999530393
0.3128223009733407
0.25777712285849114
0.23472796491653541
0.33303096232715446
0.3382195393230484
0.2915960056215875
0.24364794420189895
0.32792636412251475
0.3711836574712819
0.3141682734760319
0.38482330505725126
0.3458379533736408
0.3338588130131503
0.37741910668357453
0.41897501180874847
0.4408897975354299
0.5219074863539573
0.3826624026055214
0.3803327759567273
0.49547453278585774
0.3673100984042678
0.3981522777522055
0.4375010042440404
0.3910050951831384
0.361497656321975
0.42863557470824204
0.37704179195533877
0.3999030076766732
0.4205136017896672
0.443278336296484
0.5024377038094938
0.521439039222379
0.5468645330196701
0.520149501607959
0.5114625997811624
0.5106543194614351
0.5134760075676402
0.47991277909540137
0.48626934806180616
0.4743057343412759
0.4943032164580099
0.4964322819081485
0.573078498742824
0.48726152189707145
0.48771770708371265
0.42319947207010167
0.4374154902786126
0.39026741297584083
0.4328151105941053
0.4075494612061522
0.38765995198257536
0.373992037760828
0.42615481525202165
0.3251821214383489
0.3335210597625313
0.3977546832115966
0.3366311874164881
0.33163322597394773
0.37503518611173337
0.4023895823968838
0.36097676642669074
0.3699519828129453
0.2783271449193153
0.29752314424997056
0.34885265669969057
0.20691210989604245
0.31460446304335854
0.3276213427335409
0.31423820334795083
0.24717239137685001
0.2754967410461193
0.278731876031758
0.27088322988588814
0.3076938248688459
0.19406260360555164
0.206663622183782
0.23381366386659838
0.30064805630437813
0.2366637056705148
0.18539013740905944
0.2537374645994742
0.21509016507961184
0.22513034433303525
0.20155492055695295
0.1927711982758013
0.1859839194506638
0.17431212273827154
0.302230580396798
0.23046849140815032
0.1648205963450075
0.15081020563312825
0.1217866471762491
0.16843293208806026
0.2032570741295616
0.15263207690670494
0.22131831945119854
0.26251057895972063
0.1944094476670044
0.2646544626620392
0.2354662801597969
0.33686714494519077
0.3604114573708036
0.47686668495376405
0.38243445851702057
0.399797072522949
0.31998901949899866
0.32881902225460036
0.2150300124184254
0.2527812433379343
0.18733616969144712
0.2347646372783396
0.21533749390187898
0.20143782890797537
0.18599484554477208
0.16443208520955135
0.18030005555069978
0.1769801311173476
0.11867267269922727
0.22285487669582327
0.24238012480618054
0.13632915934392847
0.15415938662722112
0.19818829566582596
0.20179099395121602
0.2324445281085976
0.20830179244293393
0.18530027497976018
0.1771166954291798
0.15587609828381493
0.19062113316124668
0.1288073160896004
0.14256403556676694
0.13374574516603505
0.32638916876213225
0.23083971378203608
0.17974345104668202
0.176274329412472
0.2662962219124158
0.1604787940852908
0.2646525386736523
0.18666112064777268
0.2268697535585026
0.19716378676725657
0.2680883915743056
0.2890928654861298
0.21756666412711007
0.20202081388698875
0.29912318740202454
0.24056428685123576
0.3050035828155877
0.281865165818666
0.31019898589074857
0.2808180691243498
0.3724613396207899
0.2859645265095819
0.2883532380205839
0.2994957057316624
0.3227648731183042
0.26168405927447247
0.30113408800352126
0.30725666528026097
0.3376557575138826
0.43048929466910757
0.2677473080243353
0.35561971817392113
0.32828472658137225
0.3692383993493149
0.2562292944168602
0.3222802354527585
0.3504660576310494
0.35542297361208997
0.34665060842762174
0.34079793769714684
0.35592072674023495
0.3905546772981635
0.39346325968462187
0.4476016648981568
0.37943335359490304
0.4309669065545123
0.343865035993167
0.3376095360477875
0.3432155150636066
0.24686834222913115
0.32664049476621276
0.3224313829818913
0.3487345977938404
0.32249079003600256
0.31063517569020804
0.2820141480234372
0.36101363078116494
0.38073575252600955
0.31547807217606383
0.3483810734193036
0.3927735948397761
0.34213329254221864
0.3296658432268873
0.2984829929042318
0.34058790259256533
0.37368814718886445
0.3912550499728057
0.30776371080261566
0.45062615680400064
0.462597961813562
0.3363125586571624
0.42600076737811104
0.4206888649603496
0.4573287795896964
0.4735877340624632
0.46569515698874414
0.4537110753135475
0.4153951005796239
0.39429214693849474
0.3742749698185378
0.3868985113338543
0.41696025119013463
0.38384706067278085
0.37263771913432436
0.4115380091693258
0.43796740377495147
0.4131269026759895
0.38534134203160963
0.3755159925579836
0.4723628574600377
0.43729372290008384
0.47254242256157225
0.4172809980635663
0.3483562699829865
0.40553495217347424
0.4294061784626845
0.35261533103063164
0.43587313201379274
0.34803422914142135
0.34801323316465005
0.3616439209264054
0.33740769607504173
0.36551402850274234
0.40953595773880114
0.3942803580423617
0.3633963677518941
0.31104748270542226
0.3445746687902705
0.2931646786343947
0.4278542445512326
0.34455220231021555
0.3370529260149956
0.38311755284283006
0.388089867001437
0.2893804160329709
0.3329872041879796
0.3272083378612543
0.3693637001443078
0.32637183181348595
0.37325366227748846
0.36517429990271744
0.4437016472625716
0.4547696261765576
0.3662851156891254
0.426422352097241
0.39530878020232946
0.39890369300562367
0.40341764262798463
0.38076731009906467
0.35265036809708583
0.46664001788461623
0.4466519538437385
0.30753963587621774
0.3492486739576992
0.3035802619771922
0.3430065404382579
0.3315378209811686
0.36210572348617254
0.373905029318984
0.30106056261939895
0.3237636870124492
0.3807372959141757
0.31413150003593215
0.31240219040155204
0.39584689994880745
0.25775724032074043
0.2808127161560505
0.29437652840634754
0.32174861445953673
0.3239886643701161
0.29819100577628394
0.2415291016382673
0.17668493604309407
0.2329372209964278
0.21934551585631892
0.30695555949002507
0.30136450308302876
0.30384034480488487
0.33890739436663136
0.3737869480423471
0.29870661997901404
0.3448365602778549
0.38508978933371174
0.4366750197304295
0.3149245510941704
0.37825242239457624
0.3648358024758301
0.3899801802446837
0.3509543368956892
0.2766159685621914
0.4010248294672478
0.26787555459803236
0.33172076878683193
0.2940312470716765
0.20662806777480075
0.30341739403028056
0.337653370791861
0.3216821861729332
0.28679089288981596
0.21478829156531346
0.13987892417112327
0.1987342788741696
0.16930635014314202
0.2357674033115921
0.2069808596234562
0.23898266974782553
0.30194956773053083
0.25946322250008225
0.28535579064836036
0.22037512935665532
0.23803230139147094
0.20390131819194776
0.26399225935492926
0.2764000642319581
0.28548246269871635
0.3234180330387074
0.3481106482806844
0.31806766725495056
0.29193356690819994
0.31687033191882696
0.41008703784721023
0.36855931537666975
0.2808599449847534
0.30977630219006613
0.3585152710337171
0.34057834335786397
0.316152678406064
0.3141431141803759
0.30773880604451576
0.31112474446400346
0.32081315093851437
0.2725385452082508
0.332385976623261
0.3512184150933142
0.32378626293048635
0.28052154128850654
0.29743023004110175
0.3208806785243682
0.33390183036605103
0.21507216622276001
0.2635312926173084
0.1859067687321683
0.25863053933198044
0.2930103833450612
0.2839594312791638
0.17889373643694523
0.2953123159209876
0.32829131504557285
0.25617651507253436
0.29007482709439436
0.32659976376917843
0.3655547690269604
0.2251239293028015
0.263836607385284
0.3220077494981313
0.34290718752789995
0.3124647932949104
0.2720851365917281
0.19868943636402894
0.29285985589532715
0.3282136810190876
0.30088485850615665
0.31654461100690146
0.3062870106725657
0.2823735716980912
0.33053291803769747
0.35741044970989944
0.37627960348383155
0.38280941111071853
0.3561805031249966
0.3998245007183278
0.41427628218184853
0.3228480751498052
0.38191634440949107
0.453208833760045
0.4621804823798362
0.506342247100705
0.4291675987393659
0.4469974594359909
0.4764700304860304
0.441958733349504
0.5084493930068977
0.5392324398903872
0.4445651733249361
0.45920070485859604
0.4673799248454784
0.4401005187400254
0.37597578343860916
0.3668316582932029
0.47774724014537095
0.4830675239042598
0.4594408462528194
0.45112647801147027
0.47996454269915223
0.45758143231478543
0.5804917405104818
0.48777476262240094
0.4245309474724387
0.5684223873277656
0.4948585611200005
0.5237160985713796
0.5468916490810608
0.535138472443336
0.5379593928541014
0.5469894376408845
0.6210323354632148
0.5432519962749692
0.6470331255094991
0.5757513824988904
0.5843080540059897
0.5704579543819674
0.5813196500660565
0.6414581240534829
0.6708949986685944
0.6586516496424273
0.5605062436387923
0.6234516475503757
0.5807438415400095
0.6141023744355556
0.641676088594885
0.6160823649740448
0.6291683408948134
0.525875702981998
0.5825828500456629
0.5046089953388023
0.6367643995519512
0.6369312927444337
0.5999542519981271
0.5319395881919922
0.5764034782184593
0.651803455992269
0.6612749617328003
0.6680729261998448
0.6225207931151899
0.5448967306182664
0.6561868174902739
0.6350335825195705
0.6408170719768294
0.6010452792134694
0.662106519600426
0.6307143614400638
0.6917100774882959
0.7307785561911891
0.6242642557862547
0.5901092154998857
0.6311898159724023
0.6467639979001321
0.6345667775987676
0.6001089986085861
0.538688551623038
0.5702937827582771
0.49436440746369253
0.61016815856392
0.587099112099734
0.6070502879961798
0.5441043601957123
0.4380116943893623
0.5608470591863495
0.6248398783607356
0.5839100265661683
0.5801535014965933
0.5376120491164386
0.48301665413222444
0.5088573084323473
0.5762086203384029
0.4872349586138307
0.47268247761672355
0.5786190977733954
0.5175645442410141
0.5560719701507554
0.5376103441031833
0.5140118811668103
0.4830473336567665
0.5646264161359958
0.5112258625488124
0.5040875189737914
0.5141077279400462
0.5450153873171077
0.6062487847930839
0.5878954143229422
0.569831824464507
0.549531981871308
0.5645232674793913
0.4872083831840572
0.5920560748370768
0.47107117940669085
0.5511610656004813
0.516241147450265
0.5065656704236831
0.49363291866471415
0.5015062995405932
0.49831313876110145
0.5208481826718416
0.46249071761892885
0.4310640685154713
0.4822639881615673
0.43863980682407283
0.46604768098551325
0.4249466430886313
0.46971794088548935
0.36727295399792237
0.40673100613047763
0.4105841717263426
0.34282459767377427
0.29463160463165716
0.4247815057980976
