0.22391483506582954
0.2566949095269636
0.2474961225192314
0.26906622503345773
0.2752013947945217
0.29665562604094475
0.26329022026922727
0.2888463108460947
0.22218003582525636
0.27324794453753387
0.3107927021942915
0.2719149997363517
0.2667219769073151
0.23685552707940402
0.21927034109921942
0.2932477535725022
0.1407047138056432
0.28875664715405475
0.24295939966845034
0.2888325703380227
0.23856522893646648
0.24353515165609452
0.24280833274134805
0.24338741224109584
0.20705552690332177
0.23838294216366085
0.2762590269591642
0.2466478061162935
0.2813690511172654
0.2659372657692752
0.3022563385972568
0.25183403685594336
0.22104654795560247
0.1896683979398711
0.24561306547036188
0.29898773322389044
0.19949395614430918
0.23625163522012857
0.17617056354598887
0.1548927010633527
0.22576778195622604
0.251469940300829
0.25228381037589254
0.2826543366780161
0.20056028190926906
0.2330650389057356
0.276658779334664
0.3055915239697323
0.2351289639250782
0.21780963814566742
0.3023557246102828
0.23350154704230047
0.28751654046788033
0.22872421478307947
0.29915411346933
0.2524456713254276
0.29497743074063665
0.33674526023507884
0.32965498144261296
0.3503394969621309
0.31772223265122324
0.3480378214122588
0.28926216410138406
0.3329381172697018
0.2616801366260063
0.34026745207778747
0.3626995573950199
0.2620656673821754
0.3347493661715263
0.3110817074501877
0.328823656828621
0.37857514101582584
0.3406567002167832
0.34866330626214703
0.36369695313141054
0.36295298575817203
0.4214488980390972
0.40603271258921286
0.34063811217763684
0.3637374828244726
0.42627953511681915
0.40970658422593037
0.373940226111056
0.4380878565200309
0.4467827438259725
0.42051379205912476
0.47817601745973404
0.47234899182056267
0.40155207286013916
0.4676458827431992
0.4426465178983341
0.47290569077554706
0.46335515992489806
0.5084858049379317
0.5397718235774539
0.5127357784010844
0.5703583197121809
0.5247084097807336
0.4169225560565323
0.448944002453716
0.6116681220014322
0.5299401660416625
0.5114544910221287
0.5266710865910544
0.5517966495792049
0.528763974760125
0.5387548020336732
0.5698691487498447
0.4705378528511269
0.5742678351099157
0.5650627926580495
0.5339887536104804
0.5919947064429786
0.4621070122791945
0.4558592096991918
0.4330921104808476
0.47062379569696067
0.4737063771052861
0.42471705548241895
0.4444981987046509
0.4590113022342673
0.41720832034810246
0.4443603610004628
0.4558507331065902
0.4040348128199796
0.3885017469112946
0.4582065346732118
0.38552993510657696
0.41154914065548875
0.4524244636170059
0.4491257319917391
0.45587663240164483
0.40064259551842074
0.4056266224864927
0.48209559141681496
0.4957203674254268
0.42538774257323986
0.4253539499929745
0.4145710942660525
0.4473563952466475
0.39938099740414856
0.33752833979097807
0.4425332070989221
0.34908509410164856
0.49029303264732893
0.3528659105908286
0.4619654603109844
0.3674967754355552
0.3640507046656245
0.35464671200059705
0.34243838968792184
0.3665955702949313
0.4234097032256239
0.36344970951890926
0.30298705454107605
0.34518966268700446
0.4194333093002765
0.3486220051986851
0.43736240184931596
0.3534790739248786
0.36035400410940743
0.38868606004833645
0.3919648196022897
0.4543122366405013
0.37611820987737415
0.40966014380681665
0.4617860404296661
0.4136245855759546
0.41366011049355955
0.44304673158679675
0.36103661807959775
0.4607133683851524
0.47596164542920283
0.3848705643954872
0.4525184223864835
0.4280268476056102
0.39598850286804044
0.41701747805026057
0.3760200310025028
0.40537909193460175
0.34620952623846657
0.45224244181318757
0.3936983505720362
0.3602189629428654
0.3806213217144332
0.3540400870098499
0.3894075927242854
0.3189019827061146
0.378620842291472
0.24311794267240192
0.18552954420082368
0.2878347344756829
0.30039245549602533
0.26338454937092837
0.2270226777904333
0.31422624461239634
0.26908696950875227
0.28546607981247923
0.4031693318753961
0.333931722619456
0.30714685865854163
0.26899616778388286
0.2978636496790723
0.27694697139497426
0.32887924828685455
0.30031478440746484
0.359318569186124
0.33697103618435303
0.3566514182268574
0.26266848452934316
0.32102618443247155
0.2909439663464943
0.3535330965011811
0.34218429326276134
0.3428818147529768
0.2789828670798176
0.33110321006611815
0.400139947322294
0.2704858229620583
0.3313460563681171
0.2704096250689804
0.3097969551610487
0.3238234059604544
0.25975340608707215
0.3229589895370448
0.2573430554350463
0.290239246469664
0.3273963222440224
0.2278397283734651
0.27994651691708705
0.31622295163316816
0.2894607552841383
0.3747260618186348
0.2981440122629705
0.3497479186755503
0.42335822239723664
0.39898908934243604
0.3846516579095517
0.4284007491880817
0.4172307969374851
0.5750739645385077
0.4140654264859355
0.4564382330717588
0.5330273421915805
0.5116706146868276
0.5485041043994905
0.5348257232899318
0.4938224427581962
0.6373868520126067
0.5983393897039482
0.6100919198893697
0.6769120543612621
0.7470365271077017
0.7296166870091141
0.7059375887199372
0.7165136566126553
0.7049263059070585
0.7432832551875183
0.7995773601129358
0.7290789097115574
0.7274274338707671
0.7293237334296008
0.7657318114312552
0.8190038476701923
0.7619179674526589
0.7201906599424731
0.714632334851085
0.7241251493355645
0.6343579819565021
0.5825981732445806
0.5894195960147239
0.575389593305096
0.5642502037783473
0.6081812643880887
0.5370805693422216
0.4875708111356493
0.510702624512667
0.46583909725835815
0.5479131357189135
0.49883014630994016
0.39099819946550846
0.46031912740172454
0.46129283321102155
0.40103455524438175
0.4481667961142082
0.5040194374477465
0.4887918782704267
0.48709826433389336
0.4692971679411412
0.41840161487173066
0.40047819509181937
0.3869089250635054
0.456026243298859
0.561321656807805
0.5103764889914382
0.3813920422520976
0.4364233500565283
0.4345174215902727
0.50033501867543
0.4859426486795662
0.4806750115525303
0.459805781170055
0.43415916242044983
0.4494518252567967
0.4612576129875873
0.5290365785913906
0.5153372304465313
0.580564672116778
0.5634875785892673
0.564706593160977
0.5330670957938886
0.5951334438881284
0.5646021882600204
0.4853081399118234
0.573753007079008
0.5014168227553788
0.5642116694453037
0.610276405807287
0.5775619521247892
0.5151339209405759
0.5114042765839386
0.5980861964964472
0.508173157533335
0.562034884286197
0.5781540335342995
0.5169651238289191
0.5016983887947859
0.5790321139303614
0.5491271435114019
0.46450686755313486
0.4603798085123228
0.5092496685169694
0.5290718028908329
0.5751187236283214
0.5572550669302871
0.5289481694240814
0.5858172672924131
0.6523103245690443
0.5231608704985948
0.5772771352166942
0.5751474573666125
0.6173606410684339
0.6130205916610506
0.6482901767858431
0.7524785201455038
0.6358827503791776
0.6571504523852078
0.6643035797392592
0.6205421194948569
0.7439185562555068
0.5975431591801548
0.641083529783387
0.6271200602516459
0.6318770171361381
0.677878929194669
0.6181430420085229
0.6702621957367498
0.6193570700530242
0.5803327581796174
0.614104557709648
0.6734077147495107
0.6915507259261512
0.685657009921188
0.5966466761972111
0.664279748468491
0.5875787617317144
0.6444366815033086
0.5591628950965911
0.5771221387620775
0.6369287268938422
0.6256553771440182
0.6708949268194626
0.5668235040438659
0.5697347220843212
0.5295608315561594
0.6331328977863926
0.5352931427340016
0.5010554309790386
0.5711132035202864
0.4758049864895552
0.44930284099636536
0.5340692470043689
0.4740941219506765
0.427405311360377
0.5081148044768278
0.4302424870248609
0.3758644487026424
0.46383203936328254
0.47446275801021304
0.5304822005936545
0.5542849069903262
0.4743423369978219
0.5166332006515979
0.5028073592072455
0.44666527329832223
0.46277102368028933
0.5469302867187953
0.4551655987762222
0.413390332918524
0.4571406295442667
0.5356146073038744
0.5279959621919745
0.5481905352740699
0.49522055006433674
0.5003382895869681
0.5351754617774124
0.5342825332147625
0.4736339111650638
0.5193060306785715
0.4950711749547039
0.6050455773954803
0.5123877807447187
0.462366973320108
0.499631979282908
0.5547565177862916
0.47161094731538156
0.5060538176934903
0.4654942818176724
0.5090276357486611
0.5121230908562405
0.45826894679360564
0.4605542120481678
0.42287808946913935
0.394443314686911
0.39449741154900353
0.45440272721278635
0.4432040479454037
0.46811564789818083
0.4114192554578303
0.32988209335122887
0.38213703666312165
0.36908911275707673
0.3317403524685786
0.334808031431313
0.36705020360624274
0.3735841334169866
0.30073275639420893
0.25497438267677963
0.35011165543522604
0.3644413401106089
0.2826987268225369
0.2523752578646783
0.26391059856324073
0.33017771032992504
0.23459322039352745
0.17319187999986882
0.28680100922847046
0.2276772935975271
0.22206282596558002
0.2965613830548102
0.1875929054967071
0.26826221280867074
0.15564117989501886
0.19601436699608535
0.19891147031982284
0.12605557996827188
0.30368421682010194
0.30207477092606505
0.21358557952668247
0.2864360725936323
0.25109740446914813
0.18626452868239057
0.2606121965176098
0.2473489046394448
0.21673498039118513
0.19818662655134908
0.28964429668662156
0.28719150913561897
0.20845244376240643
0.21822295499752462
0.26084315249865175
0.2618713932553504
0.3337568464920196
0.2580192751246193
0.35196416416298365
0.2813685811953881
0.3677594079596842
0.3622486606277093
0.3259049415351901
0.3007938641840828
0.34065118489890905
0.3789834057397096
0.29218899497133227
0.4074319568779201
0.2857186637836786
0.37351582963886487
0.2697154343918144
0.33456808909562963
0.3315319724944241
0.28642959229550524
0.4090909645937071
0.2936676116905243
0.4382802289003006
0.4077537539870902
0.3656080929286653
0.46982706235297184
0.42579204882010596
0.3924271433636153
0.49796664289992787
0.39313783911203776
0.4510404543722314
0.4196659983211992
0.30173864432529496
0.33589044195261103
0.42548187918598
0.34339765136095435
0.4533443000864422
0.3842333803194763
0.40529760581675667
0.4474753322965007
0.47266118833293935
0.4604846000824468
0.40056756299759533
0.4685846301103855
0.5435149798563677
0.45753202627952794
0.5159626411653122
0.49473373762143674
0.571821312626797
0.47055600283659804
0.4013256969945171
0.39993701833609024
0.49712345583757206
0.5132736976396566
0.5035201706816247
0.44507627786324094
0.4318547452560305
0.4607976530931069
0.46037408768738275
0.4195353043130234
0.457634467086362
0.3233862793593151
0.40839462722380043
0.4294325932551891
0.35697838499822415
0.34431326336894247
0.33249432627248016
0.41628139252394264
0.39777169205825896
0.48058513004565206
0.34198566698380994
0.3613700263152835
0.3457540914631385
0.29208794280098455
0.30641270761194817
0.2565012793107724
0.37412702710038787
0.37352564899504054
0.3307754622236485
0.3198693292056183
0.34790766670371875
0.40970072011780284
0.33067024703023473
0.38275902949913465
0.32726640283564945
0.3160594961742803
0.3348579839631374
0.1994329616809449
0.2352628667710323
0.19493008694347222
0.22476312265563733
0.33164202959532124
0.274574828812974
0.3432511424446029
0.32640390533455493
0.253995443143021
0.29233925963636503
0.2563640666640225
0.24027598077046647
0.26982067746523025
0.18077896165041896
0.2367424679312241
0.2783894520373505
0.2749070820367727
0.16036046917175914
0.25826620728045996
0.23452966317151147
0.27814711490976585
0.3289310850276139
0.2922164927077795
0.4142863158444761
0.4791371104549441
0.3892496706669393
0.40904957351023863
0.49908212688947284
0.39968387125499766
0.37137721236460586
0.3167247631551822
0.3383597387927739
0.28781728254965544
0.3012830019438627
0.3217150519535864
0.32235627998674243
0.2907948487341092
0.25388496298094443
0.32296828067800243
0.2718563209304955
0.26831285114097814
0.19675522214972943
0.20587634915524292
0.29995479066093783
0.19554361720905522
0.2391099068583141
0.2187162247209412
0.3691350973584178
0.27645525029710805
0.2604135118304646
0.21944777336155255
0.256767323384787
0.11895326388546075
0.2104536319980397
0.2961486319539112
0.20294786248265928
0.2347676970856808
0.2562487592021748
0.30192353572512187
0.238047975703034
0.24535822629816015
0.31310599728707555
0.26076398409377843
0.2585237626237545
0.2902906107551927
0.33245182147766195
0.19132579067780237
0.33341169247451624
0.25661006030204725
0.2951433302347002
0.30591061663832453
0.27915403821406937
0.3998273060602929
0.38432323982991556
0.28578459793892574
0.3352077507324216
0.37914508683405557
0.36905120752406745
0.31771865781802006
0.26793021795565497
0.3927177759222569
0.40252218430721737
0.41156016157632613
0.36077244201651815
0.3020956054581231
0.3708056945052207
0.44779811366737216
0.2913230321575205
0.41456748154813405
0.39973387009919187
0.3154722265369892
0.4050700593436311
0.4543743477691022
0.40782263371838
0.3246240876851843
0.38154538256935694
0.490814696095356
0.2529712061615714
0.397004487339673
0.336653578507467
0.3883277537103643
0.33198168827307784
0.4295133926936016
0.34353753128480924
0.2772927867948689
0.3575917765654162
0.2998442946437156
0.2857842270337529
0.29879315656956007
0.37142657321663464
0.31893760294034346
0.31015328285343163
0.24233320604699693
0.3181636571239832
0.352675905559134
0.33130961162905215
0.3199564427063575
0.16705302328534044
0.3128738876093363
0.3462222017866742
0.2709710589149591
0.4822329083012979
0.2943730435199936
0.33609456271170846
0.46379038246366067
0.4130735346175186
0.3780145479140725
0.42304185059462807
0.4051122720662018
0.5215095315431105
0.4270809946385422
0.5022418435631666
0.4611517758546595
0.4730695277899831
0.500012858634745
0.37870771645760765
0.365429466874169
0.472011641274128
0.4259572689142435
0.49701201767116937
0.42250673309119174
0.3700193322039992
0.2814359301381143
0.3660036673704475
0.38461418716818846
0.4755049580313057
0.41501323469423257
0.4289880744277621
0.41065272162370536
0.42532397227448604
0.36931402724144047
0.3101969259653681
0.3337276059642463
0.3237365304959395
0.3610969073774538
0.3081532918376918
0.36735972239766396
0.2997852254240534
0.24955111879003608
0.34617553246014565
0.29487733660380167
0.33257594622140746
0.3612063986946514
0.28889711823802466
0.3144843354037981
0.3195893443759776
0.32887955985862294
0.300510796648103
0.1710208051341535
0.2730512459238141
0.2926422330920392
0.25912661425655703
0.2506737010283381
0.3293420678982022
0.4003722322829287
0.32225836314281864
0.3990132023446201
0.4116025476687757
0.40559326629918036
0.42178313487586633
0.43161433149716344
0.5050111876579411
0.3115420551238991
0.3450332631146709
0.4135526322446733
0.31647476130352165
0.30282025373874155
0.2809996604678159
0.3608807002465736
0.3766741820927153
0.3979269454734572
0.38698296946923494
0.4075264971404853
0.41969832964879594
0.33397832668488153
0.3494030733156763
0.34423909995343566
0.3703063997007012
0.3101271943639094
0.376741281519388
0.28716738832518857
0.3668390009857408
0.3993220366196224
0.39707357193242
0.33654353324087616
0.3590801533293838
0.3386044137859453
0.3128974089452524
0.2562919318577701
0.22640827806176209
0.32702077832684784
0.19823132531060705
0.32897339176582585
0.39508186113252347
0.3183893050630212
0.30806195702343797
0.44053672769059027
0.39140698630980875
0.3339075386438648
0.40066530281913715
0.4583795969046289
0.2789011416517269
0.45243715754329217
0.3730152292423081
0.36252114485114373
0.3677087258080178
0.39969321502558364
0.44533413222541596
0.3100186514870007
0.3214398501199538
0.30382791685922217
0.28357609394257693
0.38131937232792745
0.340916082872892
0.2656262977124635
0.35935763940027143
0.28318004658644325
0.2912235840750039
0.309738530083475
0.25074192484840296
0.3255247993834852
0.3366728628836667
0.25365437147934233
0.3532826731691335
0.35357158651532644
0.24150770792821363
0.275388812163352
0.3987203057190406
0.3639393708255215
0.42355897312356705
0.2785272235273576
0.36462278745078547
0.44456053423387
0.40983354492818996
0.33771846013268636
0.46970284675437807
0.40626612329636286
0.42834695875323164
0.49569296043567007
0.4966134361669336
0.3775957739087963
0.4409261848022114
0.3004534408968428
0.37782846716561985
0.38378142815393335
0.4110727932198299
0.4675149222906482
0.5189023890276492
0.40763549745980343
0.44109382494601157
0.3687290012233797
0.4654562593176975
0.4973831095875495
0.43320194958421415
0.36514353087539686
0.3541410484124049
0.4686999724272445
0.433727982460127
0.43250493504706533
0.3916206159650039
0.4514001771053345
0.42931968939645965
0.4038652539132311
0.4837248287775081
0.42742723045961684
0.44579265180650923
0.5192494345291381
0.47548135846121475
0.5484943829416047
0.5336477744349485
0.533473130206418
0.4543111768252566
0.41513373338678905
0.5179594167910508
0.5175833240897252
0.5196672234417294
0.49219435767380687
0.5258921115591685
0.5351333147507947
0.5194592380983734
0.6355553129476308
0.46265928535611883
0.5820169778359414
0.5468253213172547
0.5097866016727668
0.5810620690767129
0.5779105895527886
0.6483382156075607
0.46296369127965464
0.5645233141576032
0.6287335335441571
0.6260748635501356
0.611296434245711
0.650371759742643
0.6497778897332989
0.6304497307603235
0.6622378603897133
0.6725504334940952
0.6459314223392979
0.6655948989379168
0.6454906617740053
0.526217700538153
0.672124976355234
0.7032381482452396
0.581386959699752
0.5751893329297335
0.6825871149316635
0.7673952595294141
0.6767562347392206
0.6173117347003264
0.6777860405217354
0.6401597187104883
0.6890549455246612
0.6503033777165486
0.6869843910143743
0.5915190493026908
0.6669539875756159
0.7293832712748893
0.8050295624005587
0.7348308157768209
0.7523264288799161
0.7560147792220391
0.716873118560052
0.7445492617353291
0.72623199143102
0.840885396516656
0.8060054665520279
0.6356836971506188
0.8230992008693173
0.8803808611954844
0.8091672253123315
0.8222386748108764
0.772533347969063
0.6814150644241428
0.7882384292918998
0.7234362913961108
0.8085038470053415
0.7498601073565585
0.7906535771409885
0.7603982613215249
0.7142421632343365
0.7782295729920864
0.6887900896981752
0.6514808630480348
0.7033379768685717
0.730435637031454
0.7309224907796125
0.6675414479947727
0.7603478248470741
0.7481821420535499
0.7918284436619432
0.7361296795434493
0.8413671853648672
0.7593390942374441
0.8039290537203041
0.689477245130139
0.7353234656482297
0.8658279737138168
0.7586897191133369
0.8699881740076826
0.7731590089735122
0.8049688049498307
0.7993083700361562
0.6881666214267095
0.820093609873055
0.6668960213501467
0.7008071870821011
0.728836792229804
0.6299505600688795
0.6841239507389166
0.6811744664331154
0.6787995473305469
0.6602989854459645
0.6886461929027181
0.6770930533314802
0.6211757332917175
0.675530974661956
0.6102903273945397
0.563931305655107
0.5235851282189165
0.5643099334790589
0.6350612035638477
0.5554613473280252
0.5030897409822623
0.6570374180102478
0.6687392207532261
0.5222487255010779
0.5891905844043324
0.5904129847412589
0.5725437623530055
0.5450610656568374
0.6069310162363586
0.5909997940354823
0.5887991954343214
0.5475236296358634
0.5670871233414974
0.559720135995307
0.6469247842676158
0.6251597210135309
0.6585079146435743
0.556130302830749
0.7537059306183996
0.5848890555723081
0.565285580812609
0.6716833534083201
0.5465418755851091
0.6315323398299119
0.581789851561341
0.569372033666491
0.6153160817573987
0.5400107083621992
0.4975840783589831
0.570977118122354
0.48346840039021993
0.5001730730245857
0.3640134228353726
0.4885569957567881
0.43334967577302536
0.3777445350046481
0.4095093323125466
0.4275420161161622
0.3801247679291392
0.405149575993154
