0.2699443978977836
0.2630664940208699
0.221928555107015
0.27600731205727774
0.22341381674156446
0.13660979511006172
0.19834717038616803
0.2905590677126971
0.2380683982024526
0.15131388529210146
0.3044481681773174
0.22533323177698225
0.3290349607738594
0.2461383197501714
0.3155381217152868
0.1983890623809887
0.2601949881940742
0.24209002970523272
0.22019194150354182
0.2706070530885825
0.3172823520450911
0.24966867240460056
0.16307411074720085
0.24781780790616195
0.1498248152943865
0.23459517099550614
0.33461040444816825
0.21380150811181356
0.24910122629293927
0.15111585040749487
0.1903000990174423
0.17612537131540865
0.2381331403762663
0.2011348922233224
0.22132302536369872
0.13865107776677582
0.32638434001066347
0.3275192322339859
0.28296519156066724
0.1851093000228502
0.2395955518318227
0.26363394013253105
0.23055449767689845
0.2127237413359738
0.2748800365602864
0.17328814075710258
0.18215401020641328
0.08058877294538806
0.2380036560286389
0.16307030238403533
0.22530276487165815
0.337051565237261
0.3498019651153934
0.23688399725797854
0.2838830070835555
0.3347513138852921
0.32469723512834187
0.2993716200776906
0.44931068626704246
0.3859014395612766
0.49398278619849195
0.33544824434458076
0.26067865031609416
0.3420671795262396
0.3168748571863813
0.41732043567674615
0.3083783989641252
0.35934953157133065
0.4522812095361414
0.35854215858024224
0.4819102749638206
0.3882626247238937
0.38978596999009824
0.45605148906999776
0.33572244649249755
0.4705613527305964
0.34651153934039153
0.36332546271612465
0.4867849798156752
0.3817503237108691
0.39100464620306197
0.36596085002665857
0.49325919719704475
0.5139766928174271
0.538502551603321
0.38784370477568747
0.541853911188971
0.5131007692893594
0.526239622210374
0.5393403914997335
0.445845075786427
0.5961230862975093
0.4341153172366517
0.5615812323863204
0.5404829004493868
0.5536979206337116
0.5440627618249677
0.5991697768299186
0.501980348846066
0.4657247315103969
0.4789778353263767
0.6141366440703786
0.5550308477416407
0.5645136720237642
0.6044634016299795
0.5454337725645518
0.5968085916673015
0.6444512148678498
0.6082717647954909
0.6177926727092696
0.5893061162312438
0.5760149287836088
0.5322568360118821
0.5227740117297586
0.6276182496762892
0.5001142508949653
0.4030771574377333
0.4888795795567066
0.608957270165283
0.610975702643004
0.4759311447939676
0.5731967400411303
0.5638281666539722
0.5696930459288598
0.49942874552517325
0.5776906085764338
0.5378551298651839
0.5818417244268413
0.5725493183029934
0.502323101530962
0.599664864041435
0.540863736765938
0.6268184934115317
0.5565922766395004
0.5283342219514052
0.6028638891004647
0.4908218447711174
0.4739507959479016
0.5675984461878285
0.5621524868611472
0.49965724731510397
0.4600121867621297
0.5879351054916597
0.5330946759082946
0.5315332470104349
0.5871353492269022
0.46751466219818727
0.46599131693198265
0.5597151344352198
0.5087211516490213
0.4957727168862823
0.4486251808972504
0.44333155609718944
0.5256302841038922
0.46328737908446954
0.36661588849112653
0.47562647574072664
0.5960469190341992
0.5146621981872191
0.5474902886739279
0.515614288978597
0.5675603625561734
0.589039530809658
0.370595627999086
0.49485870972655954
0.5848884149592506
0.6749562038235967
0.5327138395917435
0.592314723131998
0.5605148906999772
0.6201157742402317
0.6797547414121411
0.5375504608119431
0.5286008073729912
0.550156142889786
0.5450910198796557
0.5399878132378704
0.5806230482138778
0.41941503541777747
0.5818798080584965
0.515918958031838
0.4499200243735243
0.5362937009673242
0.37510472998705163
0.42341381674156453
0.47551222484576133
0.4095894584507579
0.35505369792063374
0.4719323634701805
0.367929773783228
0.4200624571559144
0.36559905552593497
0.3758549775306574
0.3823215781856958
0.30117297585497754
0.36861527915302006
0.33319750171376344
0.335874781019118
0.4947063751999391
0.455480234595171
0.3477530657323482
0.35426536674537284
0.4712087744687334
0.4092086221342068
0.4499961916368345
0.5022469342676518
0.4859471399192627
0.5115393403914997
0.586678345647041
0.44470256683677356
0.5198415720923147
0.5759006778886435
0.4606215248686115
0.4672099931449464
0.3709802726788027
0.3851778505598294
0.44127503998781326
0.45170995506131467
0.3326376723284332
0.419262700891157
0.3611089953537969
0.38300708355548785
0.5457384416177927
0.4267270926955595
0.3838449234519004
0.44763500647421745
0.37812095361413667
0.3847970142432783
0.3343247772107549
0.40574301165359133
0.4200243735242593
0.49527762967476585
0.47147535989031913
0.40581917891690156
0.5267727930535456
0.5296290654276792
0.48682306344733034
0.5278010511082337
0.7134968390585726
0.6783075634092468
0.5898392870744155
0.5127580166044634
0.7023383349836241
0.6899611546957117
0.761444131312362
0.6158504074948588
0.7178002894356006
0.7054992764109986
0.8417625104729988
0.7114022393175414
0.9085992840277249
0.9153020031990251
0.9030390738060782
0.8869677812476199
0.7528372305583061
0.8738289283266052
0.9072663569197958
0.8683448853682687
0.9855663036027117
1.0
0.9191484499961917
0.7926727092695559
0.8413435905247925
0.9319445502323103
0.9920405209840811
0.8350978749333537
0.8190265823748953
0.8258054688095058
0.9240231548480463
0.7442303298042501
0.762434305735395
0.6398050118059259
0.6504303450377028
0.7448015842790768
0.7287683753522737
0.6479929926117756
0.7385939523192933
0.5969228425622668
0.6227816284560896
0.6143651458603092
0.5602863889100466
0.6432706222865413
0.6043872343666692
0.6797928250437962
0.5685505369792063
0.5753675070454719
0.6697768299185011
0.6423566151268185
0.5616193160179755
0.5493944702566836
0.5257826186305127
0.604958488841496
0.5775382740498134
0.6605605910579633
0.5378932134968392
0.5333231776982253
0.6772793053545587
0.6041206489450834
0.4852997181811258
0.6292177622058039
0.7198568055449769
0.6581613222636911
0.6155076548099627
0.7175337040140148
0.678688399725798
0.7921776220580394
0.699977149821007
0.7258740193464849
0.6984538045548024
0.6824205956279992
0.6930840124914313
0.7075557925203747
0.7714982100693123
0.6679107319674005
0.7470866021783837
0.6777743925660752
0.745525173280524
0.706641785360652
0.7515804707136873
0.8307563409246705
0.7195521364917359
0.657818569578795
0.6951405286008074
0.6829156828395155
0.6630741107472009
0.6623124381140986
0.783380303145708
0.6683296519156068
0.6827633483128952
0.7314723131997868
0.6468885672937772
0.7679564323253866
0.6909894127503999
0.7206565618097341
0.697006626551908
0.6847436971589612
0.6496686724046006
0.7973569959631351
0.8308325081879808
0.86046157361566
0.7225607433924899
0.866440703785513
0.8427526848960317
0.8609947444588317
0.7230558306040065
0.7945768908523116
0.8203975931144794
0.7319674004113033
0.841534008683068
0.7683753522735928
0.740840886586945
0.8732957574834337
0.8343362023002514
0.6354253941655876
0.7450300860690076
0.7022621677203139
0.7280447863508264
0.7690608576433849
0.7415263919567371
0.8510930002285018
0.7778200929240613
0.7655190798994592
0.7303678878817884
0.7523040597151345
0.835212125828319
0.7047756874095514
0.6620077690608577
0.7753446568664788
0.675413207403458
0.8191789169015158
0.6811638357833804
0.748800365602864
0.8163988117906924
0.5945616573996497
0.6659684667529896
0.5508035646279229
0.5155381217152868
0.5755198415720923
0.521250666463554
0.5393403914997335
0.7401934648488081
0.613565389595552
0.5554116840581919
0.5582298728006704
0.6524868611470791
0.6362251504303451
0.4562038235966182
0.6151649021250667
0.591324548708965
0.49508721151649027
0.5473760377789626
0.5539264224236423
0.5186228958793511
0.5556401858481226
0.6155457384416179
0.5230786807829995
0.5791377865793282
0.5247543605758245
0.6265138243582908
0.5949805773478559
0.5443674308782086
0.46328737908446954
0.6373676593799986
0.5677126970827938
0.677050803564628
0.5921623886053775
0.48057734785589157
0.6127275496991393
0.6344733033742098
0.6371010739584126
0.5902582070226218
0.4519765404829005
0.5803183791606368
0.5753294234138168
0.5741488308325082
0.48914616497829233
0.4689618402010816
0.5781856957879503
0.6188970980272679
0.5148145327138397
0.45266204585269254
0.4590600959707518
0.3854444359814152
0.44896793358214643
0.36771269708279386
0.4387996039302308
0.4870896488689162
0.36392718409627545
0.30932287302917205
0.4032294919643537
0.37908827785817656
0.3701652829613832
0.34980958184172445
0.23804554802345954
0.3738175032371088
0.3191674918120192
0.3825500799756265
0.24792444207479625
0.47882550079975633
0.34037626628075257
0.3161588849112652
0.3376304364384188
0.2867354710945236
0.27769060857643385
0.17346332546271614
0.36628456089572703
0.10586487927488766
0.2377370706070531
0.1600997791149364
0.1662807525325615
0.18007083555487852
0.22047376037778962
0.1999352578261863
0.21369868230634476
0.1169776829918501
0.21832203518927565
0.12539416558763045
0.18859776068245868
0.17186000457003578
0.19696473455708735
0.1535151192017671
0.31189732652905783
0.24938685353035264
0.2592695559448549
0.1777020336659304
0.27892451824205955
0.23542539416558766
0.21857719552136493
0.2512262929392947
0.2991012262929393
0.27080508797318914
0.2996191636834488
0.21417853606519918
0.3686571711478407
0.3327062228654125
0.4719323634701805
0.3102521136415569
0.36948739431792216
0.42870744154162543
0.3927184096275421
0.4214334678954985
0.31686343209688483
0.43700967324244044
0.39332774773402396
0.42581308553583674
0.2678764566989108
0.3955746820016757
0.33282428212354326
0.3196054535760531
0.37489146164978293
0.3311866859623734
0.33313656790311524
0.3845685124533476
0.4512910351131084
0.3808744001828015
0.43990402924822913
0.4875466524487776
0.40947520755579253
0.3808744001828015
0.35230025135196896
0.4265366745372839
0.2760568207784294
0.46069769213192174
0.3635768146850483
0.357795719399802
0.46244953918805703
0.4528524640109681
0.5308096580089877
0.33453423718485803
0.46960926193921854
0.5094828242821235
0.3817503237108691
0.4216238860537741
0.6328357072130398
0.44793967552745834
0.35825653134282887
0.527534465686648
0.42265214410846225
0.43952319293167796
0.4793205880112728
0.5114250894965344
0.5207174956203824
0.6251808972503619
0.7525325615050652
0.7769822530276488
0.7976997486480312
0.6507730977225988
0.572396983776373
0.5168710488232158
0.44988194074186916
0.4172061847817808
0.3463972884454262
0.38601569045624196
0.29619544519765406
0.3434229568131617
0.3030428821692437
0.35786807829994666
0.336514586030924
0.25421966638738674
0.3128265671414427
0.23812933201310077
0.3233757331099094
0.2867430878208546
0.26914844999619164
0.3467514662198187
0.28724579175870213
0.2810457765252495
0.19867088125523652
0.21911417472770203
0.13667834564704093
0.29801584279076854
0.2917739355624952
0.18269860613908143
0.16497067560362558
0.3338906238098865
0.20189275649325922
0.20703404676669968
0.15123390966562572
0.28960697692131926
0.1538159798918425
0.2160027420214792
0.27061086145174806
0.15379312971284945
0.20834031533247013
0.19056287607586261
0.17273592809810345
0.1815599055525935
0.0
0.14590600959707517
0.21944931068626708
0.1330299337344809
0.1532828090486709
0.06684819864422271
0.26984157209231474
0.187200091400716
0.07027572549318303
0.21231243811409856
0.2553202833422195
0.27166577804859476
0.12043567674613452
0.2167415644755884
0.3892147155152716
0.41313123619468356
0.3418082108309849
0.4304592885977607
0.27157437733262246
0.23071825729301548
0.27745068169700665
0.14137786579328207
0.13096199253560822
0.18147992992611775
0.16343590524792445
0.22917206184781783
0.20730063218828548
0.13591286465077312
0.22066798689923076
0.20639043339172822
0.14260415873257676
0.04071901896564857
0.09877751542387082
0.13398202452585878
0.08919948206260948
0.09773021555335518
0.16718714296595324
0.10715210602483054
0.13089344199862898
0.11273516642547032
0.041255998171985685
0.1639843095437581
0.21435752913397824
0.09715515271536294
0.06372534084850331
0.11407571025973037
0.057788102673470954
0.10051032066417855
0.059433315560971894
0.1402239317541321
0.18292710792901212
0.15325995886967783
0.19214334678954986
0.19674004113032217
0.08708584050575062
0.19830527839134743
0.24097037093457233
0.20365602863889104
0.1815599055525935
0.22802193617183333
0.2592390890395308
0.23332698606139082
0.2531076243430574
0.09008683068017367
0.18221113565389596
0.3809886510777668
0.3626551907989946
0.32527991469266515
0.295525173280524
0.31907989945921245
0.32740117297585497
0.3776068245867926
0.2450072358900145
0.3980120344276031
0.3568283951557621
0.41461649782923304
0.2820207174956204
0.3360080737299109
0.46237337192474676
0.29164825957803336
0.23899383045167188
0.441503541777744
0.3964506055297433
0.3590296290654277
0.35967705080356466
0.47840658085155
0.4257369182725265
0.4834717038616803
0.40033513595856507
0.38574910503465615
0.29119125599817197
0.43655266966257905
0.34578033361261334
0.30452052707746213
0.2861108995353797
0.2753141899611547
0.38639652677279307
0.36416711097570265
0.3724160255922005
0.36161550765480993
0.27084697996800977
0.343826643308706
0.26829537664711706
0.2727245030086069
0.28858633559296215
0.41869144641633027
0.3698187219133217
0.3552136491735852
0.38251199634397137
0.28791987203899766
0.3723398583288902
0.40341991012262934
0.4193007845228121
0.38948130093685734
0.3253713154086374
0.3831213344504532
0.4142356615126819
0.3768032599588697
0.5107395841267424
0.5228120953614137
0.4282504379617641
0.4098560438723437
0.48670881255236503
0.4416558763043644
0.4499200243735243
0.48107243506740804
0.47033285094066574
0.5090639043339172
0.5211744992002437
0.4380760149287836
0.3283304135882398
0.3328280904867088
0.4934876989869755
0.3608919186533628
0.40349607738593957
0.5451291035113108
0.34018965648564253
0.4209002970523269
0.3683106100997791
0.46808591667301397
0.3164864041434991
0.3362784675146622
0.33703633178459896
0.31876761367964057
0.361436514586031
0.3812552364993526
0.2982710031228578
0.23432858557392033
0.3341495925051413
0.2930802041282657
0.2710526315789474
0.3937466676822302
0.4440932287302917
0.277401172975855
0.3468124000304669
0.29817960240688557
0.29907075938761524
0.18190265823748952
0.4646203061923985
0.19514433696397293
0.424594409322873
0.45216695864117606
0.3007921395384264
0.2903305659227664
0.3179716657780486
0.39130931525630286
0.3694645441389291
0.36286465077309776
0.2877256455175566
0.3306573234823673
0.274586792596542
0.2680364079518623
0.4176631883616422
0.26260568207784296
0.248488079823292
0.21534008683068018
0.3573882245410922
0.2595361413664407
0.46256379008302234
0.38376875618859013
0.44592124304973724
0.30622667377561125
0.35316855815370557
0.38871962830375506
0.44329347246553436
0.4483966791073197
0.34688856729377715
0.3406047680706833
0.24293929469114178
0.2557392032904258
0.16572853987356234
0.18998781323787037
0.15333231776982253
0.28807601492878365
0.21337497143727627
0.2224845761291797
0.16306268565770432
0.34740650468428674
0.11665397212278164
0.22486480310762436
0.22265976083479322
0.28521974255465005
0.2944816817731739
0.30758245106253335
0.32831518013557776
0.45951709955061315
0.27465534313352125
0.2840467666996725
0.438190265823749
0.3143232538654886
0.2933163226445274
0.3637405743011654
0.30851550003808365
0.37518470561352735
0.2628875009520908
0.341035113108386
0.20213649173585194
0.3374704851854673
0.293834260035037
0.41400715972275115
0.263782466295986
0.35734252418310614
0.28716581613222636
0.42649859090562875
0.22307868078299947
0.23297661665016375
0.26575519841572093
0.26048061543148754
0.18668977073653745
0.23480082260644375
0.3210259730367888
0.20925051412902737
0.2460354939447026
0.22572930154619544
0.2130779191103664
0.15475664559372382
0.29831670348084394
0.48381445654657634
0.14377713458755428
0.2760225455099399
0.5492040520984082
0.26261329880417394
0.4025820702262168
0.35598674689618404
0.3322834945540407
0.3543148754665245
0.3268718104958489
0.3680287912255313
0.43967552745829847
0.4276030162236271
0.43080204128265676
0.3616840581917892
0.4449310686267043
0.5929621448701348
0.5849264985909057
0.49310686267042425
0.3823215781856958
0.25251732805240307
0.43506740802802957
0.39675527458298426
0.33945083403153326
0.5183182268261102
0.3125866402620154
0.4077614441313124
0.2668634320968848
0.38498743240155386
0.30893441998628995
0.3852540178231396
0.38548251961307034
0.35527077462106793
0.42794576890852315
0.3673699443978978
0.31065960850026664
0.4063523497600732
0.41446416330261254
0.36173737527610633
0.3433163226445274
0.37066037017289966
0.4437504760453957
0.4712087744687334
0.3768489603168558
0.4577271688628228
0.38632035950948285
0.31879808058496456
0.38080965800898775
0.26388910046462033
0.2841229339629827
0.43388681544672103
0.48853682687181055
0.42897402696321124
0.4951633787798005
0.5118820930763958
0.5934191484499962
0.5493563866250286
0.46343971361109
0.2709574224998096
0.5317236651687105
0.49554421509635166
0.6079290121105949
0.5071216391195065
0.5586868763805316
0.5151572853987357
0.46785741488308324
0.5691598750856882
0.5410160712925585
0.570111965877066
0.5459288597760683
0.6474979054002591
0.593038312133445
0.519574986670729
0.6480310762434306
0.616573996496306
0.4557468200167568
0.49683905857262556
0.6522583593571484
0.6172975854977532
0.5786426993678118
0.5819559753218068
0.6386244192246173
0.48975550308477417
0.592314723131998
0.4816817731738899
0.4320588011272755
0.4929545281438038
0.44348389062380994
0.5502703937847514
0.6609414273745146
0.684058191789169
0.6768223017746973
0.6392337573310991
0.8035265442912637
0.6975397973950797
0.7211135653895956
0.779038769137025
0.7418691446416331
0.7352425927336431
0.6258664026201539
0.7298347170386168
0.8529590981796025
0.8124381140985605
0.8138852921014549
0.7011577424023155
0.7637291492116688
0.7882930916292178
0.6110899535379695
0.7729834717038617
0.7292634625637902
0.693312514281362
0.6116992916444512
0.7739736461268947
0.6621220199558231
0.6455556401858481
0.6862670424251657
0.6318455327900069
0.8174270698453805
0.6832203518927565
0.7205042272831138
0.7502856272374133
0.7078223779419607
0.7987280067027192
0.7221799070759388
0.7181049584888416
0.790311524106939
0.6836011882093077
0.8055449767689847
0.7181049584888416
0.8897859699900983
0.7949577271688629
0.7459440932287303
0.6818112575215173
0.7396602940056364
0.7291111280371696
0.7452966714905933
0.7996800974940971
0.8275573158656411
0.6460507273973646
0.6741564475588393
0.6528676974636302
0.6355015614288979
0.5611242288064591
0.6468124000304669
0.6298271003122858
0.45681316170310005
0.5276487165816133
0.6595704166349303
0.5668748571863813
0.6571711478406581
0.6371010739584126
0.6781171452509712
0.6964353720770813
0.4558610709117222
0.4744458831594181
0.5311904943255389
0.5576586183258436
0.5423109147688324
0.5652372610252113
0.5616193160179755
0.3334374285931907
0.5281438037931298
0.4792444207479626
0.50662655190799
0.6369868230634473
0.6227816284560896
0.6658542158580243
0.5072358900144718
0.4896412521898088
0.6054916596846676
0.5386929697615964
0.5139386091857719
0.4969152258359357
0.5790997029476731
0.661436514586031
0.610594866326453
0.5370934572320817
0.4941732043567675
0.641861527915302
0.5078452281209537
0.4654200624571559
0.6249904790920863
0.3772259882702415
0.4609261939218524
0.41914844999619166
0.48034884606596084
0.3817503237108691
0.45468047833041364
0.4058953461802118
0.27353568436286085
0.2936438418767614
0.1920633711630741
0.3572358900144718
0.32453728387539044
0.25011425089496536
0.25584583745906014
