0.32974932508683896
0.36175878214241614
0.31544597740206093
0.33575648571147165
0.31757062181013634
0.39026646199970005
0.38254064497606144
0.3967661165740092
0.22196788074623963
0.39296827142853386
0.32450710576784353
0.3309802649317265
0.35080925909478844
0.3106811168200978
0.36915829593493826
0.3493261902347344
0.3555469228047178
0.30355757423639596
0.3418481679226215
0.3581438677029404
0.3191653365654359
0.3454521612854392
0.3020897761084745
0.33006251378320683
0.3684744376814328
0.2999250997555081
0.2772073283401612
0.2900169562706747
0.3281280520241011
0.2776583595329171
0.26530123752259316
0.2968996964961485
0.3373604562925846
0.297534697376924
0.2516138552736168
0.3639808273554462
0.2836695662789272
0.37480625211845126
0.3397137701124536
0.2427402630975098
0.328406037658065
0.2525406472579551
0.24115611276974677
0.2909564487279133
0.312726601352034
0.2859190091727779
0.29724243982374243
0.27666571416157226
0.2716658990214155
0.33790369623131444
0.30063027659627917
0.33808970988134524
0.3034233079365166
0.3228699906614446
0.3163301905701663
0.408372165287736
0.37235459666635307
0.33595639927911636
0.3789797786077401
0.3884155156965939
0.3873366648131208
0.39640307259592605
0.3960178152062416
0.36268930900619234
0.3835270288520375
0.3660476975094181
0.3756017015012367
0.4054628721141401
0.36075404330193145
0.35194137253815516
0.4206951605206355
0.41107684751942053
0.3737929865372097
0.4764236115567939
0.39770046115586255
0.4214881953749277
0.4478490641389693
0.5146303453037904
0.463382906877856
0.41109123031252925
0.4860269159976509
0.4774229657987865
0.4836291967897698
0.5012595317877395
0.5188696789758623
0.5163946394272008
0.5802555154327356
0.6235492327529792
0.5777080155983905
0.6170731903982443
0.6281531763201609
0.6608423935922334
0.6142556370040668
0.678858638445751
0.6338044990623436
0.6780646157986647
0.6458271909124051
0.7278494200789647
0.6653887349116563
0.6008221148916042
0.7111509214762153
0.7412005190431248
0.7368222197270912
0.6760231529263628
0.6968523457186729
0.6376089829684579
0.7465044537589887
0.7100240034889707
0.6592018976844477
0.6852231686564585
0.5584190051097568
0.6609562861133529
0.5756143782249825
0.5954671790620377
0.5308217860942144
0.5995206872376346
0.5964123889269721
0.5687003468759314
0.47929543783406475
0.5515138288344561
0.4650466246477116
0.5231468518047155
0.48390381320109455
0.557017214636591
0.48590035850340185
0.48460229726425225
0.49374314953584875
0.5216018704436174
0.45015412904845065
0.47685520204758614
0.5829344869213029
0.49882568272752265
0.45028821115374995
0.5004363299239367
0.5444661551033924
0.5225979351795609
0.5764412874418067
0.5317801256433287
0.5833123722863824
0.44663494765374284
0.4875397816608856
0.41184008240115894
0.5142023463777906
0.5179087858242479
0.47207038350034275
0.5433611894572201
0.4498797367313305
0.353334580698933
0.5092211020846475
0.37818113247543345
0.3372282815056543
0.3835009729215342
0.4022033922176037
0.4639323452288108
0.4588538378397603
0.4226528916734387
0.40634578918176323
0.36045552313054685
0.40670702502897393
0.4014713656365374
0.4703942977116323
0.4574148574317227
0.46867704764463586
0.5092740587366797
0.5680284787041971
0.4632083452751793
0.45377669579782476
0.4880243603128666
0.5294240477931864
0.5112388836106238
0.5652697548785404
0.5184668247972345
0.554566574951405
0.5018155387473642
0.4554652805623667
0.4826737347114134
0.49893118833355843
0.45442150994695385
0.551898734468874
0.5229832664154975
0.4936646152577804
0.4528179284520405
0.425530707271663
0.49707816797121607
0.4208494648229816
0.36798966916173853
0.35855314821847856
0.4571214718046116
0.31287703813551054
0.390170649823841
0.45627065440350834
0.3888560854763815
0.32870410377695725
0.3672146570005344
0.37660511280320663
0.3464775705808951
0.39039589713718925
0.4321462344963433
0.376616917772993
0.43777856932787584
0.3453414392274766
0.3144978430093639
0.4526512873147266
0.35356890776287875
0.34861407310779313
0.30070236631034447
0.3083350385832911
0.2922793643008744
0.37219269280863554
0.3111017345947785
0.4129680953417011
0.29524585949571686
0.3161033116085843
0.36490999912556754
0.3378824806820703
0.2802038351891647
0.3985585708015386
0.24990957038824022
0.3137210277913739
0.29381917559789467
0.4489449166705598
0.24780678293287015
0.22833682153019275
0.31560798548987945
0.27142634999408716
0.2762350080660779
0.3482311805912309
0.29821280129295946
0.3027615090159082
0.35517343554527137
0.33860269040643876
0.3565901459925783
0.29613933351224153
0.357237331285171
0.43607995664415095
0.36463958071070446
0.36005351247568274
0.39512521429107783
0.4197157013498948
0.4764690892172242
0.4704386392435873
0.4151232357454847
0.4492814729459922
0.5552469095122212
0.5530181619569052
0.5891651779441353
0.5813910225353026
0.6005120818921017
0.594343904885686
0.678255599564547
0.6852829500709143
0.7084915448546807
0.8025475746379942
0.7733684198389763
0.8056969839115107
0.7810788227621205
0.8655999867902332
0.8337671426658728
0.8120722406631349
0.8493581356608104
0.8542713247830294
0.854596119666968
0.909154321091909
0.9104363228551997
0.7890966809933275
0.8671849703144592
0.7616707366356847
0.8294912169120139
0.8304089269298407
0.6969363570476446
0.688088281067265
0.6690775050061302
0.6834034796365229
0.6030763401186153
0.6144490528895847
0.577304363648514
0.5822742401168993
0.48318563162665584
0.5024722930413579
0.5385458277563226
0.4609606406321456
0.440548826895294
0.5059645903366914
0.5244264590518415
0.47916335734626303
0.40466513335153065
0.48600580315674147
0.4218829680722067
0.4137988496542204
0.556875778797068
0.4298270928898647
0.40543324690704097
0.4937096523632276
0.46534668169687027
0.4140571705727827
0.38911078551999245
0.4364644839685981
0.4854806677219462
0.41137573778104863
0.4836070981150351
0.5181051958544542
0.5133199919968936
0.4651945773541818
0.4869157754257479
0.4920625597534435
0.39327146135197527
0.48934071254168104
0.48955798885739576
0.4557841124258148
0.4490536129636641
0.5367933801855829
0.5780926164882694
0.5341116682579553
0.515476582256107
0.587948141457104
0.5495643149362642
0.6292808980933469
0.5145045286887631
0.4679547988535398
0.6276782675688375
0.5181358109920625
0.477506341202689
0.6049001293713387
0.5597821460838306
0.4881971798375958
0.5237196993802502
0.5249471314868153
0.5008165861692467
0.523074462254197
0.46504364844790436
0.5491224906136137
0.5299728779753029
0.5621757993881494
0.492872866321452
0.5212409357444918
0.4502754267071106
0.5872927122314391
0.5589904657971725
0.6608909850036285
0.6530761566736347
0.719352137347168
0.6389123687986915
0.7145724017954056
0.731477939542015
0.7717590776444927
0.6307166739875867
0.6511125526261144
0.6415040673752554
0.7157206269287035
0.7719438511564687
0.6055257770564834
0.7464183759458036
0.6923723339441582
0.6347668829566673
0.733752624583572
0.7633941172577547
0.6868187329698197
0.6942569471509737
0.6802769856727628
0.7506352601758322
0.6874124497072793
0.6331598509518293
0.7250876519739287
0.6013596325479109
0.7101194760769789
0.6830986211099034
0.622675569522546
0.6528817871376986
0.6006465676610223
0.6742935984277861
0.6339503583250036
0.6992717054537682
0.6200457049834482
0.6384201277092059
0.6383801580689774
0.6032214462558402
0.5444639671012133
0.43854388609036754
0.5913239978956969
0.5013835426126044
0.5037333170132665
0.4549115640644834
0.44862150556588454
0.5300206531939295
0.4404084127753877
0.4713300362007913
0.5087977281152143
0.43886187990248204
0.4102577060301019
0.5371425660956571
0.5171821085925983
0.41731487491441294
0.48014395804974147
0.5366481069478144
0.3805029772806864
0.5207316191164477
0.4524248646936692
0.5368621196624419
0.5122608800231958
0.5307632104569727
0.49234855921749865
0.5808862578329155
0.5327169394459516
0.5768122468187966
0.5831042401201839
0.5945716063236501
0.6614236185180165
0.6054625148471335
0.634645659330854
0.6613645689235683
0.6098202286364798
0.6325962637400963
0.6421268102317408
0.6827205139507776
0.5802466073417114
0.6913905596562542
0.5356800044278882
0.5127952733309085
0.6701875227499428
0.5621718273876465
0.5401999571692128
0.5140476413458122
0.49730115417365306
0.5270267242213166
0.5665699340052723
0.4859348495754881
0.424557932929539
0.3526715312891012
0.34887381029585274
0.3824702027198177
0.43062715974312854
0.40444242227181926
0.3489050362554711
0.2783598364193107
0.2734899771026583
0.37894173094541467
0.2858475861075376
0.28996462622938035
0.24439410331029182
0.35751433802619403
0.27942874793736594
0.26517679776168934
0.20321973820813768
0.19826118831319514
0.20132168218517846
0.20116414305231503
0.16943245225408896
0.225132856984528
0.15189378456255725
0.20027390168551068
0.19122992002111977
0.18636844148714105
0.1399091318478165
0.08410145732996653
0.11259593298652595
0.10631646462742327
0.15843195908048435
0.10979586127030777
0.24926856321737795
0.15477535357033861
0.22045872982830558
0.2555188765197597
0.23073403531219894
0.22232459335269358
0.1831027962966938
0.17070382098101655
0.28778054490458577
0.137775629614395
0.1927515156296278
0.19994364379423435
0.25893525868210837
0.19137476262642006
0.24175852628318664
0.25091342094143315
0.27500649711637964
0.21140027395964783
0.2629121299657368
0.23986095345183697
0.2503667328471171
0.22662786553027836
0.2484375477662573
0.26689915235750183
0.20979877784698647
0.23600774333606464
0.20005843241541363
0.28049653192036056
0.18619471516981254
0.3236162378119034
0.23770785337066108
0.18929961415380384
0.2170316403129317
0.3147533331812033
0.3536302390025995
0.3490462547155715
0.3425199229057059
0.3972401656082438
0.4644183185724199
0.4010605392261059
0.35802027005427395
0.47402996472136655
0.34249278951405676
0.38701543526240256
0.3630527955705009
0.36053123757197514
0.38763622903877015
0.31224734079523764
0.3259198701828218
0.32326543562122867
0.3473373156671113
0.3976817992591702
0.347773918319191
0.3214393959485261
0.36729181429735464
0.42737818629613405
0.3610745640459257
0.46323218347269673
0.43204225461947054
0.3512956338924118
0.49783508048583613
0.5828498253247649
0.4028506770855792
0.4712550913054092
0.3893034360808352
0.49787859022460546
0.4988711301117438
0.471155060316592
0.44165521535600455
0.3865173016667608
0.4482725214500438
0.3963624112346729
0.45393437695529293
0.3982273984244046
0.42461142904989757
0.47986720598184573
0.3890895941116598
0.40734603184251117
0.46068533640056986
0.40918086666702524
0.29886438085606526
0.3894835207477838
0.31534009754758197
0.3616297251658492
0.39174120366849935
0.40142516962679503
0.32647509141983444
0.33466687307104453
0.433151738274788
0.3972547574717223
0.31308567457800673
0.33585407042838034
0.3164374161379022
0.33040276734279583
0.293343778348753
0.25856288259754007
0.3879473241109827
0.2698998912760385
0.2844906647688411
0.3092197013237026
0.33887528759131413
0.24593979909566432
0.32225753210844243
0.4022021340338585
0.22978092705960412
0.35395407572697946
0.4402399816060621
0.34806586934960293
0.24092085145614078
0.23450956414520233
0.33665939031237346
0.2461229504201705
0.3050968566902686
0.25853431983853026
0.35150875774412405
0.3220454080482704
0.3673443608394254
0.3410092176599159
0.37091598859476427
0.34609266348376133
0.3885290745674764
0.3429468308769193
0.4341812836411606
0.5300478420584003
0.673872236555831
0.7564881734858222
0.6812383571615983
0.628853192787624
0.480705217424919
0.5330352430033269
0.41604578734222
0.4587708172692944
0.3774661343818094
0.3725517936533487
0.3251162086558921
0.42149694740218946
0.41637509310944276
0.3370050286927283
0.2994358317474419
0.49633945564185517
0.4042759475685449
0.3524604851164472
0.33785864051572545
0.41462447778202033
0.35351840392339984
0.40986149776719727
0.36928761897905255
0.33399893353036525
0.3271148249914226
0.41986592492737534
0.28868176297516296
0.3689840466373132
0.4173286057660811
0.4694750191285928
0.31724480478430905
0.398233313109983
0.4450741358681468
0.3328902715907976
0.35281721761105356
0.4499732794773915
0.3417712571928762
0.3737310464638544
0.4238015521752768
0.5030760345559555
0.5042865783622927
0.44050350248912135
0.41875068360678996
0.39863661792059
0.40731934575816336
0.46057520133713487
0.5458857459579454
0.4138415376682084
0.3389110369404492
0.5072206508420158
0.5260256583931556
0.42284886308290426
0.49450338602329996
0.35456299735281405
0.4415738327091111
0.4225863044992354
0.48393304374116086
0.5055526098110734
0.43533075649514624
0.46124181543378573
0.5313135246614059
0.40503943904606865
0.5386752488450808
0.41999667733029755
0.47876788082977917
0.4052176863407887
0.3852541449455612
0.4693706920902616
0.4221753233757318
0.44331311870441004
0.33326546453305206
0.5033747333644674
0.4722053874637937
0.46694267594736355
0.45101447059600286
0.5057281553653028
0.39801449097644215
0.5296013889409229
0.4475813100420177
0.5493485074809326
0.5043295088528417
0.46626515848714034
0.4232695257041923
0.3927961122832003
0.3458480744724049
0.49075622365410887
0.47406538629885414
0.4362975572105944
0.40895926557629936
0.46457044686149673
0.45959626111947494
0.37983185528867364
0.48326732422037144
0.6293660977440205
0.40315372410977357
0.5666378419256487
0.46023922674439044
0.4574895817342328
0.5535601665983252
0.500618573770215
0.5412721331037222
0.5439216182382223
0.51598415666391
0.5423167346427992
0.5747945353193304
0.5977351953608002
0.5182807514944563
0.5504921312194475
0.48381833904194443
0.5589303230314312
0.4929185706337924
0.4858659978470402
0.4645791754852727
0.5001616872434258
0.5281922871164979
0.522978666728151
0.5266052293679623
0.5402697344432373
0.6278246554912494
0.5991028968603859
0.49028790213560514
0.5656058896170864
0.5699545493826395
0.4925224312373351
0.5843749274219818
0.49722104768963804
0.51021113467608
0.5642346298988945
0.3992219857264498
0.5727982046728831
0.5936576412000649
0.5123630339370773
0.5265542173545207
0.4480482853860658
0.5629208006624357
0.5424838307601421
0.48547839258621217
0.47788251193206077
0.49337381889732324
0.5014622650738076
0.4709751786364068
0.47711943818418545
0.4578961284311108
0.5908296064000915
0.5420515191329889
0.5305996751335132
0.5355997901074263
0.48955099891492326
0.5187242387635472
0.6729099597650542
0.5433532687552993
0.7521626402011048
0.6901968261449647
0.671795715547265
0.6654321396456943
0.6495764043867089
0.6274281152467456
0.524631242668564
0.49810400114014675
0.5187615403801451
0.5728067197872648
0.5232199135804166
0.43813632829868654
0.46618942577075795
0.5210322052848522
0.46235292168862885
0.523890723145477
0.450392851611604
0.5508951517239176
0.5644393310061199
0.5563112088835588
0.543589997305594
0.4828192443062237
0.5469444827864302
0.5034075469886741
0.5501659581317759
0.5229834862360472
0.6509610716408577
0.6026512237209186
0.48988799102784164
0.5416101275091898
0.5619095524580384
0.5592473171668202
0.5683978877708646
0.43319578759320254
0.5557413141612523
0.44869972274564884
0.49207604226732315
0.5478191289695908
0.6063232053925774
0.5119681204697661
0.5770758422043257
0.4694489355029915
0.5317737577726874
0.5444660500767632
0.4801208560909663
0.4800489604855853
0.48976806040321375
0.44180364267111927
0.4419829799189754
0.579355183197829
0.4669527073965048
0.5527714137151967
0.5278114382527282
0.41770282477429643
0.43175019198697256
0.4405399769111724
0.4934343531828
0.4202489172524049
0.4352801766641796
0.3924609888105713
0.3974015904387548
0.45260925539662633
0.34036571546182876
0.3342689105967032
0.32334343507198615
0.34985587177612487
0.2590597263599496
0.4159250122216821
0.3943023974105544
0.41949803127867696
0.32864331199945834
0.42542894566239575
0.3673316209036901
0.4393882799933677
0.32590859017746454
0.3820180568139545
0.5472887455083619
0.42879322430705485
0.4937802340827919
0.4235102062281212
0.3543204609026338
0.4088039420858247
0.3650966803569391
0.48423749683427497
0.4667823533923118
0.46469391822663775
0.40447774631112715
0.4389728799231907
0.42387705276324544
0.34159678390904613
0.4558764179785369
0.40199971520967537
0.3632838480354434
0.4591278883062836
0.3724891644430751
0.422292033611262
0.441309296755023
0.5170299434768049
0.3871868797835333
0.38050304604796603
0.28306426995388734
0.39267521302175845
0.3418119577406223
0.36798528416848747
0.25888400384459687
0.3707567162144022
0.27163313108968473
0.25887773285918636
0.2681180095118725
0.4421944651003694
0.3916799663888727
0.3634255352806453
0.30216253352419437
0.387145532668969
0.3612826678199845
0.3332394280528955
0.26442420002042744
0.3290799306806418
0.2579911291242561
0.3207505034690239
0.29750905763976615
0.3859076788804596
0.37064938541114945
0.28962137157468415
0.4282847849545844
0.4341493205354313
0.4310907771809706
0.4407778826880687
0.3773436900746447
0.4763903230808551
0.3401629055904214
0.42059930326383405
0.3556480956676855
0.37400486247885184
0.43997610022607725
0.32674127370301614
0.3711095361024682
0.35990484763608366
0.45694916423102483
0.3944681881282821
0.45820263427850416
0.4419960220812492
0.528651340966125
0.40365762624385493
0.38801412042364125
0.3736643355249153
0.35002746415087477
0.3057299693267346
0.3602319731171094
0.5006091156900012
0.35843177852196884
0.45233570808292967
0.43109243876740555
0.3873077487446023
0.3681856825823381
0.4020585765272152
0.38013548571113726
0.43201838362011563
0.40278020244419893
0.43052561895339014
0.46432421902414206
0.42088662138248667
0.44315171628503947
0.5246060306792384
0.4770747980473285
0.46440209275904165
0.375002026294163
0.5438623175666243
0.5167898510450964
0.523103726171601
0.46402145538820816
0.4032734733033178
0.46019220036351793
0.4331171754715829
0.4499999592542331
0.4843415293553768
0.3857653923516334
0.5490144783904456
0.3348230637561987
0.49208945270593163
0.4072348603073811
0.5304040359470708
0.4176480200464319
0.4478042443243264
0.39113319831523474
0.4144806483247503
0.4331584560668087
0.38547518658378066
0.43622591602557304
0.37505734517978373
0.2839312831053341
0.4368026288743505
0.4656510071704582
0.4020407794856956
0.3507807692121736
0.45089316700687204
0.46182562785985215
0.4423957915626902
0.3810918357672151
0.4455734417946532
0.4611299326571796
0.24925950934249969
0.35386457948454353
0.3269650161702793
0.37626884063085986
0.28347852927543743
0.3313520108107382
0.3522090508734683
0.39737275033088737
0.3415639631278399
0.42134141910313644
0.3909330426652587
0.18097255653540775
0.27972437941114625
0.3229843911170325
0.35145064827852934
0.24972717400228733
0.30781518178693534
0.3170899245436427
0.2603705794457479
0.2586785364340889
0.35459394730189786
0.232731755236826
0.21956685725595448
0.2373657545831054
0.29341723561588345
0.3295532006083419
0.4098233390171632
0.34209862511706146
0.328475248262312
0.29667718131392884
0.3037973478842941
0.4378236048747362
0.37193226228275644
0.3965511243832949
0.35079805764697813
0.3813237972149453
0.29508153498458545
0.44492957967653696
0.3619583750854461
0.5185860482421407
0.47777250317454534
0.49906921559902406
0.3714067539704227
0.35251683128408096
0.4597250398786975
0.4284211896565544
0.39767002923636807
0.4803684188282291
0.5410118452151662
0.3804078661518765
0.4440973679057564
0.43707341813603434
0.4689192229429685
0.377393685833622
0.4355490512946735
0.32715584425563493
0.3159400465963522
0.5088774413017971
0.45288537269407003
0.458430664530318
0.3001484848569078
0.4380058455412439
0.3953172063151801
0.2969632954242978
0.40933492738028016
0.31943181644995056
