0.3311412157407341
0.31120243827520394
0.3280627685133586
0.30987675569353046
0.47052809097273496
0.14837634427434226
0.2496113774672064
0.33184647485741053
0.22699638322280533
0.3618751113245597
0.3150426767757504
0.4210614563340987
0.3156254663959904
0.2335050178701755
0.3386777371395063
0.30817259041553263
0.2662257451530612
0.27798951244983827
0.36578317470015764
0.34005035964815383
0.37139115448478105
0.3217856773825454
0.2801988088927243
0.29684351319348834
0.37648381642848533
0.40404743645047086
0.27391790053359455
0.14851619070124683
0.25409588363149305
0.3576565526867267
0.29148706741766234
0.35235496415903783
0.25505737456444993
0.2228627442825272
0.25200690855450203
0.2894415303231546
0.3155350202409865
0.3544735555868845
0.38800536027675814
0.3654402621839634
0.32968554548975665
0.17851477980142616
0.2562239996832594
0.279543079906544
0.32390381518204364
0.20220249473134327
0.33095807061119764
0.3754204099568823
0.21548640896895344
0.3965215997955902
0.34134184903376363
0.29115176150189565
0.2596406367234445
0.4238382458329582
0.3658827133374756
0.32399889766047435
0.22525048049197288
0.40776426290521794
0.2972707474631778
0.3708318980539549
0.3692984001019153
0.3178768127335688
0.3184720685382979
0.4246755388003862
0.3299499906793605
0.41171926292519434
0.39544842180617523
0.2806960953785248
0.4317807025279692
0.49980416494255453
0.518911931310501
0.4448258389349065
0.49922374297670635
0.38355033607086875
0.448320854550492
0.410112801101555
0.4747138436128089
0.39888852789360063
0.49187059474000394
0.5085766691282996
0.49778321827378463
0.5156767404460048
0.49404103541524835
0.4853003227062883
0.5405610150278732
0.5353728453680573
0.4905520877033856
0.41986762034387215
0.548324724998918
0.5733110893747875
0.6592151011400424
0.528291499921038
0.7381681948108108
0.5562095120746893
0.576877337673407
0.5663401796853792
0.7015672755631144
0.5409061719208234
0.6952087158986355
0.6208606470626561
0.6511320448977067
0.6150227487184905
0.6160794740854948
0.7463048639219751
0.47899300966648506
0.6721571779885698
0.5805553921502561
0.6381719092614524
0.7612961277753661
0.42722732907106387
0.6155650387060019
0.5236641859432581
0.7027518046326764
0.6083482874226058
0.584598201853874
0.6062446469786527
0.5361793620361658
0.46569407883463076
0.6457075098163095
0.4968069931025507
0.46777694841236445
0.5983621269824904
0.5373605377570365
0.5776297697882551
0.5335024351608495
0.49434028405253144
0.4821510239317264
0.4880346552043142
0.525401305286706
0.49999771188232084
0.44951619098433593
0.5396252788629448
0.49441976421013045
0.5736892450657227
0.6327425986561872
0.6016026661926934
0.433583985836877
0.5825117423489291
0.39900091459285353
0.5439936111249559
0.5805144287555526
0.5261068744881799
0.48146528029282004
0.47692852528331153
0.5424421349261586
0.5290919746924234
0.45025593267664
0.45127442330635414
0.41355409245685865
0.40727252698271266
0.4596349009219489
0.4579197248363661
0.5102189419782096
0.4006193434793154
0.3796287098284462
0.48082625161089815
0.4013290439736742
0.45443164644387346
0.48431743177728265
0.474600447245107
0.37028842451898636
0.4983571778242279
0.5161216427991845
0.6138744402837032
0.5243493889147635
0.5281314683369394
0.5466908976170499
0.5274241235954038
0.6467333750783117
0.5755962357857625
0.5061487228631438
0.45944081814245286
0.5476112941507822
0.44009861563583375
0.5376609998362494
0.5692539224476851
0.5749237631801741
0.5455055389640643
0.46563776284401903
0.5318791982538555
0.41647108337945893
0.5077578373200116
0.4660256399969271
0.5717471262961556
0.4629451781201229
0.5128273811501238
0.3129979093820049
0.4116349255432201
0.3617759342140634
0.44634691886205363
0.3765535806541721
0.43641455776030713
0.5019019218968361
0.33454400862332556
0.3588980600969885
0.3204924176369246
0.2765243838691342
0.357711467429923
0.44599722321508467
0.3387073064601969
0.3612248130309562
0.4523721207466864
0.48900839005541447
0.41798581620850633
0.3389367485821604
0.4216024218055422
0.3544925308385458
0.46199233150043967
0.38711748700742793
0.38526557053036325
0.44466846819881667
0.3796115149931574
0.3420547896695237
0.3943688595860424
0.42168620481097074
0.38141767939245347
0.3212296445375853
0.4084808936665464
0.29407357117824506
0.32747656431261196
0.28253349860003
0.4259393311572177
0.30630537437148003
0.38752735289342044
0.5103967719234435
0.34426200020382725
0.26795890751949725
0.400692786508414
0.397471477444563
0.3372046544922662
0.4199745977808625
0.42781269395870636
0.4053319716478111
0.38676591519431314
0.4748569561964747
0.4045571217120527
0.49466617822481446
0.48558249528641406
0.35879476951317985
0.5062292055207493
0.43202771882346175
0.5793350913293955
0.5452668745262886
0.4635069787717726
0.6149151337230954
0.6515234906288363
0.6376411430901593
0.6303365260677186
0.6107881435234854
0.5110478475923513
0.7515269116896923
0.5680757155326466
0.7698300748931151
0.7890761576333396
0.7277114145235284
0.8442983514894176
0.8201151132283172
0.7841042754957026
0.841533630005215
0.781071048517353
0.9134566156871641
0.8556215986811937
0.8260567773278589
0.8546746076144167
0.8011131246135443
0.7615815995098323
0.7795521280080673
0.7157965968232205
0.7006761909112282
0.5671354479344874
0.5228488088005546
0.6699243332650423
0.505490415863546
0.5565737738812251
0.4780442555553524
0.573269844929403
0.4851076029126802
0.47527214780990246
0.515784074730897
0.5201135519045572
0.5810946470354805
0.30498396456482024
0.5298778525747754
0.5073994015707144
0.41929264596121285
0.4226563081681165
0.39192436411878545
0.5557801823295722
0.3831599224598099
0.37935067776424214
0.47957284095317165
0.3680707546082036
0.47956391151803374
0.464348335681093
0.3683086048579264
0.42932879520571543
0.44315225395994373
0.5591587465514429
0.603543622727077
0.46909816913509295
0.5192317388712258
0.3877896434509045
0.4025276194926618
0.5238550040093104
0.6014225952166137
0.4941522078404784
0.4765564005549787
0.6088614688850421
0.4292290478563817
0.50528098158878
0.41880590137259754
0.43819917724389834
0.3654529542618014
0.5533796522507812
0.5559657185891156
0.5813903503548123
0.5067845414945198
0.5106106076415478
0.5785785926525877
0.464775427431087
0.5732185643980486
0.6260370550877492
0.6182399172772397
0.5347184047394589
0.5974769554931721
0.4498713735004798
0.39709390847089854
0.47493370077161856
0.5624185772344128
0.4584371143187038
0.41534234941893355
0.47635334952598685
0.5629984434904258
0.6018050320756232
0.6806343991336976
0.5902035806789399
0.5816493500965706
0.5811161828799329
0.5717189746938292
0.566985379261708
0.5567605607107571
0.6399917252306493
0.7187534300132761
0.7438098032756778
0.6815919251337702
0.6396117369376191
0.6434025737700927
0.7518071921876643
0.7237029892248182
0.7801062809551618
0.6964424160480646
0.751910512855011
0.7350572144121477
0.6178592691283968
0.7193486796159533
0.7263277730087074
0.7284190059178135
0.5535534558982306
0.6100079927283659
0.6799750532364219
0.5883001897083227
0.6799721662013445
0.7706813043695752
0.6138539152925993
0.6547255408455404
0.7116362880987481
0.689075471588549
0.7017303450784091
0.6741779097028677
0.6405878945500794
0.6996403984593741
0.6883699105295578
0.5078778098398614
0.5471250199530702
0.6803841923273813
0.5073461149045186
0.6280095704958212
0.45704377505808813
0.6897013366526786
0.4460582818965122
0.6648310348720428
0.5990645760180564
0.5039932909656057
0.4703756372763278
0.5086377201556529
0.5134627446372868
0.6240052554062152
0.4230304362160746
0.5772358874612268
0.5335528079691587
0.6130845702154311
0.532919181903694
0.4889659952212376
0.5332339203178811
0.41337492411077525
0.6131316598238689
0.5794738122322742
0.5184188769454039
0.5897134455195226
0.6340423343621235
0.6021342715237084
0.6438997974685969
0.6762477242857913
0.6501924228454077
0.5116504867478482
0.6963352404739422
0.8106744195141784
0.7421128016312246
0.6602321308778298
0.6570338765119683
0.6454083471882028
0.6003017266571709
0.5811979623372352
0.6299779353590829
0.6275766483333357
0.6594737805631143
0.6414133464657028
0.718884659134072
0.6452638969627695
0.5987037641269994
0.6928108971088311
0.5137225245851229
0.5794339586385444
0.49442197451609715
0.45874779387883474
0.4669973361417613
0.4916525724142933
0.5242473520103185
0.4803717203982009
0.398707971969694
0.48227706122246966
0.3920759982756389
0.5198056236378623
0.5043090404049715
0.3695709542607501
0.39443185168009165
0.32047277157796905
0.40839717616122295
0.3861400825440793
0.421921992439831
0.31267975782011825
0.3126605882355703
0.24246005847398655
0.16034433479558075
0.29040447460482965
0.25775682178019144
0.2592647328037494
0.296365812050594
0.20389333517968083
0.1785430446095277
0.15589186436789468
0.23687908496971627
0.2455867476365024
0.12399448454134357
0.23058087362939655
0.3085650316191854
0.20735233645725942
0.3474215453447903
0.269234327990394
0.13388798459431847
0.13129589324461485
0.283187351063909
0.25610447960395416
0.2733943643327272
0.4235668289749618
0.3684321235969452
0.3062082461326047
0.26052082057860637
0.29020391352271685
0.41503998366172756
0.3642118946200992
0.2195218649589492
0.4405810215973611
0.39965749320099464
0.40134553957030294
0.33346157207439264
0.25757394388046023
0.3027944326252347
0.20370016464820223
0.2861353442144774
0.20535791477501839
0.3694707064502222
0.32834053645667344
0.32919636143601316
0.25534673848908995
0.26540268327325156
0.17215584735425188
0.30834894620271514
0.35654295571143046
0.2789109884977
0.36191596575853147
0.28972139945191766
0.35485555427909865
0.5011696222362761
0.3996005985303782
0.4747926543487264
0.2935144100330262
0.46450447925727734
0.2814493497451951
0.4372383050742801
0.5230814060898814
0.27268032267090475
0.29632034633898113
0.3941433679970631
0.4715551698877435
0.2390771971676735
0.25086502212768796
0.3317993263189346
0.33377636353601686
0.2544782304717546
0.4056479841796373
0.4331136197584463
0.4076416357379741
0.5147570037484622
0.3140934471104024
0.4791085371827684
0.4026285212265809
0.44768626774890646
0.4000014553917256
0.4545723931744158
0.5141745662412426
0.3439706109818096
0.4010684677774283
0.4160966854042798
0.5467554027354857
0.44748146560118984
0.35162162690785354
0.4494051647372848
0.42279449234281374
0.4742560925451691
0.5320005471075919
0.44827370925786036
0.3994967076363386
0.4513537420779269
0.40079380211282634
0.34960385294458585
0.2535811234407051
0.20343058244249385
0.2360747865435895
0.38838300296250516
0.33494639674183413
0.43752294806369674
0.2595310395477435
0.26680508666555214
0.34950502641452214
0.2361282652323053
0.2000555692944178
0.41508398324847084
0.37785344154639455
0.258790569543299
0.32189815164183744
0.3755478485314613
0.3614566401073083
0.4494781321728449
0.3024897742145034
0.27065932382544544
0.37775108498916365
0.2508013185709147
0.17784879721922542
0.22548301911604174
0.260965103841292
0.14319474453015407
0.4310704216247122
0.341321397921729
0.4416297546623049
0.39963341555082577
0.1972210698907996
0.0912967399215739
0.2723321959851539
0.4210406035321462
0.19309175243603388
0.2818904554401708
0.21420642147623026
0.346606575347202
0.26286391170756607
0.25762277641864423
0.38619748240453255
0.3855788869464735
0.4379873183369166
0.453835809249463
0.5908442031898965
0.5325078372967829
0.6776691975941402
0.6126249515563259
0.6156005524814921
0.5789966319657917
0.4265017533147195
0.47144661985769065
0.3317611528349629
0.44303942273275854
0.3551808841186269
0.42692529829798426
0.2864662287374281
0.4740612713588144
0.35450073381292657
0.48233009800986615
0.33794699990680843
0.33540117759102284
0.3739799653556285
0.45076542598313823
0.42272751393105473
0.33370183151424826
0.3447271854924221
0.3761577479919912
0.37688813727745585
0.47025145356187315
0.3602162970053354
0.45635422045119883
0.4153295241679533
0.32899323624050403
0.44948245151366056
0.2638728221342433
0.3737893293258635
0.3760537554964941
0.2798032234369638
0.3644357656000693
0.42954311009738144
0.4333926529521429
0.23125006172060114
0.4607420600070985
0.3807545308300364
0.3941739928789166
0.3756143940282659
0.4526354361396196
0.40820890795154496
0.24537553222503014
0.3345499968110204
0.4370555098844153
0.4197764498735127
0.441185057388385
0.39791535591210936
0.4759037210594629
0.4081767981051672
0.4683324828962488
0.3713118976110288
0.3359171182992984
0.5373346846318411
0.36099694638705737
0.32413196967935054
0.43113438608972643
0.5920881122920518
0.4511465253589352
0.3882120284857541
0.36458576764793793
0.3867156591096259
0.4936431048876798
0.3854674004805493
0.42047824805263356
0.4088761357892303
0.38160762112074054
0.4430890463754017
0.5878044477179053
0.27623624628980836
0.3927567056302892
0.38432427503508043
0.44164491504500614
0.4553236278650287
0.4247589258960217
0.4275364657889476
0.39026660023753745
0.40566439570947316
0.45405847353126005
0.3922599705007418
0.4092289701430678
0.6025086564472089
0.46536488824280703
0.5028920503754148
0.5377893376689132
0.4560920818063945
0.4078204401392198
0.38962689936909445
0.4043645425944924
0.4104583588160634
0.4200476065609962
0.56489322550593
0.5818969154245646
0.5788951082628611
0.3689081473237521
0.43127170856089947
0.46821244593308703
0.53312221693055
0.5637991721765021
0.501922209523499
0.5176420294531268
0.5932007435561297
0.5621968936819357
0.5421140249314722
0.5660935187484242
0.3307025047583103
0.6056797758329011
0.6034782583303394
0.4799176320275813
0.33931513143738246
0.44654926560470937
0.3671902756170819
0.5255885583590822
0.4298170262715132
0.4724922596715672
0.575033953992487
0.47439454471709497
0.4950436835520364
0.3912614673634749
0.5260044813777942
0.5366936717202611
0.6213981640789218
0.5522118660582916
0.4993473461892523
0.5513899352410676
0.551358046371478
0.4585348937324196
0.4859531948608936
0.3940694876515969
0.5124429783473127
0.4695886818054237
0.5476104942514128
0.5063442415688187
0.44364906024741224
0.5856776999166856
0.5597953871359531
0.3835846179610638
0.4403539083481588
0.4534848473610596
0.6140203039757439
0.5056509421835014
0.37334033348157725
0.34089750159125665
0.4539198916822925
0.4947890779936821
0.4539621424314976
0.4619424488015301
0.44046926524795416
0.46632893150242977
0.5569723494714982
0.5486403037476046
0.5630709670466876
0.6149309943523847
0.6233211315757838
0.5974379228789075
0.5588954139161971
0.7308009841777743
0.41322121660054006
0.6798254438940494
0.3365809283217434
0.6560838950093164
0.42198280880038574
0.43529577132806896
0.39405431650881934
0.49737720781844524
0.46467105829211286
0.6111702553628023
0.3768117997896179
0.6419183363511167
0.5674404544073959
0.5339234816087993
0.6838510641323254
0.46690369482005095
0.4034973999095641
0.472119963674591
0.5710927024579509
0.5460070665268586
0.7115003811556766
0.5327055545345081
0.44558562129082413
0.4411316490517573
0.5759216385819196
0.5261223772852738
0.6580650765544829
0.6001116004023495
0.4808771803766374
0.5899351713444296
0.3112879915885575
0.5539405429113606
0.4443814484613564
0.5802642220388018
0.4108827149550369
0.511993211168061
0.4783819837579265
0.506418797403234
0.45809356634688525
0.4276815196885073
0.5742942627505652
0.5696291180244774
0.42738681900877107
0.4837156207621281
0.336835620162719
0.42839767723038946
0.49403096270890384
0.5420269522975171
0.411620385154707
0.33605064347903146
0.5163564418370195
0.46900379986326046
0.4467405374989586
0.428050450413373
0.3978623992827749
0.6078279507372459
0.3876221276282452
0.5291835415105732
0.3358180002317062
0.4459981025062727
0.39629413154716153
0.3455763600892331
0.26133147500995885
0.3455651767906237
0.39092459224392584
0.4323612323424722
0.35205608562761237
0.40163775705067195
0.44514619241651665
0.5432358015079548
0.4718271207919159
0.4456050262170837
0.5548371951712083
0.28140554677583507
0.4528979184933394
0.45441116984069396
0.4718805930581863
0.3515213615143218
0.36801151716500735
0.4671767727217642
0.37727513915387556
0.42056774450984236
0.3946545456633368
0.4999756562434837
0.27564890649081686
0.3756066566289755
0.48360417877315454
0.50701591863002
0.4286348312710302
0.509816554794824
0.4151777972563341
0.4069326453311671
0.3625977269938801
0.2936030585459509
0.3093646683843325
0.4223230563442647
0.3310183422154478
0.3601916363922976
0.37092115565625183
0.412634150909001
0.4138018527999169
0.3751324150275707
0.40137510651199454
0.45306885573853983
0.250557082195006
0.28161946702292634
0.3845458836560246
0.35085219212548185
0.31685700039076065
0.32699364495479893
0.5507780545627241
0.30151483516274763
0.331314832530916
0.1919478780548421
0.4271822600310772
0.5447379000906575
0.38409830058121885
0.379205457540811
0.33725090585403716
0.26376060763274645
0.34450810740725535
0.3477269826167322
0.42011643202936066
0.34951254636757145
0.39043446444061136
0.35201871575082927
0.34619787191447005
0.3817204850966128
0.26675547325964893
0.3813029507133368
0.34808766352704745
0.5545099016593074
0.5353308986325824
0.49847192276179847
0.45859965532832875
0.46816476355478487
0.360773701953897
0.3904287074656744
0.4050114311255357
0.40447595079692067
0.42111297228404576
0.43031081883017297
0.3818521917059924
0.503267199458954
0.4464117509013219
0.42451856416811523
0.4114434269348642
0.4787387862014236
0.5350279846790684
0.5483089120943812
0.4712229477890175
0.42157269159262634
0.4926226801986693
0.5197157323129324
0.44150769835573944
0.4735691030115826
0.621794404523107
0.4900424895570359
0.4269359809663002
0.4182028749671528
0.3489380464188258
0.5113262697703626
0.5594212461522523
0.5182739211670018
0.564990684809002
0.6141264088863512
0.4754317270960886
0.4798225529492013
0.4663039023083266
0.4752506019489079
0.40876847198648253
0.5950013809715272
0.43484245792642473
0.36459057005527157
0.5602569700649549
0.6216371390779908
0.456467730765829
0.444534704192158
0.30415913032284053
0.45975130351743515
0.45857599117096176
0.43992306967267725
0.48674896332005235
0.5683107957278066
0.5571826631080958
0.48029418953882363
0.5301629712862903
0.2735278240951257
0.3351680258803395
0.3808285479464022
0.41047887140389616
0.5563050461953788
0.4144273564458848
0.3701486565699509
0.44229385484355566
0.46739773993160627
0.5107697875875528
0.462749111371287
0.36325241288033605
0.41864167459850454
0.34104923542978954
0.32992518979301194
0.45290062183959356
0.4677817714598347
0.35685086814778855
0.3246984895267269
0.4471931265220831
0.4770008106765804
0.47661688165281196
0.44715389910809955
0.45299054000637573
0.5590571701628377
0.3381514443197644
0.4590304058447123
0.3922739832414465
0.40735582502813694
0.5422812775503811
0.366357127287926
0.21130288694857213
0.3163344271310976
0.42190707858568227
0.3399708187733015
0.3780802949060127
0.38490854895165466
0.48030670535247766
0.37053141729768496
0.3954675973844348
0.5469231649588329
0.6055411701614886
0.46516444783517197
0.4394037973820384
0.3879893887122917
0.5683415598683632
0.5490817282841742
0.5978530560998431
0.6204219100287334
0.4614282318024816
0.5181670384283948
0.6722014988798124
0.6416344647168968
0.6808083402042159
0.6831303744120627
0.7342859348596671
0.661728696313747
0.6835272153034089
0.5279292624673122
0.5369555795085235
0.6415035833342488
0.5126709959566604
0.5152940512045912
0.41171908887736386
0.48681339031701515
0.5255075221740776
0.49685350372537784
0.38838383252481185
0.5955514282277465
0.4577632100434806
0.4434261961655965
0.3973886855368255
0.318996817030641
