0.2912776768940898
0.23824223772583575
0.21903427543505077
0.2379465537415019
0.18923354263757405
0.26621175044061957
0.21332690583836422
0.29547568664946544
0.23944159975697338
0.22846349741600847
0.20271507839450403
0.17969478295355162
0.17923078942274795
0.17568839101597264
0.24971088234301445
0.32841229833646834
0.3080863265429481
0.18405156081593158
0.22741177449314198
0.23998539118064766
0.1704468543536145
0.2763370156306672
0.16494462405675747
0.1733980317765298
0.1587961785891947
0.23999292958918556
0.17988968494778654
0.2729677754341552
0.1471947713620283
0.23848948025320144
0.18963575047438505
0.21943754950220012
0.2048474263206403
0.15645327453261343
0.26316922527885805
0.15961430178864033
0.2053351980528147
0.1400922007365698
0.1789109927512762
0.20462706622534665
0.20014820502796854
0.2105438616668539
0.22844865374677265
0.11482250724266152
0.23927020648444738
0.16815113501791087
0.23930735270039705
0.21079516497788844
0.2715957272878197
0.26840360024781373
0.1711531841400601
0.19874163968199554
0.2994427290072408
0.2287348866739235
0.244217404536462
0.24729170703464554
0.27054004900949985
0.24063288861291607
0.25649373730495456
0.24191393517230295
0.3155268940407234
0.292564763080062
0.34600705862080305
0.2243176127183965
0.29465107713268884
0.33724352280046255
0.28885184051328483
0.27083229342020176
0.23914924637707674
0.2749923095240706
0.3664875949330207
0.3141243663947556
0.3699358458423372
0.39239770609868896
0.3351038858915939
0.3428997475058322
0.32001712665675247
0.3703876040993935
0.33146304827805473
0.36084941032894785
0.39104637831372935
0.37289942110109925
0.39628518186722184
0.41830596124708364
0.5051390332778481
0.4139315896415912
0.4877168869465892
0.43127310708490435
0.4559020002609325
0.40895395848596344
0.4319682267291185
0.4308531060707386
0.442151519312149
0.5580663730798615
0.5886194882712533
0.4576402806724933
0.6176950586391239
0.49594201427358675
0.49073157927300504
0.5420908842614718
0.6016307346715627
0.4753342614226038
0.5923113632022874
0.5673273279451062
0.503516901630153
0.5119980533624676
0.5127907862629346
0.6385489413134177
0.5305516121974514
0.43323464661410205
0.5305888571952287
0.5394625218894149
0.45546380127629194
0.48769826607891303
0.5759524476871641
0.47480426979908674
0.4831350391178366
0.4202739287408236
0.4487113626646757
0.40350141629968933
0.48011782600411096
0.45184321773284913
0.4691067662305037
0.49697730826521824
0.34434604833640137
0.47608081210984843
0.5017112721169534
0.3638121753892747
0.3990892154283138
0.42007484519995164
0.46643473422563986
0.4350286278121543
0.4613351926728666
0.4304631613275375
0.3950697053522494
0.4476619093204602
0.407986832262822
0.3723826909934234
0.4126890635242773
0.47823103807732426
0.4772633936806549
0.4318636362241256
0.463899957190995
0.3860241620279345
0.39734739256670937
0.3909925556536548
0.41828711872162627
0.3240552871826989
0.36899866971722173
0.41068473184655385
0.3983006285369918
0.3122715561025843
0.45157652729537245
0.3144638459351224
0.38550723638756923
0.30057392565889945
0.32015878137127246
0.35236891852248753
0.377489778589495
0.3842443099643599
0.40094221582229234
0.3944007085402059
0.40214402908993396
0.4081585599735156
0.45791927874963156
0.42620199960854427
0.3852636854638876
0.38052547967225114
0.4626787232583381
0.42551656648523883
0.3192781698517245
0.39760258940262794
0.36835824471785505
0.40542958574763305
0.4137736210217622
0.3455286767500065
0.39345064250736755
0.37531505113243435
0.36370340445202837
0.429371816094949
0.430562207810271
0.36762737503252696
0.39343250440913635
0.37476324800362343
0.3093173401532495
0.32718415284383257
0.416962865821206
0.33532593989699
0.31368064844595467
0.2567671636248996
0.2890531021277529
0.3548521057647426
0.26271853853478055
0.24532301095070352
0.3538692312796563
0.33504429509704836
0.2946874414168349
0.30740001055246474
0.2710380510941163
0.2759530688059173
0.3013332895262634
0.2886324966789865
0.3655322931197923
0.3031892998396117
0.2863487202350474
0.3062274866136159
0.29882970056307456
0.3457527355357807
0.2882980915209792
0.3478927831026687
0.24549407109331645
0.2993868071734841
0.2797181283719312
0.24672763649081514
0.22838420508843293
0.31412407028939276
0.2662102481179016
0.25782315341730994
0.23248561197644163
0.2860073317334004
0.30431599892609607
0.22681824046649843
0.19629870773701713
0.24358056690836227
0.343634199403624
0.2818075826129263
0.24178903933822327
0.2585387640688803
0.34850569165511713
0.22247670604940661
0.2908744068901756
0.24393726396600202
0.28669337732198324
0.3525132006261842
0.32645711343101363
0.35056276871057007
0.39762446198047907
0.37030552105307224
0.4117307141406283
0.417805990165848
0.46425246556276867
0.4156464865530881
0.44939958039205224
0.5013643373934858
0.48917122929704054
0.5585998076615262
0.5759516421393631
0.452807359046672
0.5881712028855841
0.5726362658544475
0.6069301227745874
0.7272143890284289
0.7947604303520053
0.6602429151327021
0.7772543376980683
0.7441997025192396
0.8130351731128402
0.7366151143720758
0.7176407434839119
0.8251009142756297
0.7707434464064413
0.8114905376239638
0.7542459431148375
0.8001980678480902
0.764304042646685
0.7234723356505911
0.7749718825811865
0.7731428328242997
0.6664625216407171
0.6811315721831901
0.5867995583081462
0.6061554836043945
0.5474476415484855
0.6319455654823655
0.4977996633816069
0.4487336942995814
0.46248502473050246
0.5184186589741082
0.52608094410248
0.36707604250826154
0.344728835294859
0.3867223777622457
0.3892380747113952
0.46258241288035284
0.3235782619408624
0.43674242515976147
0.41041760003224276
0.4756998432807624
0.42125071840247713
0.3595327022639058
0.3980988184706364
0.4524632759227271
0.34118085066461445
0.43696077837352654
0.4665700008506762
0.4737435476695298
0.3370188160124923
0.4834709194747956
0.4240789046637159
0.43927312655772105
0.404747345279622
0.5165983978184082
0.5580321825681407
0.42044747482073247
0.49393579601373055
0.5079811307846097
0.44812118572770726
0.5315174913155587
0.537868039286624
0.5535153675064506
0.4901971922921881
0.5244428132276429
0.5384911681428849
0.47448015574966895
0.5506628929655859
0.5790933482336468
0.4506606437427544
0.5550328891947756
0.4956265368067501
0.5672700472200883
0.5172587701701648
0.5345283682831515
0.47429530506837747
0.4957476287803395
0.5231856908518756
0.4795466610136015
0.5329138597690173
0.5822481905427972
0.4871527630849152
0.5749732563551866
0.5312441674197038
0.5244898687320001
0.5526031905271441
0.5355142034685765
0.5535953166879741
0.6188508005663266
0.5848929503085086
0.6339185893081198
0.5390892297118708
0.6668368143881895
0.7376414231064796
0.6369699613752253
0.738244494854563
0.6389114912295976
0.6533037193964195
0.7344464039374733
0.7198386725989679
0.6477729095370365
0.670800129444952
0.6714961669057281
0.7174787694388736
0.7222245291792558
0.6858159146927967
0.688713057581982
0.7562476925680486
0.7192865748489952
0.6654621478763615
0.6824114548145407
0.6810399568500911
0.5943575548708394
0.6739875875640686
0.6274161178087688
0.719344622903801
0.654719815791966
0.589886289988071
0.699458762957082
0.7160407412665717
0.6621192934716755
0.6029779678492762
0.6337666644062383
0.6116689016468129
0.6546410930612656
0.6224069111458582
0.6019540707544235
0.5698869352586535
0.5961976478227654
0.511860373913468
0.6064712234201097
0.5369479795443127
0.4683353678220928
0.5643063077246013
0.5074641534098783
0.5522431851564396
0.47654212688786496
0.4839143308056512
0.42063089137386134
0.4690452872916924
0.461919593519189
0.4975194430252807
0.3414577742353939
0.501973481987446
0.5027786544553547
0.4729317253635509
0.45790125442479934
0.46665691337733517
0.5005132637893229
0.42603246249519394
0.5367776885127982
0.5805776400605085
0.5524009016235523
0.4943846685236392
0.5617596472613291
0.514210586137442
0.4913355506299137
0.5999155921896525
0.6937002841911716
0.6406173252421578
0.6110078799704663
0.5538170303234451
0.6151930411991924
0.43781133332699224
0.5113517548659801
0.4850163458080904
0.5771343997942217
0.5784697525622603
0.5464923563141794
0.5329262819330882
0.48254893965908013
0.5619131636242709
0.4557886805352553
0.4406517093619269
0.551140117397014
0.3728296216890898
0.5109612952506157
0.42221416458877836
0.4428134035304156
0.37224110376083563
0.32873434997524315
0.500593590621974
0.40295022936629776
0.3760189132134906
0.3880856256032676
0.4127350478977353
0.45953924132443874
0.3025067842668834
0.3975874254930709
0.27326733695555666
0.35225872261254554
0.31536025052644606
0.2284301462084218
0.3266212034170216
0.26605201356284125
0.2807822985360494
0.17236770539449628
0.21350548706440467
0.22353512621163196
0.2079486404023591
0.34226921636775737
0.21921670506276902
0.21078932383271873
0.22558719500948987
0.06134250794043524
0.18212982484929505
0.1993664932248721
0.19479632987659945
0.15246456623895904
0.28505783167597143
0.26834338656027434
0.16402388555072056
0.17340804733429505
0.1444692174117021
0.2335870145963893
0.23032780452566867
0.23245089229969998
0.18715080311192273
0.3513191260770462
0.24363266373172446
0.2728816683603118
0.18070301938842342
0.2142937777477613
0.28743669443009323
0.3210936917547931
0.2763628204365195
0.3307581670483432
0.35914048307508367
0.3838348572587908
0.3490499072384931
0.3288446807883015
0.2589978860827644
0.21360871079880872
0.3678505347902954
0.2538367052615549
0.2852230087353842
0.2527849708697392
0.3030580831721351
0.26109113600821443
0.29659445710990606
0.23292163042600714
0.32077875577777076
0.2763572061422336
0.34511709425542897
0.4421634887067993
0.32647395844540494
0.41190654402559423
0.34464128109009085
0.4248837855786208
0.3511684045300254
0.43574248690494294
0.3524675142354745
0.429565721055725
0.33447763848074796
0.31881679046768446
0.33802187403344963
0.3349286579771427
0.3685378059120088
0.2970981235123823
0.3990433252195357
0.41485652545299867
0.37629309662767296
0.442950954984761
0.34007396261737033
0.41706534319139626
0.4847262128528055
0.5418774978839855
0.43751351647595116
0.4838107487085084
0.43713626800170113
0.37290441270243435
0.4068509642130603
0.42299446243626027
0.39662747987917674
0.4348479605719963
0.49965464476009386
0.400955843656599
0.3726547219551086
0.4006287019762162
0.4170611053998465
0.3964540323358037
0.40429059960086833
0.39239368308747863
0.3840457516537353
0.3754552618017887
0.39433199684496256
0.3921815844989608
0.3449898933649481
0.32724611267768555
0.37099958126971083
0.3455518489910704
0.28655981254521706
0.23727898666722574
0.40512508933008134
0.36564348294445864
0.33601290752030577
0.3411667647548899
0.2679394872549974
0.222355308465842
0.23136251765927712
0.2957616485935103
0.2262692268720628
0.2379602034807325
0.29341528220217444
0.22041990553918758
0.28994395644870724
0.23423047694176735
0.2859555988955853
0.21402445590442448
0.21630929448569228
0.28396767838875503
0.27757117432924094
0.15272402271446117
0.31804402946205085
0.3129093440445767
0.23829484369019438
0.3084810794306679
0.1956621150149588
0.23277354248843785
0.17869267812848516
0.21884081104199382
0.12537765480855279
0.17210538952214238
0.16329869205221012
0.17966836389253013
0.13580578471486718
0.2918405871342432
0.19599291342061886
0.19713551923991574
0.2172063998511091
0.3229561647515248
0.30282309202485785
0.24482171814162484
0.3710586353824574
0.37835989253205066
0.5053775116752272
0.5596710317885838
0.4747742314553286
0.38716084780101134
0.26997586418651526
0.3694006980201603
0.3480742101127833
0.2952229032357015
0.24167610495842606
0.17691794736676186
0.17882445074373646
0.16697280607582876
0.22415802264711243
0.19728473470846242
0.2233157834142963
0.25163993716383654
0.21133728100471558
0.19886442980369085
0.12944281018389198
0.25545201872207696
0.24394370054248898
0.23107216259918117
0.2036751596579216
0.18639087041820837
0.17670667077602603
0.16781061548208948
0.24203782429584758
0.2059464428448343
0.2313062370851129
0.27728762617630254
0.24685158603694476
0.24643053028538775
0.18566104005081963
0.3059190629552938
0.21934675355491
0.23987337399933156
0.22652383065260995
0.23967128693271905
0.20020352256427193
0.3357520189283326
0.18239509654337546
0.2244829950799328
0.23755833643293706
0.25082773947910375
0.29882119644662375
0.28820380042450044
0.20626036249658358
0.2929688569545349
0.3452515129599394
0.30345230765402975
0.28600130308513355
0.32387529372730955
0.27909099193666953
0.36367895689419194
0.428559716683218
0.2523845109427271
0.3394737886738308
0.4269246103770478
0.36688608733147876
0.2752321029474901
0.33127811363754667
0.37264856759670867
0.32514521717507205
0.3931551602050312
0.3013458032127609
0.36557603893621676
0.36244426406155117
0.3089270727094784
0.3394866833090826
0.3654970661261936
0.33580064118068836
0.3872605889852577
0.3550977423667428
0.3444380384090325
0.35366939717071566
0.47502603685233447
0.33175593816305304
0.38292850157413094
0.282143382057154
0.35739565542934243
0.256852580105552
0.3623916558001588
0.2735580085529578
0.3441406574753317
0.2658273550813711
0.286649055117865
0.3530615808974852
0.4481158549600971
0.21906197371609726
0.3309861350363358
0.2356896733577143
0.2666632048953446
0.34480403007053395
0.2582671670124216
0.3086079119224181
0.18636222221029114
0.3443296567620068
0.3649779407695862
0.37379985816386774
0.37503239640843056
0.3494753486138477
0.3703126832945272
0.45345891564820007
0.380003417435668
0.4155264269249329
0.4966200575541263
0.4897714454998271
0.4810140496037207
0.4104943451596762
0.42793318740602176
0.44069159358728227
0.4336761514613968
0.4261614114879836
0.3465845428688126
0.34382920169631065
0.39577457803545135
0.460686198929624
0.36555983858960794
0.3619648390055778
0.43294227854576495
0.4642037849580934
0.3833240236571269
0.42299245775137334
0.43392933334334954
0.3589979636332785
0.36526405035710685
0.34292238840021716
0.3437020850957413
0.3748510556661196
0.27684138551424753
0.3541026715948098
0.4394298718080336
0.3369877376896031
0.28516110802075206
0.32563510150624303
0.31597910903815596
0.32426702927919016
0.3349449942390142
0.3973682091069539
0.26754888264581406
0.28956202778196677
0.21794987760074416
0.4046247115977866
0.32078320671339583
0.25362060971637923
0.38754616403815506
0.2828744329480919
0.36968400957331127
0.3761543973863908
0.4061249886838506
0.43217050920058864
0.4515740761420557
0.33576969753546126
0.41739469614910935
0.34769650487155745
0.38222964605214027
0.3024949278419441
0.39690993880613346
0.2124947570208201
0.36588931336811137
0.3211873129208005
0.3055712860373524
0.2565411195970263
0.43709109433573895
0.3790143501902663
0.30006250537587587
0.4219024842076085
0.30918760657816013
0.2744313418515265
0.3089118977842844
0.24996407698052944
0.35334715519118687
0.3649829991623149
0.3114598267659873
0.359522071183565
0.3152328155997276
0.2156773344984094
0.2784598506223481
0.3206021761516612
0.37773210150283765
0.3176794566313924
0.3181468237130404
0.2821862110636574
0.4113911682081781
0.29110589489382166
0.31177463250154375
0.2940410825548504
0.4075869125279324
0.4438954717307593
0.34726599984056167
0.2397152098976973
0.2590991043795299
0.34965772766260883
0.33510658763984197
0.3072657674583614
0.39973192076513364
0.3631872946065001
0.34707085658686476
0.27832171833085995
0.30616397003441054
0.35050001725565844
0.35059284825404824
0.3794768008601208
0.25609317737491605
0.3192179554843187
0.24521064545508015
0.3102914790699369
0.36169526890975323
0.27893423988143573
0.25066009679663126
0.2923505324692636
0.23802510175136074
0.20841166669704128
0.2205338141702583
0.2702166971729679
0.26090886450333917
0.1221065640586956
0.2642437127246949
0.2484444949454821
0.2493842830534448
0.2423687164633581
0.19288625322342254
0.3032043840948139
0.3008992367406762
0.33782890328420334
0.21846050365476588
0.24877108346895038
0.30778934645863715
0.28864942008963246
0.44694771444737175
0.314783963407079
0.4565480742851094
0.30296624667872585
0.3539564909000805
0.42625380947828256
0.45189404056443405
0.45589181583768407
0.3647124108310753
0.3348364833035942
0.34865764301221697
0.37115337052024405
0.3329941887348535
0.41978531590187634
0.306109354989379
0.20872133383025127
0.3461058655807779
0.45544086299598385
0.41072858865595463
0.4774894040579727
0.38257018000555865
0.3110621357620051
0.2934053487569638
0.3112924702428297
0.31010397655165123
0.37160606845533123
0.38403726377631525
0.32843755828168664
0.3106643281333439
0.3487536165349331
0.3126157369619732
0.3146155638261636
0.41039971024447386
0.36684339141493194
0.42715821173267177
0.2871842667669436
0.4039525496555795
0.3732901755277109
0.45038114927641254
0.270059264088814
0.38709620973337383
0.3349776928555145
0.40398551691451484
0.3559153011513742
0.4082722228062266
0.46104709413174316
0.41544033815199727
0.45013507946804
0.4248174903078534
0.31669596573228803
0.41372120764731013
0.45437094352066276
0.5411652117348935
0.5811430181524684
0.6604031652717637
0.4016296798152505
0.5499184033438076
0.47227361287705677
0.5794972004994652
0.47875318466076117
0.49514483199400755
0.5742292849278163
0.48256346545587003
0.5696582751276876
0.46086083818485457
0.5994709076722351
0.4924815190729595
0.5609790501382349
0.49111800449631343
0.5212429989255604
0.5331290491994951
0.4087112104002202
0.6200659253988258
0.535083300139812
0.5177950754550669
0.613432643490853
0.46403012051992526
0.5061366846937984
0.5333850540563304
0.5820466371080482
0.5188289134321045
0.5379336482436723
0.5661201367200477
0.5975331880970294
0.5468305096476724
0.634685546532473
0.5840175488357854
0.6306155090039092
0.689951407934892
0.7237748013589836
0.6190748832834808
0.6570704758170757
0.6946773789325155
0.7353762628999362
0.7382532411727397
0.6263141686488066
0.7035938404760159
0.749848813255292
0.6463822007298553
0.5981176288066226
0.7328903645292836
0.6292533885390539
0.7233976796813059
0.6008651383956921
0.6950063565968934
0.6078900599773208
0.6204098746457833
0.560734151874443
0.6045982522489403
0.6638558665945326
0.5987235338196465
0.6068146192650486
0.6485955664320061
0.5733559613299203
0.5929843277040299
0.7135381024107046
0.7521701259179929
0.7100751980009951
0.6679692743640601
0.6696925665412337
0.5989062219311697
0.8182434823019902
0.6402414381998207
0.7191934312294038
0.7199462729638544
0.656490627989107
0.6739282038036993
0.6825103408918651
0.7229071905988218
0.6686109621693554
0.6791868604411994
0.6444191523203279
0.7064387089063104
0.5873780010676314
0.625478349317939
0.5839767212041339
0.5947024344295256
0.6078437255711884
0.5590328341633319
0.5692113406702332
0.5702369983649489
0.672515060742145
0.45476164736528313
0.5467622974150459
0.4705161929541401
0.4766726655044267
0.5424464317691798
0.5960931410699596
0.4696701411950957
0.5666773670255049
0.6234629966388626
0.5807045032828668
0.5835570709189997
0.485013378940895
0.5088498330657013
0.6011644315439587
0.596487740461431
0.5913567945326419
0.5915587233585011
0.5684047916189561
0.604672257246642
0.5925435156724375
0.5229749937130084
0.5462721162511815
0.6183710024329708
0.6932240249147084
0.6265559033676743
0.6370386521725766
0.5795650601646618
0.6379253198924603
0.5674038881770572
0.6241148844871001
0.6314219157768914
0.638708958251816
0.6585462037728187
0.6428503497878547
0.5834707071870495
0.47888885200496345
0.585577079627434
0.4982370214475479
0.548152797070217
0.420434277803005
0.402223997468213
0.4475862662877148
0.4252156349944444
0.4865566739068447
0.4450160949504488
0.40515665789518085
0.45707449472768025
