0.3480301042914228
0.33552715837975183
0.39444877526794364
0.2908353228920294
0.32961251379832907
0.3780864467995909
0.3772493350751896
0.3935784918976717
0.3754105749434963
0.3750066388112945
0.3222567953042714
0.33547802937302107
0.34944435791609146
0.3962695263635299
0.29518903264421636
0.4045331047525562
0.3630232479126042
0.3060565597288932
0.32875399381080583
0.39076602532302274
0.32547994875194375
0.3471600876423414
0.32709281596125395
0.32183002114640014
0.3345184045508891
0.3435606224979013
0.3061008358312983
0.35471465293891025
0.3556948756495912
0.28261305498648526
0.31583434035162344
0.33075025621138454
0.2462436157382435
0.35507338463900256
0.35036169224020475
0.315958477572833
0.3021625597584265
0.2931313956810448
0.37281085107118844
0.32729743985016235
0.2604071563739687
0.2856489204886621
0.26000346026835486
0.3676240313386937
0.3791320014156934
0.2321345242073464
0.3519085297985661
0.339037997040179
0.33385569069276605
0.38241839501483943
0.3721746040155872
0.3783696204470453
0.22710773462619788
0.217667064666488
0.3650321688925572
0.3276635620347373
0.35812339884311506
0.3292724294604189
0.27022212420688524
0.35367783435697275
0.4096196929838723
0.444737040868352
0.3894303405433554
0.39956715705377827
0.3720503803914954
0.43438781207068583
0.30787844405971937
0.4247175117099736
0.41492223049844806
0.40997844736765293
0.3745344197915975
0.43679647685875245
0.3738050316617021
0.49180314277462145
0.42924264463566314
0.4146540271370446
0.40854734047856744
0.4224316724273258
0.43008914861211456
0.45075648852991157
0.5178851395197772
0.5331827091138585
0.5280521034184401
0.46367116751714715
0.5005015178082889
0.5244049183131988
0.5369659262014701
0.5444067762841134
0.5612858878500273
0.6066886233336382
0.5264529478505426
0.5254162174712294
0.5352923951024651
0.5962507634929877
0.6482134703529867
0.6527739028464207
0.5854652476550932
0.5928748479160384
0.6111236916349375
0.6351390954875946
0.6519540072501633
0.6474203532630031
0.7171636840628588
0.7397555513858206
0.6688234017771626
0.6487761984794791
0.6037724353861973
0.5881202207661703
0.5568063289498918
0.6624238084445874
0.5503708644555304
0.5810116675406004
0.5534894431490046
0.5664638060253917
0.535009073523474
0.5416557654990397
0.5478384351012231
0.5854147343542837
0.5005672149623415
0.49620103008003863
0.5848895367192957
0.4920104301346822
0.5524818242143732
0.5103302931551796
0.5365923455625021
0.4986237051829067
0.6008771390279716
0.45899065025085345
0.5449375568704853
0.4984450264098139
0.4510417982384756
0.4657598861884411
0.5326393287559388
0.5423701606956768
0.5411558252940512
0.5639699183960653
0.4816482963193669
0.42756008875129425
0.503038988735381
0.43195737878878127
0.4756590397364898
0.5611698061173074
0.423127989721364
0.501622686563237
0.52101657136603
0.5074992974603098
0.4649143889094931
0.439105603522633
0.4935205239279318
0.48850280254063216
0.41702478536795196
0.4653978702207429
0.4215362288050734
0.4567074654429282
0.36091382659551696
0.44164892981697373
0.38299520850621727
0.4077112993200682
0.4947184380558782
0.39815228698436017
0.39706660006677297
0.4687715649586869
0.5200972056910609
0.46966979460386193
0.430360400939371
0.5139768530181213
0.5300299457099775
0.4841169057905271
0.4677819683393268
0.5248233340469113
0.43182659379365285
0.4593125728313774
0.4560610604125208
0.4997579641734082
0.4240439839483606
0.48551887245909253
0.46322723531982957
0.4866394851506917
0.4037747191498672
0.35058606873839226
0.4212250534206439
0.39411545981078994
0.41448281979784485
0.41873515610540374
0.45016452009843366
0.3253026735267573
0.3879523029852785
0.3858599819322902
0.32637488451330643
0.31695274948560703
0.4018143197826388
0.38254637817113335
0.3974991639768416
0.29417958547799156
0.270838086261197
0.2504240906380707
0.34019130569420686
0.4029476948749714
0.2776991923482749
0.2974515686887089
0.25732773068243353
0.31074812195829504
0.3022220973251678
0.29027470423881485
0.36697660732075627
0.26588007902069477
0.38500420590455336
0.333662292713183
0.29733765808767765
0.349502117286996
0.3437363913657201
0.4702345972906349
0.39011408038821604
0.34293151359388
0.3751361586452441
0.29271701319202925
0.29540100115768786
0.37387091893988744
0.3697971003509292
0.3398060973133248
0.24701951576133904
0.2909073971967659
0.22421849887220247
0.3164488695925747
0.3101979258688542
0.28889176313868853
0.273309347692557
0.26667839199020865
0.40164791687630835
0.28995514249767895
0.3996750685114729
0.420943391630521
0.445570875566784
0.3072885163539311
0.3613123768943106
0.440705484922398
0.4812397519982544
0.45985102155207236
0.4372213346001807
0.40859064360549247
0.578802197112163
0.4864522191592737
0.5473680145491823
0.6018904167743947
0.551331675595621
0.6537136052309176
0.6485830212927082
0.6500863315227526
0.6602277658551765
0.7029548700239351
0.7308212255199129
0.7764798571869508
0.7662937707207016
0.7965947548701027
0.8723376308385865
0.8893414668146667
0.8785572948043168
0.8942580925342899
0.9190752044296221
0.8744441880402138
0.7975159133463271
0.9484083102896148
0.8794510432046118
0.8580954477280587
0.8705583995976345
0.9363090545967083
0.8222423570135056
0.8811737767679597
0.8084989511709215
0.8019226377488762
0.7463748173741667
0.6545410343794849
0.7335631275694103
0.680737889814536
0.573855610917062
0.5222819929698244
0.6069370589472216
0.5427638908276815
0.4936942030580365
0.580452034163116
0.5535534694234937
0.5634933503090515
0.5234036481298665
0.5424380438164129
0.5248367822564881
0.43367239830549836
0.43766356315147614
0.48444031630327344
0.42708563532958427
0.4289488976446393
0.5455060544979193
0.635352900371967
0.5434221166153279
0.4850162616008572
0.5727131305859648
0.4979324194695663
0.414651046135107
0.5014434855130153
0.4474315768928785
0.517910007627938
0.513483898040095
0.4734872033340998
0.5076848007890996
0.5567100130337812
0.505241787546842
0.5311424319533521
0.587789415967176
0.6275584675337669
0.5560939505070488
0.48606166627472924
0.6320146510943141
0.6555879321663968
0.5455025741237691
0.5441332557489914
0.5973909043415573
0.5751213461298086
0.5740590398571999
0.6133321877498591
0.6633764108857225
0.5636905287311408
0.6540835492403505
0.6401395861929853
0.5742146778407335
0.6340408418143453
0.6518376332931782
0.7006750504140751
0.7210466715680618
0.5541710415845714
0.5260251484274021
0.6247012974670159
0.618155003630247
0.6429160254237332
0.5386255936589212
0.6813478033195662
0.614195028221097
0.6298808947802244
0.5413472884188429
0.5843965044840262
0.6103650709255986
0.664005450841876
0.6398434823193235
0.6728897915899206
0.7617153215021324
0.6829882143040475
0.7502601562365343
0.7641418157935714
0.8335353887748597
0.6428100930275565
0.6951917377186981
0.6503944894178479
0.811864579092922
0.7952115013039913
0.6042715716681879
0.7179547010397777
0.6978231251248632
0.7903451384796671
0.848580843407579
0.6906783805695988
0.6038683973293767
0.813578684975443
0.7491186906962999
0.7279992290839526
0.6634097621934807
0.6794876950069151
0.6306664238135139
0.6864374078004392
0.6905280929607274
0.6858096498431039
0.6041036918614032
0.704204830324444
0.6399272106029865
0.6893276851187022
0.5785632475433659
0.5875889040893183
0.6109838995321424
0.7502346315666439
0.6153255709759431
0.543940555707266
0.5735982069557757
0.5534840746457045
0.5792092851116968
0.5680482638524584
0.5186878925998784
0.47858235789301634
0.45428199575146394
0.40427474634632166
0.5193897548771317
0.5918450818131598
0.4444528892831013
0.4859417385771805
0.5660712847524818
0.473067226839576
0.49534195814947607
0.623792258586847
0.6030529636428724
0.42643092845604047
0.43846369049603784
0.5263159526043673
0.504984966115373
0.4573250821517058
0.4696799129075169
0.5608759270891183
0.567493979719353
0.6179792270395628
0.5917950659196686
0.6217532675537258
0.5778447124713699
0.5438575014726259
0.5139447692734018
0.5707265950286193
0.6195370720946427
0.6200563637710806
0.5497888322666638
0.7142155501193914
0.5969800933830358
0.5441850293745552
0.5577056893658028
0.6102643758376181
0.41325193729487764
0.570972484196294
0.5249985609305535
0.5336720317933544
0.45438807770805456
0.45875752154595006
0.511057444893572
0.476708173803764
0.4955388027711862
0.4398026669337266
0.37303457415708163
0.3538758695801808
0.3649467979645294
0.3254424909645951
0.23815824806829877
0.3741482266563856
0.20616794905864472
0.19196645626452222
0.261743858765974
0.25045146775244664
0.22525350111391784
0.36794232061309
0.16460892532375124
0.3398758102160429
0.25211023350801615
0.17506235208366536
0.21940099483595257
0.1312231433513168
0.08675883357512379
0.18667437692450414
0.15842398003661687
0.04515754415381693
0.1836366646611777
0.2184627074061444
0.17733215497671473
0.19119753136305598
0.10464132781027713
0.06716591944757563
0.08393406764565757
0.19774718479835532
0.1498620118618592
0.23747454069153803
0.23527063328719894
0.08281883419741318
0.2094360186304889
0.2583742049710802
0.31514754930150957
0.20880503176796775
0.2534975152582033
0.3585155885553151
0.19799395795525035
0.1843089573191714
0.24785594698984909
0.2972845289402704
0.26657131125659356
0.32256047183727066
0.2594711401703845
0.3228901025044251
0.2734632636177418
0.3833783294754387
0.3533164116006123
0.2981491287671446
0.3241495692170469
0.3712282257011346
0.4403679080911002
0.38207366873477
0.2666832392480978
0.2751342601323855
0.3387395398027644
0.3369388719545651
0.40232854552818453
0.45845427210825807
0.5193587123667351
0.2720720764552887
0.38067138353223773
0.41631218007436965
0.4494290075028693
0.40337462917734157
0.47762114942710265
0.4572704854375032
0.5195539303705692
0.5131409975884693
0.412720260951587
0.4811110031076109
0.4301089810311259
0.549371627212079
0.45862287221065323
0.4547174201900564
0.45632425886040495
0.5796835276799319
0.4804571757871559
0.4607242941433061
0.48855471569097714
0.5295848972596464
0.5420915939190024
0.6499868325507252
0.6296924118194173
0.5737846512452801
0.46733764683070067
0.5230384451714062
0.4712895690258237
0.5770036892339765
0.6270852577212349
0.4786624279402449
0.6943864678006351
0.46274756664807937
0.5009274228558237
0.5701901958595218
0.6378319118248633
0.5440762514298016
0.5185438708602416
0.5388814443110644
0.45204082415789815
0.6312453822757057
0.5539623387680975
0.510824221373945
0.44589648832770046
0.42681251923067565
0.45931068564386135
0.4487180852070984
0.3666005619065997
0.4430383159809413
0.3741666691257516
0.3824352843092505
0.45337782991193604
0.44626301704348187
0.40278862723652714
0.4090312607593811
0.5160740731043115
0.3562237679409662
0.4774117875445872
0.410255159184279
0.3676315483353162
0.34994710107354904
0.39296293977733027
0.2925348450316611
0.46725297768250207
0.3767867098653099
0.3549951200247803
0.36774819190556585
0.3772314003847076
0.3304143101487969
0.25876935660600775
0.5368595082328895
0.31139620746172897
0.5304635509635539
0.4326668510329742
0.33382020956646746
0.29474288802661547
0.28081768997827333
0.29492031434042576
0.2778671092545303
0.3468726683572797
0.3555797121015837
0.36887227838025094
0.27041532627718845
0.32081491926816835
0.2842125497633416
0.3046835116414591
0.3593227932046095
0.4490301458994698
0.37968181414714197
0.4677790556602765
0.5039904615502068
0.6006293674606904
0.5561852455542815
0.6862506070579346
0.633411641669227
0.5562794461606212
0.44645665210319535
0.4518950012020695
0.42745048461679847
0.3360079578584441
0.4001274178567052
0.2340254511405936
0.2610102453242482
0.4556833363767612
0.43380371887431135
0.3646476763078486
0.39406444521347184
0.243113459345586
0.35624675842949305
0.30712342458518466
0.36652201848667343
0.35790274278649764
0.39080772809349995
0.40160694874341346
0.3686538979995231
0.30232864740633375
0.3955951532826187
0.38765320578020257
0.38871076519391445
0.3586231947322893
0.3219472857720291
0.3945307574841056
0.30103674684957415
0.36125740365078185
0.3899243492533077
0.31401114624811294
0.37271564877523533
0.3235743013230664
0.3871337212261448
0.33917987167575614
0.34416904566696754
0.3042907757361019
0.3693659464199731
0.29086030367136734
0.4152527819545733
0.4104521976176368
0.4286296894704247
0.392872550456676
0.4480420005652486
0.4365533726535139
0.3656831064694619
0.39181036904062205
0.5247995580949143
0.5184797978182599
0.3617721089939314
0.3757159497400604
0.37531256605930197
0.3692920821489262
0.48799538950959315
0.45378422222120895
0.5381036359380605
0.5442200379082268
0.5800545716742964
0.5009236378648175
0.5092069269453059
0.4694413169552535
0.49151458429855976
0.45936476057519643
0.47447133722627
0.45095423838739346
0.4236442378425156
0.5030789402373845
0.5086282958384283
0.5324798274966266
0.3881501142174868
0.4767024998651859
0.551860073700474
0.5249480167600711
0.500063516497506
0.4951733387348075
0.4402223975931874
0.47214609209513403
0.41938134964817975
0.4459329311130758
0.46323736453782205
0.44637061158715086
0.4207442622636003
0.4459397429628004
0.5060445193466951
0.39746622792017183
0.3680204336665952
0.33474130246677136
0.4027769607889238
0.41565242058621293
0.5539986749593289
0.3892103676728174
0.48089028096206154
0.5124581443848366
0.39892394017651767
0.4708589095157384
0.3817200229084554
0.5944362193558396
0.4012315767921524
0.5261057519194251
0.5610089135935061
0.561708329818433
0.5078190719800836
0.5740445745282424
0.5091088777170435
0.5689932812240617
0.44911032439647197
0.5525509316755041
0.5644931599509717
0.514813483607422
0.5656172471216665
0.5429328185233119
0.6240008221851048
0.4575192057507326
0.477946805521503
0.5215465089343383
0.41443430335770104
0.5572991792208333
0.6134691091377377
0.5802155216074718
0.6050551214658215
0.5423788999324717
0.5777518726410835
0.5316044151315424
0.5176458603418748
0.5965875371197006
0.5034970081096364
0.5763541767721456
0.5422048213457855
0.5867767755637666
0.544685812014773
0.5163354649617625
0.47268306537618177
0.5149748587651256
0.3661817091541836
0.6232299182369638
0.5989519474207525
0.561660430948637
0.4564677514436781
0.40352258244919625
0.4093670505197707
0.34740989103078956
0.45633363431123153
0.46594689565419684
0.44862749282293296
0.4258432389234024
0.5430773297750418
0.5141603719884731
0.5079623732937597
0.5678177848906716
0.5997889898255944
0.6364048364039738
0.6465427838549748
0.4824788733527293
0.4950255802508945
0.4504844307506711
0.5295191314928939
0.5018173654605607
0.6282098278335355
0.5656735618054624
0.4736573251611859
0.47362006681673485
0.5190024028783321
0.35004058706316366
0.5066015363969125
0.546784557780815
0.47844425429203385
0.45961242762031823
0.6068903460931918
0.388855956007545
0.46162238519814697
0.4841794701429424
0.41411021072264687
0.5426779940978301
0.45119003676623143
0.35839816450542394
0.38336116548221283
0.4289415186827916
0.42661779342727296
0.3258824065212119
0.40456274716592844
0.39325941459333913
0.3539460856485166
0.5646692470497549
0.38903486201417375
0.37800945851925394
0.41169177988504535
0.40209428479675546
0.5547539029684994
0.516012100284267
0.5320786614700634
0.39098319000766235
0.460664620904628
0.48803153391254084
0.5924533781144989
0.535820632109523
0.5975620436013789
0.5046081422023653
0.4188500005021642
0.5009847638723044
0.5227864976716031
0.5014010172636952
0.5049934793340701
0.4599924524204716
0.5273504549893357
0.42306547620888424
0.4440187983515852
0.49516946813430474
0.44997755445438015
0.3449787399781558
0.36172447963921206
0.3841059951437116
0.37186358785816337
0.2993952557408429
0.4048184342518754
0.49045724430306836
0.39801481373493347
0.38599842463790407
0.3626307825000302
0.38671572611114124
0.42119437426804246
0.5531458526201591
0.4000354018990367
0.3288119928466443
0.49225046389183347
0.4965941112962349
0.4815211085015376
0.4000587607336499
0.5451269842302918
0.4278731571762936
0.47490526473505523
0.46177074645038985
0.4287391189463725
0.4394400506255074
0.35402636704375734
0.33322293388216034
0.38031602926851205
0.35851979870092465
0.41245375041533106
0.38213779633191386
0.3992739399301669
0.44206667435195485
0.29036280243217966
0.4244533832572285
0.43280044603351975
0.5261066235460278
0.45031603770835993
0.4387068557041548
0.25754015484627435
0.4572415367543335
0.3893245378843472
0.2560145878335252
0.35343617307351227
0.36713705732142754
0.2700200404195907
0.4509303534233846
0.42924899655380094
0.3311581255666965
0.3579136288609941
0.26322936785819334
0.2793389723829772
0.3561448750898325
0.26343866062741933
0.35869732932677306
0.28489953461305134
0.3641213105803986
0.27303335997516603
0.3266371420942008
0.3549834918414632
0.3887389194214639
0.30433087263247616
0.38546888938330637
0.34633491477555206
0.3476063344966442
0.2784083662903638
0.37779665770137033
0.34021738536474677
0.35967927119160514
0.34134484574772483
0.42579991478608414
0.5184156651288295
0.3612009659562603
0.3503086117930396
0.4161743226374214
0.40861482675937183
0.35816095668489545
0.33227493041456774
0.40419701202871827
0.49847837285218977
0.569083015307208
0.5598829954395708
0.4757337347637636
0.3807391756002023
0.38741853677039084
0.3884258903720913
0.37852547753031734
0.4005510553076945
0.4585144616483119
0.396896344229297
0.3973100601139203
0.42292561338524964
0.39552781393511427
0.3429244428362478
0.38635246890541475
0.5668428188912935
0.3595288613336748
0.45210314636559984
0.35166049851325804
0.41544167313970887
0.49181049559101486
0.4475751805569804
0.4257598481460561
0.4737426163552205
0.3873643954924568
0.4524015333567044
0.49124606332633236
0.4601785746824772
0.572551305476739
0.5196610845123937
0.5771298528640527
0.519951473646644
0.5870937853826779
0.40756464827237726
0.32727119316205666
0.35343696110387424
0.4740210418378301
0.47445259541149265
0.5056445697368726
0.3691501402579149
0.43847703193784665
0.39582597887934856
0.35827200571155726
0.4648765966528666
0.4163456396260955
0.31429127870990864
0.36107765565502553
0.39643896264525486
0.37153940157910714
0.4480914080304626
0.3992453919632317
0.37633134441335653
0.3301510468881771
0.4034766889662016
0.35008798156676235
0.49038456018055815
0.3675802069707229
0.35890528572992536
0.4002577803757953
0.3963341909270398
0.4396104468013714
0.4800757114354657
0.41861230359744234
0.4071438011323266
0.4200051810507423
0.37423553885970295
0.38619815118177897
0.3130677121096739
0.39704253555533403
0.3987789687611184
0.3295240512192677
0.351547823110534
0.26267460359713135
0.3522675001394111
0.32237524093754044
0.3476978249412603
0.41876175640530305
0.35565813767989396
0.3242588878512005
0.36724182082505
0.3704094534231172
0.3312208168451498
0.33362242320032276
0.40448669825903005
0.4070068503611093
0.3804784332001685
0.35062023087107863
0.3105395176248559
0.4323514850313566
0.3150312630804159
0.38141534277380107
0.28000813241648387
0.3713971793388256
0.5549746048938518
0.39365760714399367
0.36345071434193843
0.46975061163332643
0.4298420469193839
0.48385851127644264
0.49380060743622106
0.5192053616691443
0.5381874684881444
0.5059753322328152
0.5173186131340942
0.529788566682596
0.4383243808440536
0.5052908098222796
0.44471041288715885
0.5740669176876732
0.4787303449887852
0.46775587967507143
0.4659620122576318
0.36047266635649483
0.40728035890421743
0.4232608154977388
0.5132385323197479
0.4043987380386775
0.35286771555016877
0.41501384769108
0.4112783323273961
0.3235557431802645
0.3550217892366538
0.36930367410852194
0.366139297006822
0.3132676126925929
0.5088989938800303
