0.264418249962638
0.26054879482880483
0.37926873696626695
0.3074053415312962
0.3306283997909929
0.2713164445136985
0.2878866690993959
0.3487717745675577
0.3361947542322239
0.32046362580737964
0.3692931113620591
0.22070983902945024
0.2950629563975389
0.3294059409575888
0.3356342631929431
0.3164735806331595
0.32953627907844807
0.3017337115863084
0.35572178228618717
0.2938853794688858
0.30865197986904735
0.2782605407503271
0.29816189329891685
0.2617623073517187
0.3625790341845456
0.2666371847015576
0.3844484002836691
0.3293436297348432
0.35188170836689525
0.3545487588096234
0.2824637390945691
0.2920534590676595
0.2513871795073215
0.32408495050941594
0.22810278147505827
0.31957159465468815
0.2541939808548572
0.29522356004415523
0.27848092488541826
0.26410729645657
0.2942363846486423
0.2791384079537065
0.26051562821183977
0.34425571313408726
0.2618335359257941
0.3021208649236136
0.2852861642577741
0.3051121731552092
0.23542923811183705
0.2901909536747241
0.30393839061743255
0.2795049536997174
0.2881756258024986
0.31815987550568087
0.2579154005523094
0.27675283301048814
0.3144249388749807
0.25241005510858494
0.3351123673711584
0.3302174642280556
0.3823704608981116
0.2742941204329985
0.38606656843722376
0.3775719975334814
0.3641140080524988
0.3421873052127393
0.41899305752613014
0.3441112782866471
0.3272489362002786
0.39560466743220685
0.37165900067864455
0.3991494659731446
0.3983155031666646
0.4265277307548539
0.4402859222450466
0.36974768040448347
0.3929206001815407
0.40844068093510727
0.4902069062280706
0.5174770034250582
0.397626889632881
0.5355786581185792
0.5091758011590397
0.5254538812896031
0.4863985296460253
0.514535337469932
0.4517557003051139
0.5683581235767126
0.5743513497262156
0.5957564890445634
0.5831989711457486
0.6137396567559407
0.5132894528330073
0.6027491082392636
0.6360599270057017
0.5739623999839887
0.619084525219414
0.6353669593564722
0.7060187960639817
0.7375276039468526
0.6933290567183241
0.6771684559915931
0.6660799850920247
0.719881207519415
0.6304239596021237
0.6663125419672219
0.7037205381535904
0.7437420655523173
0.6739196948101077
0.6629693421092155
0.5531338168481715
0.6288509532482902
0.5863457056534067
0.6254397018692572
0.51052180157922
0.5540024024118514
0.4815847232649887
0.49694030422088264
0.5547990519176189
0.5054206025512237
0.5097146378717463
0.505475463272752
0.49517439869893404
0.4041335013371386
0.44922421296536047
0.503697300334025
0.5113314526366995
0.4533938014693103
0.5274219922422789
0.4711737561716488
0.5470691323906368
0.5010660981504826
0.6176523850249154
0.5511701312648577
0.4556995620684202
0.5401473099538485
0.5936454449152808
0.4351959045253744
0.5263033162193558
0.5517600896117141
0.4930286714536297
0.4716059186901954
0.4562013106820113
0.5037977812118873
0.4995233084688037
0.4774189150318733
0.4686236040102183
0.43296812218551806
0.4074124243884549
0.45408477880273135
0.3765822484988168
0.4243236673619226
0.44280924240428626
0.41822213634951094
0.3780419317093535
0.4153902548110857
0.38206617660605596
0.4254649970094601
0.35888930920951745
0.3887365717555426
0.3894906921521515
0.44315682173062276
0.49064846554746233
0.3985866029629057
0.3210556046494553
0.4732151290062501
0.48701693693600256
0.5055353339943969
0.43992776846713294
0.4772002023349734
0.4380610636037187
0.42180890671553894
0.5485875524703652
0.469294664893541
0.3798178655118071
0.42740456030946167
0.3729162068437557
0.3949080156068739
0.3385741145701305
0.3231200786791407
0.3597436938895159
0.41401945944447727
0.39014340101195166
0.39259129051181446
0.31512071939784037
0.3175890268271975
0.35396153469560726
0.342046590778486
0.3103065952504863
0.2822827478068203
0.30513529988839394
0.3492267965190479
0.24533777207460755
0.23062713635228915
0.35830021026769154
0.2986641948603287
0.273853305640764
0.3366013119719904
0.2565167039389656
0.2598192570986088
0.3287285185159239
0.24870872792595355
0.27997636006429805
0.26444815808572497
0.23044236923890438
0.24802048701528664
0.23105669121719985
0.35439726328743637
0.29457355822304027
0.35257315981123555
0.26554970597463756
0.295968605524582
0.2823543946653523
0.2846217792562615
0.2600138594096391
0.2471171329507318
0.3533849208780283
0.36778565011283126
0.3157164516434482
0.3233561054239385
0.31736540275257374
0.23884057493019872
0.27275808771442056
0.30603396909512837
0.26575785428702725
0.27844058806532423
0.2596652035826251
0.19308435694468398
0.26457697403118347
0.27715401827035396
0.2907771567876726
0.20734057326869684
0.2999749467962589
0.36787423866852187
0.29635476350787127
0.32439785992458486
0.42727574586752626
0.3667555873774625
0.4552697770773298
0.4415890231228655
0.43973417484571375
0.4751914070304888
0.49131048884119555
0.505842506140121
0.6436068082964269
0.5592570681024774
0.5940944191089319
0.5881462779487358
0.6543680531040839
0.643206718320381
0.7239153515897561
0.7861133624310068
0.6779595629450396
0.8772240135633466
0.7943389663621484
0.784066449549956
0.8496462361823922
0.8673430762422678
0.9397201754123241
0.8528001797559803
0.8612595924086427
0.8884759874684192
1.0
0.8543093979480988
0.8609996217332245
0.871285628742104
0.8524206186432778
0.7459856412028233
0.7492999803920991
0.6948485420114124
0.7331043753619693
0.6266288068317122
0.6504340191515491
0.666647682473462
0.6376388821899192
0.5898035709303154
0.6017393408853697
0.4518428501636154
0.4502270622612906
0.46798860741400927
0.4358110998326308
0.44922227745187593
0.3881469428763348
0.4747861780564109
0.4544379912196219
0.4926831098987389
0.5361516674031932
0.4876597684123524
0.499584354226358
0.40238245018662155
0.3820376784171094
0.45511852560525273
0.41355817281382234
0.48426019515793906
0.37523626997777587
0.5277946107830557
0.5071888798262285
0.39150870590478914
0.36683520447678547
0.47068742477005554
0.3550719559414593
0.5150734823441567
0.5185867602880659
0.510992479781075
0.4890229980076468
0.533194834060579
0.4863522285463039
0.42764359573452276
0.54100854089314
0.5043749001260334
0.4448000261569422
0.4262383120561768
0.5488803367725914
0.47079778597304345
0.5763282372220239
0.5098904066832513
0.5899636206267624
0.5747552143076469
0.53067108833896
0.5366602487661607
0.534093622459644
0.5454081028275505
0.5744326084983327
0.6341343752326444
0.595074957866764
0.5280530137633694
0.5476367992658101
0.5983005468171514
0.5427822591781881
0.5131879369211961
0.564352139729496
0.5075097534245161
0.540924278779356
0.5734358564239693
0.5301739654555132
0.5575158861640901
0.5500143092898688
0.564776209481022
0.52308772275524
0.6341096106835289
0.6146405948660422
0.7390000332191422
0.7026045138876442
0.7266974840579986
0.6443543237600793
0.7135282242699359
0.717246801633423
0.7121559326800411
0.7012789406795786
0.7637637704321286
0.6856328594690064
0.7368289453541189
0.659770983376712
0.6691993250837788
0.6959493631539616
0.6238905873674935
0.5780285645182801
0.678006660149294
0.6466314954141078
0.666594466148501
0.6463925038962764
0.6765644393778383
0.6862749086775928
0.6482140882523767
0.6143190348768199
0.5832264672039307
0.5409274055624402
0.5982637467843267
0.6020392601668852
0.6806274194939973
0.5702008981283743
0.6183684015727766
0.6357679469793291
0.6334997931947695
0.5027278165014243
0.5039902713781659
0.4627279216390833
0.5166810786609568
0.4905436910219271
0.46372419323979236
0.4887834078043892
0.4058435413919719
0.5304401622414626
0.4405687496296349
0.4155469087245725
0.4534976783480345
0.43505619695035636
0.4499677367933509
0.4767375348600796
0.4314427127939098
0.4649049966852221
0.42035698985500036
0.4949014927139766
0.43313320116639836
0.3901364912342594
0.46643558375244676
0.5068362439777231
0.46469506053145465
0.5394565164206666
0.5211772672247055
0.49952990250666596
0.5452779900172392
0.4204930817840573
0.49427911579642786
0.4762168196307024
0.5192706632189215
0.5205861695778486
0.5485401040082737
0.5013552587443781
0.4636726846118965
0.563085487735616
0.4622349879193562
0.5378074946677502
0.491532427248635
0.5389578067757006
0.48523613869189075
0.4618509987135182
0.4641988629683582
0.5083898911655266
0.48004180207952274
0.4679424603709199
0.4259625701871502
0.4428437748411552
0.4868898547050938
0.42538768313305086
0.42950379731620936
0.3885277970188168
0.3092392414403973
0.3891249396997393
0.32010541894856703
0.3563833994108086
0.2464960604810213
0.2948233364288838
0.2649412705503676
0.2630350320532037
0.23849309636169336
0.2085295672973027
0.26628605839014374
0.14629882308250783
0.20242086467629494
0.20322529364975406
0.20404079441405037
0.2014859845344792
0.10425902616880693
0.14266717353550243
0.10599080817945714
0.16045578722290688
0.18778417925332413
0.07874071319874967
0.08401349098113364
0.12398725790406127
0.0688580015026296
0.04231560821716285
0.11064425282854895
0.10809785014841679
0.12859617508760665
0.042598221698366724
0.13142690743328592
0.11442552971593908
0.12396843179140984
0.12568449668080411
0.16494113632280702
0.20769383695790058
0.11000457033948537
0.19346691014442113
0.13160665960018125
0.2533371576784555
0.1939418976393044
0.2657627861693186
0.1851036298324632
0.20812879035288218
0.269880250211068
0.30996034479878937
0.21575681785850628
0.3206315185552879
0.25445434500660236
0.2480344513337878
0.27127489108201575
0.3080980212885565
0.20882563350696448
0.23034263180958509
0.22385850947550154
0.2183546057251171
0.3266830506730069
0.2189263776538829
0.16993281600084914
0.20181912641195382
0.2770426513630106
0.23655355506978207
0.2984278266414884
0.22643541971590847
0.3417431130938343
0.3914930965033296
0.3502281688760084
0.330237166698504
0.367330770887075
0.42578055042429913
0.366530508568071
0.41811050140106015
0.36134705669956285
0.4506700904572823
0.38131932563419885
0.44489522541998927
0.40009691469562886
0.425322186620565
0.3705930686238731
0.40873098344382575
0.3983638935096497
0.3596322538543003
0.45735788746912626
0.40942458802026216
0.5078352773758609
0.3970964230762933
0.4360113286753683
0.5157915002118714
0.4824097639698778
0.5680514783177439
0.5604526436613776
0.46818817470662705
0.4161788662432056
0.47989783648378964
0.45085869870149764
0.45841376362432895
0.5118362262731951
0.4462425379363639
0.4768794303879148
0.487131215361159
0.3387791574102401
0.468045385835543
0.3158467027560852
0.39418060900068363
0.4171495937508094
0.4238007720241961
0.44432575736784297
0.42318829471608965
0.4502535179469276
0.39668373510282445
0.3338074657521703
0.3754674473706211
0.4164371226845024
0.41492151757026235
0.34962677122499725
0.41859644842372995
0.33012093903204437
0.32259094573655844
0.3697040779106443
0.40902134380549454
0.3139168337365808
0.3490264853093983
0.2919936165316233
0.2948812350077375
0.331748891307043
0.3326943135420062
0.28113582673156906
0.2805208194736386
0.21867377395788998
0.2666451041712098
0.2431302052769757
0.2732047145818165
0.36374984770020197
0.27309484557560415
0.2887783344601948
0.3232214703432976
0.25105361476945076
0.2711645803668943
0.3301934955655714
0.2437599765642166
0.32339605675380956
0.22761506679962026
0.2544934322792377
0.18342530428554502
0.22911439782449378
0.2013518823002102
0.17224431074251167
0.2723361345746347
0.3298600104599442
0.3576053675727503
0.26179641977181123
0.3212229072101108
0.3296867689616504
0.3445561292318984
0.4202751298915855
0.5366522191906866
0.5891111525027847
0.6723052218367017
0.46680614039664614
0.4549145826249026
0.3992759689118947
0.343121943614205
0.204975171071773
0.270343091898518
0.3528792412054991
0.26254038882782615
0.33736693174830346
0.29462026645064165
0.3142626038235745
0.251088157186226
0.3234582966136882
0.23575767127123493
0.408671659111155
0.3173933478956436
0.3482256190753227
0.2826885238671583
0.2921575517564096
0.3398436905893918
0.2548025730377426
0.29738289720144145
0.26351745821723205
0.2763238623841088
0.24507414973404695
0.26147036981621363
0.20702321213982827
0.3017758051531813
0.2661231992629164
0.37111966181104644
0.3312551999424652
0.41074032241351094
0.3845322451153453
0.3872650620292033
0.3187004919756052
0.40163425421538557
0.3219172929648013
0.323752623770204
0.31138164698938203
0.42489319283121546
0.38099237409866116
0.4283195348962731
0.31363030400287184
0.42141701682319127
0.4166911099920882
0.3949516262720337
0.4381052509462145
0.4093975144738331
0.39628582218450153
0.4948200389196735
0.4313775161144163
0.4813897433517836
0.3959809397517743
0.410903309427354
0.3698106066552967
0.37894296874691025
0.46035395840399035
0.4422671939267608
0.3594459296576329
0.40084717986315527
0.4619774192853562
0.39114864690175283
0.4651522185751137
0.42911563801306657
0.5167790093241198
0.4817066664978654
0.38275193529830653
0.36231822905386274
0.49244873855455384
0.5205399674055826
0.4999756510987284
0.5144752004721848
0.4821642827891864
0.4463188719080009
0.48636588609163767
0.5026088409832565
0.41402872179986006
0.4286943879119192
0.4618531316461097
0.48155033649552914
0.45882026383799807
0.38815982338355026
0.40536266200446713
0.4182547852424947
0.4338005613130742
0.41791837654729
0.43238001949110566
0.4267498666903512
0.39375563898752375
0.34631420532125334
0.41217185869293804
0.4099382894237977
0.400769289418361
0.37902368396277764
0.45504288085727485
0.5252358330844984
0.39952609510704706
0.466589992187019
0.5281145618937174
0.488451962369347
0.578192248927103
0.48344599267485777
0.5067878867558244
0.5541439630244908
0.5808608027620895
0.5721361625510576
0.5988491177517703
0.5245057223159278
0.39915715529482676
0.43374037201887483
0.5186069980344924
0.5559452792368519
0.5232962148732221
0.49158245076624063
0.48800121467226215
0.4614242854852864
0.5233815613757319
0.45257534379823844
0.5309552528784595
0.47865624266181367
0.4641800471406757
0.5654068164437783
0.4401001167638141
0.44178559524513694
0.4987643838804075
0.4367124223216555
0.40421052148180825
0.39417103646196894
0.4494854629427395
0.5166513175126906
0.4444222742835825
0.5364250155110732
0.42600646652167995
0.43363641571491396
0.43210482673482664
0.48576922933191646
0.3608633527588868
0.461624234542005
0.44648636687601995
0.46272950829165155
0.40840166004628087
0.4206891573079351
0.32153356883660517
0.42450890444609074
0.4641057557812993
0.46706145265663745
0.5338662464196405
0.4411344155118076
0.497005067166676
0.5339949564865736
0.5351119359254282
0.5285614771324666
0.5641117264018716
0.544009240281922
0.49590457527387355
0.48280610951994923
0.49027052159359197
0.33222711599589516
0.5123665034730456
0.4746731570340761
0.49068558676766416
0.4751540448108035
0.46459275156573676
0.5017660414927243
0.4887466191024624
0.4444113621930361
0.42617486164238166
0.41825945215609506
0.4981535398558726
0.48619929737755413
0.4230552828301629
0.38978746275144344
0.43130697473751245
0.46883849002318256
0.4662950912948427
0.4483550566076955
0.36305239170796616
0.4100275727596454
0.4652647593416962
0.36050110307925987
0.4193272427505106
0.31891262172584856
0.4177778316842828
0.3437023596889185
0.4120446392927934
0.49306835105985136
0.42329582537360455
0.44395751222682883
0.4756253458851937
0.539779959626921
0.4896566493865751
0.4712365974407272
0.4764938792613723
0.4732712635821922
0.41727817198710265
0.4841511436542249
0.4868812372303368
0.5171782290000411
0.5669578500074343
0.4505224902581243
0.3742668712358608
0.5169962394166009
0.45173263746076153
0.2854084432120834
0.30549161052143176
0.45165854668006933
0.46984289023577197
0.31202450925526815
0.3380638008871854
0.38888670299403405
0.402209039618256
0.38399811922346877
0.2960398888138205
0.33323778372037377
0.3271464378560333
0.3789402592459338
0.30971722478112274
0.311219004979592
0.25989911585112113
0.3422164357529533
0.35500660019359065
0.3413338019458617
0.4450533836191322
0.37762785744409877
0.4313427423512109
0.40581530947912753
0.30541433399340534
0.36558152058667825
0.4949862157991962
0.3980210826391915
0.37935225233029457
0.37868675905800975
0.4205358251997189
0.41799243180997514
0.2861266403476782
0.3944127759404594
0.4209337957530902
0.33328901790084686
0.43414728134333114
0.39346884208431476
0.3093072154319335
0.3522337169848275
0.3387086116752984
0.32378740300274683
0.3299887346687095
0.41116843566134736
0.3194266889212767
0.2847511927649514
0.3295505705221526
0.2337102778293691
0.3030294131262723
0.28040815273797703
0.22721837877315773
0.28810100467041094
0.2766405426785408
0.2762706000382701
0.2861586204344095
0.3923403134098051
0.31177865923205783
0.2858759471718237
0.31635869223525925
0.328712237562648
0.3157995828464543
0.26099123848120254
0.3229230765492914
0.28773756239198267
0.19218168358382445
0.2762343260750688
0.2284822512323959
0.3254022742790066
0.2673334018780027
0.1692319453117696
0.31907948641266815
0.290966433663819
0.31716271340534247
0.33079479178325555
0.23379710652228386
0.3043533808986272
0.35627658521468825
0.32882870219740656
0.3238411859597667
0.28481562647189324
0.24660543811848526
0.38366003573438373
0.3428506544394366
0.3302535749282703
0.2657513978324145
0.42256050707685944
0.3851374641116959
0.3018862061014728
0.3250642484249698
0.3807069634872382
0.43104988102066866
0.3973172027904647
0.3967891824004266
0.39025031685930084
0.4135083414856784
0.31756550229233327
0.3373465515594154
0.32424432937312275
0.2931122363249653
0.3010728415165061
0.3073981343829028
0.37333935116598044
0.37800330358867296
0.45007295344180875
0.30818350840315195
0.37838205203629915
0.3457776692166381
0.430576380989416
0.4088263665071121
0.39666543559365613
0.4049151345703747
0.33461487111283333
0.46982051116753154
0.382546322971623
0.31605192939643395
0.3303352951076266
0.39563745643610204
0.4286488308381807
0.3363467275042917
0.39508722160269694
0.28924581591067045
0.32913836969013555
0.3792713779371009
0.33902596583130673
0.36624459558385447
0.2733318086230073
0.3370235257442196
0.30217148126508475
0.37786636870617785
0.32423885807471764
0.26537212570119056
0.2714845636834544
0.2877100163688985
0.3649262493096732
0.3710628436768943
0.3677352394925288
0.24092291081311842
0.3464858227750156
0.33986598729072015
0.3510003968102259
0.21161688804535683
0.32830450489592305
0.3122781322744842
0.3278394765630672
0.28800731899743043
0.3384542166732878
0.3387092648579859
0.31682752526575075
0.3119217569463771
0.24488441772623548
0.3710598787949098
0.2418349760502405
0.3682734584533941
0.27076215093085126
0.294020364107729
0.29345237441091454
0.2666973350349001
0.25407904094495154
0.3124402275030769
0.1747857844765805
0.2119643395722384
0.28560255384930266
0.2681235463806176
0.35274781041564257
0.2553972578507843
0.33932999312988055
0.28786686286407037
0.28497899827867323
0.34759423518339916
0.25709624539909703
0.257590946956809
0.26154885125449767
0.26461703851750284
0.2770888822765352
0.332978233159788
0.2577649253121137
0.22857208971687346
0.2990658503960405
0.2962070231106412
0.2296636386112943
0.30868068489046224
0.3152778912205251
0.3576933989533236
0.36003226701993213
0.3778154008018071
0.296018923907017
0.27441640483485497
0.40301882239742437
0.5093117863161736
0.3602685052385084
0.4026291834315383
0.48370832442614
0.4367626684260356
0.3684134158529221
0.4485980562127809
0.3496077796594453
0.420395914540145
0.3676341503633476
0.4202837031322601
0.300228688724533
0.32508614926394547
0.3351813056439018
0.37382643881785227
0.3651763988203272
0.3729183288812528
0.2656511902906756
0.26250114639815436
0.30431818087575624
0.24557166325020124
0.31574508501872367
0.2227206140488165
0.3014298871979691
0.3235321982555451
