0.2669642246290792
0.2947988826789457
0.4021662250744572
0.38850772857239135
0.45229915899161705
0.4090765309359401
0.24328453627451876
0.4142234689161064
0.4838064022465487
0.3331755856126977
0.4206119123441861
0.44494679655336355
0.48682177722861064
0.355024624820059
0.3612281240713401
0.38305766463682944
0.29343008384293523
0.40593864002637625
0.2521674330041516
0.27940398602740557
0.34773791108098606
0.46636794107707613
0.3223449410087865
0.3313603601203295
0.36321211254655594
0.3740026259587439
0.356817416882549
0.40030556135533324
0.3234445516910597
0.29807703882653336
0.3665362372430627
0.28149979865578734
0.2767357607704032
0.40767491444283604
0.35403376990630864
0.40604356021841137
0.3390120104815048
0.30156965949371395
0.35108646439197694
0.3905407530937939
0.32436098178964157
0.23636547624415655
0.2954495797268827
0.33077152467172366
0.4275827194005274
0.3649172715593777
0.4466502472121078
0.33997054247640224
0.3261270066757703
0.3849123858733933
0.3637313245571886
0.391361912657758
0.3499898746814683
0.29457210095476427
0.4697165487945013
0.3434083672691485
0.38213905937765424
0.41680911212557703
0.3494905666362108
0.2871104383246541
0.41372514164087476
0.43439324608811397
0.378244412085486
0.471906401263553
0.4031093544540254
0.4564137484317968
0.5565401053615786
0.4461319969351574
0.46588893321495894
0.3731090700032139
0.42269042153548264
0.3725721167922506
0.49944448359386195
0.46426166258832113
0.3270621117931808
0.5030661146949702
0.523954149149348
0.577159327283917
0.4768555037679821
0.3222509997966363
0.539949972372735
0.45481353990105866
0.5372491389022572
0.567520666176077
0.5575014514101411
0.5867828892254671
0.5130235021842465
0.7708754986222123
0.6645990912153408
0.6218477388948723
0.5602889464608416
0.6122325233126105
0.7441016573428103
0.625278093092777
0.653515438450024
0.6367632868290571
0.6377006811037738
0.6524331326815345
0.6136217608509325
0.6935043228549664
0.6386035963322112
0.6237356751814402
0.6182677749453619
0.6710431362319937
0.5769347319918172
0.6817909159549989
0.6035322328705435
0.6747993141858126
0.6168406958400477
0.6350338530417361
0.6673300933639051
0.6246748922994458
0.5148016126802031
0.6383696867483257
0.5723961520108745
0.5703090752730139
0.4891037046267984
0.5684624274729407
0.5358387245293929
0.6379288389441983
0.5208653370796208
0.5621888030820926
0.4678721420705473
0.5473022182055571
0.6093336167574854
0.48704236784880206
0.5806895847755499
0.5937546361381121
0.5373672721551812
0.5240402775488409
0.5174387771276823
0.5628719502742356
0.5489546454411856
0.45347940967877265
0.5291013454992957
0.5696284403988022
0.5209405256781809
0.6199022590325051
0.485230014683732
0.5423564937386979
0.5304935145680475
0.4738044615948887
0.5757323086277952
0.5369078338961184
0.6459893827260094
0.6337606306257462
0.5564602167242123
0.5147924538432971
0.45839223275023905
0.46476160276558853
0.40927203258871947
0.4190881253007952
0.3968922927989862
0.4655890317622149
0.5744972937996167
0.4472925794210949
0.46291072201931127
0.5224717840854374
0.4934248509957626
0.47570425177969866
0.510656807784885
0.46458108367851314
0.5798957615209777
0.481952433629801
0.5539489610033228
0.4256256577018206
0.5866155970293021
0.6185494190470016
0.5200495142027433
0.6124775971048892
0.5910784240067479
0.4835279088461531
0.6266869029167723
0.5464548889186432
0.5444004221612528
0.4499340499130874
0.5503880208297436
0.4518027715853078
0.5352580986744571
0.5033785816938793
0.5283934120013485
0.5439715637240536
0.5583130904518258
0.5314172594336849
0.38874177333659093
0.5303197146834957
0.543675983847024
0.4537101992231619
0.45857901526662614
0.5575638388502737
0.40058657694091593
0.39604271731615237
0.447532236755281
0.3785004446290151
0.4192873750798382
0.5417847275881503
0.44771286506218994
0.4381085074939549
0.2912904824863637
0.46980523191748513
0.45183998316214385
0.5389703419863372
0.4690033016489267
0.41904838164009556
0.39057047090485025
0.5056834270062062
0.40366077245959886
0.5191280101541698
0.42422046609973135
0.46507535136932937
0.4584896167878941
0.4519000881974836
0.3906238517322916
0.45811846624235353
0.47413051913673165
0.43644470496295573
0.41305933219248225
0.4462552037021121
0.4097554504058714
0.4252872900777446
0.46031651487051417
0.3149555310847814
0.4161200741323311
0.43723012726594823
0.3938182991247035
0.295799109991898
0.3542872863019117
0.3819184162610456
0.37652932909600917
0.4073588858734514
0.3261375752618642
0.455481023884409
0.3240376102411346
0.5212245325014693
0.3817940774132744
0.5043041364821506
0.4136369613146331
0.49055639780534
0.4411771442443773
0.5696578377637199
0.41162555518776045
0.48829854346736545
0.49805278567385014
0.48617261822000557
0.49892474109782947
0.6515024941370969
0.5792263861485567
0.5782972224317466
0.618781444768576
0.6185391332561311
0.5843610842767102
0.7570256816323546
0.6701171153193708
0.6270839758666525
0.7652902674329534
0.8065381130295757
0.774798522988329
0.7707340476418945
0.730269180347709
0.8062881582336936
0.760732252890936
0.7425250250590325
0.8036837755578845
0.802740889739045
0.8932740707377607
0.8610752081154937
0.8373870319130925
0.7713948779569837
0.7724360208444706
0.7361004122973663
0.6872808759761992
0.6429868824006015
0.5567172639828548
0.6396335681792016
0.5348934051390868
0.6316063494036308
0.5940942912090158
0.5203845989709537
0.6005003583006957
0.5617174196924848
0.5003384222448187
0.6021602443273035
0.4958958101078569
0.40571347029796756
0.4669988633267383
0.5283468203629328
0.464756075395501
0.37921509383566865
0.5228488366287016
0.48297651121134944
0.5552863965335131
0.3998098225946413
0.49694084027839497
0.4930670653408765
0.46158497782186236
0.4789344843991793
0.4423593147862237
0.4737965449873148
0.5236726619937058
0.4351820517959153
0.26035245434012494
0.4270777519175193
0.5026049424633434
0.4456999176940876
0.3970384465841431
0.5749877160709389
0.4610276148317492
0.42945554359413585
0.4987087868959958
0.5254561526231645
0.5778486360394002
0.48470616131634436
0.4498226324219084
0.5315433972291697
0.3559528060506947
0.5738645240960474
0.5374523595669908
0.5034772204754009
0.5793989067827572
0.47813763402860054
0.5149553117340564
0.5240956720542521
0.6125585176878139
0.5873650206880612
0.49864025435028125
0.5502005658230423
0.4863852488682018
0.5086188703450147
0.4484418529132746
0.597673048337878
0.5043042883020904
0.48914456565856756
0.6526585998676651
0.6646281617276486
0.5911896975836387
0.5370354888191158
0.5760062352875703
0.5665852189546514
0.602375998556217
0.6773805185727164
0.6998562740545919
0.616426996799043
0.6037704049871438
0.645264164133587
0.7072984414319473
0.6879310429613146
0.7097855838607147
0.5831173301937675
0.6578778931441529
0.741180100893231
0.6498426480367607
0.6154038207491281
0.638738402165704
0.7125679979512405
0.6759644490875412
0.7289738519097836
0.6393904868104933
0.7095219247027602
0.5695640253010108
0.6602837881308192
0.7643375512659298
0.799259062974924
0.573100049802135
0.744074110230545
0.7053767274664212
0.7168491651979546
0.7788226908682865
0.6580645670684826
0.5463047490648505
0.6048981479561242
0.4168909591475265
0.6417408538608147
0.653168310444727
0.577153841594537
0.5755676622379765
0.5591444003944582
0.5248757811247151
0.46312715219926287
0.6545796821218668
0.5153686101509047
0.5241598400142653
0.5839343250398796
0.4148943635113142
0.3838724967987778
0.48305155030912406
0.4826694433420004
0.5089148067339943
0.483322308553624
0.46905707405005637
0.5292970973849545
0.6418527540289214
0.5553076521862763
0.576086056113513
0.5204451182245307
0.45871297075740225
0.4791118263349591
0.7022799879904886
0.5108192016875313
0.580059303023098
0.5233324967201081
0.5170499812060687
0.5788027433457837
0.5939648379839076
0.6572948186634635
0.5411620435648002
0.6293510072901576
0.6951379381475253
0.677766827135655
0.6697968636835481
0.5813875480268923
0.6662722570294174
0.7525656883875249
0.6640378801118401
0.6002512460191538
0.6618975923679766
0.688049385056041
0.588757966641229
0.7548804343667135
0.5784750084526653
0.5559271656065996
0.5169082579538596
0.7737363245091551
0.5697088467378746
0.5716871919400481
0.5081867767199253
0.5500829228562596
0.5040570778519835
0.4679146079553695
0.43770913978135834
0.5528264777568341
0.4518268813684153
0.5437087597593844
0.42585138663798583
0.3708040156351906
0.29657214451096253
0.5212057932937523
0.44681737191992665
0.3567072826861626
0.5395265316365812
0.33708313356655417
0.4127464535830798
0.2988718288036144
0.24224422339612006
0.32298530660218183
0.44402546903992846
0.1403514201197546
0.26594059344420684
0.2130573966393145
0.2839485537675763
0.28255364873083577
0.19223114693885102
0.33089572596853667
0.2533869204740704
0.24185255791323113
0.3060164113239546
0.28031095233947817
0.3050814622808039
0.45143735972708554
0.2149958786281014
0.25613709411013885
0.28575504355272563
0.3175731893062627
0.33083726105468503
0.31889772938660915
0.29150940939413844
0.25033796298785926
0.3091385999225386
0.3865240066060527
0.29553320097121216
0.4158034726472003
0.2518591856588054
0.20676583144715993
0.31355501791576257
0.39042686874823984
0.3513433682255696
0.3895279687314478
0.4044163220695201
0.2981166611819923
0.24003177555182675
0.3201931878693681
0.2358442845378148
0.4167451428197577
0.3361175586895838
0.25700134635556154
0.3915676708207238
0.3190168878009637
0.3676154484457976
0.23463196201842823
0.42805819285196955
0.3709834027013542
0.22559649880023724
0.5149354332817635
0.11239042123460191
0.46061704234904305
0.41229687926140873
0.31029684990584355
0.5434344525938328
0.3872781469002435
0.5166709136914407
0.381313594009902
0.3608545475339705
0.4604381907194559
0.41407575718099465
0.36599999336530653
0.4081233308545275
0.44866010809667567
0.4381209579274652
0.4826243797346481
0.44613616877920503
0.44402543526120486
0.4486466973996146
0.40300714640776025
0.45284188345782544
0.4496806533449621
0.4423606883255793
0.3161842750749783
0.48816245565092165
0.5178766675658006
0.5098775569735586
0.3748348940124907
0.3950462006466768
0.5420253570141749
0.3989019046005876
0.47256445293240296
0.42318194744521553
0.5183007431367972
0.6123657898913846
0.5339282603907871
0.37728473783896915
0.3683315022284948
0.5104671504114585
0.4590468178939025
0.45567744745898364
0.5055596897646899
0.47747755741778175
0.4252441171514504
0.3392874088414797
0.35984920571290013
0.4092426855742308
0.38272893193244895
0.34203666864533694
0.4872932711584418
0.3713919394380711
0.3698787578993693
0.3090976855832514
0.3412299194098477
0.29833207629421754
0.3702604387918666
0.3425470880275637
0.3263079960954282
0.2649450979058366
0.29640017203880376
0.3935014133323153
0.4217910038975665
0.19023787734601255
0.4371175270820262
0.3220603689076446
0.40066550670893286
0.36355871037934184
0.39135972496372373
0.3505925434999299
0.35766846844742317
0.33316166476963044
0.34389114198589343
0.43456837299237683
0.3534524114906503
0.29526410333271613
0.28591220007531165
0.35660261950957733
0.2918697169825589
0.3526917172743889
0.34348752719737197
0.32576882969062004
0.321734090321828
0.3937989778643948
0.3452175679876677
0.4902019932508922
0.46655294577426754
0.5317886874365158
0.5011329100389396
0.4593301863877296
0.5932539527709362
0.5757332693510215
0.7641770211974901
0.7464408187861026
0.6113250554102871
0.46754392225095487
0.3925753018195468
0.4380127702968962
0.36451427356206584
0.44540821756961624
0.37678591062720684
0.37079823873711537
0.5388036943425631
0.41286505848066307
0.3822499375337859
0.41814398615211684
0.45241940156906485
0.4898743599055292
0.42992907413570897
0.4259087323131364
0.32140521839722686
0.3468908591294013
0.508556182234075
0.48647802868391626
0.4463365576401154
0.4043969576163219
0.4628617558342566
0.5396274397096487
0.49098991455284446
0.33390148772492345
0.4047732694184143
0.4419350272764115
0.3968180039855361
0.41301966287712194
0.3844207152446666
0.45810706225547676
0.39021514627172793
0.43450677543645666
0.43883066394245174
0.3144250687940102
0.30934991352922936
0.39703644312827713
0.32663111990869453
0.4095328187684889
0.37067681097662797
0.40086749478752415
0.39036120849067746
0.48394051960509443
0.5477290674599611
0.5428228856460746
0.5032684906328018
0.4660988809382652
0.5343245086461464
0.36941545439268175
0.5035673215324749
0.47409591225932146
0.46593559731132517
0.451465687125601
0.4768943653553987
0.34972510650896216
0.5397175781836958
0.5105819243936018
0.5370487079428944
0.4566049531251157
0.5051040202938444
0.42203540442552806
0.39180457763670506
0.45150881070351395
0.5598307871406729
0.43689647806290477
0.455854798570812
0.3236061577269441
0.49089468007368464
0.4951426786103722
0.4571582538879722
0.45617708554780334
0.6254223747840648
0.4498287430646592
0.5382901863318269
0.4541427303328189
0.4869877303417986
0.5777786351871127
0.4900946199554704
0.36520678292957465
0.5056561026551378
0.340018954600248
0.47203606807592224
0.5660460182909077
0.4937947324487127
0.5465787147766614
0.48585343186342944
0.5983182512815535
0.508066878763264
0.5883930048388972
0.3991645863034164
0.3975324219444023
0.4245579640487821
0.5281575027638963
0.5463021836842419
0.5407873669403745
0.644195211109643
0.4706236080556837
0.41362637903712807
0.5536883353000299
0.5516379940302263
0.6199179756657787
0.5594487192711258
0.6113199733352402
0.6108552855774667
0.5841604963145712
0.5278130132570081
0.4864807093890071
0.43489650431630855
0.536861641668583
0.42057312620205584
0.5492383650606452
0.5067851750885403
0.38966075378367304
0.37196357270370634
0.5072641047041484
0.426686493656029
0.4916874336070456
0.5534669212038427
0.5228639091570266
0.5272864487269406
0.472458403871316
0.5137278079817458
0.46950103708281904
0.4357638833628321
0.4601570885014351
0.5419951449390646
0.5622595952848581
0.5851556148420181
0.5100368216452559
0.5347267339015138
0.550116972758922
0.5207897545378598
0.5213806922207516
0.48708317079816504
0.6199227784104722
0.4478735431159001
0.5920661642824513
0.6426827885405652
0.6053762753004153
0.5578108278391121
0.6302115079449513
0.38906890165777724
0.5273359223937046
0.6964732956277659
0.5763829649661514
0.598322246931345
0.515573405612052
0.7601034065131999
0.6544973005418215
0.6056900550163666
0.5489442970047
0.727505695077455
0.6564873817383334
0.6462861038460699
0.6046953139817699
0.5055771654429488
0.541688163629501
0.6026773571237372
0.505269843089749
0.5008376655316518
0.5593729502898325
0.5293724249472561
0.5788340858763541
0.6555548356426371
0.5240096347079246
0.5608362500913042
0.5403581906797472
0.5939256713739884
0.5786399543309326
0.44115845437131596
0.5697333728673188
0.5883091331593644
0.5869909003403552
0.6559744830945144
0.6853532100280868
0.6692578399041142
0.7309308732704709
0.6837432791933529
0.5631003040238876
0.5789957005102577
0.5743213917298744
0.4517189646101727
0.5725533571615303
0.47529638767452476
0.5382420983117665
0.4692766697759373
0.5798314750251135
0.5744560865764684
0.522722492440342
0.5606924153607011
0.42533711966073423
0.5445042999161318
0.4323638196063237
0.3999835443599631
0.5617924887234925
0.4591167180049945
0.5826178209447544
0.46427037200683474
0.47947428886660837
0.4622372241214578
0.5072910011570515
0.535502222327055
0.5042482846042122
0.40695287623944626
0.49592904601131726
0.45045453773842603
0.4470929245295445
0.3661315185975794
0.46220166796325723
0.5063289856020607
0.5365806327059222
0.41293244848908495
0.3734700185714971
0.4020189714159765
0.4336589512048627
0.3011149197854833
0.3927276993934934
0.4014406387021999
0.42998360300049976
0.41529584713192524
0.43171527003088306
0.46971406259939397
0.5423518633878279
0.40230354705821914
0.4139683829599841
0.5107686121181485
0.42237881675758243
0.4678697266303301
0.425894735153333
0.6441109825252175
0.33807007896102226
0.36340562929663345
0.3652040642472759
0.41891165776527456
0.3701743828826613
0.4017747600890292
0.44624406680692685
0.4616925330495587
0.4640754062029405
0.42233663147454537
0.5202174068428347
0.5456522500218448
0.4097370817998987
0.47166899847413823
0.4837237109809574
0.4492418550446883
0.29407749319421694
0.492639511917401
0.43407175488084304
0.4086430132922815
0.42238592217771
0.3496097526699294
0.3446913779174177
0.42517943934206437
0.45123998161366147
0.28596198633616093
0.5464181716997765
0.521628753441475
0.35061431207263005
0.3351956450488506
0.2731747134142252
0.4632265070979027
0.4275277249087759
0.3478719865582326
0.3799969095926786
0.4276356344373402
0.4885394019339788
0.3853204375565515
0.5070790881318721
0.3952026929048924
0.3075008356645438
0.44826849937629154
0.4357212728846848
0.29099970365881955
0.307416168578877
0.4307609539426459
0.4896790801208548
0.30237746685702677
0.2741804906950417
0.3731837888555154
0.4466483239586131
0.3889091168623009
0.5151898618960717
0.5235972409442939
0.46990887007687054
0.38325041902270846
0.4312249072392615
0.38025428261277705
0.49559858577712457
0.3510499850440835
0.5110115934156751
0.5406791148754237
0.46373222594182195
0.4010971740582687
0.4703039487478793
0.4279323623827035
0.4826101241599916
0.348023777775348
0.49218938555757147
0.4080702522329436
0.457718810385209
0.5121772627862758
0.5755276144711791
0.5362287294477924
0.6040212611842173
0.5880722733191479
0.4268101690498227
0.4288348653622982
0.5763750793259768
0.4144711472804252
0.45785841474829925
0.5423147031638902
0.5611683437339104
0.3807705895983969
0.7079441343900161
0.5468410911832676
0.5429400884064388
0.6430234844172515
0.5454419829562052
0.570969682086738
0.6492723732818579
0.5162346997898384
0.5805873171447447
0.41626977808633314
0.48970790759888383
0.46582774532071364
0.6450544547473789
0.5376001584393613
0.45696057159609293
0.4513771966564526
0.501049430510468
0.5196511982870858
0.4348519584696498
0.4416916043060849
0.5577226690075157
0.5170182012022301
0.48164138718551985
0.47933750464600644
0.476300795861367
0.5495340956145623
0.5209701836234155
0.49136273417568466
0.4677129852744283
0.43958893927609766
0.5153881854231019
0.5399317665625247
0.5085087784872125
0.42661453148777656
0.49038601885734945
0.5040052471677107
0.5757639988844705
0.5135515607638339
0.4858395159952559
0.4424621115400449
0.5088688358426492
0.43309400579300406
0.44938241556010633
0.5171613451419101
0.47322935519719334
0.4454809075050662
0.42574265306661674
0.4404076038359438
0.4841397358799731
0.4044516376131434
0.38359301749986635
0.3623931772545921
0.45707518428927096
0.3393643303873453
0.39944782186908345
0.44896070741686256
0.4476110377953181
0.3419697103337839
0.4014064495153283
0.3695449465503806
0.3850071096811455
0.4452709838739148
0.44252662648448443
0.47040137941828875
0.40489830816510886
0.5244473731249027
0.5202717672609793
0.4828598976982143
0.48735132317132424
0.5532640757610583
0.48503484558497617
0.48787309467405937
0.4814434815316512
0.5456886526200864
0.458632585235381
0.5231776939119775
0.6092370643941406
0.5217423677450799
0.642843521384672
0.46447195976694977
0.5265873397129714
0.47104964146921996
0.5014838219940546
0.5900733982629459
0.47222939675751885
0.5619375014711097
0.5080770401256273
0.4519212318999989
0.5243988318288212
0.3062656732090318
0.4648943392988448
0.4869329209096691
0.4316615659518187
0.40135936548973716
0.4244528284396316
0.3892774731716656
0.3172062648815607
0.37876485652866176
0.4463899793012147
0.45972318947644314
