0.41180140299212764
0.28678340320994844
0.46550133718437653
0.43062640905182004
0.4011617467042399
0.4329790305416382
0.33549064956165003
0.45291039198103006
0.4847070341985046
0.39464901874202346
0.4845946796254593
0.4388558829033904
0.413235117862339
0.4531194213421756
0.45114749080679306
0.44905809814539244
0.4020683698968951
0.4495167463963265
0.34620805651731035
0.35791344001505576
0.4197295868412827
0.32008980353286004
0.46512160310804623
0.4360385706960308
0.47091860638156013
0.442645355606821
0.44483901879743093
0.3021927450147157
0.37762241779670896
0.3505056829484877
0.37401890342166116
0.38563985722212113
0.5028557164745273
0.4619997427334069
0.4362245004502639
0.31584428536829184
0.40068686660765584
0.39907778760550455
0.41505184480278123
0.3734847731480693
0.37185318930840394
0.43721252976809144
0.3550095281020399
0.4022477619670529
0.2924594761064836
0.4222498075141563
0.26744558715806244
0.4107795251027752
0.39113617410941887
0.3669090635909837
0.3628206263734898
0.5223792927678089
0.3820684275495636
0.4273652735944805
0.2943035236963625
0.4138979379706764
0.4404019995295845
0.3836266202621718
0.43329095185638467
0.3753159102050162
0.49873983963337964
0.40627899597419803
0.4865151847248891
0.35779401928869886
0.48865017745815953
0.4893477427155197
0.3357493160847461
0.4107444495715033
0.5122776907672439
0.3897809690031603
0.5381439563597984
0.5156749921144093
0.49196135581003625
0.5264398846290624
0.5071162387114995
0.5571640634588674
0.566625364119778
0.5560735762908005
0.5448519737880788
0.6043333486127412
0.5555324366054466
0.5285746701234828
0.5205127681010667
0.6305790885720957
0.5362180122065855
0.6344208303098595
0.5837297996249413
0.6362324864064677
0.7061739461740353
0.6498294746409898
0.5886001887833254
0.6823654737924973
0.7148675910190243
0.7766576014468684
0.7240189234744095
0.7021746361016564
0.5906883604845337
0.7231319423148794
0.7141776921754919
0.6210718154601843
0.7753297785109023
0.6983149227491134
0.8983923424651876
0.6675637998181849
0.7454941089983499
0.7022889811031856
0.7039041553476868
0.685716255610638
0.6868015821449274
0.6584384068944438
0.676991270719733
0.6980196381991046
0.6459457035831807
0.6813481008567924
0.6199931020619952
0.6347413604769332
0.5987440646620484
0.6048460497994541
0.6633961981734817
0.5655996273982958
0.6423015098895466
0.5801904035061296
0.5849177355236441
0.5708666652076293
0.5507023538780813
0.5417029659375857
0.5357170520464187
0.716736007375819
0.586405550004135
0.6692743475575753
0.6802261232471967
0.5549554709360668
0.5376521477574261
0.5974287314766977
0.6132859631108616
0.5610907118076589
0.5933251577898504
0.5278917509990018
0.6088560477223393
0.496026160070388
0.5781694775577575
0.5208793974215978
0.5286820002221324
0.5883060980429826
0.5516082319057253
0.499371697362675
0.5320453018903483
0.5423521726499236
0.4532142659610793
0.4821470531557628
0.4904300977416268
0.3300368611776726
0.5065113488781713
0.35485934288025356
0.5369522476564765
0.5677194881364569
0.4336462220881128
0.399279496391551
0.46640387915463444
0.45840652989856534
0.5461581504329541
0.5731783141125002
0.4826432494662506
0.5066005331715855
0.5261102978801933
0.6194371890328687
0.5476248613278216
0.6177627181402339
0.5811122665841886
0.5730736340882717
0.5669044786500548
0.5426204760846078
0.6078178531800744
0.48280125464978596
0.4234790975288001
0.4698980722907372
0.42744169398814313
0.3962059044669284
0.5233137591812699
0.3789745284547609
0.45280379667528053
0.5022012217141433
0.48919960466376683
0.4792195843477539
0.37671594601654024
0.4499497152318962
0.5587821142355518
0.4856550669267149
0.44559175392458783
0.43759241332484844
0.41945468420166737
0.47141390580948794
0.3732346065701324
0.3776017149609914
0.4713102360492315
0.3907590826843321
0.40762262112669667
0.5177164792479994
0.4619994406202452
0.43386142671956457
0.39132687818712963
0.4225663096413246
0.4382301856997334
0.2669179568425335
0.42253069608220406
0.5200768550095285
0.37551948708964644
0.28729106670290827
0.3855070403039767
0.4148544898629578
0.4523390066091833
0.48962789099954973
0.40645115298833084
0.3877323070124654
0.39204188679340723
0.3238677100103249
0.4256413875234131
0.3531141073435141
0.3761445608480683
0.36606572868229065
0.37657724729782527
0.4771512624269576
0.4076230741439081
0.35252644426501567
0.4212301280039494
0.37357198633359884
0.2903314602450183
0.37479194958311807
0.3483958365854139
0.3619577162402705
0.3455906523250245
0.44305051833747333
0.3586022071799023
0.47539282807360633
0.5053319220764906
0.4170109493074322
0.4148285422980118
0.46979112392645606
0.496527370991597
0.4751829403694122
0.49058553277700995
0.5773690398707707
0.507331645497433
0.5221612437373813
0.6121475977688852
0.6931952256609033
0.5586486701097395
0.5960262523211656
0.7184952238066951
0.6519948917254534
0.7206554290069495
0.7786314846847224
0.813985240722437
0.6870377819632714
0.6974998946539235
0.6366922953169867
0.7540889428070732
0.8621263558884453
0.8619390107477778
0.7717260560835055
0.8173150211507564
0.9777100364301006
0.9400627071284684
0.7772691753940777
0.825244946294351
0.8262510040701947
0.8097607602500798
0.6908865806007967
0.6299615191378416
0.7092265045756293
0.7059331330033127
0.630778404959504
0.7181660754320567
0.5377443978232099
0.6506935263165693
0.46416486716163396
0.4908292034643786
0.475727994916634
0.5292934185876732
0.5210720862333001
0.4245627771345248
0.4730602730599751
0.4352667173273662
0.46514016003529857
0.5819682096075897
0.52840972559078
0.4882356234925932
0.34417548441670376
0.5046817023546216
0.3494503804222354
0.5199343783001389
0.3984902793968632
0.46630414805108955
0.44744148055043137
0.3991078064274861
0.3176504644817297
0.4456722017480317
0.39346586601359906
0.4864638308768414
0.6288245741649805
0.4548211093665093
0.45761035128517713
0.4506030634672391
0.528520296872504
0.4040752428547887
0.41990700790524327
0.4441682930048958
0.4940341825827927
0.4893768136078839
0.4842102385426871
0.3946077067246516
0.4600554111657792
0.6124226986988625
0.4871328392714678
0.5601364940471554
0.3805208716404044
0.49533761397387316
0.44196663962788785
0.5136369245235319
0.5384424394858754
0.5251594388533581
0.5525042455471455
0.44481376768924835
0.5477957719599207
0.5544989587299234
0.5691786041037143
0.5733550180771622
0.7208312318181822
0.5454575101496741
0.5178129986578057
0.5952541865275953
0.5387072663312351
0.6041099610973346
0.5240172863688444
0.6026518771551452
0.5699269189827989
0.5771743356154926
0.5958647463467128
0.5587929442449941
0.7017104363307134
0.6846104394790355
0.6970557649182253
0.8299936138463686
0.602911591159789
0.6371838167542399
0.681359506620096
0.6362824816096306
0.7548669423634575
0.5764778834280305
0.7270789020030329
0.6811920953552912
0.8461321199521308
0.6533896728423874
0.696495681385195
0.7531678013025569
0.8575369776280093
0.5891635924088254
0.72655335658355
0.639418333860642
0.6411173809624173
0.6446777824368578
0.8109924601535884
0.7676943511621728
0.595626684531027
0.6174644049337437
0.6218202058929811
0.6717505533629133
0.6946417097186091
0.6951886371437208
0.6544010555787905
0.6187308076843314
0.7786810747654229
0.732318222582206
0.6621540499948989
0.6396500468256894
0.561383830823541
0.5443232539941205
0.6156225646714986
0.6611691812220652
0.5847805649626514
0.5147544961212864
0.5784672289415557
0.6103240125241055
0.6207231350781499
0.5939073117519711
0.5687715925950776
0.5305952135239874
0.5223890612628475
0.5587058827770134
0.5061679928465721
0.493571850198622
0.4048230444160543
0.5736277360654263
0.7292355554669998
0.48535407507165396
0.6103487540769017
0.5285579947175465
0.6410399983012189
0.7154497316601002
0.5935816543045758
0.6636157794291262
0.641048116308635
0.5692764201291128
0.6724792227515024
0.609360059316957
0.6349224798086741
0.6881795239358924
0.6438550082049461
0.6775670148187964
0.7215142304621829
0.6146156819060621
0.7484504033271111
0.6799309600102146
0.6097506701789178
0.798644757330429
0.6524642902629358
0.6613196773021268
0.6063582226747496
0.6971309163552593
0.6528395611791258
0.7236116853046359
0.5299666811749046
0.506191361111503
0.598819149697233
0.5433753900669362
0.49777942931571784
0.6518722775073965
0.3768460739140027
0.5138487466264718
0.5410064904637171
0.34417115833113143
0.44497729734395347
0.434454514920677
0.532880107567921
0.43049539911815304
0.47140050453333215
0.3913869261015165
0.4179305206573445
0.4194093443477649
0.4596796588616031
0.5529423664747541
0.34060778595863295
0.4802341800998313
0.35044357444133506
0.28128946834917756
0.31481801041558627
0.2617324204394334
0.2814249031068484
0.18549725390179322
0.32130908862934154
0.10397036844499317
0.41636384254087033
0.20898852014402827
0.2568167763360967
0.2233894178755557
0.31996630321110375
0.34914800134814017
0.2799027228932314
0.31793133423761494
0.30822911729499347
0.3686032094634498
0.39766558225687787
0.3955974858786573
0.2952842744359727
0.3732640076413711
0.36787560219938903
0.3196394516489803
0.2355634875907911
0.3435359524436536
0.2601441852116877
0.4219394664210631
0.384247830510845
0.28396777962297326
0.3669373984701995
0.2974598608670681
0.12157137670726977
0.2932125935781333
0.39619530091524785
0.33232805770280605
0.4241458416508683
0.37158974825845564
0.30761130238744017
0.21048042438865497
0.23559787368172777
0.34847592260521276
0.2802474533109195
0.25400706231034276
0.330286512759949
0.26889920135077006
0.3186668715908411
0.4938260212249955
0.3043284073592851
0.47425276119695015
0.3235628835247271
0.39550581085492303
0.4336246281660151
0.4680682794390692
0.4461460961889861
0.41305898954985065
0.4217868336860867
0.4650211214500596
0.47309979253247547
0.38944838186689723
0.38387038053610895
0.4664134878988224
0.2733232744747693
0.47467693793956095
0.25723931103113623
0.3392650896185269
0.3887033075607629
0.407528385106673
0.39214573135424413
0.43415172055538276
0.3836259690562859
0.4444041011235095
0.5172188630768331
0.48855689872299063
0.42741045369753244
0.43949375879601305
0.4871594483127236
0.4317488824890079
0.5833275100707892
0.44283181444041464
0.3724330695410417
0.4652815616041773
0.48611621129739946
0.39640735313669495
0.4991593094712359
0.5057580331161597
0.4140747547066263
0.5701340618399475
0.5378632525576929
0.5506165004559974
0.5379895405368753
0.4614076352052432
0.4342522963758694
0.5326636682484824
0.5287036232268165
0.3108826312913169
0.4144013509317761
0.47544342780815463
0.47592277909818104
0.3887758456325144
0.3540977170233934
0.3633964691092971
0.35311515990942993
0.3256978513954367
0.35298992714003485
0.42210727446996643
0.3244983928438042
0.44184264429203834
0.42685777097093225
0.4286481154295681
0.46476365331256103
0.3320773252346826
0.3020467442280021
0.46261376012631156
0.36259129970583853
0.37067613538138733
0.36627705994031945
0.47932201016647336
0.4087768158357321
0.47376798946192844
0.43622900082798
0.38822992725112626
0.4050454659014927
0.410018143804028
0.28522349350618104
0.342155770174974
0.33450456999736045
0.25218656246359417
0.2755047436216216
0.6013591961523005
0.31064244644682304
0.37779128186889854
0.5747568514162388
0.5124869561447637
0.5446326607837033
0.5783778944559033
0.5655408251541312
0.6364798838340787
0.6091431999270135
0.8770630445499237
0.9304233632802976
0.7286726558040812
0.692739104544366
0.5690267826305365
0.5156688405372591
0.4814791815241906
0.48045820000896133
0.4889139150284645
0.4660929344453422
0.46897963831400324
0.571354266088522
0.43096367502712496
0.4863623302097695
0.5324367747561028
0.3839729045848231
0.4681565063459412
0.5173225951714442
0.2594261817091339
0.5456566339412131
0.5505260088698178
0.37909563780150224
0.3494854701897384
0.4369626080533297
0.49127919110411666
0.44986118651692475
0.5284283625459887
0.3402990807101817
0.4439310276046533
0.48124998755855086
0.4312413750861535
0.33318084923138885
0.5287385102297135
0.5899494797524312
0.5506459905036805
0.5200031566849415
0.5381108152272722
0.5288000576259857
0.5589237044344927
0.5481477326746651
0.3107751258836499
0.5478654612601397
0.4915993726869028
0.6573312982147438
0.44609128039459445
0.5350213697339976
0.6782978636726811
0.5635116540891367
0.4643216415213025
0.6013593096353999
0.5947423210076486
0.4468512220036269
0.48750699264351544
0.5234016705522481
0.5110982086476366
0.44649280993738005
0.48095103799253014
0.46696560870104326
0.6516654375769083
0.635699328569148
0.6097535764038118
0.4401531674966269
0.56923700997053
0.5519788143225737
0.5523281229291496
0.5839747687582746
0.3281371103677671
0.4848619024285148
0.610295616734158
0.6250827432123356
0.5818320536831257
0.4452254596639247
0.40758506452540433
0.3987233564979131
0.4680443972461952
0.6147358721007106
0.449574987631298
0.625859327483973
0.6595443097653686
0.4805598848318515
0.6213462699635819
0.6230991241210873
0.3561398169250453
0.4880368818421722
0.5688029080326511
0.5225388725801925
0.5967880022366111
0.5542791662696216
0.5662548386478542
0.38247628855444826
0.4995520424468183
0.3545524642419411
0.3765634451700764
0.5148394310014014
0.5018472811464009
0.5401386559164694
0.5133229655973641
0.5541761369363903
0.5901219891132841
0.5012639768968064
0.5766586156359726
0.5849304857972888
0.5601942870442217
0.5935246686035007
0.6525771167670424
0.61842175008916
0.6869571542548787
0.6276527151403833
0.5204200842369834
0.6246984814043881
0.6168381754984178
0.5121879827838995
0.5224631656250831
0.5379650215777213
0.5858176507058876
0.4374005918046828
0.6615942501696171
0.5252013022196235
0.4499315550887424
0.649128626915485
0.5496576927312092
0.46391973797238817
0.6286535126288316
0.608587494441799
0.5409931511151664
0.5182766385381166
0.6606930853513444
0.5844956152046175
0.5200135577770781
0.40732710106875036
0.43794484037784903
0.5335665648025825
0.5305351848285127
0.6623947261927408
0.602387088849297
0.5618276685131267
0.631280045103081
0.5462633022865564
0.5250552784515653
0.5383618209293457
0.39012187223382655
0.6416861810346945
0.5205223104434052
0.615105109193719
0.505141185763885
0.6677827269190098
0.6080695337811898
0.5600717533625577
0.6327370909189602
0.5322992699487411
0.5643780834186864
0.6108390493679068
0.6804971723424251
0.6158086038413365
0.6892200630837336
0.7127101318860638
0.6172828381775964
0.5876611885370053
0.5284798344530673
0.5513557539739802
0.4442749724060963
0.5108353197600806
0.6092453568843397
0.4890108495260951
0.7659094636542964
0.6198498097182503
0.5991338537884121
0.6451370109158969
0.49366895441246494
0.5753863402366773
0.7315619028737428
0.6889347452174381
0.7493757202165248
0.5605627367719623
0.558584028061886
0.7334474319938311
0.7240446172276924
0.6439307024491348
0.6352120845092193
0.6170436711219397
0.7738703981564956
0.7294994763796241
0.7244104731141247
0.6568936634544276
0.5868500809981758
0.6787447336794934
0.47079049636817033
0.5243329448976318
0.604574109719533
0.46908298735231024
0.5791418930857399
0.6061394951862222
0.4055556898823051
0.5574645701635095
0.4875423043945364
0.5766460164697527
0.6823868425787687
0.5156971948387616
0.4019999401980674
0.49100869498477945
0.5030531417820073
0.577698522491778
0.6092136911337935
0.4231396144638745
0.5064600327561359
0.4748982219501336
0.6039268942491778
0.37608913594635984
0.5183353221131262
0.4105015228288976
0.4414313064944545
0.477971384550701
0.5589975493922601
0.3906216661416033
0.39455354193277115
0.3881302759721629
0.2878275172787964
0.40394124260077685
0.4968803157349733
0.4039129652766096
0.4982204320632526
0.4306121685498403
0.5504954755097692
0.4895446828725809
0.5263666861995621
0.4406848587987675
0.5567449100720914
0.5503029938352295
0.41324082130327133
0.5095040580624898
0.5288048500498144
0.5291872727400773
0.3491617561912643
0.41535608241684796
0.42352071532007873
0.5090376737418829
0.4514254268821959
0.477049474391392
0.5265323709145954
0.44203967830653756
0.37209160997880114
0.42144892169095144
0.47656461744235834
0.4501672694516054
0.46534561417037545
0.46161371227711845
0.4773381500761698
0.4242290876055369
0.6463903662623594
0.3538570356394959
0.4425825587778941
0.38405883427243065
0.4254003954846154
0.42107058968001077
0.4688403496051961
0.5114122007238853
0.37102683496943006
0.3999007304350677
0.4819069859635504
0.39268142324070143
0.41292968704873056
0.5250686411882097
0.41708531775175506
0.45345523003585164
0.43484394681932703
0.48896572657134235
0.31535987248798153
0.32621147320870936
0.3734264756799849
0.48056315336882705
0.40140978618587414
0.28738513249828285
0.39387450035089505
0.4123683443210585
0.37758986126484473
0.4172551728690047
0.39806036789361166
0.3828988331131622
0.5383136840627795
0.4918691942122601
0.49587780572960977
0.5156225812262016
0.3964656700270661
0.4581635000449714
0.4171993235242344
0.24135373420665773
0.42983719307400586
0.25147156778848556
0.5313316372859749
0.4135656245768001
0.4902204644592202
0.5330593170075711
0.5162752066677535
0.4389907748539066
0.45680613977669754
0.39741354239430166
0.4847672460329239
0.4951378632797286
0.3530613240761755
0.4334938682815787
0.49344540114665325
0.439386890663063
0.4743005537500982
0.447297479750814
0.5015275155666252
0.5327372483106639
0.4700549693870554
0.4561231828245166
0.5073047208185961
0.43346564119096986
0.49092102878203836
0.4506261252464516
0.5094373875550777
0.41616447307265736
0.43674911604048056
0.4583871949612828
0.552090385394471
0.5339392029312032
0.5944962207040664
0.475008278897165
0.5831080039621075
0.4756154088014584
0.4597273105777505
0.5309481683344128
0.3764526994945213
0.5233188775131035
0.5258399424961693
0.48879475879094414
0.5138287839730846
0.3942252432577553
0.539906141044861
0.4116644497370341
0.24666761271438975
0.3691901036837809
0.5309782677944748
0.4284442609384312
0.37211519524456904
0.3396368558796795
0.4809396124001904
0.3714781866434832
0.50772113810344
0.44886716283061345
0.4500748297388858
0.3824302179751403
0.463817558745529
0.44878171880186146
0.6181870882922129
0.5512122912022115
0.4779717672002557
0.4373825919208163
0.2285935159343707
0.4416604735129426
0.432216149557631
0.4010830291930002
0.33411195853817927
0.3742135264287345
0.28085869718094175
0.42975801746118647
0.421502700172532
0.49781704713280395
0.3626491303272299
0.36451968262712797
0.40886687769110674
0.43748603146087817
0.3581172144782363
0.27861029374965246
0.33360068717750657
0.44238699587450536
0.3879116854565163
0.3772382649976167
0.3220868804384391
0.5509839545627467
0.4958263105361246
0.5846220355807491
0.4120141064194606
0.4038549398222268
0.40553731263662685
0.39416903963420513
0.3609676070090777
0.4096547167203105
0.3795036451345052
0.48943328100845906
0.39748919392979704
0.4536103955997174
0.4866969120453859
0.48222036435655097
0.5471215468000914
0.4888365649072229
0.5398666641793667
0.49795889663452575
0.5071696488814438
0.4425982984566972
0.4274266134468406
0.6036129010543679
0.46591860691440196
0.5531264614838591
0.5067705051276176
0.5921026231719305
0.6051322348555992
0.5936350460691069
0.583992952187835
0.684490103261331
0.5873491726530093
0.6270942252517384
0.5373873866021044
0.45780455432343276
0.5356112214296546
0.3915517187132958
0.6188870255090508
0.5354002342816693
0.5119607030829074
0.31086927760484795
0.5219197943088154
0.40589472023508144
0.5392860764060428
0.4540222323772015
0.5024334019326332
0.5046271113909941
