0.25996066923299355
0.2535789642521507
0.18608885906889325
0.309657273368033
0.2853282232704403
0.25308083477915133
0.27927103665148556
0.254058795091448
0.3236882590544351
0.2338660833694788
0.2531858824911444
0.2872691209426733
0.2295776517205234
0.2762537387949107
0.2412826212679824
0.23994896714378666
0.24981430275428324
0.3063117861273766
0.23278635102653078
0.24456705658570088
0.20718548940938336
0.241768325742789
0.23347667263066582
0.24089970541458833
0.2746140908515868
0.23475915835321334
0.22748754111544858
0.21482759750234948
0.25555679805537485
0.20987578390443146
0.23166296175811468
0.25351734755656763
0.26396823944552883
0.26486797874647583
0.20001090011205092
0.2408900478023567
0.20727732144148053
0.20845459002024147
0.2352660418022121
0.1522877358490566
0.14560533461649677
0.2814613379238054
0.18255773105978457
0.2106608743584183
0.27654487909347214
0.2333107424275284
0.19188551606665222
0.22297303097665006
0.2157665320248681
0.17418187034627342
0.2998688597918022
0.24775480282657414
0.25432147084869516
0.28054550260247235
0.2165852829285043
0.19648982505602547
0.2878747831273043
0.26774425287356324
0.2521604812766573
0.2518420624593364
0.31679407937540666
0.3190489906383287
0.34843275590978096
0.32875415672666813
0.27169980752548256
0.31756680130846526
0.3491375921708957
0.34044348207185715
0.33467466836550286
0.3721347954167571
0.3655222113785874
0.35607424275283744
0.3018669124557219
0.3336638382852599
0.40651894473360806
0.4037509939998555
0.4119722764403962
0.33454962770187235
0.30262963791296177
0.4381115358201403
0.45409414985903285
0.4739573167425722
0.4444757328489843
0.4981647148124051
0.5129531735704476
0.5457014024434325
0.5649474987349092
0.5225204221788478
0.5275301814501555
0.5650906121231838
0.600537550603629
0.5943566787753922
0.564923552374756
0.6650288259958071
0.6552531762813562
0.6559707764042507
0.6168719050459048
0.7008363153328996
0.670430876346418
0.6992095442058845
0.6714177600665077
0.7470038811176174
0.668786032494759
0.6368034094195042
0.6979551841610643
0.6871875677727175
0.5985174718065496
0.6726875948818044
0.5923155904359142
0.6339344773368033
0.6307430600737367
0.5245969782404396
0.5695963682859828
0.5300492933564664
0.5000394211306296
0.49742441082917666
0.529199988252729
0.5111225195185427
0.5012178757319454
0.44501418708884555
0.48468506018217306
0.49945691462444874
0.44692018181161
0.5155231150148196
0.46495902009686985
0.4327500361454493
0.47765228529603126
0.5026670823393335
0.44548701474734337
0.49535180817610064
0.4308984855056749
0.44380670317357046
0.4564448465625678
0.4805111644256489
0.4583028356104967
0.45410668781175456
0.5427714749150583
0.4275607921275212
0.4015603538639485
0.4775375234945421
0.4076542507048363
0.45198031880286277
0.5072262659943614
0.4958616849201186
0.3966423136702089
0.5117868051037375
0.41623438968408877
0.4291707330297116
0.38252017367888386
0.4232032323068026
0.38248617436564736
0.4580483490566038
0.369906767331743
0.38110462752114516
0.3426351387985253
0.2972427799465047
0.37445849598785513
0.363811966854623
0.44430336423769257
0.3788698221643895
0.42786328435624954
0.43583380774235525
0.4375442781753778
0.4396575444589027
0.3636260436998482
0.39793135075543995
0.4170966845586641
0.4898188435263501
0.5050995581218825
0.5151155750740982
0.4439336640641944
0.5700792488975638
0.5065177022337888
0.4468368213691897
0.5027771000506037
0.3649479505530254
0.37953060615918455
0.41470769626978965
0.38600493385382784
0.400514733788766
0.3888280063977446
0.3960080739897347
0.34714292814284686
0.41322878262126794
0.3361978601894021
0.32520862701510883
0.38005211721969206
0.35390653238632264
0.3107783470686041
0.2568050020783634
0.2550772496024001
0.2836039723848768
0.25065739535892434
0.20257242644401072
0.2504980165184703
0.2702184088773224
0.26755590119641437
0.2739207759524326
0.29610498897563803
0.30404795145666164
0.266490683510446
0.2941605897130052
0.32087444878189836
0.21728464089496133
0.334707538133449
0.33798333242969714
0.23519075760861713
0.2694889485288802
0.3303838646714379
0.2293461514132871
0.30413854098893955
0.3029372130954963
0.2860154386250271
0.22724564899154198
0.2812584715896769
0.23528213782259816
0.2959151124123473
0.23196003216944988
0.3283137470180004
0.21302004265163016
0.2593970826104244
0.2915205035061086
0.23816033217667898
0.22104128262126801
0.3320365023855997
0.30187448040916653
0.2788008634244199
0.2574034351731367
0.26799354351912097
0.3294786470758332
0.32502767385961107
0.2493311397563797
0.2834296835465915
0.4043189293717921
0.3267602833803225
0.4222684206245934
0.45552223396949326
0.45383299898792745
0.5094722538494904
0.4720893876960891
0.52113718101641
0.5119970134822527
0.5033052754283236
0.5724099526494615
0.5821536362321984
0.648205152533796
0.677619302573556
0.6595237611147255
0.7676148069833009
0.7432502891635944
0.7669683682136919
0.7885600782548978
0.8592148304778429
0.8720451095207113
0.8820473460203861
0.9225956498951784
0.9094545199884335
0.9619795055302538
0.8795571504735055
0.8875791811248465
0.922047820429408
0.9221794124557219
0.9489835221933058
0.9269195492662474
0.8994331941733537
0.8643387867779946
0.9267241379310346
0.8499331309188174
0.8142541838357551
0.7668517991397383
0.736848478276585
0.7634116560037592
0.7342717595604714
0.6912426353647075
0.6305361273765633
0.6377758349598786
0.5719904395286634
0.543403794368539
0.5044655443504663
0.5432841755223017
0.5779963447914408
0.4990762578616353
0.489344886322562
0.53068940667245
0.5477323248752983
0.538948867743801
0.5226341673895757
0.49756955739897346
0.45857144148051765
0.40239192510662913
0.4556252484999639
0.5121016093761296
0.5122544368539002
0.46265079429624817
0.41380518958288154
0.5716629843490205
0.44702556838719015
0.5042123002963927
0.5208245228800694
0.4671545172775248
0.4436923931901974
0.3966867048001157
0.5132922630665799
0.4161027976577749
0.4561333179715174
0.47033746295091444
0.5014283100195186
0.5541743475746403
0.48323528880213984
0.40697098875876525
0.41119492337164754
0.5499967243186583
0.5163407928504302
0.46665345098677075
0.5459037040049158
0.5104526991614255
0.5669065820863153
0.620371236355093
0.6004759903853105
0.5657877674763248
0.5804606737511748
0.5807523223451168
0.5821775825923516
0.5856965679895901
0.6097168004048291
0.5160424799392758
0.5740865367237765
0.541545127593436
0.5120773241523893
0.5908042588375624
0.5816525699414444
0.5582890551579556
0.5748787997903564
0.639740904901323
0.6090999557218246
0.5933003280199523
0.6321345469167932
0.640232934829755
0.6505141690161209
0.6374540275066869
0.6457666901612087
0.7204238731656185
0.7004292272102943
0.7067332194751681
0.6794210402660306
0.7591536091231115
0.7293645630015182
0.7835572092098606
0.7107970975204223
0.6508498698763826
0.7459442546808357
0.6820796510156872
0.7233192366081111
0.7709611978601895
0.6933242743801056
0.7059019870960748
0.713739675956047
0.728092695004699
0.6894012506325455
0.6933705857370057
0.6826598984312875
0.7952996231836912
0.6914095821586063
0.7237631479071786
0.6908895395069761
0.6887674627701873
0.7805513762379817
0.6815510238198511
0.7493525446396299
0.6725436908118269
0.5800708676715102
0.6533227833803225
0.7271108942384155
0.6090865141328707
0.6782516220270368
0.5964897121014965
0.589043749548182
0.5465056386900891
0.6065540735921348
0.5161313751536183
0.5437904377213909
0.5321616560037592
0.41684479595893875
0.5375381786308104
0.5112538856357985
0.4885195275789779
0.522831273042724
0.450191457926697
0.5168489752765127
0.424571337562351
0.5451000325309044
0.4531693911299068
0.44998091068459484
0.47197304453119354
0.5785320881226054
0.4710668103448276
0.4965326348225259
0.5240561519554688
0.5263948754789272
0.5460197083062243
0.5316697390298561
0.5903687061736427
0.5879435724354805
0.5906054588664787
0.5488278708523098
0.6328980065784718
0.6615959119496855
0.5646285151449433
0.5968163765994362
0.6505663540085305
0.6417197552953084
0.5774968598640932
0.5148560055663992
0.5629949667461867
0.5289397410178559
0.613648069833008
0.6148427898865033
0.5831071983662257
0.45482812838863595
0.5120687396081833
0.48516229306730285
0.595858861056893
0.4041803341646787
0.5081479749512037
0.43401083459842404
0.5028781943540809
0.39468594122749945
0.3891898562314755
0.3911593878768163
0.4452704809152028
0.30065688706354377
0.3121472430058556
0.30337694507698987
0.31618830423624666
0.26824153518759486
0.2663343544422757
0.2728496281536905
0.28587283353213333
0.3011985605074821
0.29944183519482404
0.2493528270259524
0.26117188064772645
0.1621391102797658
0.2189672680365792
0.14034317845008315
0.16135802971155933
0.13553447824043954
0.0896441706426661
0.11450110243620329
0.09218302700065062
0.058239117960673756
0.05144697575543989
0.06341556423046339
0.09744773593942024
0.06289977996457746
0.0975723812621991
0.02498362159329141
0.14623381361599075
0.09808810905082051
0.11640144943251646
0.08689038440685318
0.12324485605074822
0.19089304109737587
0.10146389069616135
0.21991122903563942
0.15538284808067665
0.09634417019084798
0.246280350881949
0.1091613465083496
0.25906307606809803
0.14602133485144222
0.1914662288549122
0.19552632292344396
0.21089084977951278
0.16515595631822455
0.23368925305429047
0.21517882961035206
0.21912822824043954
0.22387158425504228
0.20847130729053714
0.19610448068025738
0.14994693396226416
0.214376739499747
0.20600658298995156
0.19658820845080605
0.20805907973686116
0.17387779675413867
0.27184269500469893
0.20175939103954313
0.16589396732451384
0.26617260355671224
0.18226828507915854
0.3366496783055014
0.33185837309332755
0.4044892648015615
0.2991119514928071
0.39202292525121096
0.3873043627557291
0.40871511964143714
0.27446628985035787
0.3815087788259958
0.31636428739246736
0.32842828291043163
0.3601953887443071
0.353593987204511
0.3710035558085737
0.3459102553675993
0.3525088330441698
0.3531167543193812
0.3385649352996458
0.41325126057254397
0.43486115629292277
0.45389354261548465
0.45751576845225184
0.5312786904503723
0.46795152443432375
0.4342225113858165
0.5073001382563436
0.45533303513337675
0.3678178992264874
0.43346910467722116
0.46492773169233
0.40939092658859244
0.43043390352779587
0.37701940106990534
0.39965594050459047
0.4422813652136196
0.4194258069471554
0.4939771515578689
0.4393330260970144
0.4250463113569002
0.43306404973613827
0.37094922468011277
0.39538614635292424
0.4742507726089785
0.3574421220993277
0.33587865069037814
0.3320047621629437
0.3742203878406709
0.38780610677365723
0.33133211794260103
0.3746010446034844
0.3500128768163089
0.3695211405696523
0.2748732650184342
0.3229876021108943
0.2935307552591629
0.3091632102580785
0.20900984059856864
0.2538483608038748
0.35399520169160703
0.22379416522084872
0.2979351912094268
0.30435835050242177
0.23440205260970146
0.20996151639196126
0.23378193224535532
0.2609410015903998
0.23654045127593437
0.31818443667317287
0.2259259447516808
0.332493516410034
0.3950202866334128
0.380899163232849
0.3254251608472494
0.18065648042723922
0.1946560082773079
0.2888245048073448
0.186233553820574
0.22659390135906893
0.16705822354153116
0.1847604008530326
0.27079763970216153
0.24377795624593362
0.26308516093761297
0.3098550002710909
0.3134892557651992
0.21034132599580715
0.27680766780524835
0.30070483626111477
0.3227439591917878
0.4756130042290176
0.5132160187594882
0.6296612945492663
0.6325069579989879
0.545731335393624
0.4160534365285911
0.37042183998409606
0.2777593661895468
0.30772044205884486
0.2842719854695294
0.29957755006144726
0.2694884402334996
0.28685491668473945
0.21048381813417194
0.3055375393081762
0.3289845839658787
0.3214493308573701
0.2748964206968843
0.32125838122605366
0.2891979324803008
0.24116582628497074
0.23601301010265308
0.24741865014819636
0.24167152371141476
0.3126900459950842
0.32115299465047353
0.2541106976975349
0.3026347773440324
0.281828440143136
0.289773096942095
0.302988099110822
0.2982015379888672
0.22300008358635148
0.3139734918311285
0.37671397202342227
0.31731700236752697
0.24878212426805468
0.19669845207113426
0.2768975796103521
0.28848908633340564
0.2420931264909998
0.24586529946504737
0.31381524253596477
0.2698885816525699
0.2048533172486084
0.2499707447769826
0.2804711785223741
0.3018369795055303
0.37235923606592936
0.3286287771994506
0.3112846092676932
0.329386815043736
0.34783195076989815
0.4101238885274344
0.33952064356972456
0.2738628302790429
0.3461404566977518
0.3001579104315767
0.36691211685823755
0.3036360062893082
0.41261137316561847
0.3967924302392829
0.33586859773729494
0.3939381822453554
0.3894113035856286
0.32774163232848985
0.3637211514132871
0.2899939230463385
0.25540622966818477
0.2726834155642305
0.45101083008024295
0.4084433510446035
0.3281211595460132
0.31751235722547533
0.30256293826357267
0.31235869388419
0.3748117048001157
0.4451231882093545
0.31101148521651123
0.40157447318007666
0.3362806558591773
0.404805989300947
0.4219287663558159
0.3026311063218391
0.30268538097303554
0.3763917127521145
0.26476338285259887
0.33183725059639996
0.27146644346851734
0.40103680962191857
0.2814940947372226
0.3130550585556279
0.3539421130629654
0.2415121448709608
0.2575883982144148
0.36036538531048945
0.2886898065314827
0.2856569774271669
0.3359615593146823
0.3208146958360443
0.26523988153329
0.28672129147690306
0.4159269274560833
0.3348193631171836
0.37610209733969496
0.46660104008530334
0.44337928323574066
0.4813264702161498
0.3927727174148775
0.46017720306513415
0.3602035214703969
0.35754829935661103
0.3482328263934071
0.32224097267404034
0.3483088447914408
0.4268686067736572
0.42976927907901397
0.3795894554688065
0.41849878912744887
0.44758514512397896
0.36729955089279265
0.4508585673751175
0.4101880466999205
0.34083927474156006
0.4666923073447553
0.458363492192583
0.3939207872478855
0.34717591086532207
0.38024154196486665
0.2974198926480156
0.38421991343164896
0.366900369587219
0.3802561130991109
0.3555060814718427
0.38300971860767735
0.2886517973324659
0.311944150762669
0.38360555374828315
0.35299069706498953
0.2917291305212174
0.29498911118340204
0.29012043211884625
0.29199299230101927
0.35159344954095284
0.3782717279332032
0.27825184793609486
0.39912268217306446
0.2539348274958433
0.33591976613894314
0.3961789741921492
0.39940427781392324
0.4138202125352418
0.4318834489987711
0.5338800332538134
0.5579420588447915
0.49770803965155797
0.45816107767657055
0.4819897392105834
0.4268672513193089
0.4231194200462662
0.3543743900455433
0.3831655958577316
0.3703010915925685
0.3447496475818695
0.4340205486879202
0.33468189745536037
0.3340704181124846
0.3828912293067303
0.4028169729993494
0.40140244343237186
0.3784905208559243
0.36230673480083864
0.4122152416323285
0.28938024109014676
0.3958011412925613
0.36363666142557655
0.40196642539579264
0.3190599472276441
0.44135333080315187
0.3771637004807345
0.2901744243837201
0.35907216890768456
0.3443434630954963
0.26169469068531775
0.35045520675196995
0.43596212408732743
0.30783435670136633
0.34338668175739173
0.35167601930167
0.3733586577387407
0.34049566706426665
0.26038413576230757
0.364340142232343
0.3124352770548688
0.43856312802718145
0.38504493331164613
0.40236560670136634
0.4735901015687125
0.3797315522663197
0.2791685868936601
0.3222919151666306
0.327591854623003
0.361037916576303
0.351165916648594
0.3188404765777489
0.3049994804091665
0.23005335971951132
0.2815737276801851
0.2939225945203499
0.337171867093183
0.3416310859900239
0.27166964866623294
0.23442080306151958
0.2625300459047206
0.2457014024434324
0.27281613713583464
0.22855998789127452
0.3294708532133305
0.38700717938986484
0.3300845351695222
0.26052736210511096
0.2818478118448638
0.2962911380394708
0.24416414778066942
0.3402408416467867
0.29130521217378735
0.34572625243981786
0.2833743923046339
0.3056901408768886
0.32090449468661897
0.28320208017060655
0.3507454998915637
0.3004854785657486
0.3092401322923444
0.29351641003397677
0.34342333550206033
0.3416699423480084
0.31246859864093113
0.3549532820067954
0.24050972990313021
0.2532571003216945
0.2704776395214343
0.3188326827152461
0.29903197968625755
0.29065193965517244
0.3182029047386684
0.31487475601821735
0.25439731981493535
0.2787029318477554
0.3299686438227427
0.24879929335646644
0.2455816706426661
0.31365473415022055
0.29515142684161066
0.2461684129436854
0.27473851026530766
0.17037016328706717
0.15321744198655393
0.3200193829971807
0.360891753415745
0.23951234141184125
0.2943485460493024
0.267483440866045
0.2999358418275139
0.2788437296681848
0.28606231475457244
0.21021267078724792
0.20305412103303694
0.32721097195113136
0.2244569146244488
0.24257160187594884
0.29018379960962914
0.19536688760572546
0.2740064519626979
0.2300322372225837
0.18133358635147834
0.30388303784428544
0.20516360333983952
0.28052268578760936
0.2586811203282007
0.2719840011205089
0.24515120093255258
0.26327435977372954
0.3661797196920408
0.2180608644184197
0.39147283669486016
0.2514352002457891
0.4161775735559894
0.20291761548471052
0.3727511882816454
0.2531486074965662
0.28768236508711054
0.25061277831995954
0.3642908940576882
0.3377981999566255
0.29409631858599006
0.4142268488397311
0.3054837164750958
0.3757129689872045
0.25788608987565964
0.2873633814971445
0.28425662365358206
0.308163223812622
0.38509384262271384
0.34260780380250133
0.2977383114653365
0.3766817799826502
0.3422279377213909
0.3082783244776983
0.3520095740258802
0.37252951501843423
0.369004938372009
0.3877897283669487
0.36089265705197715
0.496041169666739
0.314010145575797
0.44267535061085816
0.44753917263066584
0.356363858165257
0.38705834779151305
0.370663110858093
0.38911852544639636
0.44333636051471126
0.4175177790428686
0.39567316381117623
0.3675555058555628
0.35115733210438804
0.3540621837273188
0.3246138084652642
0.38288287067158244
0.416253704908552
0.27669776304850724
0.38034037717776337
0.32047560633991184
0.26311475502421744
0.3535500478927203
0.2692611192438372
0.29606793989011787
0.28616216655823035
0.35363849128894675
0.36763909220704116
0.30285808844791445
0.29879432335718936
0.4148700119279982
0.3693643596833659
0.41319760717125714
0.34438333604424204
0.337117084146606
0.28717130232053784
0.29850177112701515
0.2731327486806911
0.26815292235957494
0.32755480553748284
0.3081791504012145
0.3290718978168149
0.32570404557941157
0.36529664118412497
0.33645607424275287
0.2993044260102653
0.3874366325092171
0.2689603778103087
0.307329732342948
0.34707182326682573
0.3267688679245283
0.27682280371213763
0.2826771804742283
0.24917272102942242
0.2865473415022049
0.28247019129979034
0.2537747709282151
0.3215909193595027
0.2008467636268344
0.2348455120906528
0.23478937368972747
0.27330895774596986
0.28302361201474735
0.2536634542398612
0.3090193061881009
0.25362578390443147
0.26154095957131496
0.29604964125641586
0.35706101351839803
0.28789240403383215
0.25503715074459626
0.23562523720451098
0.3082206047133666
0.35217640786524984
0.33282131045326396
0.28460237746692696
0.3953146461360515
0.33015682606809804
0.3790791269066725
0.3122231484493603
0.3725540826284971
0.381277222041495
0.28498958559242393
0.37496656545940865
0.32862064447336087
0.38634199016843784
0.4254423299356611
0.36084645864960607
0.31441593472131857
0.31177014431070627
0.3040407223668041
0.3663939944336008
0.25783983499602403
0.25287000515072655
0.3771121367382347
0.31414292362466567
0.27148598460203865
0.295357794766139
0.3065337982541748
0.24698654259741198
0.2575260473143931
0.23299249304200104
0.1952933542073303
0.23920154702522956
0.24814799754210948
0.27239504265163017
