0.2648784012929238
0.21874265276803556
0.2918175190092338
0.28425309111392577
0.3486836710631796
0.2799974628251326
0.22005488786382577
0.19295097991017623
0.3381579199626502
0.41821581176493094
0.23870339631617946
0.25231449312309523
0.33937994387693293
0.31798500214220027
0.30156906409367423
0.3393991041702725
0.3126405536500322
0.2070041626964116
0.20636307511569368
0.29507950640678426
0.289405039126139
0.29733807994280587
0.2475986476515624
0.24891595744163506
0.2446552117592647
0.1564295729669864
0.2575693162877683
0.20437270040302424
0.2683406118362504
0.22757416623855803
0.3092146018219639
0.14375524487619784
0.33410823861702754
0.2914520248591307
0.26602297730019847
0.2741476525517581
0.20707755293989
0.24286522779017966
0.24565785801790962
0.28531473118581463
0.19167915606682312
0.2663262858955374
0.3586152221002217
0.28935143809846564
0.2623999169138172
0.2792059439062293
0.18882823404163201
0.2968674873236499
0.2819498744192822
0.3038649406934113
0.29782012151033055
0.24256270390205303
0.34712983769719963
0.3254419247802529
0.3032692137917413
0.353298734509065
0.28753007470068115
0.3023691452671255
0.320666274578034
0.33405130827489
0.26984390867956215
0.2937261238341173
0.26993246738605714
0.28113609797001005
0.2612449830666656
0.29868908181444764
0.3397598690350857
0.29671049112271075
0.3854027739322434
0.31092842144699095
0.36426865474845593
0.3406050338959061
0.39738051368979255
0.34554978351875937
0.3830923541003737
0.4451612847852081
0.4513104445556228
0.4888302028851945
0.3529038409716227
0.46401501921483024
0.48918814319781184
0.47073375459924316
0.5449578776502332
0.4213395559503699
0.5975699398205245
0.44050511865363706
0.4673607869355495
0.5206168016000476
0.5177669126024632
0.5886173880004143
0.6034093053787999
0.619769513341445
0.6293822335435539
0.6543393821556266
0.6446823201510135
0.6188445190112223
0.7142283848835971
0.6409993167226858
0.6383866866640795
0.6356299602675557
0.6045585859377671
0.633358590848063
0.70055081401148
0.6709405069224835
0.7279534381098062
0.704219851817155
0.639840765125488
0.6875329775144086
0.6882871571920959
0.5588907789841779
0.6401524960644294
0.5213745834000854
0.5466393413001538
0.5716037127378881
0.5651817037356266
0.50263097881924
0.5152487159103842
0.48610589632814016
0.3605506532800136
0.46253466075260186
0.3789015737350519
0.4268012024397043
0.42015618769533014
0.46288537073334124
0.41262862528825595
0.5795755482633747
0.4133449621929861
0.4294964176103842
0.4298747436984061
0.41833513635925035
0.4469632617187488
0.43124525976301775
0.35986583694545576
0.4147045878455372
0.48535506220787655
0.5050647693420028
0.45475364788319683
0.4919277801552657
0.36256143702505217
0.32081038322122374
0.3476804971544599
0.5725388733148987
0.44842910808118336
0.36997368955593657
0.4808622469659481
0.43382649378080707
0.42706569663778815
0.32402251162439694
0.3891652808633111
0.33705583270692935
0.2918326594162296
0.35351736991067967
0.34343730112834225
0.311967453411304
0.3003436274351814
0.43572698118673503
0.26235899302373755
0.4416386820574974
0.34014097537632326
0.3703533656553787
0.4321224872412538
0.40077564474852223
0.4168042873960719
0.4066943759904883
0.41029919602568443
0.4248597410612386
0.4917694656905087
0.46930416842869965
0.48542597367730966
0.4821848341181373
0.5403430491119954
0.3442542503690154
0.40585474222649864
0.3920795482151773
0.5027310391406691
0.5151031506921164
0.4699100124791211
0.45817915561398903
0.39866520380277404
0.4392502416312483
0.47113111546682745
0.4044023808427819
0.3837584149850495
0.41042149751147033
0.37027049050803784
0.3863151074908847
0.4302211380971091
0.33077499138778604
0.3378080275442002
0.31869375813784573
0.32395831021993027
0.2875254331519825
0.3158955933678087
0.308966358950856
0.3601487712092934
0.23402642504552507
0.3641024596181818
0.24684759794292865
0.38209407818222657
0.2840475923287712
0.3049341470311109
0.3318590218869842
0.2511784893376391
0.18828385950218146
0.44963253860601976
0.36921910761889887
0.36399695089135153
0.2679562080512038
0.2750666249278394
0.2995342435989499
0.23849953930045056
0.22647723993707813
0.3424855017313321
0.2530306472945323
0.25138955453575584
0.29202213046120534
0.27114984962858846
0.35184465604765636
0.29592774254050946
0.30332276399864017
0.24007509282555964
0.2332565240289383
0.25280673785322455
0.34396716196831356
0.2513230714877056
0.23746537997784928
0.2568627459545827
0.34803192157930707
0.3606817997955041
0.24507260942473202
0.17497894949378767
0.35577621699290374
0.31720947490902807
0.3719431085129902
0.3299270591942858
0.4019793004598411
0.47215583430759916
0.34434582706658634
0.3848343066541183
0.38829694394428704
0.5147181685592733
0.367545216510478
0.4151043825729229
0.4011712239357352
0.45041121315867927
0.4943349392386328
0.5820162134956468
0.4893668137822672
0.4982845013205722
0.6842609368324697
0.6722333282363254
0.612392782070852
0.6439856556850545
0.656791824025668
0.7428977773272188
0.7532221560925952
0.6782215931263891
0.8619938132733409
0.7413774977315476
0.7449947040077011
0.7573318561575888
0.771722096963301
0.6823305625043155
0.6667323625874675
0.9368975924429641
0.7581713513642125
0.7475591855047752
0.6705160065308116
0.8846226783667426
0.7794580145783808
0.6605400252163577
0.548383584357278
0.5990407374553606
0.5871536371027939
0.47827084337894743
0.4995228256598673
0.49781673842182655
0.42957944509699575
0.3439551073544438
0.40021312817701205
0.3036857203093911
0.43900771431300245
0.4668613668781093
0.4462385387709695
0.37425327288740773
0.36047640437463646
0.34315175679320425
0.4167915128007219
0.38541315318329417
0.3821633087514683
0.4328449952400253
0.4473529320372725
0.3717866021849398
0.31775055951088566
0.4037071072417472
0.3689022526415334
0.3358272879827675
0.3497660156170246
0.23606050833138795
0.3642080347934822
0.4328617567435894
0.45398542456743074
0.4662591109220277
0.35267660886069774
0.365096112691644
0.3509308585307737
0.4440951587032621
0.5057430428402443
0.2971846511633493
0.35348470839566276
0.2835384704255185
0.38205934901231087
0.4380835531727648
0.3875143207528101
0.4297694174587636
0.3091881079555121
0.3513061386947516
0.41451356190635796
0.3935110996607545
0.3903120431483092
0.4203891352360644
0.36094710909482275
0.5137069354355359
0.3683409157764753
0.46156131310111626
0.49510521544297104
0.372412660721376
0.5795642826635626
0.44809037568330934
0.45209907161249097
0.45925840945259905
0.3806308197416023
0.4087126414641171
0.4197674904777373
0.4585134022479114
0.4569142000814038
0.469414334454977
0.588906763705125
0.5804616019442488
0.6032657546566547
0.5602677886640169
0.532145234890617
0.655111504766068
0.6202905300130808
0.7048155148544619
0.6103250754898921
0.6315854710085127
0.7022042824286795
0.6514468578506958
0.6238336355393352
0.6468309513706074
0.6560749416282182
0.6670330399464379
0.6250516583943406
0.5726046591462224
0.6293488609068529
0.6117708342336691
0.6647969060588148
0.7229934235506018
0.6235169501286215
0.5360884457293292
0.6186883181000298
0.6925454323449534
0.6283824142981592
0.5586343104077185
0.5976083913353005
0.6116414719826572
0.6665888757296854
0.5985864436615316
0.5744558134851097
0.5939755081422806
0.5612777799396773
0.6159265183628034
0.5251433980137165
0.5270001951813065
0.5979226428862128
0.4457015738512137
0.5811968302721195
0.520094733812055
0.5030891661242667
0.4421486690213904
0.34797061745119534
0.46752411481433304
0.4502181606642106
0.3265049026813424
0.368892946533277
0.4922119194744164
0.3891365407924599
0.4615674013806752
0.4760043112850352
0.4573161992983159
0.3558406749622971
0.4073192090448594
0.43412728668628403
0.6190528380417275
0.4263581481585101
0.35332730735126605
0.5115854107618997
0.5174867864017567
0.5968425159885355
0.5762135096502966
0.5366133864292377
0.5056733313809624
0.5341198575012063
0.5733447273837808
0.5283597118091453
0.5869404961282987
0.613697447578408
0.5317164323296556
0.6465559681584443
0.5346040152064027
0.752756310109163
0.6378135934649514
0.6805140251112608
0.6285617658563819
0.6151878576022869
0.5809089684850557
0.606137944622219
0.49094390829662216
0.5636871566792121
0.5256656042360219
0.4614368685291126
0.4782375337452403
0.4421145009718901
0.4267996983662752
0.47849214840938015
0.4175984662226281
0.421961055629537
0.3315093547780693
0.35511188376845393
0.4577854163110853
0.40206390092940636
0.37146607629875206
0.22854213230227094
0.3937862311514484
0.22448192629419517
0.21500607599889718
0.2579116720961137
0.3568828565840993
0.396207388712545
0.2794500327635257
0.20847878025691713
0.209240743265418
0.15216371254897768
0.31277796047278783
0.1593365549701024
0.249920461427234
0.17855806945103542
0.19212705985581727
0.16483066557327594
0.05160677716906166
0.17881852819660604
0.06931853697518728
0.12986781236003367
0.05381397637795275
0.14594946688343108
0.2871271612020396
0.17939338741149383
0.20483780819317315
0.20945993806470986
0.20347235390230797
0.2411105611830245
0.2667095509506886
0.21703457650578578
0.19357994175255072
0.3351325853463659
0.3062570895595632
0.2175540449895914
0.23273124751814964
0.18480897526673745
0.18236366848576654
0.19743536880928889
0.2282973864172672
0.24353982558054257
0.26251758263438235
0.2424725058871868
0.22757857774019166
0.25175482903674895
0.16689546641185365
0.26999760682142865
0.22545070336148731
0.22327043873237423
0.1296983327187916
0.21487944144528315
0.10397171192887071
0.12117334494629456
0.24170737833181732
0.14113435576495212
0.1738828919076139
0.20160205071398438
0.2520167836727426
0.2427392397678757
0.29300815525028456
0.3348575113212935
0.34684846226525257
0.2710397122735956
0.27232075621135193
0.4051345158713106
0.2574870481595083
0.2623491560660356
0.41630137497930986
0.3439980293746341
0.24732289265272273
0.27694139677578633
0.3304959607254692
0.23773124190694545
0.3091041474831574
0.3263988295116734
0.3804136581424469
0.3099261422546177
0.2852247298091991
0.33771861349823
0.49710632023000345
0.3879332299979226
0.3966783170195284
0.37518192249875704
0.43663626082290535
0.40984641541118594
0.46455498711322973
0.3467005451402965
0.3833473610565933
0.45474545355628965
0.5179682759547675
0.22339406660345762
0.34947731079575794
0.456512057385017
0.4474657400055053
0.4087454291081747
0.33889880896186875
0.38253893063285693
0.35605975187708067
0.3595462015918218
0.2561703920254984
0.30907666402670997
0.32795488779393184
0.4685150432544102
0.42644714677848855
0.27549718726578754
0.3670221255390964
0.14967712159186042
0.33534426420841057
0.2339406328103409
0.45493088662617137
0.3690455642722385
0.3201948357253043
0.3816802070847378
0.2608274403220382
0.1696809338759558
0.3258954813652205
0.22959360809621548
0.27910116832752074
0.25472395255405966
0.29348301164628066
0.20941984634327768
0.058975825716747164
0.21353868963163863
0.25594021907755465
0.14928759161496696
0.3335845923087086
0.35680055818486955
0.29923313358660664
0.22261893252373433
0.170242986378733
0.2197415151554588
0.35836555477079635
0.23271613652075454
0.3013368505624307
0.26683624751056956
0.2601672154588399
0.14676508457059234
0.29247646769264546
0.279267171741653
0.3253003606212623
0.27148587954256753
0.2980331183900876
0.2703575064287172
0.3064112817581111
0.35250587702264463
0.41425231753067954
0.4864801576155745
0.5910236590122819
0.4865387620900038
0.6202115812320144
0.85432237060893
0.725051042392411
0.5833030442337916
0.5155926699274915
0.5161960465247184
0.34837793106909365
0.17598667143113683
0.35352051070837276
0.3471566436253561
0.3182721594524268
0.33816985164685
0.28993992568540905
0.36424519536214484
0.24387444407979275
0.3745930342521486
0.40690923982615346
0.26420400420155155
0.2873498417404168
0.4321877685564145
0.19438957745309493
0.3165912273902681
0.45958954383705986
0.3343186982726961
0.2911236806951561
0.30447201920874656
0.34036378706429216
0.2624859296594804
0.33369990439984754
0.3449440280662981
0.323354764794368
0.290872904045436
0.35511088359592424
0.5087309154086954
0.37987522532676254
0.38820046433403455
0.313590752377226
0.45523297306186894
0.42126173113287235
0.4977864673290001
0.37102246003577344
0.3406866580892684
0.37663605178094006
0.31289234450029246
0.4002532427493348
0.34499222240344335
0.24284754536003916
0.4146114921851578
0.30846408062477393
0.41510351259017375
0.3828794711674378
0.2773556447837645
0.33998448775228685
0.45874204663493423
0.3564074562950691
0.3736049582972354
0.343618417139555
0.40272932366266245
0.3196820185487902
0.28472350407610664
0.3896450474320993
0.5643098451707329
0.3836120550922987
0.30608995812112233
0.3498053100429509
0.4054456257631607
0.22279115945236772
0.327967272312151
0.46585376688600827
0.4412095509457664
0.30423396473391656
0.3512016802229093
0.4529986437424235
0.3617019376295167
0.32664820114540627
0.39490722373526754
0.413969429780771
0.3400702407336525
0.43463113787226715
0.4502896611870272
0.4519119754850625
0.339618847046391
0.4097007297243026
0.4958631585651281
0.4134599990151844
0.5270463890503395
0.2869930508386712
0.36574375319900165
0.364469995089901
0.34138478749789064
0.41903621546468733
0.3873681279656568
0.29445525489958035
0.1996912078061812
0.4419633079373515
0.29643415371533477
0.2842061992898499
0.351195065892961
0.5179015668588658
0.4621092273751868
0.4971354740041082
0.4344831141836533
0.36796508581293264
0.4891084890785392
0.4560527420556817
0.47924871617125603
0.5740391186967941
0.3850630829536599
0.31876978146348356
0.43842380354902555
0.27014877463015907
0.3599917372311684
0.3586014735425719
0.4061479552073126
0.35973926959093355
0.42294634800881103
0.3797198680650365
0.3537135239490229
0.28239712295252817
0.47750574031106974
0.38842624885273025
0.4152749735156086
0.4594966818538009
0.5305632193748304
0.35200320382037553
0.40343969497139825
0.5197406297911192
0.4237167069045788
0.45768174254645544
0.3721620314888176
0.4710072926802314
0.48250608724591604
0.32326319954070026
0.3938885040838836
0.38620173507981304
0.482958563304926
0.3817341596740398
0.3791053037603711
0.46399857457202703
0.4474705756083476
0.3514727147962551
0.4188945300987649
0.580747559244324
0.3714490893626001
0.36501769242202153
0.46249107597044736
0.4965523315813316
0.3870171205664867
0.4295698146217624
0.43613144945652726
0.4646391829854429
0.5990627492494423
0.6944634817124065
0.6776769402416798
0.5963579053262672
0.644734472848141
0.724407700485814
0.36406225091052613
0.5476315075275682
0.47655489211160573
0.46703923060586217
0.47345829778668314
0.5253718334572162
0.3246364885984171
0.45893326908931154
0.3141808226682882
0.47675193582113384
0.4532614716835898
0.6349495191956045
0.4378811780809748
0.5441108497711918
0.501596421421081
0.47300394837302345
0.623175579849532
0.4714944838811466
0.5132372866307626
0.5651768843757438
0.5785293796103055
0.6745339423658849
0.7460208965278794
0.729853967230607
0.6310595038027917
0.5849356975446374
0.5297757770695759
0.5753542132917535
0.5289703358425785
0.5478796029815143
0.4332275991328976
0.4576164499104442
0.42032134155346523
0.435398225042245
0.4177805086977897
0.4188124316602094
0.4609115255698537
0.341166264320359
0.45831081501322757
0.478767089168354
0.3490181960423606
0.4185570330271736
0.27635428221112235
0.3796382839868617
0.3860794402388742
0.31047805340417284
0.3208147208296974
0.4083641874089422
0.3501428146207583
0.28661923943199097
0.397012521815525
0.468664132702655
0.39485404219432574
0.3018268243545633
0.4664801456056288
0.4294200443228031
0.23255117351739235
0.3325332142186259
0.13596035412073149
0.3320833409708056
0.41974858994869524
0.3950982505358158
0.3527990743757629
0.3719133135111476
0.3771284095965215
0.26641528956067756
0.32616799872387436
0.25594050086828957
0.3804188665950388
0.250666000465789
0.2823287885762656
0.3821437282330808
0.34151284317509334
0.39257717022623406
0.32914981500647444
0.36631327786917256
0.37693932838257116
0.27307369662506936
0.2875943831610165
0.3523284998453572
0.31535586702190377
0.39603258875148084
0.2663884746496723
0.26128702033777995
0.378722482802496
0.43475859071418166
0.47574190516860215
0.24412481514773898
0.38282002095164563
0.374176096803864
0.3444498105549192
0.4761462089169043
0.3359537871660814
0.28014510234314627
0.40811987016579254
0.23481730409027052
0.25031928908327233
0.27531502752138126
0.30001037949715614
0.16317684161984475
0.18115344286653226
0.25853173328895296
0.33921873521213897
0.3257960008682206
0.28697372270141797
0.2923551966503592
0.27865660923458113
0.2280937788786282
0.3563020834184448
0.29169429253613177
0.2850576400856313
0.34814142976572904
0.22601576392498568
0.19973153292171247
0.2789046202743595
0.2336966471942788
0.31804018021356717
0.34098607981825685
0.22922408839934333
0.19106226840370122
0.3823066548369357
0.3075792572250209
0.3969719518250756
0.304449899989638
0.3571224479874353
0.3491176984427451
0.2914716495534456
0.3300922066536792
0.2427563823657219
0.2658937239508461
0.3224688134933591
0.4999826866049747
0.2598614336268282
0.46880903282095693
0.3885176404790063
0.2907249500046632
0.30714636759092906
0.4176845518155031
0.25332909149269195
0.39055753591411846
0.2820163443006911
0.39643253667950634
0.35102589879332924
0.43029898666378213
0.28547337973871356
0.4330374062606508
0.3546445335885401
0.3529954438794235
0.4324213795974294
0.28687543680024963
0.38710085117635545
0.32306035586414245
0.4550023797658246
0.3781848280491771
0.36434023070259147
0.3190934710351709
0.3966524508450148
0.46704227234611356
0.446474720629466
0.35602512742503195
0.38236576579637155
0.3599242278003585
0.3829596552747868
0.5275241665949186
0.4050821107930488
0.35451736684420576
0.34770314070121977
0.49384297297681484
0.2871647771888288
0.3926977031982899
0.3757024639407778
0.34434609581373254
0.4815728190967272
0.46083491651325603
0.3593206538265646
0.2460430558621756
0.2635988705344979
0.4097141694196185
0.4358686750432953
0.3382096082588026
0.3613592894479022
0.4091794270781395
0.26402186992905885
0.42373592540185623
0.287475695364537
0.46841262118207516
0.3473334990590995
0.29168802976781216
0.3465069748399709
0.43647777593012743
0.22958891400400427
0.326428486940572
0.28093949737333623
0.228406463833023
0.3567989378266176
0.33080292866267463
0.322308217631124
0.37333715373480664
0.2631137560943829
0.37755482013560726
0.30202129269365896
0.27613781610595545
0.3551108557860089
0.35359213994433725
0.17690356913831415
0.2663273197845132
0.317591793688742
0.21761631723499864
0.2827886856988736
0.298878491333062
0.40045483805602133
0.2272850788463766
0.3043192835852767
0.25552183329872435
0.34831510662459353
0.3802765134219904
0.21709460420800542
0.32751218089057366
0.37507980842738675
0.22091651041103802
0.2737688373291637
0.2878724623796818
0.2963681893345106
0.373722342965382
0.47890634645795294
0.3262552418737114
0.34345232067295384
0.31230154832121926
0.39304188166356335
0.543780231346797
0.2982416701132914
0.3647368494392055
0.3841692696911476
0.37359043696848726
0.3975801903584274
0.28526391951725844
0.39215706010960116
0.43949498980503265
0.49355587387052613
0.5252261764416173
0.5053707207406662
0.447198706368384
0.46102700907343525
0.5309524639309335
0.48535559133458395
0.46601324764447066
0.4479230261954439
0.4212200822161508
0.37871775437857513
0.32587453520771703
0.41174725081021357
0.4953085277042967
0.3650751281416911
0.3684029995666378
0.22737375322243086
0.30613015784592923
0.3631963970723926
0.35412153699859683
0.23955954510912975
0.3287184399052931
0.39848985650319957
