0.2365936289452214
0.3087357641249965
0.36040163805883074
0.3616498412771487
0.296360361168255
0.2508180298736573
0.2840156019782503
0.2707166000046513
0.31808826323270595
0.36092284536443225
0.29454947421030114
0.340312920439666
0.34087493138796
0.31410807079235903
0.26853798558130826
0.34372561970307053
0.31508243638171834
0.2965461032169931
0.3345259353503322
0.3610956887124821
0.24267077662324116
0.24947547675243928
0.29603520437628095
0.2856268423567386
0.285356115047775
0.31079316595745976
0.3412366040462258
0.27172790547268616
0.32342102458753225
0.365932133380199
0.35672106654177327
0.29756747248801585
0.29321021025668037
0.18019613138348983
0.2753774957683805
0.2656468904139159
0.31162921538722027
0.3221292414297515
0.2547367663627501
0.2142445095292853
0.35926496228428795
0.28791757896311093
0.2631012912301928
0.278168064590354
0.3093054535409959
0.23635141188249048
0.2797217967554773
0.27936494345835444
0.2506213766623265
0.2764536917197557
0.26592367103249853
0.2950946650007527
0.2500575593346364
0.2817632207024744
0.2857684046857997
0.264671781911609
0.3025214142163678
0.2797236367942471
0.34465407887442023
0.3021263498125499
0.29025905372107386
0.33550663746814713
0.3716953082736236
0.3326093294069118
0.38562591773746113
0.30446386876492276
0.3502914928471902
0.32925911352779447
0.38943308716508024
0.376284396319494
0.37270122959955476
0.41427376392938187
0.3058057728014697
0.393365570565619
0.428525403333696
0.4102934341068466
0.4157468297061946
0.35104634809393986
0.45922365664625775
0.460553831071693
0.49522894113069227
0.44060859730816226
0.6183565455322678
0.49717727700948045
0.4647873540573588
0.4756566737785973
0.5783805013794967
0.5485190881532804
0.5488123665161425
0.5806550282201988
0.5932477200938167
0.6290743781404681
0.609012712504639
0.669814731451045
0.712840784967103
0.6876297133852474
0.5953394996956087
0.7386818530204726
0.7426472999075228
0.7447603950143376
0.7384528254554049
0.7139174848213643
0.7156839715098635
0.699358890146267
0.7151425593732255
0.6547116270310999
0.6421158264757968
0.7093121141168465
0.6740766675914782
0.5984570303519875
0.563871191862423
0.5628031453605681
0.64320655044897
0.559935597920576
0.5917533686622355
0.6082343399321739
0.6519601907390009
0.5767555580923783
0.5311861752819095
0.5422117032597117
0.4283063875131944
0.4576465465524684
0.5051158948623353
0.4566197332030625
0.47340873451706855
0.43161667646599944
0.4458794161908469
0.5192156952209075
0.5358114435197024
0.4824758588838646
0.5367191575419034
0.49890387483039167
0.4540461064938969
0.4772768100794057
0.5095248287035942
0.5189133117604308
0.5030688279643268
0.4893630526400069
0.4792947424936018
0.4754751336886215
0.45771676316734
0.5851251973869305
0.5356173838159407
0.4680218977066249
0.44233211088205004
0.5300579308876571
0.46460249301402623
0.44656777807791276
0.32556981629055237
0.4742810419080984
0.3900719406445581
0.44489235813062195
0.4187034423413199
0.40026007797434415
0.4410541962494692
0.3318699186362043
0.43979720759508034
0.4044067608231995
0.4717918017333511
0.46267529118002143
0.3846207253175021
0.4131861759606589
0.5053059720298475
0.49789205409773
0.5017201870104004
0.5492158967505971
0.5066033941888124
0.534357202475541
0.4976062713440702
0.5753985769469844
0.5793945537454597
0.570237736008518
0.44880612552691446
0.5299484227012314
0.500614327384302
0.476517366306188
0.4935186382682144
0.44348309285248017
0.537510076586297
0.5211200837630126
0.43727925303262005
0.48977250877946843
0.4183809549800369
0.4783138885347391
0.48360344928851695
0.4194716644471934
0.43211143696515414
0.40505777317861974
0.29962597211854414
0.3364236529027657
0.42060488660523104
0.41437780038227795
0.3355931047114993
0.4409311257302999
0.3718162258638932
0.36056135279916457
0.4005277156003476
0.3535635235070633
0.3562940127147233
0.35770374135217325
0.4201964337424072
0.3716352426868014
0.27447368536021993
0.2992550050857093
0.3631785377667498
0.3447849698091654
0.36989184802523584
0.28254899309443376
0.33347825869483283
0.33208640676822826
0.31931997961746184
0.3053822853153715
0.2706541360340797
0.3057618971762279
0.22931668364606464
0.23133567183448614
0.28730875785264703
0.264931217594383
0.19819825315521533
0.3341546965888539
0.3305582314655048
0.3124877718041115
0.2302908433224724
0.2112853686567098
0.28369125719478094
0.17092136043199269
0.34875265602447464
0.2949326705470867
0.34083956713218444
0.31079404686444856
0.2547728008081653
0.247992791730258
0.2822276536594953
0.3804801489185292
0.33247706042095343
0.30302115822893433
0.34663013208175675
0.45858793332974823
0.4512748442230857
0.497716969503472
0.46233803878483176
0.5442392140476978
0.4177353341819994
0.5654178888220538
0.522539631613633
0.6688269492279207
0.560174221846181
0.5793654709055959
0.6296529249134999
0.7644167628649795
0.6384137971387711
0.7161450428276847
0.6942108406606913
0.8310628115917025
0.7960593491115722
0.7453208091625949
0.7784569744494368
0.8795801138956851
0.8951372558168473
0.7031006539179756
0.8904383058052617
0.8243844582561248
0.7664534479114492
0.9527589747105418
0.8842027441878121
0.872690087702079
0.8509476307310841
0.782800465582355
0.7439918836542541
0.7451210214048622
0.6830338307984969
0.6019451698069495
0.6446001410766122
0.534242964454639
0.5435916682018553
0.5839512931411523
0.49776814862686036
0.4601414110014409
0.5021990222342486
0.47114606492555156
0.4489773056027806
0.42603057696199265
0.436979798880155
0.530272499633498
0.47466465070871766
0.4539680779005124
0.41586283745783903
0.3205018132981344
0.4375408111340702
0.3959120898192643
0.4982886216444546
0.3719412862334487
0.3658549176919651
0.4012468743755352
0.34199445826969777
0.45695241610548065
0.4638199889126099
0.33191894486896434
0.4224944811878814
0.47867813322305974
0.5139833555869604
0.46106886893045573
0.4162953576419455
0.4307160276702584
0.5142551172880858
0.4479919679949872
0.4600840894914383
0.3753313297381433
0.3439459775387402
0.40466377036006046
0.4455268606908078
0.3688712556157889
0.49900309214314553
0.43464593850496247
0.4473536049280059
0.534027577246819
0.44280903554882245
0.5280756030915512
0.5476727769920804
0.49456985329025316
0.4418046307011156
0.5054826280000798
0.461806098556715
0.5471335244555281
0.5799158818501005
0.5566318897410091
0.4788974692348406
0.5047335626234493
0.5571196359848717
0.5011193760021069
0.4870032445229811
0.5879303600118014
0.48803089880174066
0.5969479878149979
0.5541381376760264
0.5614552728660742
0.5109088771084649
0.5765469406877816
0.570321794682682
0.6009570527952115
0.6684449042610764
0.6245252133840625
0.6603439237116053
0.7689420119794164
0.6646202090130513
0.6663549828112046
0.6877037445828691
0.6772032468878528
0.6984537928394408
0.5959498178537268
0.6458264601570278
0.6767768012470383
0.6033510988452266
0.7451915780489133
0.7035690722830235
0.6991683524113883
0.682006551557907
0.7259058691431453
0.6982242970296636
0.7724730336482732
0.6516403830722236
0.7505559347568256
0.6817761970825883
0.7260743930752712
0.7117269494855708
0.7297469110616427
0.7257901481000956
0.6835630008773275
0.6298774195856254
0.6415254086064882
0.6668897381678083
0.6420353927636028
0.6871340084914762
0.5762095345165835
0.5934090226046326
0.5850170599519028
0.5821217018617107
0.5916032811130799
0.5335606727739293
0.5882025439630207
0.5456679360482102
0.49726019267626437
0.4989181258425755
0.46917019113202196
0.4698808477473325
0.5206352769866192
0.42504258771323944
0.4851112911411575
0.3981401926692626
0.46496834562138367
0.45615906350982816
0.4498173221977919
0.4782273005894293
0.5353465322554631
0.39072786805864523
0.5458279326041003
0.5291521801358539
0.6192688504436945
0.5542975664419391
0.5876020542439887
0.5703202819250889
0.5533095670150242
0.670718760256808
0.6622564120642341
0.5877961367276691
0.5963156921162615
0.6405226191949713
0.6290663692179339
0.6763633988797288
0.6050888963730922
0.6432581043076886
0.6736029865092938
0.6058821984329678
0.6185816225214521
0.7127542352228526
0.7124095576452923
0.710409013258219
0.6142475766624363
0.5170535612726685
0.6959464104501064
0.6053764582380523
0.5065805227084599
0.6060410928278119
0.5597243267701724
0.5357501108166828
0.39512214729588346
0.42517155625541736
0.47882558510166295
0.41919352210760596
0.42118933812694515
0.2851286581593502
0.3621175004933979
0.394326033805382
0.2583115907199962
0.3818225897926947
0.3116482923723845
0.30977962568994366
0.29794410829509355
0.3394219807871498
0.3636789909939968
0.21927119073079593
0.2792695910510503
0.18387452568466603
0.2114393522624436
0.1396381854456635
0.2327533176362317
0.2435377536926552
0.2018521592586345
0.18249381044831467
0.20269380044937277
0.10521723737456432
0.14846802694571384
0.15824592643627627
0.2100651728747538
0.15898190090510544
0.2529539877656159
0.09499188478672307
0.13486356118418238
0.1823984244651024
0.21359781511588305
0.30580215748164125
0.26556464791116235
0.22188968655486518
0.22527161154077155
0.2996662319763664
0.23674575103628764
0.12618243866164622
0.16921596242116432
0.23903337854090662
0.2359986541899192
0.25767208400921426
0.259635090110978
0.19852473271871615
0.2717410910023871
0.08881827881277152
0.2752599683753716
0.23701721340882986
0.23280640581112075
0.23423748728263788
0.13176867649370824
0.22168514920828958
0.22238890144954657
0.24112477272355548
0.23120594025209307
0.2970705474070662
0.2228697138353253
0.17248426335201647
0.23844400285848782
0.269446273260179
0.3126536439161126
0.34686200094639486
0.33962187240025354
0.3221083146266527
0.42414569900927257
0.4077186018418699
0.3693568976392465
0.3488235243523843
0.40371826827262686
0.40183481767704976
0.35856935751683017
0.4116480297476465
0.4348151496251954
0.43041069108363134
0.3470419367633064
0.3273192878843695
0.38930890195693113
0.2995553688855349
0.28783321575021203
0.3180598291964156
0.32733310064126236
0.34353924828243887
0.3478403701647983
0.3935650746058883
0.38558463919176483
0.36280717938252616
0.5381063181399286
0.4283632768330011
0.4059473142578124
0.5310923622143682
0.3740328850643707
0.4589090843465375
0.46426173087305417
0.4374431108231299
0.41732095030530586
0.39430572533029484
0.4494865966844536
0.4077474323735104
0.34216600371678463
0.5070035533202871
0.4144931467210892
0.45341687115536056
0.37454754199051066
0.4112777047532402
0.37023889405406185
0.28114414724718095
0.3782958158940547
0.36350566504181764
0.3338653929947578
0.33527240464411173
0.2811634091749078
0.3095726907755161
0.37299323934549367
0.3601578516370888
0.33438709907902153
0.38308688432348104
0.36570193455824046
0.21257103682829176
0.22356347351288242
0.33472211975993515
0.26879241540022647
0.23783004241449995
0.32511179016449065
0.2623356177184052
0.22709324030220207
0.28893387226327705
0.2336742925759991
0.25101311346329536
0.36853389138113407
0.20018614334579246
0.19609643551262468
0.3171369495866113
0.2003297894655317
0.3601946180509787
0.41745003766258615
0.3299542838900541
0.26849733748983995
0.26375531831989074
0.29443570915662115
0.28470138497849673
0.3246948886523584
0.2877987480335574
0.237884528065974
0.22880793503606675
0.3306393793117339
0.3345721513574491
0.3337319302574669
0.33408775048430356
0.40788984640101084
0.47011219428435913
0.4617526827287891
0.53563235942435
0.6086953637335482
0.8616907391140254
0.8264738762635213
0.7638853465234315
0.6427852272709983
0.5474449873943129
0.46334033093190335
0.5000216942180669
0.44309599799588506
0.3615547939709164
0.3925805274471633
0.30177793081836224
0.3402654953926939
0.46943559696997983
0.39662349737684605
0.28815188343080833
0.3469483288203128
0.3514533632624507
0.37257561998994093
0.2877461012690458
0.40048437399954107
0.41121317381405265
0.28648619311563167
0.32292884245493014
0.32257783252799754
0.41681131966625756
0.31091702261722065
0.23131136650791384
0.33523152839005177
0.30983708790594316
0.45156909831217895
0.4629167256782373
0.334678315572383
0.38432548497146657
0.4461488091905098
0.3430790871770101
0.27107844087526656
0.3317787902374924
0.3512925878819436
0.40564150940176275
0.37440537144144803
0.4088431893959005
0.44291517194523833
0.46002897750328786
0.4264642823207177
0.4187889881032649
0.3863687998003683
0.37683158529228966
0.4072276289164316
0.4090857879982203
0.39235775349647395
0.4909830487472857
0.45191452744826843
0.47394027624709323
0.38141060062898596
0.4037661517888118
0.4727136334127463
0.43988981036771085
0.32242810382128073
0.31444482514046307
0.3253664140233476
0.41425909077642264
0.4689815082471897
0.36916436167630035
0.5266253848444542
0.41465691672725463
0.46054498468667737
0.36969546068847015
0.35033110726752925
0.4828630005939324
0.5420413474051184
0.43709008876079053
0.3457102859765431
0.4187918529488723
0.3574635543107071
0.3646642036295996
0.4093464722110227
0.3121621224400135
0.3997513490337256
0.33757073128233056
0.42541920666042876
0.42002099035985313
0.41432959030574157
0.3664319136459378
0.41791017520966434
0.4017804995827161
0.454573472474535
0.3696923518835909
0.2764815179542949
0.39771563012362765
0.3361060023751599
0.27143885725360906
0.3116460804414577
0.3659821145234091
0.4652938384360449
0.31563505359947075
0.4121848946145502
0.3922148993572088
0.43205033851246283
0.4322665316959203
0.4123206010391949
0.49919343004724015
0.39270743514679574
0.48355336538162563
0.4425877989251784
0.5749051216560493
0.41657376271747826
0.5725484016408803
0.5414693262520905
0.5428437130238819
0.4859746037447389
0.46668246691140847
0.45228635621443863
0.48076947313382734
0.3658169405744522
0.38881733675343927
0.5098558259376633
0.33529587439319936
0.47964936485500165
0.42328211417353045
0.513444056484857
0.5040511134215799
0.4152537042041309
0.47884808641322496
0.36911543029888433
0.5514795525974157
0.41689147595570586
0.4549199234770619
0.5078205851845866
0.5240948513358354
0.4948047890398744
0.37895933587932473
0.45577408839939837
0.5195063503891373
0.36849358306594543
0.6062488080303844
0.42414112932259007
0.45601288440267984
0.4229190036874018
0.5294689247093102
0.39998059221105053
0.43286771622358666
0.4688620185532508
0.44366392257118265
0.39231559922420833
0.536570026479142
0.4778529428313466
0.43086471814112337
0.4501673940400597
0.4441255066270521
0.5635106192720485
0.4879414679435502
0.530144480358151
0.5441387780130122
0.6140128752331606
0.6869168185107729
0.6067609727040364
0.4833795896423023
0.389726706661469
0.45198759042465964
0.5494874643585953
0.5735635956579571
0.5838436558134109
0.45255932512197916
0.5028104714474985
0.5167730087192512
0.45596140707762733
0.40428565684432516
0.4700548626542934
0.4706298731111094
0.5113941426998437
0.5966774074010358
0.5279505659117321
0.5696504812734522
0.5923148527030502
0.5471521587374713
0.5342098860310477
0.5226814559053874
0.5445329417341791
0.592884514965305
0.6273136985308738
0.640479896499299
0.5145823454755506
0.5127675258515402
0.6531208591141324
0.4027596114463532
0.48327168921506986
0.633043577584234
0.49434521383024443
0.562680672807523
0.379290106577576
0.44954011233315294
0.479646817473543
0.4799763500175641
0.5744170892205644
0.44742104398521526
0.5242967899512305
0.5004278405108731
0.5140324022909459
0.6366224546904902
0.4730709688184349
0.42600289991693374
0.4996211350464906
0.4074783440935619
0.3938876820626446
0.5025047751437204
0.37824885031435634
0.3648754073168341
0.4419342297909679
0.4293744282490433
0.4132055143347393
0.27427570993604666
0.38811243068753165
0.37014691213708284
0.3563235173862306
0.2666532021492918
0.379988985459036
0.2761508703380657
0.4432143246192507
0.33188006425944366
0.31471672491752684
0.33381513125325296
0.44386800445296526
0.38946943218564967
0.4174451693080559
0.23595236334818318
0.44010196306523197
0.3868252549644031
0.4897575067578853
0.35842978231352407
0.4682858451167035
0.41997718360588737
0.46603181006969624
0.4927229351360319
0.4031119717349738
0.32457621092060684
0.4379659311784818
0.41592162006570177
0.34899144907607726
0.49361604158287586
0.27473434005460273
0.3858937312566683
0.4380576273596966
0.35321282284880373
0.33547814618414595
0.3873418796928402
0.4448991590275631
0.3812818345003668
0.469208092079467
0.38591010191120645
0.41301331372913197
0.4597029771653628
0.2693013730353443
0.369600076963826
0.32163960888852466
0.25369440645320857
0.3150135950782201
0.26639090004100313
0.2521682819280057
0.3247188421511389
0.3715259412229397
0.450726388649575
0.3444954432596053
0.32164718874598325
0.42277525727328824
0.352202416594381
0.3397260223237855
0.27185210198137877
0.17860080162300945
0.26357807037727493
0.26882206894033084
0.19327650761199794
0.2952120852055757
0.2551545953447286
0.3849265714951733
0.28726550408507323
0.26170908824312183
0.3029964307117685
0.3356983506823479
0.330304280653045
0.37552101038152685
0.3988353019374722
0.20779922424142622
0.3378464854702111
0.2953454904493307
0.3003842361250916
0.3920264472834581
0.36480325295340843
0.4197768729149986
0.35604916752603133
0.3987645479982881
0.3147571453418804
0.32542298759151833
0.3312190937524822
0.3800957099350587
0.30473294615877
0.5210891030702673
0.38975026394508894
0.2848077981392132
0.2981235349057222
0.48388178887698796
0.3783635261111964
0.3145589591904654
0.4375899066698681
0.3481494152307168
0.32606185124137715
0.38873351082427154
0.47877008346790667
0.4804619725627323
0.3523580664330207
0.40217250396523113
0.3946277218363071
0.4926311299899294
0.40570918478781165
0.4595301379909057
0.36226373749744517
0.4509326170200345
0.5577479313632967
0.3971608032649462
0.5257358627354767
0.42374729873670774
0.4667346824327814
0.45501427151372364
0.4132632583508834
0.46929023595887664
0.4801851532365039
0.5077239820778584
0.4573725391423888
0.47263709362979467
0.40677029170263124
0.32903072423686236
0.4834429241798115
0.4373575402243811
0.4467962890508702
0.27190179517417695
0.3018261553064528
0.3730154824374401
0.46676040205189945
0.3853997322101412
0.41437853921493967
0.36207445735352806
0.3951404931625252
0.3685123513297665
0.39758666184719893
0.4021434151889116
0.43227837768385347
0.3432667926736085
0.4364850940626567
0.42232491081402046
0.34314329354188505
0.37075806616421214
0.38738886612540147
0.3851045689296158
0.3401560309713032
0.3412876998309419
0.35603551715674053
0.3539446671898393
0.39051330111207316
0.3534657417233087
0.4081790500999559
0.38421283132641715
0.3985985734544961
0.36274329342708617
0.28631762586560494
0.3093960420056955
0.36631972710310645
0.3511272864060421
0.37581977999801397
0.3332640754397503
0.3190053014058062
0.3298140674610952
0.36487566078963674
0.31822048396516733
0.43687688029593963
0.34571827372308916
0.34867416739087054
0.2953437282930648
0.3855988495568585
0.1962515650540981
0.28169255844934404
0.2882123569143603
0.40882648624387136
0.27801955284112617
0.33870400440508047
0.2303580412061756
0.3329664947012577
0.3372473474796269
0.3670744221832599
0.49658734437724855
0.48436158945747987
0.3281164977824271
0.47284709334812036
0.4234341692958154
0.4230610607896491
0.4029309021063965
0.3525233466233683
0.4742484575520005
0.4412950354560085
0.4962584740364483
0.4666318115921943
0.4306916556352123
0.45330703734793987
0.42951596079706167
0.4762597728210437
0.39160096728307603
0.37522099271250364
0.43470910052336476
0.27390069384203397
0.4814825703118047
0.43704107342126264
0.4505536311280579
0.43257084041657995
0.26505025298941615
0.3698556573460932
0.3147105247691111
0.28060773684338647
0.38186713442362663
0.30748937532093623
0.2909697467547586
