0.19504799328795092
0.20546703592936064
0.17780695680477954
0.18099106438751336
0.17766929641646442
0.13545979638447042
0.12487625252622063
0.1577153303539352
0.2113244214266385
0.23161140069858588
0.20283644800238992
0.05240287012659675
0.24725831537994825
0.08088958426902731
0.13559117133046747
0.19667546570189565
0.23581368219315058
0.20013291345566064
0.17587980990464938
0.25715614578413304
0.2140293531993928
0.14887908933569835
0.1701644644567475
0.08290126278380798
0.13984309788667684
0.13250757648496145
0.20243919171299757
0.07595229730318293
0.19426560405070742
0.10707179199585415
0.21760703510792637
0.1990651085117492
0.11562409065536
0.0877651108436867
0.07763466126270867
0.11884029893462758
0.1632170692334381
0.2405985793750332
0.18921266750183105
0.13698277709238124
0.11407403006964248
0.08779317214548896
0.23047662694775436
0.14652252744760388
0.19005767137526858
0.22311018748247938
0.18315891302805004
0.0763333179355025
0.1406711723575633
0.13291656897237886
0.17759580303890474
0.2242913677051085
0.21293850084325058
0.18946398578883406
0.2813475968438218
0.1816386947544846
0.17054862217864053
0.2279059660733208
0.25901875886297954
0.272132260471006
0.2714259378507383
0.1930625787429045
0.255719767988053
0.21936237886416585
0.28956468816888337
0.21082708372019476
0.21888995226251778
0.40700489358046066
0.29708837520409104
0.21228985428794606
0.34451907460457704
0.19964163526944628
0.263559329012398
0.244274883125366
0.287943266020925
0.3580573359540788
0.2764039265580431
0.23301974765611896
0.3295495390587373
0.2616754982926389
0.31905799943521856
0.2735617739241158
0.32564716139750444
0.37202590214793474
0.3443626865265786
0.3744093677341266
0.40600334552542416
0.38235331556552055
0.39452868867624513
0.4205744757012916
0.3980010582216978
0.3769091126529393
0.3726288249047616
0.3754540173764833
0.39300562477236045
0.47713835987998676
0.41575151611439554
0.4955653023423626
0.4500915023978817
0.4666613529747512
0.4657146696049378
0.5125975173594253
0.46930647776959455
0.4575233968932833
0.5313357676159548
0.5057076418998789
0.41501830705305287
0.5224087186303261
0.452920055707671
0.4559650735332137
0.407449642947857
0.49147157552218296
0.3977557707898242
0.43021517179351426
0.5113969656020935
0.49032543667176354
0.4661999856216069
0.3975411685175728
0.3565319854947112
0.42806509373657636
0.40913105037433684
0.409174967388904
0.39567284889706034
0.46296073539702787
0.35869928408412194
0.3988976871366473
0.3629668077612244
0.5053011889611638
0.4261687994287067
0.4665494415130882
0.46337372940594035
0.43292378148565824
0.3307703545783554
0.3812731052594829
0.4235127035806006
0.28695218263751365
0.45265368243374776
0.3776662021401148
0.38845575960859097
0.34228456669672824
0.3877877041722793
0.4247576410585003
0.3817873244835335
0.34427681084016704
0.44239760790056737
0.4161599726461176
0.3732934230085858
0.37550831982527827
0.3242154241596846
0.3750958746160283
0.3468504640954776
0.39044801014108005
0.33570905457818445
0.3813866727366421
0.3015371221199153
0.27550285442086203
0.34022375322339776
0.380469520743003
0.30062952992394976
0.3651730787671869
0.4528466769378182
0.39841478163621064
0.35542628656642206
0.4054967292053874
0.36389708200795556
0.36626173895453806
0.40649234571880033
0.46807417065377876
0.36512267146549243
0.4930271446087664
0.4702749570223076
0.3914949090584817
0.3983502638863526
0.31983243591854327
0.4222794466698817
0.3803787768637139
0.3653313153225891
0.34356735238178937
0.32526432838262204
0.35715245469144374
0.3715656512319339
0.3464798753332671
0.2764647779810152
0.4454899030518128
0.28912029625897234
0.31287067007440256
0.2542311393528623
0.3115474110070301
0.2890776373603862
0.3357712249777818
0.22790929740319726
0.19482316343053452
0.2332783934724804
0.2493068715590403
0.3377180646171793
0.30761369083852363
0.2975113747292699
0.34232509593383
0.26182176980345495
0.2856691566714673
0.30490799666105334
0.2888910697798718
0.31785189664702296
0.28365509253799054
0.30968940608012646
0.3523210896831204
0.37946463872343017
0.2346887709294849
0.255503989149132
0.37611854585941895
0.3133714105100068
0.3680132883525924
0.2830671694929186
0.3006752112385361
0.3212287374414291
0.2535177781068702
0.3428714445392744
0.32973170122439
0.4188937544061229
0.21298456293206267
0.17160202947010983
0.3691846628188706
0.35944323274385287
0.23172192488665175
0.33751762386597417
0.23712579869089914
0.2833759768301367
0.27346240469516214
0.3828166199272288
0.3589973398681823
0.27767617333993583
0.3470212273390957
0.3087819812114128
0.39682288342151234
0.32915367672839163
0.4121664256080177
0.32328497826485914
0.3848817629964949
0.3691732440776066
0.45947617488490033
0.5128824600458367
0.49668531392896464
0.556228400086399
0.5108607681766762
0.6086388787090753
0.5072201005071649
0.5835727613254433
0.6486089263010716
0.6316300107177704
0.6890410746696689
0.689763519630286
0.7276828231557215
0.744138230296873
0.7386833444310918
0.8501002629714669
0.7363247399570236
0.8549213702607024
0.8085066612647005
0.7722466096517653
0.8066686849566849
0.7835715093350467
0.7717502997261586
0.8411692293261667
0.9280730743190906
0.7792813699347422
0.7939821620665896
0.7902646472950328
0.804031040554169
0.7195166926744048
0.7099971711129447
0.6917717697279719
0.682139569952944
0.6713908065048921
0.7269667744248725
0.5330104807667626
0.5950607056867583
0.5526507754817187
0.4619611799352932
0.5049976596052416
0.4962894429042413
0.4803698958861701
0.4884754201654874
0.5315840482191034
0.49226174184739463
0.5482425691979005
0.5458518137711603
0.5888882934411087
0.4434385260740714
0.5726990187659634
0.5543141598583126
0.5798293606249184
0.462577812145043
0.44951219989422
0.7056180653725364
0.563177523975952
0.5019786263108148
0.5396937761641986
0.616425719858976
0.601724420291627
0.561064938776418
0.5810698168097506
0.6524082823042958
0.6627048995772101
0.6091674664462293
0.5403118492035951
0.5126283339227111
0.577867866453736
0.5008576087451866
0.5986459275967999
0.5805985246926665
0.6424514240570065
0.6909150836406912
0.7110315983077232
0.6555257325957126
0.581389315366414
0.6583460368511412
0.6908161715911012
0.5633309892280955
0.6788632816132641
0.5944911473410985
0.7417183081967588
0.6962929025420561
0.7168973852415051
0.7244122161308387
0.6537661990056599
0.6934902770523278
0.6035040531094537
0.6317762498222691
0.6136209136612274
0.6482484396812802
0.7125302874247732
0.6826193156398653
0.6794172553526654
0.7434764084659453
0.6430448504455974
0.6468740388348926
0.6406648357369762
0.6582222244329947
0.7841428632673124
0.7863789773297184
0.7029117065362332
0.7741890180829805
0.7126704869665917
0.6935911677315221
0.7162898046035292
0.6975837262452178
0.7613122514713766
0.8349717320881664
0.8651896198867315
0.7976079406800627
0.766449186050402
0.7451808569814722
0.8165049478373299
0.8007469415016736
0.8846758408748344
0.7588119711896671
0.7347955574506606
0.7100389114373478
0.7444698980184004
0.6924094807979227
0.7197666057128432
0.7572109845838224
0.7340526550143861
0.6459551345289369
0.7679878391053336
0.7497122782084324
0.7673316069689042
0.8122547069365409
0.7488950377884926
0.7054730969645195
0.7777446642886947
0.7120049092303407
0.7560809194642767
0.698493721712101
0.7121041053621371
0.7222935754947983
0.6827878072796956
0.5627821321300026
0.7158952287117588
0.6336091234526737
0.6035593859737456
0.6326904529727866
0.6247737031310039
0.636906781189678
0.5766519797900401
0.5477977824841996
0.5370181865990358
0.5690230940773274
0.6044483364358079
0.6631257919013805
0.6248623431684759
0.5538294966445063
0.6303698533364124
0.5494802829652161
0.5419519347555346
0.6202764418507751
0.6219367335976816
0.6259475758608634
0.5380714529625455
0.6195303632002274
0.5823628540224487
0.6668736032202205
0.6549287886726548
0.536485355412739
0.6927205636579853
0.6302602946260628
0.692833298582608
0.5932572306456677
0.6160316712943897
0.6671844124708498
0.6752303550356797
0.631198890182703
0.6063269718696596
0.5562708055965668
0.6039730978616212
0.545703220334552
0.6916883368982435
0.6022847488966355
0.5174565061184037
0.4652897278743282
0.5827549089398694
0.5401520946888768
0.5522715842255186
0.5598556797314982
0.5306909677300082
0.4478510290271629
0.4610870822368285
0.521801865415369
0.4753064997373889
0.471780336232507
0.6069641217570463
0.479830755545616
0.35921113458423315
0.46497699555907257
0.3491584586625033
0.39273574740073613
0.3942065353045076
0.4072874121689678
0.3211850265494813
0.32456267935266314
0.3742930456541486
0.36614288193651257
0.39280474591672965
0.38361641638894745
0.388189780565419
0.3335936635580429
0.26617324237429896
0.3739924586864312
0.35852511455455255
0.3534055870419226
0.21271607387340882
0.2527608811079489
0.2076493021930617
0.2508034587114684
0.20798359141438838
0.28720519628207225
0.20936808246159924
0.2728042977347297
0.2486661358994949
0.2444582999819418
0.3533652708368358
0.24580399192711744
0.21865902048660713
0.29882493996723175
0.3114675138250552
0.2673383765299836
0.27364097660973424
0.34973108472714065
0.3274013165269185
0.2917954405073278
0.3634454910873973
0.3488110232192659
0.3119613088162701
0.39294463852066674
0.4139176703603449
0.4540549936966157
0.4223193948986034
0.5110395592290877
0.4256033646551629
0.4203978919208594
0.36777287486374166
0.4760689840200947
0.48575584152780854
0.42320278550369117
0.4029109428800538
0.47015549798448913
0.46935669990080275
0.40480966812277036
0.47741133791701107
0.5316820099468582
0.44537960604388566
0.3980632106924343
0.46304994063492044
0.47027227236970987
0.4813302956907553
0.5686440057704638
0.46841003400537123
0.5254510684213886
0.4974588045035096
0.5218048809878401
0.34438966063596255
0.45702178135538485
0.49536920124490735
0.5596005715388854
0.5780913227641333
0.48509483650732443
0.5398179333934627
0.5877740134254419
0.4634643942190851
0.642029806872024
0.5553721921240283
0.4929328079096032
0.4451497733954027
0.6195973124118642
0.6120708914295717
0.5480466849988236
0.4993485786867284
0.5108758541471973
0.6018251741661046
0.5086088625554747
0.6208052171757159
0.5077343200605481
0.5479918536420486
0.6247065106743893
0.5683352269863727
0.5300000980488692
0.5663291675425484
0.5027844215704382
0.5630368785838077
0.512887621871563
0.599857323021587
0.44990848238695724
0.48387470988541037
0.4688132042895521
0.43642516502594236
0.38543923437868044
0.6184264352903402
0.44015498471321574
0.5510590678187995
0.38410411308432535
0.4308855522513437
0.4292800177679885
0.38634850202075915
0.3182554220174952
0.3112357345580863
0.3284216302107412
0.16675335896811774
0.38275737491569317
0.40631692248630535
0.2677800382406134
0.35217551602785224
0.26203244274389326
0.34260659355209616
0.2732449816967146
0.2418462349064318
0.4145328442858259
0.3055301640278409
0.23724671983324336
0.2300613887355173
0.3031090709531228
0.20600244137600415
0.26251850397412235
0.3509368276998301
0.2648103137593584
0.3533312514953177
0.24620778912862754
0.327192013675508
0.25286841472646643
0.3099144469408696
0.29616509973385274
0.21083652047924983
0.20280596011292967
0.24508930166644588
0.19012824370536865
0.22506693906819622
0.12597106431516558
0.24217087894734335
0.30301343332475483
0.29797032188380645
0.35462966881531705
0.3030689094486801
0.34635957083307845
0.32309540381283824
0.45147446918235257
0.47253678286266065
0.3513708650010345
0.35249387160317347
0.19775357480077618
0.19894341053992595
0.13557786050159124
0.21628095728376595
0.1668525760652206
0.1743281060617763
0.18272438304543961
0.20583751515558485
0.1908620028178373
0.16753804225645166
0.14822769753061785
0.07058064450721475
0.127278830330712
0.190226666564477
0.15630042773677547
0.22361722824623018
0.18442908633258126
0.19704722491177823
0.07440887966337542
0.22706516125500625
0.15529970209083477
0.15832110519599807
0.1799414041489102
0.22283236601838075
0.07421520745890563
0.08647727484488066
0.06015428576428403
0.0858302370787932
0.1774065818947798
0.16054803042084792
0.09286969588254845
0.21329488193834634
0.1269286151961067
0.19619131427078015
0.07983262128004232
0.14089741837762293
0.22859258354507284
0.12113717016504671
0.19352054626501425
0.25642568440962676
0.1852941692786444
0.2565861280855151
0.24372882673664065
0.3306741969339846
0.2776261202682684
0.19511896427503103
0.1820941544755441
0.24486067104203413
0.11282455799291839
0.3178703259614697
0.2860696262974913
0.37612719241809583
0.2670526157816651
0.21417965745242398
0.38513875385122404
0.2477284896766924
0.21489687814587455
0.26072676719926485
0.15816898632094317
0.20083594130195834
0.25635612444760303
0.23253615885663054
0.16890397807223131
0.2494941522102635
0.22264282766120078
0.21900526954906666
0.2533036522469999
0.3047023461530713
0.20065533417846024
0.1928303280694084
0.20937201558073595
0.2772003627810793
0.28503085122223737
0.2276821330724205
0.19008523795380328
0.20358816410064712
0.24057016720239535
0.19485276350546638
0.23982570610130888
0.16679480019933943
0.2363894281035122
0.20036756351395102
0.21966602427685786
0.22545049826122063
0.09334681810684894
0.20949822540768184
0.16175277392212134
0.15804844568935875
0.11770873365289353
0.26416333290192534
0.16690997865248358
0.21278239124880635
0.23206697743147942
0.2231791439756471
0.24383827327634378
0.19154571057116748
0.23016302693359886
0.2526062324060868
0.4216508742472154
0.4716099812953109
0.31906080244991336
0.3252098135143706
0.32775157994166687
0.34818154243831034
0.3057508001323874
0.33551678697678744
0.2696600736339499
0.32810645796327503
0.2835224906967326
0.35563757437062055
0.33743596926044256
0.3554831975920094
0.30027539336151116
0.3776344134531827
0.3158791251433614
0.23969018176352844
0.3008039470456856
0.212058627443297
0.2633525295489823
0.3175176845685389
0.23156722894533718
0.20267863319017532
0.2169020068302136
0.25104147586514375
0.32858775730915457
0.14887607106928757
0.2517308474127825
0.30794272442705745
0.16871234173535254
0.17859189747962823
0.23302803096105856
0.08928014667531198
0.22385817395614582
0.15694502686163575
0.17856066846033086
0.15514013404417268
0.306187043895413
0.22679383528148828
0.21042452513818222
0.19758822808863274
0.21408252287615276
0.1822208376191456
0.17328231633620333
0.20854186249490117
0.1956860156759051
0.28400429589731785
0.31404404755406246
0.31887899701721456
0.2994319744336184
0.35709980147389575
0.2568348914900951
0.2555261376088096
0.251784120565811
0.26336653711367586
0.21113272436084846
0.2425633284709543
0.2288061316240215
0.2940442251037949
0.27131368342221945
0.30602981121130896
0.32301145103297335
0.2244290033276203
0.27491596133022156
0.22509851941939463
0.24198012844899808
0.19232796336596006
0.15943427885209566
0.3276837484482874
0.27066920239599035
0.15397686120985898
0.2287120851985156
0.186475473988955
0.2620219286065281
0.23986568515555168
0.24085954085986983
0.24425345807085083
0.2619483765419186
0.21162553275754756
0.32651775177080966
0.16540572286127642
0.2170913741979644
0.2553668056935433
0.26267488223801255
0.31556821676365243
0.18609105095680745
0.2645356248400449
0.2949053384736146
0.3247412721139819
0.35120738632864484
0.3262457059423335
0.34009810036356014
0.3741761637748029
0.34955668000147977
0.31498576083552576
0.37246924105013995
0.340097821748273
0.35322586015830565
0.36176324412653227
0.3362827554128186
0.38604251136553436
0.2241361267580417
0.3214466226316808
0.25782255791718245
0.402522437771684
0.30540519789211296
0.2583727538177164
0.2900745301030671
0.19465822357575008
0.23545284957664456
0.29509752275389134
0.3349371956485314
0.22705620670458407
0.2711169550781024
0.301703154265185
0.30780324127561937
0.1345605341927917
0.33552433053508646
0.3448726474815246
0.33765729608060846
0.4752445029618808
0.3763295962148916
0.3826435364637606
0.3826358491188961
0.40196154047533067
0.3975559277507431
0.40623421451738884
0.4031973954900687
0.47414202740827766
0.4289451001209897
0.4683364985391193
0.44987556466262063
0.49960149378841917
0.39847781126427617
0.418100568563037
0.515308862487237
0.437943357641224
0.4859712890648306
0.4844050872811853
0.4627485277671829
0.43048717665302855
0.45665231278470814
0.43624770243493194
0.4695836390537823
0.4789598246425155
0.4671652903330557
0.3741256172313314
0.5063193321462732
0.41352547758434366
0.47383577308946073
0.39167233382894895
0.4103065311030154
0.5276288287381918
0.4129723872003089
0.5897568038821356
0.44156961088868274
0.49733840265263674
0.4797828329258309
0.49145681977993705
0.47399818887417
0.5210699777611254
0.4844414771382115
0.45431760217323824
0.4898758242885963
0.5409046173882702
0.4477058939769058
0.4945164267054853
0.47889748760067785
0.636056126629365
0.5150083531761209
0.5305021430363356
0.5874285975214907
0.655510007166881
0.5144152073788121
0.5482180061316809
0.6796245508566785
0.6315366601059507
0.5888345861751643
0.6733028541689885
0.6428985014099133
0.6726031025223083
0.6602939753018073
0.6895670173729238
0.6772074074665213
0.6966453913881773
0.7649095350521572
0.7294994593770047
0.7123419836033679
0.7733638968024048
0.798443562397772
0.7003504201111476
0.7381002144910896
0.6916960779901703
0.7139452345018191
0.7319112270070496
0.753252858243095
0.7115697070867032
0.760151965880353
0.7016347513996941
0.7398985669628869
0.7823921474229653
0.7408802600889909
0.8141481061483513
0.7724678500155657
0.6996371366534898
0.7838521150418882
0.666733437533782
0.8395673524357999
0.7729452652799165
0.8466194075815928
0.7584372378439275
0.8764295980915598
0.8387003641366119
0.9298165198852395
0.9782487802505956
0.8988570699677706
0.8901701938804348
0.9739795173027432
0.9441737473569324
0.959703737049326
0.9881244669967705
0.9268493247763128
0.9142936589371129
0.9523067318338031
0.9467191710215378
0.9547654991622612
0.7901240368121324
0.8760740768177308
0.8840049037792292
0.9782250640299426
0.8218232726266499
0.764583013809462
0.8937643832507324
0.905270189947678
0.890647234950623
1.0221674206663784
0.9527987147981343
0.7905722813852527
0.8896812428893328
0.8996139530293408
1.0011868616691593
0.9037340519391115
0.886575409472193
0.9272494019038745
1.0292038163486377
0.9362672133431446
0.9172563706979373
0.929706707457139
1.0015048527392798
0.9933133034541998
0.9460492697424823
1.0138914309917477
0.8899281154643507
0.8761249891178665
0.8975740376126738
0.907954075332415
0.7687430703668636
0.8687007709676242
0.8669731006122063
0.8490860364059365
0.8738163908777988
0.7781101944379816
0.7720030248030021
0.8169089415844704
0.7806317067853668
0.7658334142678906
0.7811497981032436
0.8467411534581202
0.7371813154939737
0.8307832401731197
0.7751964818058146
0.7292643767734209
0.683532977499501
0.7081242602681793
0.7152128050916764
0.6833030970319405
0.7467040692167106
0.7276184163909128
0.8120406972651733
0.7830169719760208
0.7240330875136783
0.7605509593722873
0.7472389257978251
0.8703526868012946
0.6886049524961989
0.749919100132324
0.7422521284343915
0.7342267876587165
0.731278093197654
0.7509579351460913
0.6720786507401721
0.8063973095174268
0.775527348920057
0.738873922490945
0.7546486583243304
0.651361215163858
0.7075627867717004
0.6826444439065055
0.5969955536319845
0.6756964579265743
0.561249965344342
0.6022636367079864
0.6448089394943946
0.613278654079867
0.606976526658107
0.572821182874994
0.5685506102837992
0.5351328499076632
0.6065857757656166
0.43693185149379965
0.45580542249476386
0.5538923819590745
0.43549558125771115
0.5879471938378087
