0.20321904010275763
0.34494827563433633
0.23347371943927248
0.25504755884739305
0.27143504718412076
0.2841363387143403
0.22906577118173266
0.23520596338616057
0.22878535609988743
0.2667411273846975
0.23502437597908324
0.22416107646388128
0.2765472031228148
0.2816728284855714
0.2692138550205454
0.3331170051166519
0.27343201787759375
0.25827474183751514
0.2280122014720494
0.2554889132497825
0.32169367366894863
0.30593389622078954
0.28349784772031605
0.30784686386980287
0.22187277214932088
0.23110296900193783
0.34747887366650865
0.3047974096362515
0.24633448863550192
0.2492740883179557
0.26504732551180693
0.28725525975542465
0.22422258176388207
0.23399650021988683
0.1817009846438431
0.12238576747695726
0.2662955491594379
0.18757437604894814
0.20274055191595705
0.27458905792949573
0.2640787944735868
0.21873976554973307
0.23133936389060206
0.27119162419920284
0.24571453656015932
0.32408353289072855
0.19568499611227647
0.3108721013451844
0.30762065283279494
0.25667531216982575
0.23658620308180095
0.2717101524665069
0.2920016196408351
0.31512988543815557
0.3212661596810373
0.3038897828050476
0.2630761607042768
0.26477701992912217
0.3536968967758834
0.28674895147867036
0.354682089818252
0.3400048901828147
0.32526137688953183
0.4015943437529289
0.4081486112520999
0.31822996269188775
0.3975480624552665
0.4120648257283277
0.3516808533230109
0.3071284764659423
0.34591482361304543
0.3779943540812116
0.3515585853104617
0.4613826462321146
0.3882687078767321
0.46327000003225427
0.3703598719323549
0.47461800497056433
0.3434046054579766
0.42055451337252076
0.5175188821958001
0.3731895617922192
0.41306819312363596
0.46353293530143125
0.39324967408242456
0.4725399210947959
0.42108166498521404
0.49464799229859246
0.5263854042264808
0.5590974364731183
0.5511711020969283
0.5599228749129698
0.619054724266213
0.6294012719500627
0.6282717145686849
0.6416083364983409
0.6119703132694755
0.4716925246106157
0.5570763051201786
0.6057929723908358
0.6116547261482562
0.588715242937133
0.5965776151410491
0.6084543418766899
0.6368595610184942
0.5803695414585832
0.5843838276075193
0.6043743827449467
0.6420491545645922
0.6474836704433973
0.5630024835987759
0.584834047893608
0.5085964155990812
0.5652441898406776
0.47279233092925754
0.499458313942671
0.5040033288410644
0.4777316528438569
0.40562326574880114
0.4822319925494911
0.47068928347530337
0.4138554275332861
0.4898854834591778
0.4507606741829632
0.4435885032520183
0.4399685241192883
0.3816879909902754
0.44315706631172014
0.47791376558516385
0.5723564242224264
0.49568499522991794
0.455943467088301
0.47301605004781333
0.4128548422972499
0.5309751959267368
0.4471265108605866
0.4577882717662142
0.443688514734881
0.541866287337779
0.42172322596663125
0.41923757681002816
0.4135890261115081
0.43104928185377644
0.35006932191460616
0.47368111347678254
0.356315099074911
0.4532559982633474
0.4852326278000922
0.4430666790170211
0.3597553818879814
0.40400819167076363
0.393097984375047
0.3284654128847345
0.3777386866892281
0.26631077498715566
0.37167377166483506
0.33486125800495076
0.38983362152485257
0.45661162552780044
0.4420697951372907
0.47578263803500354
0.41000100145628937
0.4904020084416581
0.460695596220032
0.6103865920107038
0.5311764865935547
0.5106131244054579
0.4212837311624883
0.5424562666026491
0.47723018875697715
0.5493048745803026
0.43525372923280453
0.4971776380590719
0.4018018830349307
0.4530361098217742
0.3652534489529855
0.43911938359825986
0.39371120234497986
0.3471787859868829
0.43517180417033585
0.38335280086317114
0.4422286988152681
0.428357317825547
0.47167106702903494
0.3885880455733207
0.414340745423532
0.4471326985378822
0.3770094243677268
0.30903138617862363
0.28200598040161823
0.3611271131930092
0.3084228877654184
0.3009398791736648
0.35722992898510125
0.22970731401965191
0.35324492817902187
0.2529985246558105
0.2658980912270147
0.39195534023748624
0.3903004850236099
0.35568698234276364
0.3996960109306248
0.37377500752636345
0.35227086691714393
0.2726920951343038
0.36678015247711593
0.35184482573733056
0.3403369059932767
0.3573425052539093
0.389654124838818
0.3720015059682358
0.34789496389596597
0.3069556581312858
0.3289602267454154
0.31360250310455273
0.3672308339472096
0.2759393803481058
0.22060364461389448
0.33959780982694493
0.2734233952904814
0.29153505885999936
0.254452216179781
0.29527017792677024
0.29586389329081453
0.3268121368169499
0.21408133914743016
0.21447368048934595
0.26516069797135006
0.23875764319581882
0.35390100506175814
0.3625988353833419
0.28180834569100055
0.39138506128197026
0.3901178788508498
0.3930964497604891
0.34681090257654856
0.3931716800652252
0.3551942832473963
0.36969743586387727
0.42331715308087603
0.4992241068896388
0.3808765656452302
0.49047711176948217
0.49769144151685774
0.5373188545011843
0.3790247903346647
0.6358442949903824
0.5219318877052339
0.6585992756471766
0.6014677724500914
0.6456783167062042
0.5728018429613757
0.7648365644491656
0.7125360442870046
0.786573823639408
0.7830469931700754
0.6645349012907509
0.7223803828424624
0.7809973515711296
0.8288831545861122
0.7455880630750407
0.7466559758540594
0.855879266403478
0.8451100495282131
0.7555289207657403
0.7630308681086864
0.8008873436137238
0.7916348756035697
0.6925396777154879
0.7880417283054153
0.6746300662606544
0.5884862386286498
0.6517563099389319
0.5440502964289453
0.5573163634513041
0.5633681979235976
0.5868065366112285
0.44372553091743977
0.511537249825247
0.45446744127679556
0.41453456733871485
0.41398609877033654
0.4854913476012317
0.37421487112881235
0.4373186739623501
0.39805937256076757
0.5484897061047886
0.41022635362753046
0.34690027915708666
0.4528224531754249
0.34379272907081104
0.5240054787214914
0.34434882576683995
0.4007358174184175
0.44523258376488517
0.29498410432081734
0.43555621980917547
0.43211913747605735
0.3490734033902917
0.44793633513844433
0.38172498221863094
0.45932667550276624
0.5289675908548397
0.41893336329069336
0.4700203378065229
0.4265952488770327
0.6246698834835798
0.47195518717584917
0.48119669298379897
0.425089580229584
0.46074413214511223
0.527812316995258
0.4014626243014785
0.5066081576173757
0.46477440787203694
0.4304972099536142
0.45499154006672743
0.5174632638266934
0.4830297919345497
0.4444720161887594
0.48508061809986686
0.48790614832844653
0.5913238453128571
0.44400375525462704
0.4804980478151113
0.5479653052449173
0.41177222997603613
0.4762494131600359
0.41949044450586315
0.48481080401847565
0.5067389624490275
0.47473657038599115
0.5633953169383121
0.5870495938585218
0.5985441986739829
0.48672872657957644
0.5038141896303521
0.6074812440400685
0.5329281093817558
0.591089271805284
0.6165744630115887
0.600516738954432
0.6045710879046045
0.6891469139092532
0.6716606834610324
0.7225345401207106
0.6650917922473554
0.7118182329116307
0.56801519761706
0.6538780915196131
0.5952861781895697
0.5825027102901331
0.601951221670342
0.6042842931083943
0.6364528763039321
0.6219598432372271
0.6242911968334511
0.6621737052249586
0.8013750485596212
0.5883552192735721
0.6051012740035454
0.59847562286937
0.725390791454972
0.7787939649208275
0.7127931845284466
0.7003838588567992
0.6506553420779622
0.6335629303156297
0.6025196979948862
0.6269320416940369
0.5773248740340262
0.4946210560975429
0.6052422542217261
0.5924584737743419
0.5292283031319105
0.571680412240237
0.5487093124673584
0.4717159840431879
0.707484832550986
0.4678003571626159
0.5411573996405904
0.4424655000024771
0.5355287719090933
0.44350714662148044
0.43601307625887364
0.5078151097014723
0.4446195513659878
0.41594420835221546
0.4639570918185003
0.44514147252255853
0.429457265597296
0.5334028236658326
0.5291481849743376
0.47005556060908804
0.5570432332182675
0.4901025664141244
0.5452378924613961
0.48633259390835526
0.44097227233503766
0.3946307716236047
0.5156634035987696
0.6262840769953445
0.5603791906423106
0.5198746820875021
0.5461770698153317
0.698199219982208
0.51208246207692
0.5742153455344088
0.6202007501808371
0.5760975129963541
0.6530641591732992
0.6456363118889166
0.5066996521342035
0.5556534241785629
0.4823247349143437
0.5763785553662037
0.664625054622562
0.6295299877978153
0.5702316507568721
0.5976414077191815
0.4835863313264141
0.4966393237833381
0.5197667850764515
0.547173106355104
0.400059427676468
0.4426203362832135
0.45638828458261016
0.47736713011670157
0.3849072344353213
0.42075960852130145
0.3594057391729212
0.3681564469546026
0.3775810642372455
0.49376637793553
0.3118418924052202
0.3556937104371058
0.3173390351720552
0.16224071653890404
0.33920923954766125
0.27487541524130055
0.34384711441275956
0.35316962170192545
0.3146717901018868
0.3435031505987751
0.2992992331312118
0.2718241267359509
0.1619354932842749
0.2225128673952954
0.16799484689914967
0.19728926921156353
0.15068544853818322
0.31567552818429967
0.24348878897233617
0.15151041993461745
0.11343353931192064
0.11406129178163657
0.2717867940761918
0.22927885531524284
0.2571803829938421
0.23295316562137774
0.16549701729268995
0.30771245789847657
0.2636173025393881
0.2240411475700973
0.3011323278080382
0.20642607852977568
0.21619029072448348
0.29345258041670674
0.2630920637146183
0.20736693724552777
0.2608052524748291
0.2405937949279704
0.2737716025046666
0.27012302451782927
0.36082362127753714
0.2471537704736234
0.28130276268541177
0.38026036859841034
0.34211068963040764
0.254267836480095
0.3315218180219521
0.1894756322630419
0.22694797848216713
0.16978634978521734
0.20255274757588304
0.2658325397753126
0.11710559192444155
0.22376787176168472
0.2936498655341041
0.3022809967725923
0.31766860465718655
0.27964467845279833
0.3151195293611371
0.2811265110108632
0.47788549716055184
0.3556712935938977
0.3094203661618047
0.3620237746510328
0.35896051965399145
0.3252434065544364
0.26857042567244355
0.3893925831446974
0.3077399035237281
0.27747036711644085
0.285337159716171
0.2952639409890505
0.24589056474982793
0.3169393700472589
0.35898584541279394
0.36639893263069867
0.4012427874227339
0.3938269528987204
0.318604771789735
0.4461930878631708
0.4043618338138817
0.3625736809123955
0.41252398017060987
0.3732951275843711
0.37227668492756194
0.5087566632194458
0.4415232131618163
0.33866520131541766
0.38719677650593043
0.32045031916539546
0.4290802561177809
0.3669019942001841
0.42199722973464565
0.4805812445768597
0.36628507528755117
0.34747730760414
0.44628546846101236
0.37997946700611207
0.4313976255715889
0.30531398659516595
0.23558813641420287
0.3155565814658917
0.3638584442000267
0.32824424846995737
0.2798017494444655
0.27701969853705427
0.23842898353266137
0.32825905083449874
0.26799953594557246
0.31005830630213516
0.3064299803469175
0.2479008628076348
0.27753673611471263
0.30461986792590934
0.2570690494719235
0.18864950631421407
0.3095120366815922
0.2141842056392938
0.19660024256464306
0.2627928424559546
0.1520484796499056
0.16714760872939743
0.17032064728903262
0.26666692216002263
0.21157179485235367
0.1920563690659859
0.25668758179304474
0.3487781088202518
0.3880214992702657
0.3325184291150179
0.19759546980238352
0.2956679879478341
0.31410230816431706
0.1377823875375434
0.20460872136591274
0.20366547609083582
0.2184386546374843
0.30871484511750225
0.1816406151461164
0.19612007902709366
0.2551427520734508
0.35055775734309946
0.3408186781945691
0.34576508339419293
0.3789834335959552
0.37238632343868006
0.36723227409425385
0.5033415837144894
0.5205938401212731
0.6418894449072143
0.5715121798263462
0.5132895895987154
0.365582576790082
0.2574317971969596
0.43409269216554375
0.3292236022150076
0.2644675847221029
0.2806398314069772
0.30037982376215366
0.30153210615046777
0.3705052895455387
0.3814263358855057
0.2975518796762811
0.28849647549075413
0.30927358471180555
0.28266768779357765
0.1838365638184171
0.33505220800845137
0.3759692185713236
0.3061654984410472
0.2920005130942621
0.22233413328764942
0.315771421564635
0.264960754831501
0.33389276321236594
0.17820747171677354
0.3685876597620388
0.26797798604722683
0.16626063054998752
0.2636194770293469
0.2799049416479634
0.25984091939534365
0.2915694260504949
0.2941963663463776
0.264441331149484
0.34142377985818917
0.37274406260698534
0.28835463981215914
0.15059478517554867
0.19264979410648905
0.3206333170777839
0.24295460839481742
0.34569464556484747
0.29133339455569035
0.4069142905423233
0.38380012293226307
0.3838156498510538
0.35314749143223456
0.45334068343991096
0.3564880632468938
0.32097854586306424
0.4614738539824092
0.2560268054272384
0.22597970063949413
0.3182554410160007
0.3787050456915492
0.2719118613023497
0.4097193230989312
0.3959818674294958
0.39854122429841243
0.2920257189074474
0.32486119969345784
0.3158770412054756
0.2906341740754323
0.2796361791339347
0.3767191555190491
0.36762110581362256
0.3820798078251725
0.3945406086823574
0.25819233642731654
0.4149446743912605
0.3488310423790524
0.3944073827001676
0.3056294983023018
0.33855108101563136
0.38662097329646383
0.4179985409277432
0.4141298430732257
0.24488219639434472
0.29615281305460917
0.2616282581969734
0.3962514348916685
0.3798633208524243
0.39619555968728537
0.2675436993231447
0.3846237164017186
0.3516038757277293
0.37925122946136125
0.36364016196813687
0.2814295130105297
0.3684466173237925
0.24587366326805055
0.21819178735212663
0.26573252707920686
0.4073211686174924
0.3250168985072639
0.38286630667866506
0.3640805840208353
0.41297870310487494
0.32345159826201086
0.4246885472284245
0.3959831929250742
0.32330702257055216
0.3524135677345236
0.42135012767931773
0.4601551812415742
0.3966734387295794
0.4911832037687095
0.48507930738379434
0.4110525562726191
0.4256826052859208
0.37282541448105905
0.35877401407678866
0.39398501392426954
0.3567082430322352
0.23782563762471443
0.36398495304842216
0.3745471291742737
0.424931043419753
0.44507094094261557
0.49365304974557045
0.35799571764228993
0.40814167425936787
0.3888314739626848
0.3167059632245097
0.4075689304903519
0.3784553256306606
0.3256455294614379
0.36105092180678144
0.5243242550174438
0.4327357095114799
0.3122011532284421
0.32966253963048864
0.3508672162910788
0.2917110246365865
0.3263714363525509
0.38711285046104227
0.2725053616466415
0.3468690603460277
0.3818646259393249
0.34433965111279075
0.351094098389348
0.3335939535463984
0.47764650310550955
0.4086723111883873
0.4034914477392779
0.35453480859484765
0.41273249088802955
0.5336204801538454
0.5560369897200739
0.4050737256386686
0.5334492948718741
0.5439172197997294
0.3964467328272858
0.4174978261562999
0.4180343382146675
0.4505632544507374
0.4510015295320349
0.4213100160726231
0.441607571052287
0.3436056304521457
0.5374685540763954
0.4679018845099172
0.27063482306394265
0.3385185319525298
0.3724706908972264
0.4022890447236901
0.5315958813247668
0.4853839860577475
0.3859802018880925
0.4023036760347518
0.4337954487549608
0.4434413713402272
0.38632815907770673
0.5237402250827623
0.5503028336966639
0.39948087130148024
0.5536646243735521
0.4555335245818406
0.4867261382634513
0.492380371337334
0.45196165352679546
0.5030388144231073
0.5260258526661122
0.30029499292749284
0.38967586256924286
0.47150251624914485
0.38424875148486387
0.31113134637025874
0.5231776485384586
0.4284294226508087
0.49166442765308904
0.44200802941743195
0.3630197658320603
0.4007629270580722
0.35801049656918205
0.34484972387584856
0.3742502503983671
0.3427068585027328
0.41236751125079374
0.43867422308705895
0.3696445843368493
0.4132605518677306
0.3966772033675382
0.3228723945253613
0.2906254367954935
0.3501584148995872
0.38115466148895166
0.35308910106476604
0.25998924377337296
0.3752506950085072
0.21582053380496852
0.27832320593309373
0.3715427704118948
0.15108216615798475
0.2898816508244621
0.2589856156548961
0.3504443521535684
0.3044743166767637
0.3341427349246742
0.36001510741244114
0.39859105429883435
0.35713995033271206
0.4482664770536937
0.330252271559224
0.43072593962799444
0.36278431588048343
0.5116909750235359
0.3727396221099404
0.47802327496862096
0.4231645804634607
0.30914850335412375
0.561051626314947
0.39797595975903954
0.3680420403432492
0.23727637906968474
0.3780757458682235
0.2953087412699229
0.4070557958327836
0.3384441404399032
0.44110961764954204
0.30106289374427997
0.39563302589601135
0.4735350453585347
0.4007675871521046
0.370692209665824
0.4070146613794978
0.32621161295363943
0.332557326596329
0.36395904713886407
0.2990249667925906
0.2759650022485012
0.3388303282407703
0.2993698666235688
0.21473205217245836
0.32592457399227054
0.33850805063574263
0.25193064011226585
0.4449748395214326
0.41125427901939604
0.44605523312446455
0.4553675669572609
0.4297291237174471
0.37240760074337687
0.3800886075912632
0.29802512153829164
0.2998549746779189
0.28564380992382654
0.22191650826440504
0.3969733558520522
0.3368547773253286
0.322325058133315
0.33062319841725996
0.3869249367222933
0.33335517327029185
0.2289814307178436
0.3099268853360426
0.5325850250724564
0.30132407367138947
0.39957799671356314
0.44137033461414277
0.3310581296353384
0.32852705983085845
0.3036222288023959
0.3229810408518483
0.456252469195134
0.3810342996466368
0.5018299506540354
0.3540641898331912
0.37884607619038113
0.3414524522100074
0.2916380863547272
0.4151280193738753
0.33686666035141505
0.3383886100309156
0.3877810962678264
0.4639992431900306
0.2734035914418645
0.40250457409336954
0.43304227410278107
0.34557153181161504
0.39923985692106434
0.41691441935978013
0.40243879798490506
0.4249711034636191
0.4450138579685881
0.4065248717236254
0.3412767506308759
0.3664982849641407
0.506111252015425
0.41009318903819514
0.4260220487631972
0.480374123725833
0.4960901683539657
0.454461685679459
0.4327041952481706
0.4861850306059476
0.5632453239788786
0.5470223628394172
0.4001189300776769
0.4565800475692323
0.43259277266318447
0.4620536745428421
0.46323912685758883
0.5436772594931257
0.5067022743935595
0.5357077747500694
0.49509428539973077
0.4185720523487094
0.4589525098373277
0.487401036378249
0.45649291700484407
0.4197528586320135
0.40806053049783353
0.44190407785891156
0.26175261943977246
0.3441861593810629
0.3600247560309075
0.41357817089527965
0.47204403048093047
0.47628849847342625
0.3285946920632825
0.5294352993497901
0.5343933081022121
0.4144815017432273
0.4481809828370485
0.4353836104832037
0.5425370399114553
0.497712429104635
0.5090217980430793
0.3927838255717525
0.45242782382260627
0.36937816999679046
0.45460901570832135
0.36193415032075427
0.4140135224744926
0.3274070382639196
0.3152056980168225
0.31544358298851105
0.45218730997387246
0.36029787688888426
0.3952406074028686
0.3139877509178126
0.3485830992090818
0.303837736885175
0.2872517403442122
0.3664569110332261
0.3960603637293076
0.31979355156134615
0.3421914727278792
0.2955839999172568
0.37584394934020204
0.3164583579289347
0.3410367985963837
0.29972298649313844
0.386159538784506
0.328103013884347
0.4045019522159091
0.36280764145650396
0.31627256533881193
0.4219219881246904
0.34166182073160634
0.3963144383262154
0.37637574505417887
0.37818065416537705
0.3975700373195553
0.36194633072925037
0.537403435876535
0.4543351158931753
0.5185788281042009
0.38378175643195944
0.39090289797524447
0.40265614385512993
0.4921859585038639
0.49644811006492184
0.447250463075044
0.394813384414054
0.32186365450390697
0.36396742968308654
0.5936423079262043
0.4904780732645795
0.46152294276027706
0.36384519489685196
0.5102301187480291
0.28822305705735185
0.2630294407972019
0.333082145928536
0.3154226779564068
0.3562093566731778
0.35033212619489695
0.25473710691514523
0.32735299728997425
0.17108165397641234
0.4054541364036435
0.2973775769663573
0.21718931903883415
