0.2407235294381091
0.384114651731216
0.3216761003332753
0.4023204272930422
0.3095881958182349
0.266447329136524
0.21317898817228761
0.3328710367645541
0.32053039450326015
0.3906855564215681
0.24943245121891094
0.3579407047172834
0.21371495117293834
0.352301269918924
0.3977862457489014
0.31612331766728974
0.3569093514324181
0.4343887209327136
0.21656320173764634
0.32165230365140324
0.3647935388444728
0.35127160122607237
0.3769033875670229
0.2915110068763065
0.18904517046171931
0.2974420044831352
0.3418140358232359
0.2001712452277999
0.3323064538534507
0.2989350377956558
0.28917135408975
0.3288146475309762
0.22851367114650312
0.25096521236041824
0.30459386130484073
0.3717673865666894
0.30526361450839123
0.2654065608428643
0.29215124889628874
0.2725324342518948
0.3172371739182895
0.36726476214991677
0.25811694323688367
0.3534193170283476
0.25167661563291605
0.24949318791081526
0.23947123356768724
0.3300189193512258
0.3509311826478232
0.27067439484213635
0.31230333422466405
0.26066092320495005
0.2988271200066781
0.25433292021892673
0.38966358099829396
0.36719734798419534
0.40784721069147445
0.33559046620092314
0.3375149382088942
0.4325889714559833
0.2812802598137908
0.2725059675666451
0.37153498611540514
0.4609613282537039
0.3012164135443024
0.37617070379616036
0.43780244500730064
0.3869428112450918
0.35702689769287
0.40171343812530136
0.27567890441778725
0.36248039576190105
0.4467814666576755
0.3994550419975257
0.3901175925291779
0.39364482114547483
0.40568885536005683
0.4963670440932393
0.3649246590332764
0.5415963084699943
0.5482421381324923
0.4148514873276784
0.4314650314577057
0.4722026583732035
0.36353283704542816
0.45497890919857376
0.48921215158071146
0.4463643765315329
0.4796779462138714
0.5089852327733888
0.6129367038699769
0.634139777256389
0.5585423563947249
0.5647914037646579
0.5517847065889232
0.5633643964631417
0.6507545691435386
0.616982441696329
0.5504429084216758
0.5318353159999967
0.5880073653486073
0.6094051623664584
0.6636390231042112
0.7043296733875009
0.5930026769220174
0.7166206040790498
0.6647111962375492
0.5820403200252522
0.7072034285615787
0.5827575270260066
0.6057556670469748
0.5473533391668972
0.5692410919697362
0.6673839757218213
0.5964715311986857
0.5871958125717759
0.45822358969755816
0.4676393438078835
0.48294622616229804
0.6424824602567316
0.4578811082579577
0.5422280778675599
0.5395108093403062
0.526693594267475
0.48266387221083207
0.44252253067279074
0.46592026637578077
0.5058067568048353
0.5033956441388273
0.5104087305745949
0.44301024453714377
0.4564098270388953
0.5393577755565231
0.5385714315190777
0.5168983580891215
0.36225232946840513
0.6445627572822504
0.5672371901180975
0.4508392474199803
0.3506603495016563
0.3303296662680588
0.4406464843032911
0.4447886488139902
0.37369426383727666
0.5869911978701845
0.46629472141409345
0.4439027759595975
0.5212668677906527
0.5453688860085815
0.5617603223902958
0.4412037316586476
0.5074162633548913
0.4549998035969532
0.416550160949036
0.3410932503172671
0.43436892355342716
0.3690646244341886
0.3556526843710529
0.5257505812223897
0.478805931249196
0.36738410483507933
0.4885557873029342
0.4389528366706353
0.30440652909098476
0.3791428293504978
0.5148558746729274
0.462818214162196
0.4929735023229409
0.5408353201902001
0.45075076797794056
0.5292853296557306
0.5423114475211419
0.5063146058624239
0.522058451530999
0.6092544912162925
0.5042543373841044
0.4640542725249509
0.4470100641401734
0.5500488901709845
0.4300558613133197
0.5302528468963981
0.38677784322456754
0.33651141533832907
0.42325650520642344
0.4698850864324478
0.4395385146057892
0.37653394916093397
0.26502363545313745
0.3230824137255658
0.3526854666144934
0.4153366880677912
0.2532989445338036
0.3134237680915092
0.38512556903587025
0.19980721715755026
0.3282231213079275
0.4087008384980818
0.3908195588971721
0.2854721037878467
0.3921400171485655
0.305425630652957
0.3330804457060089
0.3526690822084342
0.4344431727461649
0.2283460184155061
0.2926062309354366
0.3662844655219042
0.2573733429935382
0.38736787412407414
0.37543975056933543
0.40525572985777414
0.43238739032566376
0.3963049193437463
0.4185812040788113
0.3809776436541997
0.44409611167508956
0.3301543381719477
0.33811066918372934
0.4388559374453793
0.462709028443942
0.2446078927251535
0.28896177483706553
0.2738910894361722
0.4308462604021582
0.15555738752941142
0.3328762600696524
0.272207501050545
0.43022166887775126
0.322323345097029
0.28719317483274925
0.2818228379639163
0.30485644146682295
0.33162925227080375
0.35540232938881083
0.2962391345567633
0.3750171123857369
0.32994091105756285
0.44920350016691946
0.454263028611185
0.4915032637385325
0.42973153515590823
0.41923476049496367
0.48170605083713525
0.6386760741567881
0.6239525143487246
0.5362699374102013
0.5091425608264954
0.7618857845972171
0.6596647027745992
0.7538025698777893
0.7551592340036601
0.7897389107705889
0.8238151561285385
0.8970679669563542
0.844127952191726
0.8324817140164488
0.8514027378112532
0.8711795046212116
0.946036129262581
0.8216074276798431
0.8718155425985702
0.8690044242178783
0.8910685249678738
0.8520037281771854
0.9244371087605003
0.9171569045117653
0.8627093843336067
0.7043971234594444
0.7716957937900757
0.6471324195522332
0.6163048630635262
0.666349150617948
0.6531501793485031
0.6673505239131994
0.7134641912492699
0.7004184682307092
0.4457621843806896
0.5626133291461901
0.5258747494767049
0.4679490517330891
0.5274744876325566
0.5514845642389045
0.3977532104121263
0.5389538319048208
0.48271925349351885
0.36073799964353365
0.4369618780190867
0.5106846068735458
0.4845383538129046
0.49326277479105385
0.5843000509665931
0.5779142003158841
0.4189588578389207
0.5148919736884886
0.3871588579982099
0.5547255457561924
0.5264028392359161
0.5761112424328839
0.574397248005662
0.6316485940354699
0.5128447612127194
0.5089022027652095
0.49061309465167324
0.5923702237830006
0.5578882197042752
0.46639862911732144
0.5486688733352201
0.5742374044827155
0.5633291680271497
0.535850065178562
0.4153774334104212
0.6491383809006444
0.6240835819884311
0.5412787763347491
0.6003025107323676
0.6365076735319068
0.6192952544275867
0.5704337473045074
0.5841428782103709
0.5983056298930547
0.49555228268290424
0.6008476499971587
0.6696592715923751
0.5384422484807454
0.6280908073305326
0.6090630779999794
0.5539676781707128
0.5271903484877148
0.5084186514665915
0.5399395482171594
0.5253060574310011
0.6259457111966439
0.7833594868204692
0.5873297255405965
0.5900250545824024
0.6644623634257341
0.576641326430785
0.5980197796120599
0.7426504062420605
0.634692499206222
0.7283628313288133
0.6872626231717827
0.7827646810160362
0.7109311028401263
0.6180453567810829
0.6861287098553439
0.7639233712812057
0.7009090862671312
0.7035649353575852
0.7193930377863008
0.7972701573792136
0.7239084084744063
0.671882452545959
0.700438151256169
0.7671523089370584
0.7907922753974335
0.7171468397218779
0.6138813055436667
0.5973020414130141
0.7530355438391957
0.7471834176181344
0.660619667661322
0.7307778763088635
0.763411361984265
0.6207012354331134
0.8032384281365025
0.642867696388219
0.6296015966377428
0.6933233561758557
0.7318793933253778
0.5706176870257658
0.6111239196040679
0.46014333261153695
0.6043111287571933
0.5276982000385819
0.42265014558031566
0.5832682318132885
0.4076204886543142
0.5651058527785824
0.5883614848836606
0.6137168804329922
0.4524690107979304
0.5208220743174707
0.6254571965950406
0.5895163678253911
0.44765213386679525
0.5173643429677188
0.43007366310901196
0.5180216138061194
0.49174199095321924
0.47036577262492585
0.485537404981858
0.39977714312595736
0.5737658607422464
0.5163845593112812
0.6681244553981298
0.4715603442766979
0.6397022350279675
0.5156031143608069
0.46067954088396423
0.5380358350010381
0.5048586893646282
0.5650592728281575
0.5755897527092293
0.46962400578358976
0.6432086011645091
0.6946311806536889
0.6432720857679769
0.6157086425993623
0.4896397368116886
0.6090761445379147
0.6048059682095761
0.4988092565073165
0.61869425399223
0.6407201209357929
0.6254621020723241
0.5443585256649788
0.5617345621242794
0.44464200914378726
0.5230260869412913
0.6576272922557577
0.4116975535933194
0.525899311734831
0.4311869727682445
0.525499633694414
0.4093531571397171
0.3675336495417602
0.45095873082199134
0.28103577222878007
0.39449499668068705
0.31599858532720027
0.33709595017438587
0.2311702086177801
0.3336607477797476
0.27850060697892276
0.31951631782212925
0.3069026619697113
0.3089242279721979
0.34202622114630565
0.34805240599846016
0.36349454332647985
0.282649211499728
0.19959388475496542
0.1855430918125146
0.2521628386179653
0.2892615571550105
0.2067464747531152
0.20947928784285247
0.05875520574633562
0.2011937593306693
0.20379574682838192
0.2824259296975789
0.0817474950176251
0.2193778060318198
0.28744992236995087
0.15760113289686073
0.25894233913479225
0.11717362013665344
0.29934907718790243
0.21865083781816294
0.10067435830358201
0.35046234763496686
0.42810946784587073
0.23677636065683133
0.2673039731486293
0.24760901179144662
0.24371353117670552
0.18528197071990327
0.16331389534354662
0.2625296265769218
0.29388730032334487
0.3945929612380039
0.1602945273862063
0.2586613532402084
0.3490850742718271
0.3215087981544212
0.21389101898411303
0.32981808492839976
0.296402687322636
0.33760454682357144
0.2896110050471945
0.31063937042318257
0.22876808051168085
0.3422025130367684
0.3718384695696999
0.18090613574003997
0.25524383853141874
0.38771326474170276
0.43919322129381516
0.4000559343840133
0.3450609988358133
0.3098763977996192
0.4636622217706402
0.2800555463110729
0.4006783632141717
0.43083334084770436
0.5330591449439993
0.46313111095122006
0.4297872115715693
0.5307054628046818
0.367884756813273
0.5150061751093583
0.3828971589710202
0.35942053472743263
0.3183540661934287
0.5007910604563174
0.4079550120455356
0.5277918350708402
0.4815366005202999
0.37071993870189224
0.4646497986340522
0.5094861847649252
0.5936682516616992
0.5768273406366632
0.5785166182317591
0.5674827084333253
0.5230482808448944
0.5104095081517568
0.33998317806704575
0.56589718301391
0.5047144875663119
0.5669255464242734
0.34934979463769766
0.5655909279224157
0.417917238780146
0.42723066774855833
0.6135106074423634
0.35320888478847956
0.5450710552005792
0.4388323852631237
0.4816567524939215
0.45797693614645274
0.5285396841981965
0.45750320765266705
0.36376949149666293
0.44473540355347563
0.303913812747158
0.3216001314323195
0.49433545026483566
0.4600527277623844
0.42915285244803814
0.4476599011647847
0.2948133224078548
0.4587158919253745
0.4641822331219758
0.39440335650821196
0.3992172568447438
0.2480606903739611
0.26926026693656746
0.2913275158914291
0.2685161263191789
0.2999601992230062
0.32891443110786767
0.366510964027539
0.41719570424768476
0.29220458998348114
0.5140218080509852
0.32609872553491814
0.2695312024381471
0.34954592949331204
0.40929722678934355
0.3031779412325512
0.44185318550358255
0.403745362548963
0.38431055872570197
0.4314902050402291
0.2743127231393573
0.250857452026523
0.3040070321172258
0.18097198259666158
0.20379743656757848
0.2722955710986382
0.2338969817760382
0.2558474393813822
0.24134259084495394
0.2283071692724692
0.22782055921925928
0.4252328593583896
0.49156041645721826
0.363444423122166
0.335194456293854
0.41021576226764733
0.48533777439122366
0.6724996261361277
0.545782563215384
0.5595072396573622
0.416093000616981
0.523859174132811
0.35416279331215533
0.4561061796604765
0.4997984318610164
0.2983086793819632
0.31372932992522085
0.35795226137477715
0.3450915187968364
0.29962555403862623
0.3428592849695699
0.32155418325604906
0.37815687570486695
0.35454537152747545
0.2315788650095245
0.40008569000807503
0.27501404186999684
0.4200976939630089
0.33444104135565933
0.24526919910245162
0.21087999711498498
0.17690015150639132
0.25842504187760995
0.3219886218780258
0.3311036378333889
0.21584480701668562
0.3220823257815008
0.23894027140833274
0.31171455373841755
0.29103539362708697
0.4355323360127909
0.35281361953528173
0.29353991740402974
0.28370906241212324
0.429961152815039
0.4359992378045653
0.23237764013743917
0.36241795232752094
0.30122109112245843
0.3830079860328536
0.43764287313213046
0.4162492130473392
0.5835542148543063
0.4501078051394812
0.24813198870468156
0.38244193870749643
0.46059965840161504
0.5534322272485225
0.34586662733035706
0.3849892254730516
0.44417017822340227
0.3406239561015926
0.4387589757697248
0.4171091719158694
0.5854453057558684
0.32990649369298186
0.490398082062894
0.3851453421761526
0.41259459575555557
0.3672285525576672
0.3150036917817305
0.4746021828585534
0.5758114566977373
0.3434284628053528
0.27030862091842023
0.4196640124054499
0.5031995207199779
0.43257885482717684
0.3878039838235503
0.18302740419345048
0.4247085628451732
0.3816313100135028
0.23452225976636906
0.4699380309672788
0.3650371815892624
0.3559875023566311
0.4189627605023917
0.34058873290909997
0.37270767130531396
0.4173666216288371
0.3524795425270888
0.39171111849736917
0.5231312961418202
0.5985790104716207
0.2996331397516445
0.4754926343419089
0.3968495196261883
0.37014890272472456
0.4957836407836914
0.4767984828111917
0.43309298542570784
0.45039889624453466
0.3743627189794586
0.5677906237629465
0.37829924183247216
0.5436287796589053
0.47607748628711244
0.540993863702151
0.4370363378879937
0.44671216497664135
0.5688507956069251
0.4967002813047573
0.46943783383543203
0.6469131270595543
0.5575231275684922
0.6524847439278088
0.5527910457037706
0.5746731250566006
0.4909862893383758
0.4730439059824023
0.39095025148489426
0.6450357390028391
0.45889066625189723
0.580140720325825
0.5730946078357089
0.4172783958989638
0.5373403191817872
0.48612376588600215
0.5799772459882783
0.45606323449453434
0.5770474223774664
0.48508164140878995
0.45402377571521924
0.5455119524561871
0.5592338365454488
0.45588888268949845
0.3999655198500368
0.4759917974763165
0.43528364893357935
0.4269051637818072
0.49488993667732684
0.6694683817952549
0.4355927656419047
0.4505096983002129
0.40692161284530837
0.31598565360491604
0.32502997805172984
0.4904793057443321
0.4294176677138292
0.31177618048949274
0.20285493360424844
0.3346112068440972
0.41468706814637135
0.46086281816321495
0.39056560886011504
0.529572501071118
0.5815971711834398
0.46019636774817185
0.38998224248323476
0.5023728100887985
0.5082310406890174
0.374251189900032
0.4866767241351125
0.3426249723798147
0.4481258214607166
0.4661491294010468
0.49330967864553643
0.24882642999447058
0.4876573120688533
0.5419473666832656
0.37551847579952446
0.35466265530889174
0.5446570238625333
0.3717176740774949
0.35926571398247287
0.5021887869886521
0.43944606314957946
0.4793060401766829
0.40106567648394226
0.42227590137249554
0.3901872895742619
0.31282628957608805
0.5362770233552179
0.42234448131897684
0.4486276200631752
0.5019368900001675
0.4280424149341545
0.4652673333078044
0.5311680995135146
0.3246098578182243
0.46056637241557163
0.40043609440734457
0.45091728376762585
0.44448353087370096
0.5124135597906104
0.3721635091319446
0.41992948285134946
0.45134381417956115
0.48847831291908833
0.5169712619723498
0.38339004548632133
0.5287335965541848
0.43921531156108307
0.40047487066424925
0.4635960893207862
0.41019556377568
0.41026993802262773
0.3610179905361336
0.37451314501696
0.47008367866482964
0.6161250352666391
0.4012556182978478
0.41019244644181896
0.37667849379620677
0.32702695803270043
0.38301741237191533
0.3914834842482846
0.29816000632454404
0.23722453419402154
0.32682704607227064
0.3534001748700913
0.35827302650351756
0.2984804298611856
0.38011347860485745
0.3936962496135153
0.4094508699293886
0.34534340736171926
0.44383749194366384
0.23780041001968574
0.32187164538049606
0.41389083388288017
0.37336480748932155
0.38457085055315116
0.4345075126075426
0.4297392461390812
0.4325555964495983
0.48922294189368626
0.4722798295506122
0.409889912496973
0.46401929944381337
0.4110416915845893
0.27901908111125623
0.4208741208010677
0.39482394953895084
0.5571355085776306
0.4783986652280046
0.47078082196559223
0.4812498394897794
0.43841521358949276
0.46188784002439176
0.4430933409069304
0.34732245397578454
0.45121631416809493
0.3826292649095383
0.22914174302631984
0.29641653650754035
0.4003413933266828
0.3287934618088505
0.3350575819080769
0.42896879442088265
0.37775870502586106
0.3146403045804297
0.3436333971870664
0.3392112348698977
0.28015651433477134
0.2658520598825615
0.24836319024978898
0.3008144652047085
0.308828841707754
0.4053503706142034
0.3182583248098553
0.25217361500728774
0.44240568246120493
0.3611926349789848
0.3459469054313568
0.2662406340288052
0.28424787378920485
0.3245999290773466
0.3464239925963136
0.3400014575280971
0.40678174286894536
0.37403915573893026
0.28716746439441354
0.4041828972231881
0.31729741844377096
0.3106367372571569
0.34192551487063105
0.37979955007251553
0.3553361628491586
0.23490144340020774
0.3940897816282201
0.3820369200378616
0.38965855320062237
0.4384484195133683
0.3924717237153188
0.3595651154823449
0.4734765116559102
0.42702729729900324
0.4330924889846671
0.30654619044481624
0.3213933245351156
0.4292854578968809
0.4736548403768991
0.4573174940557567
0.36521018400452
0.3790130495047078
0.3654613957311442
0.35946299651613356
0.28034619579273834
0.42971916997301174
0.4069018034886128
0.48269985063462284
0.5019828777324504
0.45266270131274833
0.38012527922213496
0.37320647324112566
0.4460859120065259
0.4302849318328817
0.33701321014180874
0.4363804533555575
0.44482474052351545
0.5438543572760121
0.4350804697752023
0.5192566915239396
0.5002385888201801
0.3959910296901934
0.6142838629396977
0.38521418867210966
0.4777226312610001
0.5817566940567871
0.5893201218899384
0.5972630430233776
0.4861343554801445
0.5066678603247556
0.5232335440625482
0.5474650512825877
0.3909728130687957
0.527871040339153
0.33400404684135343
0.399734810024726
0.5737990778011073
0.5074496711808005
0.44490679386532017
0.4375729823107133
0.32767129190973954
0.5332070785424343
0.4008958463967456
0.5217943698739286
0.3989383451648242
0.35077978946850097
0.42790350102202823
0.5066763813833052
0.5541233380870403
0.3689870358897034
0.49169124379292317
0.4910785074551917
0.40876784872296934
0.44138842352666496
0.5172949771237236
0.48574193005870403
0.45242529902719625
0.38206618460881275
0.37395581623930824
0.4397803607725438
0.505300753975546
0.3742839610391554
0.5077162241801578
0.4539366643142679
0.4976238764660085
0.4746746099535559
0.5109855273579139
0.3984318990671436
0.4424844406333308
0.43873608811683446
0.3368807521137558
0.43589882175868766
0.4474419472028025
0.32599712683336035
0.3347943797712567
0.3887512883580604
0.2957341955182261
0.4488805081016492
0.3870231769776269
0.33188920027220736
0.32567044041517695
0.4420505583603998
0.4027819036391103
0.4011590203203475
0.5087787419519696
0.3557839788509746
0.5126022603258994
0.5434190578181592
0.4051395698191427
0.4684273417003627
0.5889482336387122
0.4355805014866778
0.45156230966171756
0.5113553897503516
0.42173290553605625
0.4740441503809428
0.22652470374579656
0.5309367513168074
0.6581821058244457
0.43779074890787295
0.5632361685933448
0.5555226988295541
0.555477423034219
0.4825278167919481
0.5647235407778863
0.377944274238584
0.6024453065253119
0.45155391225106445
0.5083843983840545
0.3878676072931203
0.6765091696545722
0.3887966567977199
0.4687462849848028
0.31588649820533676
0.43751345299237193
0.4671279383610988
0.3117670915032106
0.4597748649920275
0.4226649839159332
0.49389701630337535
