0.20445986938486965
0.3048164118769054
0.26980065111330565
0.28297020935532935
0.21304125186148912
0.2801499592047137
0.21345078327639622
0.22712919234830353
0.22074019478404777
0.27695732422006586
0.32116409170816074
0.3577095651096259
0.17236473622011003
0.32868141032488657
0.23697455116256116
0.24893011302544807
0.3009782898578653
0.2557034105370716
0.22485520798513697
0.23901016324770658
0.21732996439245036
0.2188604885019917
0.3098534595794873
0.20547183721976603
0.26076164553935005
0.20271240305361332
0.195476655215522
0.25954592703417156
0.2689107624572647
0.2040540769798103
0.24615770038576434
0.2503879735118599
0.26574250840419833
0.22352165740028077
0.23942919768336834
0.22482596025281348
0.1482410053932655
0.2687964476849512
0.2942177189312532
0.26324596747026935
0.2464741900665436
0.28509813566576653
0.19617285402954257
0.28297306434554886
0.26989760866120677
0.28784868600540053
0.2473361530879087
0.25896577780171465
0.2618841021299024
0.18930615280502244
0.31675405211260443
0.25472866157733814
0.34193977030445705
0.2798117878327729
0.2812405066184837
0.3108352048506595
0.1980719422834061
0.3396861693792363
0.2563824489700748
0.4130354102293464
0.3117915454016652
0.312277012707479
0.31517488231808943
0.2839828587858472
0.3683737995495411
0.3670292437447228
0.33085404393041307
0.28619955614046677
0.362545357690018
0.3671905013544449
0.3479745788728349
0.34350185454888443
0.41466245583808287
0.3824888950392867
0.36708166750382604
0.4497622811608776
0.37873452861648393
0.38926163804103725
0.41823248856806616
0.458733747381577
0.3885631438199535
0.4440972680226971
0.38661534621140997
0.4166109964289767
0.41368285199982335
0.45050819104938067
0.49447454172625405
0.5324122369664914
0.43738142366965116
0.5370462437592527
0.5250658791212717
0.5882291307647313
0.6068349729102902
0.6772021451485855
0.5668937675464579
0.606906075230461
0.5778478013769783
0.5953571053220934
0.6165599921745618
0.6149952211192589
0.6112170285284118
0.4788247049601613
0.5891397587495468
0.6108319338512034
0.694259058834502
0.6197242692807903
0.521160148244993
0.6106205126301216
0.6355977211582217
0.5493988559989506
0.611465124007686
0.49211576149009395
0.5690791589376885
0.564824982022313
0.5611185563517589
0.43920490325938566
0.634561374167393
0.509865167449197
0.45068370839035027
0.5494435655770173
0.44470563460362394
0.5303798301817826
0.5613579734724912
0.43545084351656305
0.44759474924911347
0.5407367370370304
0.5160600376007413
0.49836441301137274
0.4098522744604908
0.4970001480079692
0.4659019193387718
0.5366310875950673
0.47299894610655124
0.4967500308252697
0.5452353150667262
0.5081605784797163
0.4695725933277151
0.4127305132547442
0.5379200336188225
0.5814956699424925
0.5141915212061621
0.46499986266621907
0.48631210921512813
0.5230730365906302
0.47982619595755904
0.39821691034120227
0.42003213894578634
0.45580890134761015
0.3795727306614961
0.4109484156765105
0.44645035273727585
0.3784408337052388
0.37102920401076733
0.47126648654751946
0.3677701115505431
0.4277569097003451
0.3215448581136574
0.47500015701812043
0.5272815065204273
0.39709344467458657
0.42860056324200824
0.474409633174825
0.46817223292775206
0.3957195505793365
0.4874952638363049
0.4944169980095683
0.5382828890510265
0.49897494765995
0.4721380395964491
0.4486570356841765
0.5785931400137734
0.4682648424181363
0.5139812140781097
0.5411536300397795
0.444407492705836
0.42993522589058036
0.3613764488485595
0.4961420229254776
0.44830172270236673
0.37889904378146144
0.395621128628189
0.35506984698693234
0.3714626371856411
0.35807360743647565
0.37637710396164176
0.2963544869599571
0.36641087391730043
0.3056889790751819
0.3768557659651357
0.3620297248949181
0.313159093326741
0.2808761593873032
0.3787756889255013
0.28336235183780295
0.2759702319618801
0.25811788730744045
0.24597974533213285
0.3560152571489057
0.27770537300484
0.31642932620992936
0.4192642153197248
0.4026041830702829
0.37124779048362433
0.27667394050361716
0.26549414226525586
0.5256068697086669
0.4392635838988759
0.2930550854876659
0.3283812421577185
0.39624326790515935
0.46091720813481907
0.2858223245451619
0.3562565782728887
0.3332354104241606
0.46068452554410355
0.3784356893958961
0.4348876174891257
0.3384979972808012
0.2966114041180287
0.3216703924521557
0.4003930330973702
0.21473214727814693
0.3049206965143215
0.27179162692932907
0.28200225428302816
0.31561266177483094
0.3204561553457227
0.18946728890960773
0.36138226333863605
0.2763483026782553
0.4255541945683723
0.44654548060552757
0.3177058163083413
0.40369486543339067
0.41072853018944533
0.43367154715174505
0.5039806855941805
0.491459594686868
0.5416974139770012
0.5354284957032942
0.4954009351928229
0.49081076638804466
0.45938073585418426
0.5461273339944566
0.5534398489809357
0.6473430532606277
0.6263758183916344
0.6461659624814055
0.7758768777134963
0.7431851736053219
0.761131432852294
0.757790865744038
0.7638872033468571
0.8098357038486659
0.9198847443365518
0.8750201137929343
0.8275639986073229
0.8935253552658002
0.8529158082332977
0.9754293986462694
0.8574497346185759
0.8157168208484835
0.8775409149143003
0.9337860399963049
0.8014979412007268
0.8101782443322496
0.7950539624352182
0.7860824467500059
0.7765222363938192
0.695109926585125
0.7726036477881539
0.6604389601112486
0.6109478910990095
0.6887126375001846
0.6004270433744624
0.5708884368852702
0.5340205697694975
0.4731084737286717
0.5761394396603157
0.5268135060219468
0.4532457910722063
0.6009335729235377
0.42948062976777024
0.5891834686371245
0.49532617148404007
0.5457174198003188
0.4369174970177211
0.48497453653121186
0.47499202733517554
0.5357123172440983
0.5455894599250388
0.41215206078191224
0.37832413550439553
0.5043807053637511
0.4767463773509798
0.4881963796765729
0.5882069663506565
0.5116857491794674
0.5171285580864159
0.563111518611888
0.5976930146894688
0.5754252058312237
0.5699763244577392
0.5777393396516952
0.527296522678226
0.5287813192553913
0.6566095616029725
0.6256104686958934
0.6162035749926253
0.524263523120941
0.525140174819663
0.4891116824383547
0.649337374653373
0.697329355395514
0.7107829302460875
0.5383652723241108
0.5481838396361911
0.6223341767903698
0.5961668185979749
0.5650163396759658
0.5738368802822011
0.6448945134510194
0.6249858112947198
0.6154730277671756
0.6519586899479506
0.6262740242290273
0.6298404189075022
0.6928808027302057
0.5931499538574732
0.5273616626221098
0.6501806258836644
0.6589880873116939
0.5239582659432191
0.6286751349270152
0.739875406400438
0.6552060397864741
0.7262831231627611
0.7452162605753606
0.6430853615745297
0.7043356584123399
0.6966406013711827
0.7477197260337687
0.7709617448153885
0.8246441728409202
0.7506416376806312
0.8188507635250895
0.7479213697694651
0.848792487277017
0.841415099708688
0.7654822400887931
0.8118028781020693
0.7585791010210855
0.8236229449955428
0.7051556986101963
0.7812165728968318
0.7125674777128632
0.7730710980890524
0.782843944464025
0.707083739331291
0.8282378432664704
0.8455386507383698
0.7760435850442202
0.6935817143708178
0.7552151848870866
0.7129425967929706
0.6577169530785414
0.6897094813700105
0.7429961019731581
0.8205043834994745
0.7423524299058935
0.6454631554621242
0.7912026437914619
0.6576608359691407
0.653819494951799
0.6685630530589138
0.6508627701807501
0.687356396909096
0.6225935471346176
0.5312434463325356
0.5869884676861883
0.6364358202155812
0.6542190954144986
0.6662200360215296
0.5903017367249219
0.6013768629806814
0.550262211129274
0.5152998788885499
0.5071170147432862
0.5946643078909118
0.5565033818405514
0.6092420264524242
0.4997701564186613
0.5211955927392954
0.5365275083977046
0.5109499889016853
0.5949821668508742
0.5885111393677211
0.499500470313662
0.5589275889147702
0.6243886170984423
0.6285447381000658
0.6741266641992922
0.594388434663172
0.6678861624004276
0.6401144468298797
0.5797205349383632
0.7758681255386812
0.6594566519592857
0.5777360059971891
0.6571888351867188
0.620131488546799
0.6209245505456498
0.6456345707998206
0.5457728177718009
0.4750821689268618
0.6320849231819666
0.6933361392987245
0.6693319248816383
0.5562979582550762
0.6139347651248376
0.6493849772712846
0.5747556539308043
0.5410563640362491
0.505513189298895
0.5839879997975557
0.49233445272625265
0.4547550637050164
0.47612147516388326
0.44766973542137234
0.43353291384923565
0.37561967569056315
0.38679401076372155
0.40948176242901657
0.26225550705925055
0.38118257555661217
0.290242838441575
0.3427675495424385
0.41424669646050405
0.3089483888692812
0.2221373623131185
0.3753265573579736
0.3162858151991187
0.3142540656582711
0.24980779155672522
0.26013531674496837
0.18996835656180094
0.22674127832069127
0.1909481808088567
0.16416841432823479
0.27039420167746286
0.13466219020096534
0.1788072972565794
0.13927888771184205
0.215147764350127
0.20166852350529302
0.16122469552791285
0.2714245320078724
0.2937673105502053
0.303960718926464
0.27946237913815547
0.2271230209527415
0.2847861784563549
0.28101285444189905
0.2298928036023234
0.20722979662302776
0.20659045434945977
0.21757041849230463
0.21228826068405068
0.2484780187923345
0.2501274147509813
0.21415254570663045
0.2030034575745257
0.2845131480429546
0.28168156595292737
0.3206648882339438
0.28088842227421407
0.3067418160126298
0.33850361137618445
0.19292272141898842
0.2715235777192109
0.2502654650317652
0.29744204773180405
0.36883505968372904
0.2647869927690695
0.365790261444962
0.20596894187665052
0.27488901989684916
0.18967646474620026
0.29750339615735716
0.33301497397852076
0.38092031217251954
0.42828829504032573
0.3962675529516849
0.3893363510169863
0.412389135314046
0.48773906985448523
0.3051992763387421
0.33679749864604214
0.3965103354349443
0.44827268754061667
0.39899034279201695
0.42521545016907425
0.39196584140039503
0.39029442942121223
0.32501243588587403
0.36672822884655937
0.45922817258384674
0.43184135687642566
0.41790415099495615
0.44785685181012314
0.39052450358328034
0.4263524620096306
0.46966833303394195
0.47839267048951417
0.3904415860934565
0.44326112649172794
0.556552682740073
0.4967551132405552
0.4426749319348009
0.46849014541085393
0.4592849307026018
0.4701835645323269
0.3648506792172662
0.369371688008414
0.5058678737008945
0.40594040795529795
0.4321109052417813
0.45228382247428817
0.44709678898298766
0.4837774220098352
0.4280044047565319
0.31449740518804503
0.3737661399407992
0.2874544239051327
0.3466061459134743
0.46499475843581495
0.4403670740195291
0.378058449937002
0.3213872578339207
0.3736040158142766
0.4616467056979384
0.34405853198214076
0.4725568901255885
0.1898801317580396
0.4050224660715042
0.32376370856974157
0.24519922119215173
0.34251423822052596
0.3622059129239499
0.20863885491367382
0.34827617313995984
0.1656328484201146
0.2802266923621029
0.25448368692833223
0.2798801173499148
0.22368149931027698
0.18217001939333596
0.28771073632782596
0.22441984391861056
0.3088879171070953
0.28829624091821393
0.28887963248607607
0.3598916679985726
0.38563935734121957
0.3524588525263896
0.21807639606814855
0.15053799060273693
0.3084019023940053
0.1882212638778652
0.14181913675769947
0.15890353597095908
0.2518232847756529
0.2912710392612877
0.1579032640835564
0.22378358569400653
0.15301925425697177
0.2579194620627175
0.3342014587029051
0.32983875766086085
0.3493963683144475
0.35912054110138786
0.5330029345697426
0.41652073916642945
0.6857660182022912
0.6095310092980702
0.41218255527362535
0.3167109624339195
0.3383369796373828
0.27104181771522373
0.2788036389119374
0.2791348368022145
0.25476229592413224
0.2387811806025567
0.2842752496096007
0.28287286725254834
0.3867797406322431
0.26370461790748895
0.32138952838189533
0.19390673249461543
0.3757227840872286
0.2526534177634564
0.3795889682122674
0.2754707398178391
0.3198059491431346
0.2024995504563601
0.2348709276551414
0.3041872719762054
0.13904821165543427
0.23306541585947343
0.15192958578954657
0.20096858771073808
0.17723029045643152
0.1720526346757863
0.3788820135301626
0.25337520342851677
0.3760209855960962
0.22017093611534877
0.13687014146870985
0.2009502236932399
0.24558462559331032
0.22147701360240624
0.3194462198681466
0.2718602131546098
0.25267753569602774
0.28481119684599243
0.3361626896048342
0.2729492540568815
0.2931748073654009
0.3595733615750166
0.2885361230053676
0.4577329067791079
0.3625498830587889
0.29616378731115817
0.24263665046043495
0.2560023885119597
0.3512618965451183
0.34251166149989953
0.2917859138541872
0.3670449734598282
0.3884831259652429
0.3412320267267873
0.35239764437712173
0.21080669933969393
0.40458271843447724
0.4030563564466171
0.277912733569908
0.4256934924710039
0.4250285263114275
0.273564597163442
0.3617155349334929
0.49096672774358696
0.36153160507403015
0.41923536989877297
0.3076501518880163
0.4232621442431059
0.46404740723562227
0.45033299662289783
0.32239530452809617
0.3964968148810847
0.4427312053013295
0.3164034849337283
0.5295825621773493
0.3106680264655741
0.34383352222520214
0.4131102835210503
0.35478567006262784
0.3671683828535847
0.3970599681069055
0.38888464438272263
0.4262751527809142
0.3199080542980126
0.39508857770135297
0.2768845243792777
0.5051709699541489
0.31359382475483055
0.39220858659502156
0.4009585824349292
0.441417424794459
0.40630529143253125
0.43933546674369395
0.37450059105780636
0.5166446921624996
0.39347607339109136
0.3292772324516751
0.2771699389310616
0.5362542273641053
0.38388982567630114
0.3703587942181291
0.42982455424305877
0.5051315601815601
0.43203423118814355
0.4958478853702579
0.4839605842815232
0.3519311486144904
0.3287785401107583
0.3315718937422308
0.32739451289295823
0.391738926625549
0.38376593000833314
0.4036374987742948
0.526922290915381
0.587496407861706
0.35302600831912945
0.342593350494154
0.5154851288163469
0.42468785279612586
0.47876409089237676
0.34361416816457047
0.3780401566918069
0.36714805674374107
0.3785161055033517
0.29486492733069475
0.425019731521032
0.39958131562089105
0.5149442655683644
0.46581444604047684
0.28027841372512285
0.4109815837885624
0.2805659712318045
0.3896059589934216
0.4613789786413146
0.3111544645441618
0.4065298773166438
0.4685573215170205
0.40153330046386854
0.4591563693895777
0.37281983307598937
0.45288053825994334
0.3522602715318669
0.4059039472823355
0.4754373571059004
0.5492913858469031
0.5313693571086603
0.5394603610874944
0.5661178753141985
0.5956380929268039
0.541946639022819
0.5869804026876064
0.5608585764525135
0.603230487005576
0.42634809594195766
0.4433107850577275
0.3601332663774922
0.41859000487684583
0.43202279372443775
0.4165055058721023
0.3595377085687675
0.46371753397963444
0.4038156291098669
0.42468767447021527
0.4464173155159351
0.3685005641592579
0.3271523962781419
0.3857528337534553
0.355562686280819
0.35488937025779904
0.3905155687702637
0.3456104189269835
0.41087817429252854
0.48522296659352476
0.43064297530252593
0.3798158680209275
0.38595477250057997
0.43370658299307163
0.41602147785678206
0.314570660102352
0.38757396060802446
0.2177960786441719
0.3815497156302909
0.36539798071551643
0.36692612241118466
0.3577990578283684
0.42390976180285167
0.422305095461741
0.4608020428265477
0.5087588109234366
0.5255323502784786
0.33782186786848556
0.2924934359830375
0.3455446623255054
0.36396981390303684
0.3649719991792645
0.4301506002140682
0.3728386049854709
0.35674057965347117
0.313046459586874
0.3837872327252266
0.43822387915544525
0.384260466569173
0.33857646778408235
0.32164837237299293
0.328154349197991
0.27102651973653347
0.38477679744806537
0.3338867766329925
0.27838585504062763
0.3636941243281552
0.29125030246915484
0.3264143682426909
0.37059328898566635
0.38221219537368506
0.3442262653844274
0.34119112211125213
0.3130307494039095
0.3514580466759117
0.4290942061439815
0.35063782282519707
0.2812090121826174
0.4456523612826332
0.3794572447217154
0.4114254795957413
0.27356927701369166
0.4697028874206762
0.4535053103173213
0.4735509345576478
0.43746142655817577
0.340866337612154
0.4342135939967391
0.3651129283961655
0.4505683878396076
0.4136554055367623
0.37783907380758763
0.41838913151922996
0.43890039946424503
0.458076521023118
0.2797816659737238
0.44703143063425455
0.4161734569385389
0.5405558780359948
0.32738183526513137
0.3273979173197673
0.4534346338992899
0.47899340837422943
0.4282392270045111
0.3890815484034255
0.2081573681059964
0.3351715143681879
0.28721455779882166
0.4318314200899424
0.36252791498078074
0.4214240926615321
0.41678587047761434
0.27994906656862106
0.40817351991827877
0.3864702997713857
0.44138487613030725
0.39382031520025507
0.2647290624681905
0.4364308466222242
0.43238763306410566
0.3702361498755057
0.3350807474943256
0.41726726419054183
0.3566143568704189
0.41840411673000016
0.37504517352983147
0.37307120437433916
0.368684330658996
0.3759486781174595
0.4376771778266183
0.4585946130923343
0.4388133571413728
0.4890339447708572
0.5342511789092976
0.41189045591000173
0.4059332363619184
0.5025203252473854
0.5224495135756193
0.5578496285707188
0.5455458322246518
0.49550411283980644
0.5334864874720746
0.4821747928456639
0.5286092370345953
0.4062169049432287
0.5009552160577455
0.6118914553468267
0.5273536392244516
0.5423397522780666
0.42390328119066795
0.5989442801692739
0.5560341536074941
0.5869983382663235
0.48206186307971194
0.49775155784297953
0.49099671186299243
0.6859999531330081
0.5653183390447681
0.550961613721746
0.5469600883477802
0.668964889063933
0.4999891878184703
0.5185094177997405
0.5331164614611478
0.6046592496751881
0.6414909775105001
0.6059802819333154
0.6655389489966993
0.7341714674809029
0.6802395270080501
0.620544031970046
0.6368510905286425
0.6291140325354128
0.672708374308552
0.571274519330752
0.5211919922300838
0.814332396138931
0.6705726346343883
0.6888180915294188
0.6819156277157286
0.5535860741983523
0.6193215114601818
0.5977451835160824
0.6806954680582831
0.6347307502988366
0.6473404780619862
0.4601337039481833
0.5212584081047366
0.6035908773293879
0.6518399936344499
0.5979266064125652
0.5310724601946127
0.6166599472719454
0.6781902386192454
0.6452642020886018
0.5515746385914682
0.7319319002721553
0.5465213604407116
0.6222967306321117
0.5599041092113942
0.5023220664063571
0.7738200207468879
0.5790208109533892
0.5901365135832495
0.6041993474052956
0.5964518313457157
0.6954314948762272
0.6888588797131006
0.6332398000826012
0.5570927548095133
0.44563504507571694
0.5577474424969711
0.5988147125704923
0.6355786613399085
0.4416885512046085
0.4344282813976579
0.609330318578656
0.3878354227938401
0.5365938309239431
0.4478020915503613
0.5252317536725295
0.570150922519761
0.4616485128014768
0.5749293431141096
0.6090601946493014
0.5950370841287564
0.5336266960290721
0.37848698155914257
0.41563446750777105
0.4502101437683278
0.4538814983382359
0.5545915527964831
0.4160554660650916
0.5927599971991417
0.5447059598010883
0.45671935785544765
0.5624737061869218
0.4189500837010584
0.4334460277834914
0.4698695848584976
0.4439167068233957
0.5234089896694151
0.545778983333087
0.4496690184852588
0.49437551174209404
0.5529133073582577
0.5744401814433417
0.5287527678312111
0.5422277118586903
0.5892952394114893
0.508735708966594
0.6198950294039387
0.5825165979568223
0.585604034352054
0.5047362811416397
0.4476667419305166
0.5495418010850008
0.4801706959968466
0.39003324182685933
0.4528793589752227
0.4981974038202879
0.4399911949615721
0.4070436865200344
0.4210878714597208
0.3364374687790141
0.4182201916901566
0.33008994048673324
0.4467180354026702
0.3385852968191406
0.30559623133782565
