0.347178471994269
0.25000294554649527
0.3534668589981251
0.3611568477076792
0.3287943719003678
0.25459884686636197
0.29812852754735486
0.2670100603674985
0.2682375556567995
0.29889220698447255
0.27209048786687107
0.3064529141175742
0.3511830725707986
0.2366889044393645
0.3159877969428597
0.28400221172399764
0.36948674147588534
0.365466317146952
0.32680667861881135
0.3256410072036896
0.36988917622799083
0.3363557769161001
0.2593286266039718
0.2386343951880019
0.3537460303692229
0.3239204059803622
0.2557401230714397
0.23650270293781167
0.2922626978177165
0.31629979939747616
0.3057476442652148
0.2553494006390121
0.3347201354995213
0.2857569377280489
0.3008831183876292
0.3350328614256612
0.2052076864853724
0.27665393277718525
0.3095403872918737
0.29742632203679636
0.32387204855884344
0.27112416908344156
0.3153660309179958
0.2740081774539972
0.2606167276457891
0.37553744504195075
0.2792305182834762
0.36718017653901647
0.30131751576169474
0.2650589522202329
0.31070766784994286
0.3511571785827432
0.295640484580331
0.2989729187885617
0.3613507023008117
0.32092538260087
0.38311337165170645
0.34949675836916927
0.30159307807205527
0.28660385668363214
0.4157206382836839
0.3779513648724542
0.36958748207198466
0.33965045165290303
0.3159554426013631
0.3641538629134493
0.4302124720550165
0.3577527841915314
0.3738321407191346
0.411421834114238
0.3685892516800863
0.43957663617866516
0.39548719185313275
0.4013411386841652
0.37879022328570755
0.47811841649680287
0.4659493293306538
0.42679632975995757
0.40048125531932066
0.3727118551280648
0.4989611499925952
0.47905218485306217
0.542263829920858
0.5248263004747244
0.5357872066261181
0.5463289340997006
0.5303264505082974
0.53857492625183
0.6145975471559721
0.5701402438478924
0.6040734820152295
0.6672223163319133
0.6267137826613253
0.6425957947719063
0.7355486757154113
0.6280613920084215
0.641429680336241
0.7403618225052145
0.6488312197500303
0.6822901378862687
0.6906168826187782
0.6743105935618013
0.797678305661023
0.6787446118234807
0.6460119370258914
0.7335258611238871
0.6313365739645337
0.6382089929464243
0.6386048224782745
0.5720424246354731
0.5956886851209888
0.6190850387283571
0.5489801966619494
0.4940013475895496
0.5302663039182748
0.5420239674019536
0.5898507070734688
0.5184736643200315
0.4369429347848214
0.4613141102456084
0.5257365074573992
0.4464567415628773
0.4289513369417463
0.4957952123597503
0.4448997860329683
0.5181702934138265
0.5066018619288019
0.5145555638126628
0.5480094175250156
0.3358092155384121
0.4766205427632425
0.5473568036995891
0.5629658073781101
0.5322815679380855
0.4954334566772802
0.41234205978511584
0.4239741017665706
0.5300898306730445
0.3756729322329784
0.5410698212918319
0.41960324321785547
0.5207555780757802
0.48900675673751176
0.48796371875660793
0.5210650522820623
0.44952776933486355
0.3945297598087911
0.3615035539173918
0.35401336131188377
0.46793438391679276
0.48816068808892743
0.3987644590781093
0.40135871587129895
0.3975263407016347
0.38357489744173506
0.4694884710673534
0.35038180321433965
0.37720525391485343
0.3772793602933189
0.39912532091549624
0.378676765543806
0.40320053788230703
0.4849678780111955
0.42718820069418706
0.4568535510445868
0.5219829455438377
0.46957941432122674
0.41965374542397815
0.40289119954770636
0.3848794611778782
0.46720830249052836
0.5217289700727964
0.4566644549176141
0.561511830876859
0.46409368385469496
0.4087367275097613
0.4064189099496656
0.5137812524575336
0.42401198059806683
0.42125446169840985
0.39946571102247674
0.3533760435244214
0.45845156093420225
0.4040476610150756
0.45023943152267615
0.47191872531912904
0.4511317457903277
0.399845358927086
0.4934885622361016
0.31241143145853634
0.3189506362311939
0.2865326359765277
0.43131970821433974
0.26993522537118486
0.3156180571561492
0.2952220642455844
0.31416073557460156
0.4394345866072142
0.3648784888944183
0.3261761791828486
0.3529841977272745
0.3385264207186777
0.3267669780881548
0.32514836897547894
0.2997120752354655
0.36317694630314973
0.37046407424455197
0.32573378858618907
0.342145882868519
0.2984391337848997
0.2878878383244328
0.31046380442754357
0.25534526390490925
0.317753222472174
0.28170177518321493
0.2582408316778906
0.37847438188105464
0.2872751546725199
0.34983186237769803
0.22897091104829248
0.2237470469608982
0.27700951652548494
0.18990013869453076
0.21019819186324043
0.2980229688461351
0.20430359122287606
0.28715730475939705
0.3200829659350022
0.23149749692581748
0.3027342857662609
0.32943844823607443
0.34697535627559817
0.3095837136823961
0.3847833681901186
0.35732742585770105
0.41713832722934213
0.4516759754571655
0.373218486701902
0.38453513880149587
0.4443331869092112
0.48091666552066004
0.4024527501334338
0.4842713165971472
0.44908316568917006
0.4448276968232317
0.5058544147627533
0.5629477018604321
0.5949728690713554
0.5521370857665425
0.6403335694717853
0.670676269481554
0.7148599085343753
0.7095539537999804
0.6808077736505063
0.7868080620660807
0.722370939083081
0.7334273165723246
0.7380147740093523
0.6570319509732634
0.7321354188041979
0.8175643307482918
0.8992931371671801
0.8002308960147604
0.8605934994617694
0.8121130574305757
0.7344265000375301
0.7485440064635095
0.8233795302862693
0.8078929394763887
0.6663092836454272
0.6028751745754212
0.7702113656906866
0.6315324202607233
0.5032288764311055
0.4116027077864961
0.4779452466010262
0.5426053182144017
0.5355988591488251
0.2868435831665602
0.3797033837523632
0.49598931372345817
0.442704950334985
0.4719368392569082
0.4111817846690873
0.4155243062914138
0.3910140263230555
0.43018161550576317
0.290041917693218
0.391807455333099
0.3544874422942561
0.42929725958916465
0.30217367087002817
0.3991745210864597
0.438343353035029
0.3211631339745015
0.4191939473976395
0.376683641625573
0.3722716608634579
0.35504994703085824
0.40183179268472585
0.446178064102593
0.3804044741129352
0.5002019579136838
0.45495869907200603
0.34445501885248025
0.46939408066512756
0.34578204577564475
0.486308567349473
0.4008307189273407
0.5336532239851841
0.37957640045279833
0.3662970296257274
0.4106022557200942
0.463600416213652
0.4324544299251375
0.4719949685960547
0.5032341281098265
0.4372502209970049
0.41626040702198625
0.36729133612725146
0.46403315449919436
0.49797189115690155
0.3768543001542916
0.5148695834770817
0.3724057435405338
0.42438927962303413
0.5926501223018773
0.40769181698050067
0.4700007971761604
0.5244711077477091
0.44979675176741973
0.3759472257367742
0.4770288003644452
0.4929393191588697
0.4632667257142076
0.5187247114031008
0.665448267920731
0.5677310997755616
0.567067726457322
0.6088629570665121
0.593081260152089
0.6603702159578084
0.5498151226825798
0.6863849924184371
0.7153346284997436
0.7567618806841706
0.630867991760047
0.6726721345329232
0.6398486521067004
0.5664554089771265
0.5800674921753997
0.6305850920092171
0.5865843862264779
0.5952395020081647
0.7021424637570499
0.6579366247172481
0.6562316776942378
0.5699505519474186
0.6921999787430233
0.735701927512703
0.6400907021678932
0.7227580433774914
0.5865270998421444
0.593536852645937
0.6751883266786161
0.5824536196752297
0.5793161123292125
0.559809846127594
0.5923286629235649
0.548536818695473
0.6235565275082355
0.571711968235284
0.5571498161863261
0.6079262350619773
0.5587518181075251
0.5825866126679908
0.48988258325590217
0.4803478787724672
0.4798970953064597
0.544791309397024
0.48547087505862363
0.46434101130672273
0.4703309558333567
0.366038193784765
0.46658997478317904
0.4522777296123688
0.3851032868542084
0.44852265253240386
0.4572685583221223
0.4875324703771655
0.5064051136549437
0.3944659619753779
0.42846459824716415
0.577937476593261
0.43118216951699995
0.4691372448241023
0.4934218956536771
0.6808238272100618
0.6537095183665915
0.5739406307245566
0.483583538827289
0.6048591737326815
0.5302805788238703
0.630863037413582
0.5345343536886706
0.5663050345132421
0.5924392946330659
0.5282437707224248
0.6159947308140402
0.5005784311937034
0.624192091450231
0.6826928367009624
0.6618383735524056
0.7715547106467313
0.5736721162031845
0.5988199439715253
0.658827457991785
0.6765186905905654
0.6310235242546979
0.5173127000289892
0.5781309479691052
0.6454116893294747
0.5221643894828514
0.5680771164816711
0.5511790923684304
0.5007000093222636
0.5066550029124894
0.47443994857796556
0.38438520657775516
0.2649033085391727
0.3759289505437887
0.3229937705998712
0.38284092498415345
0.41946708324020626
0.31058748548664383
0.3592574165144097
0.3318377271946332
0.4068326400005352
0.3551414686840727
0.3536628752982112
0.4150027024222345
0.29682243989611784
0.37226472343940553
0.39377380086513636
0.31666062726694266
0.0998350416826317
0.20987804347414604
0.3373748448404593
0.04755640202983395
0.2125845658461301
0.1560260594763134
0.05590593517063888
0.13801039169170315
0.21827517425582696
0.3637962523851833
0.17586361141701423
0.20345204975496195
0.18875855552953014
0.1710238438447727
0.31636798077664113
0.255071651156026
0.20869618127235623
0.24814608260605206
0.22752585529512334
0.18013911987322914
0.2876084716069874
0.26820406086393905
0.16299710238462267
0.16268567611547685
0.17668662587372852
0.09947724915285171
0.31892518546905024
0.21851771781709672
0.2018615989393086
0.2463631987978622
0.24981947515610464
0.30778455484545275
0.34733685668524444
0.3141362805202286
0.21771344396316575
0.22801553096207333
0.22778704059075897
0.23918314431334664
0.19416051019519065
0.23148361382190605
0.2787206522817941
0.2349907415124179
0.18108285044140304
0.25159979724092396
0.22735615838303405
0.2605688899704187
0.32961488689727936
0.2809292514771783
0.28991278915723884
0.3529795248586311
0.3293837747528972
0.3386018805154565
0.3554611920428886
0.22100014289260841
0.3386069281402131
0.3540324365787766
0.44097572655837874
0.4029500183083086
0.34546747297218827
0.388908099787867
0.42468057154495975
0.257121695656538
0.36090288065673903
0.3738722921975518
0.3814885658374406
0.3974203146642622
0.5082683509816487
0.4574623444865301
0.4277974536682869
0.5177184197295466
0.3981288275288623
0.41325289659135944
0.4196981272844529
0.3724229545148764
0.378052267422012
0.3384682579044948
0.36421514991376214
0.37854382385205165
0.38233549378815623
0.3587504533118067
0.3660781408395548
0.36779578833245935
0.37599002527540426
0.2786316243750357
0.4607147141294742
0.5350441598870974
0.3832045790913887
0.3884953483991973
0.35590059535194146
0.3043957362305572
0.35200402972570666
0.2692325602052489
0.19889517593268807
0.3224020525481046
0.3250597837606746
0.26408960330936493
0.2976518245043992
0.33910391557659225
0.2959874973228006
0.22695817519466843
0.32855854445824706
0.2750961594295458
0.26269962056290597
0.25175989297860807
0.35853770171148447
0.29848583955222857
0.07591848391030989
0.23811064612348204
0.28460676632270854
0.21070111185647417
0.31380824988958117
0.16674587753637704
0.24565431454108183
0.2984054940841516
0.30911954919695006
0.2866563852589844
0.37576098184719975
0.37071063600132925
0.308474349250082
0.2885607705522769
0.3084292268314395
0.3666587682626267
0.3735175420803434
0.24354297162588567
0.04661543937893285
0.25248297857394375
0.4094628780630028
0.32015031388844434
0.2731335084736149
0.3328915841019423
0.32300719400733147
0.24452507156832892
0.46786065192477766
0.33177340990258725
0.49749744404388535
0.37883711614357735
0.6345557631924441
0.7252900517180337
0.8141226437556188
0.5829427416691846
0.6104701085983761
0.4742341174382724
0.3968831159462106
0.6062391630512409
0.3777870301683166
0.5079712367035099
0.467766746561454
0.418878234183893
0.4410742286397722
0.4191491060050082
0.4067481743510421
0.3039892666070364
0.38573685075519304
0.42105653867667825
0.39377827814099015
0.46476071683642617
0.38031061142514866
0.4231227559735934
0.3446877732451832
0.3802702213087418
0.5346372731194416
0.39363377675929434
0.4250917567537348
0.3031835456868374
0.22750452422151185
0.32844212477118984
0.3814962605777159
0.32886129404313186
0.47979224323656106
0.42966457385277557
0.4562244560815021
0.41130241822658903
0.28428973337105345
0.421175853030229
0.3629967113674456
0.319353300831525
0.4689157432189208
0.3125194331802367
0.4237489824751824
0.482541939492552
0.4658990229226889
0.401585444264561
0.3810231928826425
0.38595466669725337
0.4997350439982211
0.6189185166872995
0.45597626037328404
0.3370122300201525
0.45601233487977993
0.41353714951406073
0.44695930450274707
0.4198446802135345
0.450583839619796
0.48236705826255105
0.4695971278729262
0.44419316284444293
0.47995334318426436
0.3515334722887024
0.4302342459848767
0.4096397420009281
0.3467571486550749
0.4433193539465916
0.48907928806417117
0.40904663676829617
0.3998933590487988
0.43451193126726106
0.44838861244871797
0.3768860503843333
0.4245924546110025
0.5208084469053679
0.4597094785009036
0.6260017798496145
0.42375147634485943
0.48663383105272284
0.5371038659403011
0.3808993842076672
0.49793023321969776
0.49037596984627696
0.3497589478748241
0.3412041561201331
0.3948217075128414
0.3620377218508263
0.524112621487846
0.4687337630221457
0.5576519447721956
0.28257297980537943
0.49278181968750767
0.4331061671974938
0.4592571286907069
0.3224913274718803
0.34203104640692705
0.41423425630422417
0.43525130918336297
0.5186676038945754
0.4041504624822827
0.5808576357441073
0.3855067092225727
0.5549982820292985
0.3144698945405102
0.4866815671529214
0.466740358242196
0.5031973645104642
0.44449765719751466
0.5734348080965384
0.4890580077576089
0.5025503514077581
0.4010158237209822
0.5241742314093079
0.5107531428038463
0.4432206641174785
0.3489734598005998
0.3521633675310629
0.4888634045969439
0.31255498810487886
0.43724711385644577
0.5111735040335271
0.508207209341034
0.4650191783320119
0.508296169270878
0.46265204136410515
0.5020161241228787
0.4615712011130154
0.45327229118134826
0.5426309653497344
0.48272153585599675
0.4427509328772323
0.5012486479183778
0.4403515433072955
0.41677913400956856
0.588286082063588
0.5400665429465876
0.5208902740237381
0.441794436983848
0.47736210809841195
0.4899292551374579
0.43078758340819
0.48026791648060474
0.40683917773676004
0.5266086225184072
0.40864083077196983
0.3184535893201488
0.45380406723101424
0.3943161825045949
0.6055640007698658
0.5452807209192388
0.47193904388584107
0.5934703481812655
0.584196284151309
0.5430236283895805
0.4670194784355082
0.5626749830798528
0.5727307724256447
0.587772964013459
0.6531982480973997
0.4837710520163122
0.5512844545732402
0.4851230712373791
0.3743809154333723
0.5870379535833061
0.47301487093190486
0.38055208263519014
0.4736245066714826
0.5466075436652179
0.509321970113515
0.5155813478150973
0.4030791299630117
0.6411041523650348
0.6444741584612682
0.5668392962589257
0.5345824130386072
0.58070321802978
0.5012153740607578
0.4988483564118459
0.5354544512097157
0.5897125474244717
0.5678886926895098
0.6841280948243897
0.5781754321030043
0.592248896224492
0.6216611559948746
0.428895446938779
0.5464288151883003
0.5947312269948704
0.4660484697378645
0.5015193830463381
0.44187530223914695
0.47179255963192623
0.39349470626071714
0.5370191279313399
0.42785907266702855
0.4657020613943656
0.4697511885338895
0.47483027888011975
0.41879518134523175
0.3036776302830638
0.3834266339177551
0.47955849243783516
0.4109123684575622
0.27985664599468774
0.34474048878785557
0.40774632851021947
0.3569603933594274
0.44423771507847726
0.33585432974232177
0.349968506942439
0.45946629640844816
0.4736009962703155
0.31756871427350675
0.39101400911319006
0.31563857102813514
0.3557297056195664
0.37822341152359024
0.40899854254681844
0.41202131533500475
0.4138013222615977
0.21700948510002438
0.4762680912104372
0.39577408330695685
0.372316698547131
0.35341119855586767
0.37680270009019506
0.46695247960821273
0.41345772290492844
0.3950149324466998
0.48395138092856027
0.37783023748628625
0.4014844991626869
0.4956330058053826
0.4728670406529363
0.46587314585698325
0.3639417667666625
0.49440677094361896
0.4331168754714472
0.406878946244331
0.42251117046716996
0.30922562682284493
0.3396063848274337
0.4168347863603141
0.2598285930310774
0.4784569937765346
0.44168972994505806
0.43934245102593894
0.4623242407459781
0.4742998902988349
0.495620978245331
0.47299327505637945
0.25448186466725703
0.34506338644267187
0.2240044694570711
0.2901362827119193
0.38841410904496354
0.35091674637211456
0.24998432065233173
0.28773946373726444
0.2554477325932879
0.23808328781821964
0.3082138281977459
0.3853817850690216
0.39043651466601226
0.32605391179712717
0.398691749327452
0.5028384347371736
0.24755338560456985
0.15727188977006978
0.288811383651009
0.20021799342957858
0.3831790006312227
0.2326042908860706
0.264041629146208
0.24180085203303753
0.3014379192656025
0.24355615680609286
0.23646313811454212
0.33759289958480404
0.3332058846691515
0.329031672408386
0.2902464380079878
0.2836084594516472
0.4239318054214022
0.3812272362089485
0.46042229826779785
0.31738357600482875
0.250868991562862
0.3170056564389408
0.32055971165349517
0.322664624983532
0.28912088356940513
0.3656482888414786
0.39243743621404964
0.42772081136071216
0.40311866845806243
0.3911505601942711
0.39971154031259803
0.38423560651673794
0.14344242541090277
0.39268121391571154
0.4381489534354446
0.5389849449274646
0.3521056900432976
0.39780032824770495
0.42815741356907877
0.310111701877664
0.43315406508685594
0.34308761031515733
0.2977947766285501
0.428301404405127
0.3882077756154294
0.3510252838586925
0.5644538152174987
0.38858375465604617
0.6128068662930091
0.3807795852670247
0.4292250008684153
0.4672962576353218
0.4297099259964227
0.36602675402992346
0.3242941888942946
0.3565913176927953
0.4379959658239617
0.38280577886569234
0.424407869358141
0.43598487254724794
0.3053511426039215
0.4008594899202139
0.5185729661878167
0.46587722311642016
0.3068539697392526
0.3681769002256863
0.41810856193485507
0.37308988608573046
0.2360430379819307
0.35808581085841307
0.47477056668517104
0.39886916628119384
0.38372625997368864
0.3600550758243635
0.3677011337033509
0.3432204584000308
0.36868317425327546
0.33901220621673184
0.43206569940113526
0.2645583731794239
0.307633856515725
0.312589249414463
0.40978254946363335
0.35067799875675476
0.3120961098000319
0.33464893138617735
0.3333840683449854
0.4330577162512413
0.2933116604282578
0.37391821510083856
0.3079550004893691
0.31747704832850954
0.3605473477987094
0.3306519666092147
0.4572684815965174
0.38529781370000504
0.169867220177503
0.22869549397440891
0.3820356467559086
0.29493255923342543
0.2486478965265791
0.46354960792658284
0.4429714730711528
0.3502383914758848
0.4165104071784256
0.4212003416007121
0.2791340847539656
0.2599986651510904
0.2939041957227236
0.3835818181488061
0.3239849102808019
0.4292077043787036
0.21579659204877938
0.3479628958909241
0.2937485607492802
0.37778976247061513
0.2856476168845449
0.27122174335183147
0.4624088586966185
0.36279602191120053
0.45594166731171315
0.4105984505326098
0.4260060584521539
0.5008876751410234
0.5303772168180818
0.3583620119464013
0.3206676703299953
0.48052412175873516
0.42126305915567985
0.5247136260076017
0.4575562668954246
0.5583020727373098
0.43516567712395027
0.42728305153219004
0.5485309964624807
0.49688419033058523
0.5246220274234139
0.35792015789501896
0.33672404437623915
0.5333809136000494
0.3869607111073483
0.3941348411265211
0.47820808264723125
0.3547755509661225
0.3581931913409405
0.44845973950786766
0.5318799084103205
0.2235024262633497
0.27517327863522234
0.2683885600674738
0.34265557056942425
0.3022667423147451
0.40676521614296135
