0.22107224527822478
0.3333149826374185
0.3058143474210215
0.38842635724570174
0.3312484119590074
0.21483865503514865
0.2339501990344711
0.27000508173117643
0.22137714914881004
0.3040315067332938
0.23842635724570171
0.18981536376725672
0.39953417464216145
0.2831837045820277
0.3319471499957653
0.33418734648937076
0.18816380113491998
0.35980774117049213
0.31972135174049293
0.20759718810874905
0.30727534513424243
0.22057677648852375
0.4557889387651393
0.326751079867875
0.35022867790293893
0.28473786736681633
0.24465994748877784
0.18770221055306174
0.2662149572287626
0.29391886169221654
0.262390954518506
0.3112856779876345
0.19926738375539935
0.24394003557211824
0.22938511052765312
0.25713559752689086
0.3399466418226476
0.329601084102651
0.20492504446514784
0.20729651901414417
0.16309816210722455
0.22477767426103157
0.3245744050139748
0.22534936901837893
0.14730244770051665
0.2810027949521471
0.25379012450241384
0.3112856779876345
0.2544465147793682
0.1467519268230711
0.11957313458118067
0.2829677310070297
0.20075379012450245
0.40227830947742865
0.3962606928093504
0.15315067332938087
0.2488312018294232
0.30636063352248666
0.36817989328364537
0.29444820868976035
0.27158888794782754
0.3334335563648683
0.27666638434826796
0.40623782501905653
0.32412551876005763
0.23774455831286528
0.4435927839417295
0.2556110781739646
0.4657406623189634
0.3836198865080037
0.13212501058693996
0.40579740831710004
0.43804522740747015
0.2797450664859829
0.44753112560345565
0.3908740577623444
0.359684932667062
0.47243160836791737
0.4793342932158889
0.4862369780638604
0.493139662911832
0.42385872787329554
0.5366731599898366
0.4207927500635217
0.4065681375455239
0.4346997543829932
0.5602608622003897
0.44863216735834677
0.4302108918438215
0.6277631913271788
0.6347505716947573
0.506267468450919
0.6742186838316254
0.533031252646735
0.5696620648767681
0.6360210044888626
0.5244770051664267
0.5611501651562633
0.6232743287880071
0.621919200474295
0.6798085881256882
0.5810112645041077
0.7151266198018126
0.6375878716015924
0.6997120352333361
0.7068688066401287
0.5954095028372999
0.6872617938511053
0.5758448378080799
0.6083679173371729
0.5816888286609639
0.6142542559498604
0.4520623359024308
0.5185059710341323
0.6358516134496486
0.6134073007537901
0.5697891081561787
0.4288134157703058
0.499576522401965
0.6042178368764293
0.5141018040145677
0.5848649106462269
0.6048530532734819
0.552850004234776
0.4542644194122131
0.5547133056661303
0.4391886169221648
0.4210849496061659
0.4326670619124249
0.46963665622088596
0.5616583382739053
0.5224443126958584
0.4281781993732532
0.4058778690607267
0.5868976031167952
0.5477259252985518
0.5509020072838148
0.4481663420005082
0.7096637587871603
0.4502837299906835
0.3687981705767765
0.5456508850681799
0.4429575675446769
0.3953967985093589
0.4028457694587956
0.46963665622088596
0.4643855340052511
0.45494198356906923
0.4243669009909376
0.42762767849580763
0.43935800796137886
0.40881680359109
0.3951723553824003
0.39424493944270356
0.43995087659862797
0.36705344287287206
0.4254255949860252
0.3313923943423393
0.41944609130177013
0.38046921317862287
0.44736173456424155
0.3745320572541713
0.39067502329126785
0.6270009316507157
0.516049800965529
0.5745320572541712
0.4932667061912425
0.5390869822986364
0.6314897941898874
0.49944947912255444
0.6934869145422207
0.5910900313373424
0.5183789277547218
0.52608622003896
0.5169391039214025
0.575506055729652
0.4181036673159991
0.5105869399508766
0.47179639197086476
0.44147539595155416
0.41542728889641733
0.4147539595155416
0.3463750317608199
0.3118489031930211
0.4298297620055899
0.36143812992292706
0.3566231896332684
0.36872194460913016
0.2538240027102567
0.4268654188193445
0.3204200897772508
0.24366900990937582
0.2642881341577031
0.3611501651562633
0.3309731515202846
0.1653341238248497
0.35539086982298645
0.3972431608367918
0.25277377826712966
0.4428728720250699
0.35769882273227754
0.2894892860167697
0.322922842381638
0.47493012619632424
0.24161090878292538
0.35977386296264935
0.410193105784704
0.34204709070890155
0.3840179554501567
0.38788430592021683
0.2901287371898027
0.3490344710764801
0.38257813161683757
0.4288557635301093
0.30571694757347334
0.40701702379944105
0.338972643347167
0.37680613195561957
0.27910561531295
0.3338993817227069
0.32515033454730247
0.22327856356398748
0.3246591005335818
0.3498517828406877
0.5020750402303719
0.30708054543914626
0.36615143558905733
0.1542474803082917
0.2556915389175913
0.38678749894130604
0.34430422630642843
0.24251291606674005
0.4159905141018041
0.2973151520284577
0.5174049292792412
0.4961040060980775
0.5849496061658338
0.512873718980266
0.4746760396375032
0.5169391039214025
0.5677140679258068
0.6438976878123148
0.499915304480393
0.6015075802490049
0.6692216481748116
0.6776912001355129
0.6819259761158635
0.6650292199542645
0.7794105191835353
0.8218006267468452
0.7540865588210384
0.8938765139324131
0.8897264334716694
0.8728720250698738
1.0
0.8730414161090879
0.8858727873295503
0.767426103159143
0.9030659778097739
0.8058355213009232
0.8567798763445414
0.8908274752265606
0.8317100025408657
0.9250868129075972
0.9803082916913696
0.8577115270602186
0.7859320741932753
0.794613364952994
0.8669009909375794
0.7824172101295842
0.8123147285508597
0.6982722114000169
0.7324468535614467
0.6268315406115017
0.6610061827729313
0.606292877106801
0.6065893114254257
0.5857965613619041
0.6030744473617345
0.5737697975777082
0.4216862877953757
0.4813669856864572
0.4097442195307869
0.46519014144151777
0.38514864063691034
0.5125772846616414
0.4537138985347675
0.4499449479122555
0.5986279325823665
0.5863894299991531
0.4513424239857712
0.4729821292453629
0.6640552214787838
0.5925722029304651
0.6989497755568731
0.5851189972050478
0.5390869822986364
0.5354027271957315
0.4512577284661642
0.45185059710341324
0.6980604726009995
0.46569831455915983
0.529855170661472
0.5855001270432794
0.6369526552045397
0.6587617515033455
0.43071906496146356
0.5457355805877869
0.5717794528669434
0.6656220885915136
0.674769204709071
0.5442110612348606
0.6338612687388838
0.6684593884983484
0.5463707969848396
0.6741339883120183
0.6494875921063776
0.552850004234776
0.7314728550859659
0.6856949267383755
0.7076734140763955
0.5856695180824936
0.5525959176759551
0.7821207758109596
0.638985347675108
0.6398323028711782
0.5263403065977811
0.6034555771999661
0.6043025323960363
0.7110612348606759
0.5426018463623274
0.573176928940459
0.6926399593461506
0.5665706784111121
0.7157194884390615
0.5981197594647244
0.5948589819598543
0.6593546201405945
0.6772677225374778
0.6613449648513593
0.7089438468705006
0.5448039298721098
0.6135766917930041
0.847548064707377
0.8062589988989582
0.8200220208350978
0.7830100787668333
0.6358516134496486
0.7639959346150589
0.8286609638350132
0.7958837977470992
0.7419750995172356
0.7261793851105276
0.7230879986448717
0.7242313881595664
0.6322520538663505
0.7350724146692641
0.820953671550775
0.8602947404082325
0.7895316337765732
0.7102989751842127
0.7327009401202678
0.6789192851698145
0.6801897179639198
0.7492165664436351
0.7293131193359872
0.6713390361649869
0.6006606250529347
0.6993732531549082
0.6541034979249598
0.5919369865334124
0.6568137545523842
0.7809773862962649
0.7357499788261201
0.5973998475480647
0.6834928432285933
0.5239688320487846
0.5762259676463115
0.5395104598966716
0.5663589396120946
0.5339629033624121
0.4888201914118744
0.4267807232997375
0.44520199881426276
0.5059710341322945
0.5879562971118828
0.5216820530193953
0.5316761243330228
0.5882950791903108
0.5178707546370798
0.4643431862454477
0.4447361734564242
0.509867028034217
0.5918946387736089
0.3732955026679089
0.5697044126365716
0.6051918353519099
0.509443550436182
0.6974252562039468
0.4746336918776997
0.6245447615821123
0.5711442364698908
0.5347251630388753
0.4898365376471585
0.5000423477598035
0.5695350215973576
0.5966375878716016
0.7423985771152707
0.6509697636995003
0.6612179215719488
0.6037096637587872
0.5843143897687813
0.44215296010841026
0.42699246209875497
0.5685610231218768
0.49839078512746676
0.4579063267553147
0.5021173879901754
0.546328449225036
0.4550266790886762
0.5882103836707039
0.5604726009994071
0.4819175065639028
0.36101888710087243
0.46459727280426866
0.5342593376810367
0.3753239603624968
0.38998898958245115
0.4512577284661642
0.28807910561531297
0.39594308461082406
0.3683111713390362
0.25175319725586515
0.29189887354958927
0.28547048361141697
0.25364614211908193
0.2938214618446684
0.20696620648767683
0.3403193021089185
0.2746591005335818
0.1963115101211146
0.16031591428813416
0.10316337765732193
0.14764122977894473
0.23872702634030663
0.0714999576522402
0.1287160159227577
0.23677479461336495
0.1839078512746676
0.126835775387482
0.12058948081646481
0.0
0.05728381468620311
0.055306174303379356
0.049089523164224616
0.08948505124078937
0.0536461421190819
0.09405013974760736
0.0963623274328788
0.12408317100025408
0.14757770813923946
0.22613703735072416
0.1310832556957737
0.07840264250021174
0.22898704158550015
0.1382019141187431
0.20411196747692048
0.2361565173202338
0.21316168374692981
0.27064029812822904
0.1714406707885153
0.14424493944270347
0.2398661810790209
0.22963072753451344
0.14318201067163547
0.33200643685949016
0.38954857288049466
0.3031337342254595
0.2675446768865927
0.32089861946303044
0.3827221140001694
0.14813669856864572
0.3709155585669518
0.1871559244515965
0.31679088676209033
0.31938680443804524
0.305060557296519
0.362729736596934
0.3103159142881342
0.23249343609723047
0.3622003895993902
0.29286863724908957
0.2531930210891844
0.3532861861607521
0.5041924282205472
0.45185059710341324
0.509612941475396
0.5081307698822732
0.5405268061319557
0.3442280003387821
0.5079190310832558
0.29047598882019143
0.5600491234013721
0.39346997543829937
0.4471076480054205
0.3567459981366986
0.5120267637841959
0.4428728720250699
0.6362750910476836
0.4274159396967901
0.5149911069704413
0.5094012026763785
0.5419242822054714
0.5194376217498095
0.4503684255102905
0.5845684763276022
0.5155416278478868
0.611628694842043
0.6145930380282884
0.5667400694503262
0.5993901922588295
0.602354535445075
0.6223003303125264
0.6253493690183789
0.5817735241805708
0.4874227153383586
0.4396544422800034
0.5146946726518168
0.45849919539256373
0.44460913017701365
0.4519776403828238
0.6456339459642586
0.4878038451765902
0.5417548911662574
0.40515795714406705
0.48877784365207083
0.35641568561023124
0.5077919878038452
0.5448462776319133
0.48454306767172023
0.4919539256373338
0.40201998814262724
0.506860337088168
0.3407258406030321
0.3820868976031168
0.4785296857796223
0.38861692216481747
0.37495976962818667
0.48835436605403576
0.34767510798678747
0.23665198610993482
0.32044126365715253
0.3322478190903701
0.36946726518167194
0.49140340475988825
0.22797916490217668
0.37957991022274923
0.33215465401880245
0.276268315406115
0.2246336918776997
0.2619335987126281
0.3119547725925299
0.36198441602439235
0.16217074616752775
0.2969213178622851
0.2919285169814517
0.2742483272634878
0.22693741001101042
0.20503938341661726
0.2763191327178792
0.19515965105445923
0.25799949182688237
0.21073939188616922
0.2524222918607606
0.20094858981959854
0.17913102396883204
0.2801346658761752
0.22446430083848568
0.3127847886846786
0.35453544507495555
0.47251630388752436
0.493139662911832
0.5221902261370374
0.5978656729059033
0.6142542559498604
0.6264504107732701
0.40571271279749305
0.25698738036757857
0.2734310154992801
0.2433005843990853
0.3105827051748963
0.3524646396205641
0.28425510290505634
0.30498856610485303
0.35961294147539596
0.18980265943931568
0.14281358516134499
0.23134581180655545
0.324129753536038
0.30681375455238424
0.3276276784958076
0.17482425679681546
0.32693741001101045
0.2673244685356145
0.30511984416024396
0.1989455407808927
0.18171000254086558
0.36776065046159057
0.26162022529008216
0.28676632506140426
0.26958160413314136
0.2439358007961379
0.2140636910307445
0.36630388752434995
0.15012704327941054
0.2685102058101127
0.2895019903447108
0.2385152875412891
0.28917591259422376
0.27632760226983993
0.25925298551706616
0.25066062505293474
0.187028881172186
0.2843313288727026
0.1868425510290506
0.2629922927077158
0.34338527991869233
0.20358685525535702
0.33058778690607266
0.3136190395528077
0.29665876175150335
0.34323706275938004
0.33900652155500977
0.3517235538240027
0.3559879732362158
0.32214787837723385
0.32219869568899806
0.2460362496823918
0.40703396290336247
0.4240704666723131
0.28864233082069957
0.3607436266621496
0.4286016769712882
0.36946726518167194
0.2595070720758872
0.4714152621326332
0.4122808503430169
0.2769501143389515
0.3999491826882358
0.3705090200728382
0.3410815617853816
0.430253239603625
0.40083425086812907
0.29097992716185317
0.3462945710171932
0.3381002794952147
0.3214449055644957
0.4784449902600153
0.3178199373253155
0.40707207588718564
0.4074066231896333
0.4119886508003727
0.3403531803167613
0.27719996612179215
0.4130981621072245
0.4685356144659948
0.3588464470229525
0.2703311594816635
0.46980604726009995
0.20768188362835607
0.36482595070720764
0.37376132802574746
0.2768400101634624
0.2985051240789362
0.19737020411620226
0.2995214703142204
0.35086389429999154
0.368345049546879
0.2333827390531041
0.3059371559244516
0.2768696535953248
0.3409799271618531
0.44321165410349794
0.3718387397306683
0.38093503853646143
0.5509443550436182
0.4288134157703058
0.26854408401795543
0.506352163970526
0.3673075294316931
0.5119844160243924
0.43224358431438975
0.44143304819175067
0.31936563055814354
0.3370542898280681
0.4436774794613365
0.296243753705429
0.3478487338019819
0.31477089861946306
0.3833403912933006
0.4138096044719235
0.27913525874481243
0.36468196832387567
0.3359024307614127
0.3918311171339036
0.4858981959854324
0.440204963157449
0.3183111713390362
0.42087321080714835
0.2524222918607606
0.4820445498433133
0.4195011433895148
0.34001863301431356
0.4426611332260524
0.4309308037604811
0.29645125772846614
0.301715084272042
0.35357838570339634
0.3631066316591853
0.4658253578385704
0.47111882781400866
0.4256373337850428
0.3971118827814009
0.3008342508681291
0.4120733463199797
0.3115905818582197
0.31698568645718644
0.2080587786906073
0.4040484458372153
0.33749470653002456
0.35988396713813836
0.5770729228423818
0.2649572287625985
0.3763191327178792
0.45803337003472516
0.39157703057508264
0.4944947912255442
0.423816380113492
0.39551113746082833
0.4476581688828661
0.4066697721690523
0.2894596425849073
0.23578809180994326
0.2414161090878293
0.40374354196663
0.21036249682391803
0.34731091725247737
0.31911577877530284
0.3629245362920302
0.3305242652663674
0.4336410603879055
0.45633945964258493
0.38162107224527825
0.357741170492081
0.350821546540188
0.23804099263148984
0.30737274498179046
0.2073261624460066
0.21316591852291014
0.23595748284915727
0.20794443973913782
0.2604090793597019
0.23242567968154484
0.2595113068518676
0.08333615651732025
0.25019479969509617
0.2646184466841704
0.24518082493436097
0.19610824087405776
0.20633945964258493
0.23776149741678668
0.37506563902769546
0.4361395782163124
0.43796053188786316
0.4101719319048022
0.3569704412636572
0.38847717455746594
0.5047006013381893
0.4261455069026849
0.4026340306597781
0.24363936647751336
0.5123655458626238
0.28141356822224106
0.28338697382908445
0.39547302447700516
0.26619801812484123
0.3148005420513255
0.3634115355297705
0.3781654950453121
0.30400186330143136
0.33572457017023805
0.40557296519014147
0.36109934784449904
0.26582535783857036
0.3441941221309393
0.367523503006691
0.19607012789023462
0.2448378080799526
0.3740831710002541
0.2746675700855425
0.21338189209790806
0.28339120860506484
0.2771872617938511
0.3472262217328704
0.25636063352248667
0.21209452019988143
0.17631489794189886
0.3819302108918438
0.28265859236046414
0.28504277123740157
0.2959092064029813
0.4846701109511307
0.28804522740747013
0.3582493436097231
0.3649487592106378
0.38436520708054545
0.2894596425849073
0.41901837892775473
0.31567714067925806
0.339396120945202
0.32078428051156094
0.34453713898534766
0.29208520369272467
0.35821970017786064
0.25074955534852206
0.3338570339629034
0.3068772761920895
0.26721436436012536
0.47319386804438046
0.29803929872109763
0.48284915727957994
0.2611798085881257
0.28935800796137884
0.07193613957821632
0.2356610485305327
0.2765986279325824
0.24555771999661222
0.20606843397984248
0.24282628948928603
0.3897010248157873
0.23169306343694418
0.26002794952147035
0.3349665452697552
0.32523079529092913
0.26045989667146613
0.22534936901837893
0.29612517997797916
0.28645718641483864
0.4080926568984501
0.3180020326924706
0.22369780638604217
0.30727111035826205
0.20029643431862457
0.31355551791310243
0.2997840264250021
0.28179893283645296
0.301943762174981
0.4533751164563395
0.47357499788261204
0.2778055390869823
0.3234310154992801
0.44109426611332264
0.37241043448801564
0.21059117472685696
0.3791098500889303
0.30626746845091896
0.30119844160243925
0.3215550097399848
0.4223977301600746
0.40891843821461854
0.43355636486829846
0.3015541627847887
0.45752519691708315
0.34249174218683837
0.5239264842889811
0.5063098162107225
0.44215296010841026
0.34838231557550614
0.3943762174980943
0.28793088845600073
0.4228931989497756
0.35883797747099183
0.34985601761666807
0.44253408994664184
0.4081858219700178
0.3738587278732955
0.4327094096722284
0.3137376132802575
0.35146523248920136
0.31721859913610573
0.43969679003980694
0.3504361819259762
0.3713136275091048
0.3456254764122978
0.35807148301854835
0.417125434064538
0.336448716862878
0.3659015838062167
0.4207885152875413
0.416401287371898
0.450156686711273
0.5051240789362244
0.6236131108664351
0.40333276869653595
0.4075336664690438
0.4837384602354536
0.47103413229440166
0.49225035995595834
0.5219361395782164
0.3568772761920894
0.3908613534344033
0.5222749216566444
0.44194122130939273
0.38283221817565855
0.3110358262047938
0.4594731938680444
0.3326712966884052
0.44304226306428396
0.49839078512746676
0.34200050817311767
0.31693486914542224
0.4062208859151351
0.4489709494367748
0.4112475650038114
0.38627085627170327
0.42906750232912677
0.30675023291267894
0.506267468450919
0.388248496654527
0.3591555856695181
0.3512661980181248
0.4619717116964513
0.5600067756415686
0.4759464724316084
0.5910053358177353
0.40959176759549426
0.4441856525789786
0.36449563818074027
0.39915727957991026
0.34491403404759896
0.33303972219869565
0.45672058948081645
0.4025408655882104
0.4288557635301093
0.2731134073007538
0.17667908867620905
0.4740831710002541
0.369251291606674
0.2898323028711781
0.43910392140255783
0.3639916998390785
0.3524095875328195
0.4086135343440332
0.4902600152451935
0.3559456254764123
0.23013466587617515
0.2144490556449564
0.3343143897687812
0.3610400609807741
0.2565130854577793
0.3468154484627763
0.31433048191750657
0.23953586855255354
0.31721859913610573
0.35680951977640385
0.36256034555772
0.31752350300669097
0.3826077750486999
0.29527822478190907
0.3519607012789024
0.3409079359701872
0.3595367155077497
0.44172948251037525
0.4985178284068773
0.436774794613365
0.43855340052511227
0.4361395782163124
0.5354027271957315
0.4907258406030321
0.5477259252985518
0.40144405860929966
0.4966121792157195
0.4562547641229779
0.3990175319725586
0.48153637672567123
0.5387058524604048
0.40533581773524185
0.4795036842551029
0.43935800796137886
0.3822986364021344
0.5962988057931736
0.3402727195731346
0.4188193444566783
0.34072160582705174
0.24994494791225544
0.3328279833996782
0.3522232573896841
0.2657787753027865
0.2937028881172186
0.30896078597442195
