0.3665829719242183
0.4380278475233966
0.47144867990565326
0.37168074260062395
0.5191737046336453
0.2862550407060793
0.3006162976489386
0.3339800654340714
0.34832230084455607
0.4006885794719623
0.5481244769078597
0.5244046260366736
0.367515027010576
0.3437571330746405
0.3009586852316823
0.2962223236703949
0.3484934946359279
0.40080270866621015
0.4531119226964924
0.35319181313246595
0.3674389408810774
0.3626074716579168
0.4339001749980979
0.4100471734002891
0.27208399908696645
0.2862550407060793
0.1482386061021076
0.46676938294148984
0.4618998706535799
0.4189682720839991
0.29998858708057524
0.4852963554743971
0.3472380734992011
0.3233089857718938
0.18526401886936011
0.3895609830327932
0.3465913413984631
0.26555961348246215
0.2796165259073271
0.27465190595754396
0.25066575363311266
0.3598303279312182
0.3167846001673895
0.3118009586852317
0.3828844251692917
0.2447310355322225
0.2206878186106673
0.367838393060945
0.34379517613938987
0.26263029749676636
0.2766111237921327
0.2905729285551244
0.3806208628167086
0.4326257323289965
0.5035950696188085
0.4794947881001294
0.3412653123335616
0.39319409571635094
0.4071178574145934
0.3829414897664156
0.37782469755763526
0.25855968956859166
0.443620178041543
0.5525564939511527
0.3381838240888686
0.29494788100129343
0.38490070760100437
0.417731872479647
0.279407289051206
0.5214562885186032
0.45917979152400523
0.49201095640264786
0.4677585026249715
0.40544396256562437
0.34312942250627715
0.5280757817849806
0.4848017956326562
0.40344670166628627
0.5503309746633189
0.6021075857871111
0.6348436430038804
0.4963859088488169
0.3959712394430495
0.4857528722513886
0.6325991021836719
0.6082515407441224
0.6409495548961425
0.6736475690481626
0.5731948565776459
0.6058358061325421
0.5624286692535951
0.6521722589971849
0.570703035836567
0.641406071673134
0.7500951076618733
0.8778627406223847
0.7392908772730732
0.8099368485125162
0.8425587765350377
0.5898577189378377
0.6224225823632352
0.6740470212280302
0.5544396256562429
0.5109373811154228
1.0
0.6901963022141063
0.5705698851099444
0.5650916837860459
0.69270714448756
0.5540401734763752
0.5675644829947502
0.6381153465723198
0.7847333181161076
0.6079852392908773
0.39323213878110025
0.501788024043217
0.667408506429278
0.5096629384463213
0.5040706079281747
0.4984782774100282
0.5690101194552234
0.7726546450582059
0.4817203073879632
0.5141520200867382
0.4704785817545462
0.5219318268279693
0.5923305181465419
0.4535494179411094
0.5049646199497831
0.3281214334626798
0.4175797002206499
0.6782127368180781
0.48232899642395194
0.5527086662101499
0.508978163280834
0.6554820056303736
0.49762230845316896
0.6440500646732101
0.505192878338279
0.4994483755611352
0.6078711100966294
0.5831240964772122
0.3681237160465647
0.5526135585482767
0.31857262421060645
0.5411055314616146
0.40217225899718484
0.5865860153693983
0.3525831240964772
0.47991326181237165
0.4170470973141597
0.6395419615004185
0.2913337898501103
0.3615993304420605
0.5460321083466484
0.5211709655329834
0.30609449897283725
0.43340561515635706
0.40852545081031727
0.4597504374952447
0.4348702731492049
0.5241002815186792
0.4992581602373888
0.36022978011108575
0.5825724720383474
0.5766948185345813
0.45666894925055174
0.5458799360876513
0.7111770524233434
0.5531081183900176
0.433082249105988
0.46520961728676863
0.6114661797154379
0.45332115955261354
0.5044700601080424
0.4034276801339116
0.4164764513429202
0.3534771361180857
0.5187171878566538
0.5507684699079358
0.41166400365213424
0.5198014152020087
0.5138476755687439
0.5078368713383551
0.42577798067412315
0.5719394354409192
0.4708399908696645
0.6550445103857567
0.47785893631590964
0.5098721753024424
0.5038233280073042
0.4407669481853458
0.47276116563950393
0.46671231834436583
0.38457734155063533
0.4926957315681351
0.3344556037434376
0.42349539678916537
0.4364490603363007
0.3733165943848436
0.34820817165030815
0.5323556265692765
0.41213954196150043
0.3109449897283726
0.476051890740318
0.4509244464734079
0.4067944913642243
0.343623982348018
0.35653960283040403
0.4074982880620864
0.21115803089096857
0.4522749752720079
0.3130183367572092
0.34493646808186873
0.37685459940652827
0.3326295366354714
0.25041847371224224
0.20623145400593473
0.371243247356007
0.42216388952294004
0.39696035912653127
0.3337518070455756
0.46070151411397703
0.3023662786274062
0.29616525907327096
0.30902381495853304
0.340865860153694
0.39176748078825235
0.2523967130792057
0.24617667199269574
0.2970782926272541
0.3479228486646885
0.37974587232747475
0.5637791980521951
0.5955832001826068
0.4371718785665374
0.4689949022293236
0.5198204367343834
0.49455984174085066
0.5073232899642396
0.4059765654721145
0.4568020999771742
0.6408164041695199
0.5013505287986001
0.400003804306475
0.39374572015521575
0.5016168302518451
0.704595602221715
0.5841893022901925
0.7871680742600625
0.6667807958609147
0.6414250932055087
0.6161454766796013
0.5908468386213194
0.6226127976869817
0.8445560374343758
0.7241497375028533
0.5276002434756144
0.806646123411702
0.8384120824773644
0.7750133150726624
0.7496956554820058
0.9335768089477289
0.6990222932359432
0.7877957848284259
0.7244350604884731
0.8322300844556038
0.7498097846762537
0.7054705927109489
0.9463973217682417
0.7308072738339801
0.610381952370083
0.8322871490527278
0.6927832306170586
0.5723198660884121
0.5659666742752797
0.35037662634101807
0.5913413984630602
0.33770828577950246
0.5596134824621473
0.4010880316518299
0.24254355930913796
0.5595564178650232
0.3820094346800578
0.5468310127063837
0.5594422886707753
0.3628737731111619
0.4325876892642471
0.5403636916990033
0.4388838164802557
0.4705736894164194
0.4070988358822187
0.3246404930381192
0.47044053868979685
0.44500874990489236
0.40059347181008903
0.470326409495549
0.40683253442897366
0.5146085368637299
0.39406908620558473
0.5588906642319106
0.38128661644982126
0.45100053260290657
0.38752567906870583
0.5143041923457354
0.6220231301833676
0.330270866621015
0.45706840143041927
0.4506391234877882
0.5203149965761242
0.36173248116868295
0.564597123944305
0.4250361409115119
0.5898196758730885
0.39319409571635094
0.5009130335539831
0.2472228562733014
0.4880925207334703
0.5577683938218063
0.3230997489157727
0.4688617515027011
0.4053868979685003
0.4750627710568364
0.5827817088944686
0.44322072586167544
0.5889827284486039
0.39237616982424106
0.48107357528722516
0.6077760024347562
0.5443201704329301
0.4237807197747851
0.5124971467701439
0.6011565091683786
0.4615955261355855
0.7405272768774253
0.46779654568972084
0.4233432245301682
0.5310431408354258
0.6768241649547289
0.6513733546374496
0.664003652134216
0.7146389713155292
0.5940614775926348
0.7588830556189607
0.7714753100509778
0.746062542798448
0.5874800273910067
0.7712660731948566
0.5365784067564483
0.663356920033478
0.6759681959978696
0.5934718100890208
0.8913870501407594
0.8279121966065587
0.6693296811991175
0.7960891729437723
0.599463592787035
0.650117933500723
0.9100281518679145
0.6373164422125848
0.7450544015825916
0.586490907707525
0.6561858023282356
0.668816099825002
0.5292741383245835
0.6750171193791371
0.6686258845012554
0.7002967359050446
0.4466446016891121
0.7065167769915545
0.7762306931446398
0.48453549417941116
0.5161683025184509
0.45275051358137414
0.5985125161683026
0.516054173324203
0.6618351974435062
0.5603743437571331
0.6300692383778438
0.5095868523168227
0.38906642319105234
0.5349045119074793
0.3573194856577646
0.5792056608080347
0.4967853610286845
0.4143270181845849
0.36991174008978167
0.496709274899186
0.47137259377615465
0.560108042303888
0.5347333181161075
0.5474016586776231
0.7503043445179944
0.4776496994597885
0.5474016586776231
0.44595982652362476
0.4966902533668112
0.5664422125846459
0.5981511070531842
0.5918359583048011
0.5855208095564178
0.6362322148672298
0.6489385984934947
0.5855588526211672
0.5982842577798069
0.7061173248116869
0.8139123487788176
0.6744654949402724
0.8013391158791753
0.6238111542265846
0.7316632427908394
0.5351327702959752
0.4147454918968273
0.579624134520277
0.6684737122422583
0.6811991174008978
0.5798523929087728
0.3833409419462832
0.5292741383245835
0.6941908240127824
0.6498706535798524
0.4344137563722134
0.8466103629308378
0.4218785665373203
0.4536635471353573
0.44742448451647265
0.6504603210834665
0.37791980521950846
0.5428745339724569
0.40348474473103557
0.4733508331431181
0.5241953891805525
0.47993228334474625
0.3596020695427224
0.2582933881153466
0.3091569656851556
0.2839534352887469
0.41090314235714825
0.3856615688959903
0.3985011032488778
0.3733165943848436
0.13889522939968046
0.3039260442821274
0.278703492353344
0.08234801795632657
0.2664155824393213
0.1841569656851556
0.27313018336757217
0.22892414212888992
0.2418207410789013
0.2547363615612874
0.26761393897892416
0.2424484516472647
0.31244769078596973
0.13511565091683786
0.24317126987750137
0.23704633645286466
0.3260480864338431
0.4150878794795709
0.3899604352126607
0.326808947728829
0.4728943163661265
0.4097618504146694
0.28960283040401735
0.2454918968272084
0.16334360496081568
0.4426120368256867
0.4555847219051967
0.22129650764665604
0.48156813512896596
0.0
0.4314844403865176
0.15916457429810546
0.3243551700524995
0.22325572548124478
0.38845773415506357
0.4014494407669482
0.3764551472266606
0.37048238606102113
0.3264855816784601
0.20636460473255727
0.10530130107281443
0.2134976793730503
0.2645895153313551
0.277676329605113
0.21465799284790385
0.4179791524005174
0.2979152400517386
0.3110400973902458
0.19097618504146693
0.2802061934109412
0.3693981587156662
0.4015445484288214
0.41470744883207794
0.6180476299170661
0.5931484440386519
0.6443924522559537
0.4292779426310584
0.5185269725329074
0.20834284409952067
0.43076162215628094
0.19666362322148676
0.22888609906414062
0.48940500646732105
0.5216465038423496
0.09737312637906112
0.338868599254356
0.2569999239138705
0.1941147378832839
0.5878033934413757
0.39182454538537625
0.4621661721068249
0.3422924750817926
0.3175454614623755
0.311781937152857
0.5723579091531614
0.5476299170661189
0.522920946511451
0.32698014152020094
0.4354218975880697
0.42971543787567523
0.7854561363463441
0.532488777295899
0.5839039793045728
0.48312790078368717
0.5155405919500876
0.3957620025869284
0.2760214562885186
0.3274556798295671
0.34084683862131937
0.2972114433538766
0.32966217758502625
0.4001369550330975
0.4516472647036446
0.46509548809252077
0.3644145172335084
0.4729894240279997
0.3342844099520658
0.5379669786197976
0.3802594537015902
0.4127862740622385
0.4262915620482386
0.42079433919196535
0.3772540515863958
0.46686449060336305
0.17607281442593017
0.13256486342539756
0.3553602678231759
0.4260062390626189
0.4205280377387203
0.4531499657612418
0.40968576428517084
0.5374343757133075
0.15157688503385836
0.3364148215780264
0.35001521722589973
0.24954348322300848
0.3773491592482691
0.42903066271018797
0.38564254736361564
0.30419234573537246
0.4130145324507343
0.48375561135205053
0.3833219204139086
0.4731606178193716
0.2776382865403637
0.5386327322529103
0.2861028684470821
0.4330061629764894
0.27556493951152705
0.09911549874457887
0.16999543483223012
0.2788937076770905
0.23561972152476607
0.4396446777752417
0.35836566993837027
0.4673019858479799
0.4431065966674276
0.32380354561363467
0.7561439549570114
0.5607928174693754
0.7268507951000532
0.47445408202084766
0.659514570493799
0.8636536559385224
0.6493190291409876
0.701304877120901
0.4869892718557407
0.27269268812295516
0.3246975576352431
0.5288746861447159
0.561896066347105
0.40470212280301304
0.34261584113216165
0.33761317811762925
0.6559765654721145
0.47979913261812374
0.6460283040401735
0.2796545689720764
0.3127520353039641
0.574107890131629
0.05560564559080879
0.5832952902685841
0.4452370082933881
0.1930495320703036
0.606653732024652
0.48763600395647877
0.3306132542037587
0.4018488929468158
0.3399338050673362
0.5253176595906566
0.5014836795252227
0.40156356996119613
0.45383474092672915
0.2588450125542114
0.5393745720155215
0.3824469299246747
0.7010575972000305
0.5821920413908545
0.7106064064521039
0.5727383398006544
0.41586776230693157
0.5823632351822263
0.2162748230997489
0.4208514037890893
0.4161721068249259
0.33544472342691933
0.36884653427680136
0.45933196378300245
0.5117933500722819
0.5832762687362094
0.3313931370311193
0.6121509548809252
0.5885642547363615
0.4698698927185574
0.35119455223312795
0.593947348398387
0.513353115727003
0.6229742068021
0.4092292475081793
0.404759187400137
0.3622460625427985
0.6240774556798295
0.4674541581069771
0.5200867381876284
0.47763067792741387
0.49223921479114363
0.6970630754013544
0.5024727992087044
0.4410332496385909
0.4366773187247964
0.5084075173095945
0.4470060108042304
0.3285589287072967
0.41934870273149205
0.4340713687894697
0.41075097009815115
0.3304040173476376
0.47829643156052654
0.5881838240888686
0.6219850871186183
0.3134177889370768
0.5374533972456821
0.36207486875142664
0.5100433690938142
0.41076999163052574
0.40660427604047783
0.64973750285323
0.3983108879251313
0.3181161074336149
0.5042037586547973
0.2718557406984707
0.2867876436125695
0.45391082705622776
0.3357110248801644
0.6740660427604048
0.47979913261812374
0.6850224454082022
0.35764285170813365
0.6770143802784753
0.46378300235867004
0.45982652362474324
0.6080423038880012
0.4899566309061859
0.4670166628623602
0.653294529407289
0.782545841893023
0.569409571635091
0.5655482005630373
0.4665601460853687
0.6719546526668189
0.4969185117553071
0.3979875218747623
0.6414441147378833
0.504489081640417
0.40559613482462153
0.38280833903979306
0.4170851403789089
0.5084455603743439
0.46667427527961663
0.48196758730883366
0.5733660503690178
0.379460549341855
0.527942631058358
0.5433120292170738
0.6918131324659514
0.4789431636612646
0.5513961804762992
0.6048466864490604
0.5441870197063077
0.5405919500874992
0.5179943696264171
0.6856311344441909
0.5679639351746177
0.5834474625275813
0.6560146085368638
0.5954310279236096
0.591950087499049
0.4362968880773035
0.4708780339344138
0.5435022445408203
0.6732100738035456
0.5366354713535723
0.5712736818078065
0.5298257627634483
0.43133226812752035
0.5230731187704483
0.6718975880696949
0.5544206041238683
0.4559841740850643
0.5667846001673895
0.6395800045651678
0.5411816175911132
0.6900821730198586
0.5917028075781785
0.7216008521646504
0.832496385908849
0.7531956174389409
0.826067107966218
0.3853952674427452
0.5914365061249336
0.5121928022521495
0.49001369550330975
0.505896675036141
0.559841740850643
0.4996766339496311
0.45853305942326716
0.607623830175759
0.6045423419310659
0.5824773643764742
0.6364985163204747
0.42423723655177664
0.6304496690253367
0.6084227345354942
0.5864148215780264
0.4883398006543408
0.54243703872784
0.5775507874914404
0.6506885794719622
0.6097352202693449
0.6448679905653201
0.546869055771133
0.4679106748839687
0.4840789774024196
0.7665487331659439
0.4974130715970479
0.41851175530700757
0.37765350376626344
0.35583580613254207
0.638381648025565
0.7117096553298333
0.23341322376930684
0.49697557635243095
0.41816936772426394
0.41544928859468916
0.6029635547439702
0.6953891805523853
0.36936011565091686
0.2715894392452256
0.42111770524233433
0.41849273377463286
0.568059042836491
0.33719470440538696
0.562866164498212
0.3891044662558016
0.6338164802556494
0.6312675949174466
0.3053716807426007
0.5501407593395724
0.585672981815415
0.4310089020771514
0.3904930381191509
0.5021494331583353
0.4236095259834132
0.4592178345887545
0.4758236323518223
0.5114509624895383
0.3568819904131477
0.5447196226127977
0.2570189454462452
0.292703340181085
0.42351441832154
0.4592368561211292
0.3808300996728297
0.24537776763296054
0.47135357224378
0.4120063912348779
0.3716997641329986
0.5026059499353268
0.27212204215171576
0.3840257171117706
0.4008407517309595
0.3415886783839306
0.5105949935326791
0.5084265388419691
0.25899718481320855
0.4090200106520582
0.5400403256486342
0.5189074031804003
0.5738796317431333
0.5147226660579777
0.37949859240660433
0.43448984250171196
0.5275622004108651
0.5065053640721296
0.46642699535874615
0.5975804610819448
0.5765616678079587
0.4604542341931066
0.5155405919500876
0.39945217986761017
0.43555504831469233
0.4906794491364225
0.2414973750285323
0.27761926500798906
0.5039945217986761
0.4070037282203454
0.34807502092368564
0.4984021912805296
0.2302556493951153
0.41864490603363014
0.5499695655482006
0.47207639047401667
0.4893098988054478
0.3353686372974207
0.31457810241193035
0.4650003804306475
0.5583580613254204
0.44251692916381347
0.28861371072053565
0.3630069238377844
0.3232709427071445
0.11235828958380889
0.4720954120063913
0.14708019478049153
0.37369702503233665
0.4101042379974131
0.408487407745568
0.40688959902609756
0.2721410636840904
0.15644069086205584
0.4401963022141064
0.34352887468614474
0.475138857186335
0.3404473864414517
0.4340333257247204
0.35644449516853083
0.2788556646123412
0.3915011793350072
0.504165715590048
0.27444266910142284
0.349083162139542
0.42372365517766114
0.47936163737350684
0.24969565548200567
0.5336110477060032
0.3420071520961729
0.26453245073423115
0.43435669177508945
0.0906166780795861
0.33654797230464883
0.46836719166096025
0.6192079433919198
0.5227877957848285
0.4644297344594081
0.3870501407593396
0.36675416571559005
0.4986304496690254
0.36422430190976185
0.45807654264627556
0.4378186106672754
0.3034505059727612
0.22614699840219132
0.4722095412006391
0.3188579471962261
0.48885338202845624
0.4876930685536027
0.5245758198280455
0.6946092977250247
0.4271665525374724
0.5401544548428822
0.5009891196834818
0.4808643384311041
0.574868751426615
0.6688921859545005
0.49661416723731266
0.41946283192573997
0.5895914174845925
0.4363539526744275
0.35924066042760405
0.47232367039488704
0.24305714068325343
0.3751807045575592
0.39319409571635094
0.6014418321539984
0.2390435973522027
0.485353420071521
0.5414479190443583
0.5024537776763296
0.4063950391843567
0.13915392223997566
0.6898539146313627
0.5367496005478203
0.32659971087270795
0.5349425549722286
0.4008978163280834
0.4190253366811231
0.3040211519440006
0.3982538233280073
0.37837632199650006
0.054152400517385686
0.30059727611656395
0.4899756524385605
0.22283725176900251
0.3741915848740775
0.3543521266073195
0.3535532222475843
0.4478619797610896
0.561192269649243
0.5984554515711786
0.483565396028304
0.6159362398234802
0.4439815871566613
0.3861751502701058
0.290325648634254
0.5558852621167162
0.23179639351746179
0.45933196378300245
0.2493722894316366
0.38181921935631136
0.5713307464049304
0.304325496461995
0.360705318420452
0.37904207562961273
0.568591645742981
0.3967130792056608
0.4150688579471962
0.4714867229704025
0.29964619949783156
0.3560640645210379
0.22226660579776308
0.5640264779730655
0.41122650840751734
0.4866849273377463
0.6192269649242944
0.6376207867305791
0.4087727307311877
0.2940348474473104
0.4646389713155292
0.5211139009358594
0.5395457658068934
0.42482690405539075
0.367191660960207
0.44270714448756
0.2328996423951914
0.4986494712014
0.5551434223541049
0.535570265540592
0.6111047706003195
0.42035684394734846
0.5719774785056685
0.45731568135128964
0.7991706611884654
0.760594993532679
0.4557178726318193
0.3981396941337594
0.4927147531005099
0.6443734307235791
0.45364452560298263
0.3009586852316823
0.39557178726318193
0.22386441451723352
0.6608650992923991
0.6032869207943392
0.526706231454006
0.2408886859925436
0.35452332039869133
0.5632846382104544
0.29648862512364
0.448166324279084
