0.29932896957720967
0.2948828784323412
0.22866493763122148
0.30653328393232065
0.2608579309209172
0.359289448767033
0.31363467951093
0.14446296982421472
0.42812152649129304
0.3206949075789387
0.39848091885883663
0.39395249269276683
0.2453377794244782
0.22020501420279115
0.3391379523280227
0.27283767650570173
0.35056193651969864
0.3665966818986456
0.30025523856572395
0.0692272858260261
0.39397307644806717
0.2040982256802931
0.24066526697130625
0.2771808488740686
0.33432135358774856
0.185585196163188
0.2015067308879832
0.25863488534848295
0.2333580338396937
0.3316042978881067
0.12111275781153513
0.32225927298176277
0.21462681651640525
0.33343625210983496
0.2875756453007286
0.1387736198592071
0.2369601910172492
0.2322259272981763
0.37157795068132227
0.07865876250463134
0.3209007451319419
0.2543946317566177
0.18788440163023343
0.20369478407640687
0.19891729447120332
0.29704417273887446
0.251101230908567
0.5138940348277139
0.4267424148861718
0.23665143468774444
0.2935861018484212
0.20643448190687907
0.2427648100119386
0.1556049565682763
0.3359886377670742
0.3311308715161994
0.4497962208225268
0.3008109999588325
0.23420196780700672
0.2087192787452143
0.409678481742209
0.36363262113539996
0.5439669013214771
0.16852332139475526
0.3488740685850727
0.30276645671236263
0.25670001235025314
0.33407434852414475
0.267403565106418
0.2624428800790416
0.5250710139557861
0.23195833847927216
0.26814458029722943
0.2837470668148697
0.258182042731876
0.4178502325964349
0.5363920793709605
0.42847145033139844
0.5263883742950064
0.521365938001729
0.4957597464081347
0.4701535548145403
0.34160800296406074
0.6453418961755382
0.7020501420279115
0.6352558560783829
0.5272734757729199
0.4604586060680911
0.5995018731217323
0.5120620806059857
0.6922316907496604
0.7283150137911161
0.64091638878597
0.6769997118274258
0.5483512412004447
0.46093203243999836
0.6616648141286897
0.6359351200032933
0.7337491251903997
0.6874562595199869
0.7440615865958586
0.6360174550244947
0.7337697089457001
0.7286237701206209
0.6617059816392902
0.780062574616113
0.6102054258778972
0.6873945082540859
0.702791157218723
0.5123296694248899
0.5894981680457783
0.7489605203573338
0.558499032563501
0.5121238318718867
0.46576921493557283
0.43995718578897536
0.41414515664237783
0.5324194145979992
0.44485611955045073
0.39843975134823595
0.43439957185788974
0.305648182454407
0.3827343460540941
0.3569017331521963
0.4751348235972171
0.38755094479436825
0.3822403359268865
0.5210571816722243
0.4540364744143922
0.3869951834012597
0.23763945494215966
0.5205220040344161
0.49464822362191757
0.3246469885965996
0.46344325058663705
0.5610514182207401
0.5969289037091927
0.38573957432794037
0.4215964760610926
0.4368284549833271
0.26684780371330946
0.4879379193940142
0.44141863241529783
0.5801737268947347
0.389547569058499
0.4459676423366679
0.3376765057017002
0.5175579432711704
0.28578485858960107
0.44508254085875426
0.2750195545675353
0.3520027993907208
0.3877773661026718
0.32063315631303774
0.27411386933432136
0.18638178749331027
0.46914495080482477
0.40200074101519084
0.2936684368696225
0.26767115392532215
0.3651764027829237
0.3803466304392573
0.3955580256061916
0.6371289778107119
0.40525297435264085
0.2969000864517723
0.49732411181095876
0.3478037133094562
0.4452883784117575
0.6868593306162776
0.47558766621382403
0.4495697995142233
0.36180066691367174
0.37688855954880407
0.39203820344983736
0.6953398378000082
0.3605038903297517
0.47857231073237
0.493701370878103
0.4058704870116504
0.6062533448602363
0.37433617389156476
0.41004898933761474
0.3633650323164958
0.41966160306286276
0.49650076159894607
0.5939442591906468
0.30027582232102423
0.27421678811082295
0.2893046807459553
0.3661232555267383
0.4635667531184389
0.396299040797003
0.2878638178749331
0.11768350417850232
0.3180396031451978
0.3948581779259808
0.36875797620517886
0.5484953274875468
0.295973817463258
0.4345230743896916
0.3055040961673048
0.4440739368490388
0.3150343748713515
0.30951792845086656
0.28341772673006466
0.5454695154584002
0.4370342925363303
0.3697459964595941
0.28189452883784116
0.4616112963649088
0.373698077477255
0.388765386357087
0.3626446008809847
0.11011279897904573
0.2897986908731629
0.07842616606973776
0.27872463052159235
0.35550203779177475
0.1852970235889836
0.48847309703182246
0.21536783170721666
0.20978963402083076
0.14250751307068463
0.28103001111522785
0.2549092256391256
0.35224980445432463
0.4702358898357416
0.42349018154872176
0.31499320736075087
0.3300605162405829
0.36564982915483096
0.19541393931908937
0.3545551850479602
0.43133259231814247
0.3434193734304887
0.48194804660162205
0.39403482771396814
0.47081223498415053
0.44467086575274795
0.41850891276604507
0.49528632003622736
0.32509983121320657
0.6076736239759581
0.6021160100448726
0.37011650405499974
0.673315219628669
0.7295294553538347
0.5181342884195792
0.5331604297888106
0.609937837058993
0.6455065662179408
0.7017208019431065
0.6549956774113869
0.7523774237371866
0.7467786422955004
0.7412416121197151
0.9209172121361822
0.6066032687003416
0.8274875468280433
0.8424931044419743
0.8575398295665061
0.9342966530813882
0.9287802066609032
0.6761969453707134
1.0
0.6033510353628916
0.7830472191346589
0.6540076571569717
0.7102013091268371
0.7252274504960686
0.7402947593759006
0.693569634844181
0.5851138281668107
0.5383887036350912
0.5328516734593058
0.5272940595282203
0.6247169733646206
0.45450990078629944
0.34605409410892923
0.42285208513441197
0.5819850973611626
0.49413362973940966
0.3445103124614055
0.3595776213412375
0.33343625210983496
0.43083858219093485
0.48707340167140095
0.5638919764521839
0.62012679593265
0.4087933802642954
0.3620888394878761
0.6035774566711951
0.3716602857025235
0.28380881808077063
0.360647976616854
0.5198221563542053
0.39080317813181836
0.40591165452225103
0.35922769750113215
0.5184224609937838
0.4923428430282821
0.5280350747190318
0.5431229673541641
0.29066320859577616
0.4292536330328105
0.21792021736445596
0.5006586801696101
0.5980815940060104
0.4279362726935902
0.38129348318307194
0.49938248734099044
0.34982092132888726
0.4267012473755712
0.25657650981845126
0.3540405911654522
0.26625087480960025
0.44607056111316945
0.3376970894570005
0.4145979992589848
0.6561895352188053
0.34199909431476677
0.48067185377300226
0.516425836729653
0.6139310855872545
0.6085175579432712
0.47962208225268615
0.4742085546087028
0.5305257091103701
0.29873204067350045
0.4374253838870363
0.4114692684533366
0.4678070067103042
0.5036021571775554
0.47766662549915606
0.47227368161047306
0.4463381499320736
0.5232802272446584
0.7032028323247294
0.7183936437363632
0.713062451113581
0.5636243876332797
0.6611913877567823
0.6558601951340003
0.835782800214071
0.6863859042443703
0.5781359351200033
0.6139722530978552
0.7527273475772921
0.6033716191181919
0.6803960314519781
0.6750854225844962
0.8962167057758017
0.602733522703882
0.8856366555514389
0.48925527973323457
0.6692396360792063
0.5816351735210571
0.494030710962908
0.7152031616648141
0.7717055699641843
0.7664567123626034
0.6171215676588037
0.694228315013791
0.6066856037215429
0.7043349388662469
0.7608785146762176
0.7556708245852373
0.5240624099460706
0.6835041785023259
0.6371495615660121
0.6525667942859495
0.5238565723930674
0.4981062945123709
0.5958173809229755
0.44658515499567736
0.6472561854184677
0.4568564488905356
0.575192458112058
0.7141739738997982
0.4826067267712321
0.6215882425589725
0.5135235272323082
0.46723066156189536
0.44156271870240005
0.4982092132888724
0.5548557078753448
0.3027458729570623
0.3594541188094356
0.5396237289531102
0.6168745625951999
0.48830842698942
0.421493557284591
0.4576180478366473
0.5966613148902885
0.5504713679963773
0.5248445926474826
0.45809147420855456
0.7412416121197151
0.4068996747766663
0.7106747354987443
0.705652299205467
0.4536659668189864
0.6545428347947799
0.6495821497674036
0.5828701988390761
0.8043102383598865
0.7582026264871763
0.7326993536700835
0.6865711580420731
0.6405047136799638
0.6767321230085216
0.5689349965007616
0.7698530319871556
0.7855584372812976
0.7806595035198222
0.5699641842657774
0.6680046107611873
0.8072537153678317
0.5142027911572187
0.6328681404635461
0.689802807624223
0.6026306039273804
0.474290889629904
0.44889053558931297
0.691099584208143
0.5010703552756165
0.537462434646577
0.5738339302622371
0.40440904038532793
0.6054711621588242
0.3948993454365814
0.5548145403647442
0.30307521304186735
0.4218640648799967
0.27306409781400515
0.3095385122061669
0.24309415009674365
0.2795273969783047
0.5424437034292536
0.24961920052694414
0.4508048248322424
0.4049853855337368
0.42091721213618216
0.3751183565929768
0.0
0.22178996336091558
0.011356675311843895
0.41842657774484376
0.3109176238112881
0.1622802684121691
0.3635297023588983
0.1531246140545881
0.045675353011403394
0.02054032357663332
0.3042073195833848
0.11442097896340207
0.21281544604997737
0.3936025688526615
0.12151002428883126
0.1993577868346301
0.2772220163846692
0.25217158618418345
0.2271623234942983
0.20213453542464288
0.28004199086081266
0.11094438269317854
0.2506278045366596
0.16388785970112388
0.3241735622246923
0.2580379564447738
0.15075748219505167
0.4140010703552756
0.20381005310608868
0.158311720390268
0.21573833930262237
0.27314643283520645
0.3306162776336915
0.26456300687497425
0.3632209460293936
0.25600016467004244
0.395846198180396
0.021092174056234817
0.30501008604009716
0.09495286320036228
0.2553826520110329
0.23062039438475157
0.2058169692478696
0.26338973282285616
0.27979498579720885
0.11098143345271912
0.35381416985714875
0.22617430323988308
0.22205755217981968
0.44436210942324317
0.3579103371619118
0.477337285414351
0.5349923840105388
0.4897492898604422
0.23868922646247578
0.3787205137705323
0.2717467374747849
0.10305668766209708
0.44899345436581456
0.38324893993660203
0.31750442550738955
0.47818121938166397
0.4536453830636862
0.22323082623193777
0.21929932896957724
0.25653534230785063
0.33495945000205835
0.3516322917953151
0.28599069614260425
0.44674982503808
0.38114939689596966
0.5625540323576633
0.49695360421555307
0.3078506442715409
0.4275451813428842
0.44430035815734226
0.3993454365814499
0.3749536865505742
0.3506031040302993
0.6144250957144621
0.26077559589971594
0.44228315013791114
0.4591412457288707
0.45543616977481366
0.41054299946482237
0.34512782512041495
0.34144333292165824
0.3995306903791528
0.3135729282450291
0.2893458482565559
0.3268906179243341
0.22034910048989337
0.4431682516158248
0.3984191675929356
0.33308632826972956
0.39127660450372564
0.05839199703593924
0.28127701617883166
0.17484047589642254
0.15075130706846157
0.18842575439463174
0.2878638178749331
0.28440574698447985
0.05452842616606973
0.4421596476061092
0.27407270182372073
0.18832077724260013
0.3290107447202668
0.2638631591947635
0.30165493392614545
0.1747725495039315
0.2537771190976082
0.14752171586184185
0.06185212630192252
0.44965213453542463
0.36400312873080565
0.44306533283932314
0.6044625581491087
0.5188547198550904
0.28920176196945374
0.18305339426124903
0.48859659956362433
0.4854061174920752
0.02936684368696225
0.29377135564612405
0.2288501914289243
0.1433967312996583
0.18142727759252397
0.3429665308138817
0.29869087316289983
0.007434646576921494
0.45720637273064096
0.2894693507883578
0.5745955292083488
0.40687909102136594
0.40385327899221934
0.689020624922811
0.747787246305216
0.8065332839323206
0.762401712568441
0.5947881931579597
0.44775842904779545
0.4654192910954675
0.5242682474990737
0.33611214029887615
0.3949816804577827
0.4950393149726236
0.40984315178461156
0.4275863488534849
0.48651764027829236
0.524865176402783
0.3573957432794039
0.4575357128154461
0.3106706187476843
0.20500391091350706
0.34634226668313367
0.3642089662838089
0.25857313408258203
0.2764604174385575
0.3355357951504672
0.353443662261743
0.35078835782800216
0.3069861265489276
0.11910172491869417
0.2194022477460788
0.48439751348235977
0.21423572516569922
0.35574904285537856
0.02385657239306739
0.3712486105965172
0.5128030957967972
0.42795685644889053
0.09611996212589025
0.4023918323658968
0.35875427112922487
0.438639825449755
0.3127084105224157
0.18677905397060637
0.4107900045284262
0.24373224651105346
0.42659832859906965
0.5683174838417521
0.318965872133712
0.21372113128319128
0.49956774113869334
0.5178461158453749
0.6184800955086245
0.34860647976616854
0.36692602198345065
0.3235148820550821
0.5888600716314685
0.5660738545140175
0.3580338396937138
0.4381663990778477
0.39483759417068054
0.35150878926351325
0.2052735581079412
0.3060598575604134
0.3039397307644806
0.36359145362479933
0.3203449837388333
0.3182660244535013
0.41912642542505457
0.5817586760528591
0.4356551809312091
0.392470462311144
0.3287225721460623
0.4913959902844675
0.3453542464287184
0.19931044419743937
0.4443826931785435
0.4836153307809477
0.5434728911942696
0.644477378452925
0.3132641719155243
0.10556378905767567
0.3507266065621012
0.2871228026841217
0.2853114322176938
0.4275863488534849
0.3640442962414063
0.42402535918653
0.17525215100242886
0.33817051582890784
0.4805277674859001
0.1700526944135688
0.23010580050224363
0.41367173027047055
0.3708163517352106
0.20449137540652915
0.5116092379893787
0.6334650693672553
0.36427071754970974
0.527335227038821
0.3404964801778437
0.2360133382734346
0.41970277057346345
0.5004940101272076
0.3548845251327652
0.43569634844180966
0.5576962661067886
0.7208842781277016
0.5547527890988432
0.2033654439916018
0.4283479477995965
0.5092626898851427
0.30200485776625086
0.38294018360709725
0.44331233790292696
0.6066032687003416
0.4817422090486188
0.3980692437528303
0.4996706599151949
0.6012720760775595
0.5999752994936397
0.4751759911078177
0.5562554032357664
0.513832283561813
0.5949116956897615
0.22318965872133711
0.3248939936602034
0.5501214441562718
0.21958750154378162
0.4036680251945165
0.40251533489769875
0.3396319624552303
0.2767485900127619
0.5020583755300316
0.9332057140504713
0.5204396690132148
0.6222880902391832
0.35364949981474614
0.2496809517928451
0.3927380511300481
0.30939442591906463
0.4113045984109341
0.5338191099584209
0.36816104730146965
0.531884236960191
0.6132724054176444
0.4476555102712939
0.5084805071837306
0.5075748219505167
0.486105965172286
0.5058046189946894
0.607858877773661
0.48351241200444606
0.5444197439380841
0.6053476596270224
0.41927051171215673
0.6037215429582973
0.5617718496562513
0.4786546457535713
0.6425630892099954
0.4771520316166481
0.6822691531843069
0.5580461899468939
0.3514882055082129
0.2890370919270512
0.39127660450372564
0.5347042114363344
0.3899592441645054
0.6363262113539995
0.6151043596393726
0.6556543575809971
0.428636120373801
0.5103742126713597
0.7362191758264377
0.40630274587295706
0.5086657609814335
0.6110493598452101
0.445844139804866
0.7335021201267958
0.3419167592935655
0.6501790786711128
0.5262031204973036
0.731567247128566
0.6076118727100572
0.5454077641924993
0.5861430159318266
0.5857313408258202
0.8323247293236178
0.37909102136593803
0.399283685315549
0.44008068832077724
0.6249845621835248
0.5217158618418344
0.41846774525544433
0.5004734263719073
0.5824996912436705
0.45868840311226383
0.6024865176402783
0.6021983450660738
0.3549256926433658
0.47818121938166397
0.4779342143180602
0.3953727718084887
0.27164381869828336
0.436108023547816
0.41531843069449587
0.559219463999012
0.5384504549009922
0.39419949775637064
0.661623646618089
0.4144744967271829
0.3731628998394467
0.24953686550574286
0.41410398913177715
0.2287266888971224
0.29039561977687206
0.1668066362027088
0.39314972623605454
0.2695854431682516
0.3930262237042526
0.43415256679428593
0.3723807171380346
0.3311720390268001
0.2900045284261661
0.39290272117245073
0.31058828372648306
0.45467457082870205
0.6605327075871723
0.4753200773949199
0.37244246840393563
0.43423490181548724
0.4137128977810712
0.5167140093038575
0.2903750360215718
0.393376147544358
0.35229097196492526
0.4141657403976781
0.5583549462763986
0.6202297147091514
0.16751677576056975
0.24998970812234983
0.2707175497097691
0.33263348565312256
0.20929562389362313
0.4152978469391955
0.3743155901362644
0.33333333333333337
0.23059981062945123
0.43664320118562433
0.4780165493392615
0.560577991848833
0.43730188135523446
0.41694454736322095
0.2525215100242888
0.3556872915894776
0.1500967436499115
0.1709398542670125
0.27413445308962164
0.13031369643077684
0.2952739697830472
0.02796508995101066
0.3370178255320901
0.5225597958091474
0.25527973323453135
0.3585278498209213
0.4823391379523281
0.37974970153554816
0.27716026511876823
0.35982462640484125
0.21608826314272775
0.42227573998600304
0.23737186612325553
0.2788893005639949
0.07341813840517064
0.23846280515417234
0.19766168539788398
0.11570540529414186
0.2601786669960068
0.30173726894734676
0.28154460499773576
0.36427071754970974
0.3646618089004157
0.6120785476102261
0.5301552015149644
0.5099831213206537
0.34572475402412417
0.32557325758511385
0.38773619859207115
0.3058334362521098
0.3680169610143675
0.24494668807377218
0.22479519163476183
0.2869993001523198
0.28743155901362644
0.2467168910295994
0.3295047548474743
0.28879008686344737
0.3509941953810053
0.28969577209666136
0.18723189658721337
0.2288501914289243
0.24990737310114852
0.39444650281997445
0.2920011526902968
0.395393355563789
0.395846198180396
0.6433246881561072
0.47912807212547853
0.27376394549421595
0.17131242023794818
0.3982133300399325
0.23401671400930388
0.33740891688279606
0.4613848750566053
0.2766045037256597
0.35941295129883494
0.3393026223704253
0.3191717096867152
0.4225639125602075
0.5259561154336997
0.46467827590465605
0.4651517022765634
0.4244576180478366
0.6307480136676136
0.19896463710839404
0.34352229220699027
0.4880614219258161
0.4679510929974065
0.38606891441274543
0.4071055123296694
0.4281421102465934
0.3050924210612984
0.3467127742785394
0.3883331274957803
0.24467909925486805
0.409801984274011
0.4514017537359516
0.3283314807953563
0.267012473755712
0.4320941912642542
0.43252645012556096
0.2682680828290313
0.28926351323535465
0.310258943641678
0.3724218846486353
0.31106171009839034
0.4555596723066156
0.3324482318554197
0.3945700053517764
0.39496109670248236
0.49825038079947304
0.2104483141904409
0.49897081223498413
0.35525503272817094
0.1291754147626693
0.2941830307521304
0.29453295459223583
0.5212836029805278
0.13050512535506978
0.31606356263636737
0.27520480836523814
0.3990160964966449
0.46105553497180024
0.09083611214029888
0.2763574986620559
0.11196327858054424
0.462146474002717
0.48297723436663786
0.5655592606315096
0.27761310773537523
0.6071796138487506
0.48388291959985186
0.422337491251904
0.40195957350459016
0.5667942859495286
0.29939072084311064
0.25838788028487913
0.29969947717261536
0.5056811164628874
0.38230208719278747
0.23833930262237044
0.36194475320077396
0.5061339590794945
0.34154625169815983
0.36219175826437777
0.42400477543122966
0.5269647194434153
0.5064221316536989
0.25943765180519535
0.5887777366102671
0.5887777366102671
0.5681733975546499
0.3828784323411963
0.5475073072331316
0.5062780453665967
0.5473632209460294
0.5266765468692108
0.5883248939936602
0.7117039232637602
0.7527479313325923
0.7319995059898727
0.7112510806471533
0.4228932526450126
0.46385492569264336
0.9164711209913136
0.5457371042773044
0.7513276522168704
0.3805524679922605
0.462599316619324
0.4005392943888683
0.3384586884031122
0.48219505166522575
0.4200938619241695
0.6255403235766334
0.43989543452307434
0.35714873821580007
0.39788398995512736
0.520913095385122
0.39693713721131285
0.5199456588860072
0.25184224609937833
