0.31745627925186076
0.23141165918268686
0.26797550344004334
0.32519222017784455
0.31227526887878965
0.24453019268688878
0.40908335331029044
0.2660734574253426
0.2986692938029482
0.3572417810678735
0.3324511948682143
0.26142304005703326
0.3533973220452536
0.30034220094193775
0.33631728567601304
0.3004455087266207
0.27559936907732835
0.31900067546104943
0.33670639841651373
0.320981166445796
0.3103165352307235
0.3632122347149902
0.3045996470842246
0.32735753096114345
0.3120869625768353
0.26717591144474284
0.2957783815537262
0.34897255885791845
0.2337832907229423
0.2193326069533376
0.3088139169242444
0.24426523455560156
0.21055616556972384
0.4175175122113154
0.3294686683062718
0.23928379545354353
0.2618588936772459
0.24338755389727762
0.33257581460579955
0.2998125709006135
0.24477904555989674
0.39239480852830805
0.3519857807272416
0.2702575248192183
0.2466118352260888
0.2445144768944919
0.27280082686138957
0.3012725734402807
0.2969596464964085
0.3310402291578667
0.3570381721027729
0.26687214207365717
0.36558164325512993
0.30110386583322374
0.3209081715865497
0.2627297947052083
0.3780771475542891
0.3334165873428864
0.38128487733671046
0.34185850813013796
0.42782572532180113
0.3094830339301803
0.38133978539435115
0.3410391319010464
0.4263571682484322
0.42361497981642804
0.42160252670512843
0.34801766704058307
0.29548608740901566
0.3953154712081242
0.3746035337547774
0.3203385643193334
0.39393976934244845
0.4194995410135533
0.4124896630645343
0.46194995378483894
0.44275068403336837
0.4324516251797832
0.4027542083680151
0.404396473555244
0.5187752348532777
0.5139125126088449
0.46196209912162933
0.5295947703956192
0.5802680413023744
0.551714724681609
0.49178638173157824
0.549162291292295
0.5133826417136197
0.5280693957664425
0.6348807088158481
0.6015803414684326
0.6387216388314365
0.667722699839594
0.6582041539761806
0.5636547271911319
0.673583705886941
0.647949792964368
0.6651645436832183
0.6334109786724473
0.6363803024314112
0.6945636912744344
0.6452727196407086
0.6250622709071322
0.6556626257822948
0.677851119733252
0.6773890082147307
0.6114461027977411
0.6635646256760357
0.5923454907530114
0.647470885578948
0.5993285085182474
0.6211394461942861
0.5478575936992137
0.5122255581710025
0.5154663934577569
0.5503745428881592
0.4734591095112799
0.6416446241386704
0.516633949623402
0.5096695363901532
0.4792447255746374
0.4736989424207701
0.5538191389171598
0.5578792410087678
0.5171287884845308
0.45936911802330993
0.4739004008830807
0.47474020206557094
0.4688207580492191
0.526407943506346
0.5346946867071782
0.5188645765783146
0.4892886728203984
0.5385563275959713
0.45395853725718194
0.5656283404254356
0.5068856669697437
0.43556438271202547
0.5049998446808855
0.46212557365769735
0.4323334421798032
0.4583270672382551
0.5527008491305785
0.5670584169432731
0.479333752591949
0.3952449637155407
0.4411443591315544
0.476774120414139
0.36545409724815375
0.44329802241312855
0.4949485141627896
0.3358838398411992
0.3688483303948806
0.3922169145605453
0.45878145590757125
0.4431359997829602
0.4336572145577946
0.48549636876571045
0.4233635747662583
0.5114092441626277
0.48569859410201854
0.5132983137589298
0.5086017039885964
0.5080724430656722
0.47653672332435654
0.49624476031607934
0.5501834524477456
0.5457472904501353
0.5929788495458178
0.5055810935716651
0.4877261711200649
0.3786679927698613
0.46663907809326005
0.5694233981727208
0.5296493011958667
0.41874183423509104
0.451426090822871
0.36176347167234824
0.43244303010183915
0.4393706900547159
0.5337318540964946
0.3891458686132927
0.4825728571369359
0.4044533542636077
0.3609217789276199
0.4062944616790968
0.3084275999278041
0.41611678324392376
0.4185275892642162
0.3547491282799482
0.3189103746913494
0.3335257512836812
0.3732608671569405
0.26996211313878377
0.3761458088519838
0.3558259526107138
0.30226271900390783
0.33111612285508335
0.38889431208742187
0.45331075436029583
0.3000747007318688
0.3260628880387326
0.3977913110975545
0.33075720487390026
0.281091889455897
0.35846389395796585
0.3198707175238169
0.3234681481643368
0.4480739878163798
0.39694860866554055
0.41224877675835214
0.36609993959812215
0.34702331452196045
0.3700207987441836
0.40170735949592506
0.2893524874985446
0.2550805887657029
0.3506960477276573
0.20333113367504543
0.3006293051221772
0.3125109221139828
0.24923187485846254
0.38842633175213304
0.2715641305539677
0.21128357132979464
0.36479507801940625
0.3294680116101226
0.3628738800500849
0.4080648490838546
0.36793533509854026
0.3550454334409363
0.3233860825482282
0.27204552877265875
0.443764142536374
0.4058126342038916
0.4250095166681676
0.45279695541376797
0.5542939775597415
0.4416147581042327
0.5355438460735577
0.46393568040285005
0.47850262064267146
0.5866031504685008
0.7136175836912669
0.6256442875762418
0.5805565884959103
0.700052400946384
0.7545042562787997
0.7564186006132128
0.7839730438062452
0.7658213858820879
0.8137727481648644
0.807255558423462
0.8723729610598174
0.8537021032137342
0.8881748138111174
0.8726553768787038
0.9083455620445603
0.9325721953162356
0.9570575807371139
0.889459342527632
0.9769438202247192
0.9178196405202776
0.857787640863924
0.8787463554456456
0.8522263393635986
0.8066867312937871
0.7257643692223983
0.786070335518678
0.839946384384287
0.8096243022791818
0.6473746050610217
0.7601492023598557
0.6028088627603772
0.5329367726104802
0.6094314803433902
0.4748778105807661
0.48364422804101603
0.6643106322000414
0.5432759387631217
0.4596171313742727
0.46389366119407316
0.3784248049373543
0.4654730565799424
0.4343170148284161
0.46321382016066215
0.524059649623892
0.44813229299922264
0.4361383289667888
0.514961686519906
0.5232610162210882
0.43935693982910373
0.4806218323209205
0.42078408615877594
0.44469756052528153
0.44211183051602343
0.4930134582015614
0.441684515905137
0.46053738951599743
0.5219539320944229
0.43154486827077676
0.44891472618882994
0.393739373018711
0.4501468280347611
0.4447390048800045
0.49434019588596523
0.53505624820311
0.5657457356010477
0.4690058853208364
0.4984212916054201
0.48939557050383753
0.4948213056225746
0.576307135146093
0.4770341948482436
0.527960980160828
0.562294732828138
0.5633896025119344
0.5009415082985699
0.5736754647421466
0.5438501224051779
0.563325222324504
0.6095644687743392
0.6347005228172521
0.6464744229510557
0.4874785740635166
0.4853711203662848
0.5220425116178471
0.5497637678412565
0.5820830314432658
0.5356791297005039
0.5669998321709521
0.6011033880441963
0.5390663857709304
0.5610902586428756
0.5691874544960589
0.48979733847396145
0.5882537569176729
0.5533297955341798
0.5918414866322694
0.6804142052556039
0.6157617498231841
0.6257726199003651
0.6683553393865838
0.7180775343071739
0.7449688510944873
0.6498184523780366
0.6607203745745398
0.6718855433022681
0.626892504326666
0.6952273260657653
0.625190047217463
0.7147226979555679
0.6361682372034119
0.6045098999167636
0.6445612250088644
0.6770401215422939
0.6864988667582805
0.7126089467879427
0.669902033203323
0.6860566280981396
0.7026464707103645
0.7027440007144228
0.6516834218134806
0.6895612356347717
0.7228393464539424
0.6532697660906195
0.702719251544242
0.6431459851214688
0.7148826018853074
0.6007438522531634
0.6586921627150474
0.615755052336362
0.696540935102459
0.5911585529322794
0.6690669457034972
0.5484602485934803
0.5564320944605488
0.44220769700036666
0.5644808188429744
0.5267404801478283
0.5349968347607343
0.3621690820007302
0.399303203183552
0.43802786082774314
0.38259899717056955
0.4942754517046857
0.4131157480092438
0.4421869026271237
0.3695533695995804
0.44904002538160004
0.4179491282799482
0.4403652620247026
0.4540160395434477
0.4838175284516206
0.4805717021535549
0.42453410709030626
0.49657322188439534
0.5298962882801139
0.5897891346705648
0.5838814471280095
0.5240920777831494
0.5994293622458496
0.5959517500907159
0.5806139673407837
0.5465560487601036
0.5577622894082689
0.5687260598118009
0.5762197659210571
0.5185491217235372
0.4404624960105747
0.5453261289178795
0.5444661697108133
0.5715285393409149
0.6260758020581856
0.5607818268346364
0.5414907349246822
0.5418237033849544
0.5975465269673849
0.5174522011642528
0.5267140424380654
0.48806383231263073
0.5148618705138983
0.4556618025382354
0.4086752938986567
0.4465460759315284
0.49010806306664445
0.4049582416158011
0.4338016305869382
0.32527148010223483
0.3425834902789904
0.35795775229653365
0.28674527341175654
0.34579544570594645
0.2713666431665807
0.23713132543876142
0.3713326372484778
0.24232493723366935
0.20766795561686596
0.2994232429289673
0.13476404494382022
0.27327664263528534
0.1872996993471096
0.24832853632647306
0.17899568475118233
0.2733351081864327
0.1760272549249385
0.1400386750021007
0.1664290436947109
0.2202904417702159
0.19137738814442645
0.12668476847014443
0.12217442404379081
0.04961579050383004
0.02492840994600004
0.20070033742908056
0.19742401025513107
0.1679195920254449
0.215395411642754
0.21057982045230947
0.2169366732846225
0.1987278707377206
0.2530418762488738
0.17693421425371275
0.26365876533738575
0.2175792101484198
0.15352862650349997
0.23108988997664182
0.2409708971468685
0.2874151618133526
0.26545298295973724
0.23806560013203254
0.1420612098236137
0.24293710872074253
0.28827979762544886
0.25998460072399354
0.22662325558962293
0.18451563813283967
0.3101042363834837
0.18753399593276437
0.20686218284021463
0.2845228074551668
0.15833717114983245
0.2618569243424089
0.25186584045840615
0.16338272134010026
0.2897102856145938
0.2671702311813108
0.20152319190803242
0.2824319725263773
0.3207176238963846
0.34208419953946867
0.3330497630837137
0.26967720965179054
0.3883891021899543
0.32472479691140294
0.35620479499723234
0.4068462600762428
0.38895244152830694
0.38763938217507804
0.35292233418780194
0.39575059608702845
0.3287221335013382
0.40520088745167004
0.4252430902399533
0.40129970929476755
0.3927917776577863
0.31198171590317764
0.461276788383547
0.43757029840336326
0.45444492317129825
0.3649563627142185
0.43765148937917947
0.5561126083927335
0.3915502412118659
0.5324922591018245
0.4312886877418854
0.4798267429973575
0.40551608939477923
0.5103462286883674
0.38022855633483066
0.470443722820568
0.5238833566261765
0.5281216791495958
0.4967969632513166
0.3776254632914464
0.37797874592438047
0.4310040148596909
0.37770922196879975
0.4878951551514361
0.530752215520532
0.43180574002474104
0.342797276301099
0.39849400597085566
0.36858464722175854
0.3650579950721412
0.35959411189080487
0.44005337144592604
0.40172596176708086
0.3871535320779942
0.30430626653468434
0.33973376344393946
0.36195982427311446
0.3468861721901917
0.36248296874287605
0.3151674057449986
0.28496407531432155
0.2804742181197344
0.3100392260269921
0.3822098166051281
0.24338414185058843
0.28593107343142576
0.29221488327892897
0.2987378786845428
0.3533448318713919
0.36189350489526506
0.3265574207832952
0.2704967665966688
0.33219960473131716
0.32399950050699144
0.33554728525022315
0.3234649587341756
0.3066037414498184
0.3140211984591681
0.3326871893382207
0.3277998098640826
0.3155293568575348
0.1610347630705255
0.2610101804482551
0.22402260846432656
0.1845467654850934
0.2331383715457794
0.21604032509247745
0.25488432750252366
0.2839588462374679
0.2693608959825403
0.2337857758287737
0.34242186389719853
0.28421016326593673
0.3593229284850056
0.4650601825018435
0.442481541103233
0.5391012598482756
0.6003751768252727
0.6956793678414073
0.413342823047367
0.4287679421649193
0.3857717301878638
0.3391861197012236
0.40989975021581515
0.32107256130715245
0.37584668368067864
0.2804669584395139
0.359205537228168
0.330374588858397
0.2953859583532255
0.34525126495398645
0.3968140810606012
0.2914750877108367
0.4529954360597327
0.29194511364634035
0.3729838428179605
0.4082246577572327
0.27263634957125216
0.34210111251743197
0.3318907136728675
0.3047825701959877
0.4421716037320297
0.32098103757840846
0.3915037916779551
0.33727756399942577
0.2420788086624507
0.23154472312540342
0.37723370778980747
0.3390803286193743
0.32722454418813735
0.24139767548855623
0.3712451421704961
0.35071085903678784
0.3094503478854256
0.27812677657070317
0.4415575320915591
0.3511674072522195
0.3671079220661285
0.2962584095578907
0.3527968069525086
0.24560920927046362
0.3811182408019018
0.3501710031044983
0.4375294154884281
0.36755808267935647
0.32133837629352524
0.41772083405083327
0.5111854082929556
0.37792926476633737
0.36301845931125276
0.33086046005657355
0.2829001266442367
0.4018917244152077
0.28916858906413256
0.41503419002513675
0.355569394070819
0.38808679617964714
0.4184710116579769
0.5136599986962539
0.4003169304240453
0.34481891969187883
0.3332432478952602
0.3862931410521382
0.416270770728715
0.3983166758544341
0.47735556222919473
0.42727605421624326
0.3452211665060848
0.44327538184499665
0.49419428816029
0.3970097221023773
0.44273246746004263
0.4415635837342227
0.46883562979790805
0.43537102737075484
0.3915869732404232
0.42794691432315796
0.44636735736320743
0.4193925694762897
0.3773822356683074
0.4041462703630255
0.3931076429288166
0.4174696781442795
0.4076564421070798
0.4120017755062284
0.38423676797577594
0.34675715649210914
0.48153869951704875
0.3310392928722393
0.469480173375621
0.48209512508237906
0.4517124763601821
0.4543445972724577
0.5293107949045383
0.41271211666191265
0.44329172403840245
0.42565181343167446
0.481287934131432
0.4927839432742339
0.5008053937407376
0.41024722190926455
0.47518686637846086
0.49869078496441643
0.5650574493074508
0.4487941940343443
0.46716025383107296
0.46910907102062593
0.40830005648310347
0.3998846029471444
0.5331349252851756
0.39475254967140705
0.4323159184759283
0.4579009232858471
0.5503718806838713
0.38313469633831987
0.4970313849363067
0.4856258390416185
0.5066514772460512
0.5054135409479892
0.39605897710192317
0.47984184806384284
0.5066891582208916
0.47975063286321856
0.4830798539955108
0.42397438116335595
0.47930963992115727
0.5347871530518774
0.47453127698160924
0.3593487498921395
0.4736939615078388
0.426282249120254
0.5262526635796271
0.3974273692476443
0.4475871302928417
0.4112340796212052
0.48952670490234906
0.47473714542157164
0.396905245467881
0.5195149820395788
0.5258235216141129
0.3709754905533046
0.40334190334116965
0.36220706833852634
0.4355157636843412
0.4878562278556279
0.519479433933044
0.5296611310713213
0.4949079967489245
0.46278708341827146
0.5623523998536488
0.6064029853524504
0.5766706130734081
0.47761103602220284
0.5138561974097655
0.4982588377593503
0.4022509516781209
0.42372310814573766
0.49645420011598074
0.4949397409313344
0.502833515769864
0.3838339206847605
0.5259968328767082
0.42264551709169673
0.4522264609963258
0.49648966864125166
0.5329783021231844
0.520406669000347
0.49971606173727556
0.5275507434178721
0.40279984415335823
0.4877520666824674
0.5036162699975244
0.42950368074649636
0.49779947511031913
0.5231788224912025
0.5035622374845086
0.46941463187448174
0.5191352304974093
0.4499358942774967
0.3840380124127178
0.46908246389923325
0.35608225386799985
0.3469608664410106
0.4165109674813321
0.4690865959453497
0.4047236340904732
0.4772520517232999
0.475089092656782
0.5283456289651686
0.43437906063210585
0.549719101952567
0.552923000530165
0.514280692010335
0.4786272779100573
0.348385201351525
0.5149207826546004
0.3996850976924071
0.45050855200910667
0.46463434240517043
0.44805883421738124
0.39802273085066414
0.4623673612819818
0.3772257195190006
0.43028587278075847
0.40407182073415976
0.4066598662868972
0.4103932217261372
0.39564661698615355
0.3988943081686475
0.3644457742989444
0.2791946641365452
0.25364690185090494
0.4032657534163988
0.3692914874047201
0.38834467142772633
0.46557505835770946
0.38418196466998833
0.39048502263280593
0.33132634912285397
0.44432291017227155
0.42176217063926136
0.4139110405061851
0.4357228091131098
0.34782232035905014
0.47504901655719844
0.4550172637836294
0.4035892224661826
0.3834532453668971
0.5441123725126615
0.4432365412143905
0.49077773231832056
0.46842719554043477
0.3672414900235164
0.5248958319689845
0.4970337755393872
0.3755854066350125
0.3820413487969174
0.40349749254961864
0.40758265158591667
0.44845112237088863
0.40261521366175174
0.41769793348709494
0.459843171102355
0.37972718080735046
0.35784828465072605
0.30795798938238234
0.3894750503317582
0.2494080296440208
0.2217729328898587
0.3416753896825453
0.3284355446399268
0.28907443086396545
0.3202087895848021
0.2817510013787303
0.36902719109413307
0.3290611165266396
0.39597841719950067
0.26230054361690064
0.3717713147977818
0.4427952545149744
0.41943717176025686
0.25987990071935885
0.4514909708047542
0.32812443721313345
0.371800531822897
0.32347246062479584
0.35699870356393687
0.24237714103555874
0.39427326894736825
0.3133754350875752
0.399768297190804
0.28148604264455473
0.3192280662619527
0.35740288640339785
0.3094260626378401
0.4143243088732732
0.39400596844406943
0.3880801830971957
0.3889426842323215
0.39035961657807344
0.3038041717613873
0.3758323688501148
0.3726259283444573
0.4289519253051463
0.37427810064542966
0.3872283419326566
0.42645087548810406
0.30819243955384756
0.5295026219238093
0.3792227775745123
0.38512395196336247
0.38106684245886513
0.3912477602132115
0.4219622539132165
0.4195173224522032
0.3612210391459182
0.339821766606089
0.48044984469972585
0.43114829584184133
0.33859198346880104
0.36969465799462
0.4045658746346403
0.44375836897596777
0.3611062000662424
0.340236259590164
0.34523872683542767
0.37258817246073783
0.3812476455137004
0.4248237749025865
0.3534371740210883
0.48715059420300233
0.3606154105048022
0.46707452551743833
0.4853350567901997
0.3715614540310812
0.512167052377057
0.43063974187334747
0.48744749200325105
0.42266044882777776
0.5178856564945583
0.3565126089956219
0.46923745956408913
0.4440006907593416
0.39712804647967825
0.46418751169509226
0.4169429021764647
0.45393215908264506
0.416009916157069
0.45186263233870566
0.2617943309653637
0.3602608158360686
0.3001200519539047
0.34391394281076354
0.3586032556725201
0.4076788234332156
0.31557247091157853
0.3441131399895474
0.42458197793353236
0.3942699076940236
0.3638446243647535
0.44925164160849107
0.35878518567642753
0.5131792824950233
0.42350902248811273
0.4163057034369535
0.29522835745703196
0.29478126524412646
0.2639100900526812
0.3663726670010185
0.3273044293077598
0.3466233191943452
0.33533883177568335
0.3820758097450121
0.38076785007372194
0.4149556378916843
0.35412899022604927
0.3377392363137748
0.32077367593469364
0.33529333661405086
0.39061631016496157
0.31961311674066495
0.3622530296835853
0.3293435323455258
0.30898463230027157
0.30791255390669775
0.35705253953534644
0.4093029665498696
0.3193140239746094
0.3298922382268149
0.28504349440123955
0.2706635206947082
0.30334199618597746
0.2671586090008972
0.28506897216200666
0.21259033471985095
0.35619872662441676
0.3205368865563808
0.29670649216565415
0.3523372257564459
0.24144663077722484
0.3051026608101086
0.35230212665101923
0.2604864133455368
0.428959477838389
0.31297696175163187
0.37539470581120327
0.4572846681344486
0.32933466988659293
0.3982044147253975
0.2964784360774425
0.47946209501445236
0.5013955891933769
0.4456335204422488
0.3781064036164259
0.4450370866022757
0.30740239354216126
0.4268418125687905
0.36547752383198856
0.3809376853834615
0.38611412480768803
0.317114379000494
0.39794069794124926
0.30871564506605587
0.38148710583818257
0.32524417694622726
0.2925102164331542
0.3380853857223225
0.2993155375258441
0.23226319573788073
0.34213198205954953
0.2299439826277718
0.31592821212325606
0.24767400062775752
0.22364724414077294
