0.2677790963559003
0.30581203508061017
0.1846363136414947
0.2515991779791022
0.23167096008567542
0.32754927783727467
0.20634461200034732
0.21537526411763003
0.3691134330950244
0.334713016295696
0.2568381139830386
0.2224087527858983
0.31822918174187387
0.21142435381631888
0.2927002228718632
0.20035312165330402
0.33950331413354945
0.2905583374337897
0.15475122290080753
0.2794002720773394
0.3317317433210802
0.2682277345219833
0.2915858635561087
0.19910851254739645
0.2948131639121248
0.11549248892876783
0.21113490983820082
0.3936438102405279
0.19981765029378565
0.2664910706532751
0.289776838692871
0.2406437234073345
0.04678283018321804
0.24366841297866798
0.16560537208023388
0.1453877102086891
0.2843497641031578
0.3220064256563142
0.21491215375264117
0.2670265420127934
0.26122319025152685
0.26989203739616197
0.2930330834466989
0.316145185099424
0.28138296332744794
0.3044805927812672
0.3131060233291847
0.2348837882427856
0.3303279400272077
0.07837853483458276
0.37640742134359895
0.29815624185938805
0.23436278908217317
0.32976352426987754
0.29485658050884256
0.15867318880430695
0.3698225708414137
0.2769978870589597
0.09738053199803177
0.25057165185678315
0.345900026049958
0.23861761556050826
0.3917768965816666
0.24102000057888795
0.5244580161509741
0.3302555790326782
0.3965961388173319
0.2602680251237373
0.4713161017685027
0.36391791368780574
0.40122724246722047
0.30833019769023706
0.47588931662276773
0.368447711945353
0.28995050507974185
0.4864250774262641
0.33559582042895597
0.1991953457408319
0.3811543025847347
0.4039335436626241
0.3543373180120988
0.5218096037511939
0.5879620249500709
0.523864655995832
0.4742394859474948
0.5259052360415641
0.490723320501317
0.6292077918318909
0.6808590697270545
0.6021881964745723
0.5814640076413211
0.7488494601869808
0.6123332079076096
0.7218153926307564
0.6431155749804626
0.8104865553272165
0.6305102897334222
0.6965035167443341
0.6033459723870445
0.7127992127123796
0.634055978465368
0.7434802743928913
0.7660279602882862
0.6149382037106719
0.869026599901589
0.6600480477003676
0.6536079191872414
0.7051144750933457
0.6697299487684159
0.6777475469622855
0.555558771599757
0.6938116877478364
0.3544820400011578
0.6374424730093492
0.5296969521549104
0.4797823381284553
0.502228718631509
0.6549104170887725
0.34448175055717967
0.4392746533908362
0.5340965006223046
0.4551940721873282
0.33287504703464643
0.5434165967177053
0.34872210483660887
0.40005499435584246
0.6249819097513677
0.3723841500477582
0.539465686416394
0.4894642391965035
0.5118093143072159
0.5196821905120264
0.4407218732814264
0.40510579177400213
0.4563807924976121
0.4352803264928073
0.4720686561116096
0.6969376827115111
0.6034617499782917
0.5244001273553504
0.5322151147645373
0.43872470983241196
0.5767171264001852
0.483212249269154
0.6212046658369272
0.38296332744797246
0.5354134707227417
0.42736403369127907
0.3193580132565342
0.39943268980288865
0.4650206952444354
0.2991114069871777
0.23444962227560856
0.2566065588005441
0.3656545775565139
0.28650612174013723
0.35206518278387217
0.3742076471099019
0.41080783814292743
0.4474225013748589
0.339286231149961
0.4771918145242988
0.5427798199658457
0.5648788676951576
0.57246229992185
0.6669223421806709
0.50088280413326
0.5084951807577642
0.35691336941734925
0.5816087296303801
0.6036788329618803
0.5099713450461664
0.5609858461894701
0.5685258618194449
0.5037482995166286
0.49685953283741935
0.4175518828330776
0.5553706330139802
0.3748010072650439
0.49807519754551505
0.47669975976149814
0.44077976207704994
0.4483342499059307
0.4558163767402819
0.506772989087962
0.41294972358100096
0.36260094358736866
0.5003183883759298
0.29076094821847226
0.3416451995716229
0.3346406553011665
0.2553185330979189
0.45091030131118115
0.25575269906509596
0.32109467712524237
0.24175808272308894
0.2347245940548207
0.502662884598686
0.3074908101536948
0.3583316449101277
0.33682595733595766
0.4310833888100958
0.3227155634027034
0.33013980144143096
0.4099105618107616
0.3449593331210744
0.3523690989608962
0.3742510637066196
0.3816463573475354
0.31668065645894233
0.3240759500998582
0.3024689571333468
0.3098642507742626
0.3172450722162725
0.3969868881877912
0.21618570725636052
0.22355205649946455
0.2019884801296709
0.31061680511736955
0.1877333642073577
0.20951402356073984
0.10110857043619208
0.12288922978957424
0.0
0.0941373122232192
0.24621551998610666
0.2824539060464847
0.3187501809024863
0.16686445338504732
0.2609771628701265
0.28280123882022634
0.2756230281628991
0.2684303453066659
0.34812874468146693
0.3988393296477467
0.39164664679151345
0.3265651683116733
0.29042808764363653
0.47137399056412627
0.47865350661379485
0.5003907493704594
0.3774204752670121
0.47157660134880897
0.5945613476511621
0.6163130626067326
0.4064951228689687
0.48612116124924026
0.4499696083822976
0.6887898347274884
0.5658050884251353
0.6598888535124027
0.9131233899678717
0.7177776491360097
0.8697502098468841
0.7612376624504328
0.7395004196937682
0.7467509913456251
0.8986801354597818
0.6454311268054068
0.7974036875162812
0.8914440360068309
1.0
0.9059017627138268
0.9565689310833887
0.9348172161278184
0.7973457987206576
0.9492749428348144
0.8551622333497352
0.804524009377985
0.8406755622449275
0.5728964658890272
0.8261744189412139
0.5873541925960231
0.5656024776404527
0.6017395583084894
0.5944745144577267
0.471417407160844
0.21818287070537495
0.35562534371472404
0.44966569220527364
0.19635879475527512
0.33381573996353003
0.3120784972068656
0.29032678225129527
0.3554227329300414
0.24679440794234278
0.4566123476801065
0.47829170164114737
0.42761006107267935
0.3190396248806044
0.3841355755593505
0.5215491041708877
0.5287562592260269
0.39125589742105416
0.42736403369127907
0.6516541723349446
0.383904020376856
0.4200121566470809
0.5719557729601435
0.31861993111233317
0.41268922400069463
0.3185475701178037
0.4415612608179687
0.578974789429506
0.2967669107644216
0.40525051376306115
0.441373122232192
0.36177602824973226
0.4123853078236707
0.24589713161017684
0.2675620133723118
0.3761179773654809
0.3398940635040088
0.5207531332310632
0.5279602882862022
0.621986164577846
0.41211033604445857
0.46273408781730296
0.3686358505311297
0.39032967669107643
0.33964803612260847
0.6363136414946887
0.35409129063069844
0.3902573156965469
0.5277287331037078
0.4626038380271498
0.2817013517033778
0.4626038380271498
0.5276708443080842
0.28887956236070506
0.469796520883383
0.6217690815942575
0.3684621841442589
0.5783380126776462
0.527699788705896
0.37572722799502156
0.4842976641870966
0.5204492170540391
0.5856175287273149
0.6217835537931633
0.6435352687487337
0.6652435671075864
0.7303684621841443
0.6942458537150136
0.5567744363078526
0.7956236070508554
0.744985383079105
0.6943616313062607
0.7595154707806304
0.5931575443572897
0.5714926625951547
0.535355581927118
0.6149960925062954
0.4775536194969464
0.7019305913340472
0.6513357839590147
0.6875741700193927
0.6369793626443602
0.6008712263741353
0.7963327447972445
0.7457524096211179
0.50706243306608
0.9485513328895193
0.6519725607108744
0.8619207502387912
0.6666039538047412
0.5436915684969175
0.9852238849170742
0.529465396972416
0.68151031867782
0.7322932646386292
0.6383686937393268
0.4720252395148919
0.7543923123679411
0.5880633303424122
0.537569828359721
0.4581029841674144
0.5234015456308431
0.4439347014385366
0.42241454166546066
0.6324061477900953
0.39381747662739874
0.2998929057280963
0.5822599785811456
0.5607832354047875
0.640553995774118
0.30063098787229736
0.49619381168774784
0.387898347274885
0.42428145532432193
0.41724796665605374
0.5115343425280037
0.2874323424701149
0.6422327708472024
0.519450635329532
0.4111551709166691
0.6646646791513503
0.512967090219688
0.5928246837824539
0.527974760485108
0.5499580306231728
0.5574256852586181
0.7096732177487047
0.7172132333786796
0.6668644533850473
0.7323077368375353
0.7542910069755998
0.5592347101218559
0.7694289270311732
0.7045934759327334
0.7990245737937424
0.9368143795768329
0.7128715737069091
0.9375090451243162
0.7714695070769052
0.5474977568091696
0.6853743957856957
0.5627225100581783
0.6572114967148108
0.6358794755275117
0.6000897276332167
0.4919824018061304
0.658817910793366
0.7098758285333874
0.55833743378969
0.5225911024921126
0.428999392167646
0.48010072650438507
0.603577527569539
0.5968045384815769
0.459781759240499
0.49643983906914824
0.547584590002605
0.338244232828736
0.3459868592433934
0.3247995600451533
0.39044545428232363
0.2390228371298735
0.3335986569799415
0.4282178934267273
0.42154620973110657
0.31358360589307943
0.3069263943963646
0.3291846363136415
0.0765174100552838
0.05542273293004139
0.10664997539726186
0.08557411213059711
0.13682161567628587
0.18812411357781703
0.09471909461923646
0.001274306058062462
0.06703377811224638
0.11837969261049525
0.1552143332657964
0.003970013603866972
0.11318706764305769
0.034277403108628327
0.05672957249124432
0.1370343570002026
0.17392688645112736
0.2976786592954934
0.3345972387044488
0.15449072332050132
0.22038264493907203
0.24285796983993746
0.048263336131291794
0.11418275492778374
0.07880691192219746
0.23158412689224
0.21070074387102378
0.2911372253900258
0.19790732003820663
0.3217893426727257
0.21411618281281658
0.36695707545804507
0.2882138412110336
0.2963472169961504
0.27556513936727545
0.09558597933369996
0.26291643752351734
0.18426003646994127
0.10563257981417697
0.22957249124431967
0.12202234507511071
0.1591507713682017
0.268705317085878
0.1032562447538279
0.24177255492199484
0.38027149845147473
0.31620307389504765
0.2665779038467105
0.26036933051607863
0.3121219138035833
0.3348866826825668
0.4155691915829691
0.39498972473877686
0.5480477003675939
0.31037077773596916
0.34768010651538395
0.6165446177892269
0.19077252597759706
0.3728327882138412
0.2799791600335755
0.28841645199571625
0.18107615271064287
0.24741671249529654
0.22692407884453963
0.45244435439520686
0.4030507395293641
0.3102405279458161
0.42007004544270454
0.5588439607513966
0.2924107788937451
0.5324756143448436
0.2805435757909057
0.26018119193030187
0.2108888824568005
0.3497062143622102
0.2714984514747171
0.42481692668384036
0.21637384584213723
0.21052707748415295
0.2626269935453993
0.2857390951981244
0.4246866768936872
0.28864800717821065
0.4855133288951924
0.4942255926365452
0.4305768618483892
0.5117080089148746
0.4915048192422356
0.38449738053199806
0.161755767171264
0.3297345798720658
0.3964224724304611
0.1592086601638253
0.254869894931836
0.22031028394454252
0.38836145763987384
0.22356652869837043
0.2613968566383977
0.4150192480245449
0.04766129265680628
0.2591970824047006
0.23921097571565023
0.1468638744970911
0.21372543344235723
0.17929607224521696
0.2895742279081884
0.1393933254218646
0.3655098555674549
0.1864163941069206
0.3112246374714174
0.13216301484847606
0.32935830270051236
0.30951691800052095
0.2462878809806362
0.40009841095256016
0.2355929259891748
0.2591970824047006
0.36967784885235466
0.37883875075979045
0.4169729948768416
0.12227995021563576
0.2617441894121393
0.09729369880459637
0.20787866508437294
0.17370980346753886
0.13956409736895423
0.11990506237517728
0.1871255318533098
0.21091782685461233
0.04658311383831659
0.28749023126573847
0.26790934614605344
0.262815132131176
0.25773539031520454
0.4697531042866654
0.37786911343309504
0.5465136472835683
0.6427971866045328
0.7825262670410142
0.7775044140206663
0.8883180410431561
0.5070913774638919
0.4731974876262699
0.2945960809285363
0.39099539784074794
0.3716171235057455
0.49698978262757243
0.33293293583027006
0.5162088627746101
0.3521809603751194
0.3473617181394541
0.4438623404440071
0.22197458681872123
0.3619352224376972
0.27034067556224495
0.36689918666242144
0.3621667776201916
0.35744884077686767
0.5264117630032707
0.4783206460389592
0.38681293235694236
0.309806361978639
0.42095284957596457
0.48869721265449073
0.4551361833917046
0.5663260875857478
0.3446698891429564
0.48483313554661495
0.32109467712524237
0.5481345335610293
0.355480621725665
0.4088685634895366
0.3899244551217112
0.18285623317606878
0.3810240527945817
0.5357752756953892
0.473486931604388
0.25200439954846743
0.2331471243740774
0.35902631045761096
0.5717676343743668
0.4371761845494805
0.2157804856869953
0.6601204086948971
0.5979478421951432
0.34765116211757213
0.5025905236041565
0.570711163854236
0.5230831572549133
0.15708124692465775
0.5146892818894903
0.5105212886045906
0.24586818721236506
0.3285623317606878
0.46915974413152334
0.6966192943355813
0.4320240817389794
0.5147905872818316
0.6120292917305855
0.17384005325769197
0.6618570725636054
0.25264117630032706
0.4657298329908246
0.490708848302411
0.44332686908448876
0.4104460331702799
0.24732987930186112
0.40261657356218705
0.3263625575269906
0.5540536629135431
0.3186344033112391
0.45952125966019275
0.41228400243132945
0.6545051955194072
0.5638802859706504
0.2851312628440766
0.4405771512923674
0.6105097108454659
0.3462763032215115
0.4728212104547165
0.39676980520420274
0.40758053778691133
0.5196966627109323
0.3423977539147298
0.3242930330834467
0.6101479058728183
0.2447393556977047
0.2990679903904599
0.42575761961272396
0.4366986019855857
0.3608208631219427
0.4296795855162234
0.32487192103968277
0.3648296622188775
0.4482040001157776
0.2276911053865524
0.4703030478450896
0.6116240701612203
0.4056267909346146
0.5035601609308519
0.5146748096905844
0.3232076181655041
0.47908767258097196
0.5915511302787345
0.7040580045732148
0.5994818952791687
0.5093924570899303
0.5061651567339142
0.3437581406118846
0.45633737590089435
0.46762569104749774
0.5223450751107124
0.40341254450201164
0.4437031462560422
0.3537584300558627
0.3651335783959015
0.30416220440533737
0.38792729167269674
0.6598454369156849
0.381848968132218
0.5380329387247098
0.23112101652725117
0.5175837216706707
0.5580335176126661
0.5116645923181568
0.4363802136096559
0.346638108194159
0.28584040059046567
0.3842658253495036
0.4682479956004515
0.4219803756982836
0.4191438247127269
0.3005586268777678
0.5727372717010623
0.4831254160757186
0.42247243046108424
0.3328895192335523
0.619612723957278
0.3853367680685403
0.5707835248487655
0.5102173724275667
0.6956930736056037
0.21546209731106544
0.473327737416423
0.4272916726967495
0.8588671162696461
0.32080523314712434
0.5063822397175027
0.5472517294277692
0.7183854814900575
0.6724651943616313
0.5831283105154997
0.6964166835508988
0.7807896031723061
0.5323164201568786
0.6311904830819994
0.38274624446438393
0.3513994616342007
0.3490115488147269
0.5492488928767837
0.41665460650091174
0.3274769168427451
0.6290775420417379
0.49652667226258357
0.5810587860719557
0.6800920431850416
0.40287707314249327
0.45852267793568563
0.6733769428927031
0.555385105212886
0.668977394425309
0.4641813077078931
0.5633303424122261
0.38752207010333145
0.5590610437349851
0.6148224261194246
0.7429737474311847
0.8132507453182436
0.6809314307215839
0.4907522648991287
0.5031838837592983
0.631407566065588
0.6004660048047702
0.6563576369793627
0.6978060146458653
0.4787548120061362
0.6360097253176648
0.48934846160525636
0.5742713247850878
0.6013198645402182
0.5560218819647458
0.510738371588179
0.436510463399809
0.5649222842918753
0.5341543894179281
0.6336507568960028
0.41477322064314454
0.31168774783640624
0.38228313409939507
0.3660597991258792
0.3932675330689745
0.406017540305074
0.34642102521057044
0.4749775680916959
0.3864655995832007
0.269009233262902
0.35419259602303976
0.38150163535847637
0.5101305392341313
0.3203855393788533
0.21748820515789166
0.2882572578077513
0.4748328461026369
0.3430345306665895
0.09546586008278098
0.4991606124634577
0.17926712784740514
0.38037280384381605
0.4367709629801152
0.42083707198471737
0.318069987553909
0.43240035891053286
0.37307881559524153
0.559799125879186
0.39920113462039425
0.3543952068077224
0.2951170800891487
0.39506208573330637
0.2489941821760398
0.2910648643954963
0.40551101334336737
0.3607774465252251
0.34500274971779216
0.3437147240151669
0.42925989174795215
0.31222321919592466
0.3399085357029147
0.1650120119250919
0.4098092564184202
0.37963472169961504
0.3784335291904252
0.3483024110683377
0.4050044863816608
0.5919708240470057
0.5329242525109265
0.6041419433268691
0.5451098439896958
0.22559263654519668
0.22447827722944225
0.29573938464210253
0.3380705664418652
0.23567975918261022
0.24908101536947522
0.2769689426611479
0.24698254652811946
0.18805175258328752
0.273857419896379
0.3741497583142783
0.2284147153318475
0.372138122666358
0.28432081970534606
0.22546238675504357
0.26790934614605344
0.3682595733595762
0.16470809574806794
0.19271180063098786
0.37992416567773307
0.0606225939969319
0.33468407189788413
0.07328721525948653
0.4342093837737706
0.04257286752149122
0.20090306521172827
0.34475672233639176
0.32943066369504187
0.29964687834669596
0.3277518886219572
0.25455150655590614
0.2537410634171756
0.41212480824336445
0.3389533705751252
0.39604619525890766
0.33737590089438185
0.27870560652985615
0.2924107788937451
0.24822715563402706
0.4066543170569336
0.4638050305363397
0.34727488494601866
0.40442559842542475
0.25897999942111205
0.2727285883817187
0.3877970418825436
0.5607542910069756
0.35743436857796174
0.41462849865408546
0.45735042982430746
0.12380966163998958
0.12313236273119338
0.5132131176010882
0.3533532084864974
0.30927089061912066
0.4099250340096674
0.4237459839648036
0.42309473501403805
0.4369301571680801
0.2770991924513011
0.27646241569944136
0.46397869692321053
0.39099539784074794
0.6074705490752266
0.346348664216041
0.4470462242033055
0.3451329995079453
0.2142898491996874
0.5175981938695765
0.5748936293380417
0.5019537468522967
0.3276939998263336
0.5297258965527223
0.32652175171495557
0.49960925062954065
0.44115603924860347
0.3103273611392515
0.5991924513010507
0.3815450519551941
0.3086196416683551
0.5685548062172566
0.5824625893658283
0.4371761845494805
0.20505658629772208
0.262380966163999
0.4499696083822976
0.3046832035659498
0.3041187878086196
0.11543025847347246
0.2740600306810617
0.4327042750875568
0.4610987293409361
0.4171177168659006
0.4744565689310834
0.28575356739703034
0.21284262930909723
0.2701670091753741
0.1248834987988075
0.39928796781382964
0.36979362644360186
0.1955628238154505
0.32524819821123624
0.3246693102550002
0.3385770934035717
0.22223508639902748
0.2940171929723002
0.17766071376885004
0.1915540247185157
0.3067527280094937
0.3785203623838606
0.4647746678630351
0.3628759153665808
0.2175460939535153
0.1880083359865698
0.245289299256129
0.23020926799617936
0.20065703783032796
0.34475672233639176
0.3586066166893398
0.2566789197950737
0.2705143419491158
0.1106819300124461
0.29817071405829404
0.3988393296477467
0.1955628238154505
0.3106746939129931
0.1363454803322817
0.2514544559900431
0.48231497293698805
0.1921908014703754
0.22044053373469566
0.43681437957683295
0.20455005933601553
0.2472430461084257
0.20310283944542534
0.3036701496425367
0.47658398217025094
0.36005383657992995
0.4027178789545283
0.4742973747431185
0.4879880749081016
0.41483110943876816
0.5008683319343541
0.29744710411299896
0.4123997800225766
0.5562968537439579
0.5120263972908045
0.5256447364612579
0.5537352745376133
0.3647138846276303
0.6822194564242091
0.5655301166459231
0.4777851746794408
0.6360531419143826
0.30225187414975835
0.5328663637153029
0.38717473732958985
0.25594083765087267
0.5878173029610119
0.42761006107267935
0.3976526093374627
0.4110828099221396
0.3955686126950129
0.10505803351761266
0.5092043185041536
0.26207704998697506
0.18860169614171177
0.4335147182262873
0.374482618889114
