0.31217755226840527
0.3262692042863172
0.2966409189452387
0.3246745956376321
0.2927850058725605
0.3115516942217553
0.29995515929165595
0.35735660539854014
0.2868028109074124
0.28955866595254487
0.33735040478747735
0.4207931766598037
0.36870044198738927
0.3922871640194982
0.2907208631147364
0.35965196608991506
0.48481829984761704
0.3528520326094552
0.3831789528717668
0.41727450922571807
0.2963956175108904
0.3423019492399176
0.37761361941304883
0.24232845882309392
0.31208751716056554
0.28619440373991517
0.2665602219722973
0.33869545261224165
0.3490675449686385
0.26509084226893975
0.2768795279520905
0.3821863137942287
0.3281547917919433
0.34392612219262036
0.33884040773503243
0.39683493056962393
0.1481584036138248
0.31787753771495497
0.36138876546458737
0.33241913884984753
0.4052918686356725
0.20492814657634587
0.3910427673820218
0.35953991243462835
0.29491161407688615
0.25866959380305016
0.2813852837684673
0.30108507127437256
0.4206400458031362
0.3139205500394203
0.39594746357179433
0.20758203381242454
0.3849239490668587
0.3418430421279599
0.3002380320211011
0.3602758164599084
0.4348374435850032
0.36558857389079713
0.3177435274530045
0.3469491289528503
0.26796537273778587
0.38299094841021264
0.43689606934378683
0.3373703551590023
0.4392775643593373
0.373677950589291
0.4000838493126009
0.4022725585982442
0.4225856782985816
0.4533202685995001
0.4083874167506273
0.47651086737438236
0.6393912873874706
0.4288156527569819
0.4916027079334396
0.47387353050911096
0.4494022927873187
0.5055187807261059
0.4956711726406553
0.46425975673377307
0.586116231838494
0.4612315556124408
0.5327678505080103
0.5008595332786934
0.531978058242955
0.5855736946053345
0.503594428481904
0.6171652412986821
0.5599994325120348
0.4473317793828086
0.6571098706310854
0.6179038817238935
0.6590418044870435
0.6167199680563562
0.7168746719164866
0.7132642121420683
0.6161723624548017
0.706447298928263
0.6521303055092833
0.8064120645331017
0.6324262507572465
0.6582019848710794
0.8199029512705043
0.7206702174403137
0.7151688385314465
0.7038042805291607
0.6016601442270315
0.6904180972321008
0.6939413826927078
0.6877033867568105
0.6305635583417492
0.7067168250334044
0.41187377511693335
0.6193468198809682
0.5175958729967972
0.4476867133653635
0.7043626202184174
0.502457946432526
0.44748391231042245
0.5411332944842244
0.5616088060031854
0.5164255763800857
0.5995395989247138
0.6383724094615097
0.4034857144795462
0.4745370276142661
0.5202010072505253
0.4971495247936416
0.42130094973637355
0.6130104164132051
0.4442942915016836
0.3269591645059037
0.5813282990315762
0.46898178358042875
0.46360918037558235
0.530801318725654
0.5449437593996931
0.46832101574873375
0.642848589134716
0.5185107340107349
0.6064487767953121
0.4842112070172869
0.4491460322803185
0.4437545595578757
0.6232641040523044
0.5096439466622811
0.48649060062384075
0.45638552576786023
0.373727330381844
0.4023137229996766
0.42803062902624545
0.4610900876979127
0.5065215290170629
0.34224523630379805
0.38786525981959485
0.35208128537152483
0.3904410965276861
0.4077715405519168
0.4788181346737709
0.40635875526616994
0.5599621977680692
0.4635621153796724
0.46503176142299535
0.5381870582911458
0.31172457771460726
0.3738738039922965
0.576085237593168
0.568286389987693
0.5505996933995767
0.4604564269878949
0.6153252952090801
0.6024601585667707
0.5964216400150288
0.6115328918294828
0.5062994194565985
0.37308947188952213
0.5851243687455088
0.48795801070526856
0.4650711062430703
0.46590819187124144
0.5494254209025522
0.4832919007189142
0.4543656039173004
0.34994158288092125
0.4231865610292087
0.43314326366169886
0.347050453598786
0.33375568591720184
0.5388803743349377
0.3963596923085895
0.385965566161973
0.44091613509572913
0.39162330497180725
0.39880040226592917
0.26371398997484047
0.3548725755464355
0.4195978373404974
0.4020353879833639
0.38095224102567915
0.32910690891860217
0.5146945762034126
0.38566486484153506
0.2596977772249761
0.4966524480078933
0.2743583708132569
0.3166582178992824
0.43197796093666596
0.4720416422212754
0.4529905565754497
0.3525016346809885
0.25690505379160977
0.34939502917508547
0.3588700552490534
0.3436682063590315
0.3411237076429079
0.32624220011282373
0.24419108319661886
0.33498114280204294
0.3533979935822845
0.2460391766951986
0.41815887865852136
0.35524601654730137
0.23102121449831503
0.3273140605010666
0.3341843536990313
0.25777614292074486
0.35210417848224956
0.3181298536229545
0.35302260373881356
0.3311190648419343
0.2868118107675799
0.40438914817768556
0.3004485928872149
0.4007608349472207
0.518568741844967
0.48837202219475173
0.44907173435858855
0.399841207944744
0.437973092749255
0.4691415888127545
0.5235645473172891
0.4661282045731771
0.42568420663382567
0.4699915738446302
0.4456223382275378
0.5022657261584248
0.7095250257230465
0.7424442127500557
0.5483568121704869
0.5049056323572902
0.7065115462498526
0.6155863800637905
0.6560550420726434
0.7162983664554788
0.70869338264931
0.7832663385067203
0.6214584634181141
0.7735068736097063
0.69394632639071
0.8541352882968146
0.9037880067034252
0.6656147160087075
0.7257749657446539
0.8442425894415143
0.96087493981861
0.7921220081466933
0.7682633466043116
0.8316188951968001
0.7329080532119974
0.6227559059512963
0.638696483835724
0.5633353882308201
0.5415672871890067
0.5769127138268907
0.5792020163054579
0.5595511701454152
0.41818151648498897
0.4868422624305746
0.4716814704475266
0.46247515420409974
0.520192841860881
0.4672555137999044
0.5523514140282141
0.49859109094287585
0.527320303338028
0.42620408040235624
0.4575311969596748
0.34091833568699137
0.5032961350024271
0.36321551378658246
0.529838143460568
0.3746308930526606
0.36937564325407934
0.543448034706304
0.4759041420914813
0.4818291930907547
0.44563408592074943
0.4292711809281107
0.408678826768888
0.47601332215959014
0.37760552633348465
0.31822254051848814
0.4867948562636977
0.4285390399498259
0.5160611967462376
0.4491749423596128
0.38601832805765646
0.5547692125898964
0.48792471038718177
0.5378148088240728
0.4546353122719509
0.5253442352239182
0.41738664672561276
0.6281938893660419
0.5933466916040411
0.5121155882476398
0.4930152240791221
0.5506289136033276
0.4245599396056345
0.539807928892164
0.6150380066309284
0.5453361655998056
0.7782305295930292
0.49737795292623865
0.49989900083718575
0.5323052402741422
0.5464325725897502
0.5588095227277446
0.4823717538816046
0.5325216127278608
0.5316791608523227
0.5862146709616914
0.47017213387952583
0.5665595375772202
0.6072992930175749
0.46353653105853904
0.5134772829367336
0.5363512591549973
0.6455836265419066
0.626253398807352
0.6474172293900504
0.6991429317328343
0.6956758813139277
0.6307804230356143
0.7291194486182428
0.6601962747989643
0.6964412876614495
0.7283385571446204
0.7592237575673324
0.7122765444554214
0.6306046532824792
0.6235772711431126
0.6999946874347481
0.6566555178106658
0.669771296254447
0.5508278044245614
0.5466443049207408
0.5410613622419497
0.7187779080092304
0.6888071396302519
0.7659408832845864
0.7338304288786862
0.60082595342315
0.7319348778353445
0.6766303944680225
0.7210823785924626
0.7212709576507137
0.7080603855368063
0.5800625675555049
0.6589349133161263
0.5445733144827233
0.5627619974599002
0.5777744933843494
0.5386822923529317
0.5691303089837927
0.479067541922434
0.6591407938482132
0.5598611294900067
0.4513016123749083
0.4931753825606619
0.4116014990256105
0.5361540710056689
0.49808875784945855
0.6446629067761096
0.4115947227091935
0.5027260631620025
0.40826795874960287
0.642883291388184
0.550020155177529
0.41956077500803657
0.41425231398358897
0.37033437498073163
0.5228878782905094
0.6654549255389038
0.5758282494105308
0.585082807643757
0.5072346956892633
0.3834133465884226
0.5212490936584495
0.6704815016889807
0.5410774223722659
0.533000517205438
0.6579482740803632
0.6371155076563053
0.6643969588595839
0.6573822827545639
0.6621350515800456
0.7134277953886162
0.7113071293425964
0.6198929557738213
0.6250794817737512
0.6177086554529223
0.7638451186650874
0.6287047829726345
0.6001667281232312
0.7024641290303651
0.6726127251451726
0.5778062067256666
0.7110395529512047
0.6386520639911701
0.6037103857439311
0.6744161248568625
0.5757867810475428
0.625938664088861
0.4008486351838384
0.4934418623216004
0.5438159695285274
0.4745412397004557
0.4670048175101312
0.4368710978886824
0.32039436671198995
0.3939176662534085
0.32552551027890053
0.3489802627968037
0.20491120530493862
0.3688797874080575
0.28319285249707193
0.34899175426465096
0.24530486134949264
0.3604224710432916
0.357526791429806
0.31791480318861903
0.374764648855568
0.18959196024213923
0.2279023653134834
0.21161709968073306
0.21349498443908904
0.18883209429081707
0.1677265119933402
0.12376714506635048
0.17375542879146164
0.26524058918012405
0.17084282995352174
0.24720754311841178
0.14415938088268648
0.22780216537528017
0.2673803668771827
0.23370976697981
0.35336951743003975
0.1761912574276307
0.19066903600641844
0.2240231901881864
0.2725934062838932
0.22344954811055645
0.30320692971686836
0.22680046798660358
0.417127952334472
0.30864249425284607
0.29875221731067203
0.26267293157423
0.23974315854743913
0.15817180410334697
0.26186517505419943
0.43373885044601707
0.39077034388674053
0.3404390103409394
0.23950579085379206
0.192925002349186
0.30136906995731544
0.24734345516549366
0.2987118890911753
0.25267813722137994
0.1639917801684063
0.15067752722124284
0.17605965245737562
0.05782557882731307
0.25651157949044895
0.24628431733988748
0.33762520623278436
0.34319595388962587
0.3092012494599663
0.36688032626448674
0.32452011186951435
0.47614885179325295
0.31830218494763396
0.400184503978507
0.3369630270654213
0.35511930053234947
0.4097638097517018
0.43550282165909626
0.4134898513457167
0.38759938867726623
0.4277329148841274
0.39395216383587806
0.27251272170249874
0.39774393127726626
0.24230641550980778
0.36802446491389784
0.33356187792016595
0.3909783732433675
0.28853218647183276
0.2915481017400847
0.3606926473063635
0.48457094659512556
0.5017425161742799
0.36806439695589666
0.4479851874425479
0.3912227088925459
0.4265444906688456
0.4391945704482187
0.46501021575609935
0.35158226672531134
0.33457129405225405
0.3336750815128273
0.33931801685221447
0.39537077937176723
0.4128988458155936
0.42608839876273286
0.4487383348162487
0.30981292003765554
0.4150807459000463
0.3769233920000664
0.2938025394685473
0.4334692854605921
0.40967979793183623
0.26698487145389826
0.2806698179625524
0.2821631534275484
0.37497494982250595
0.3754863399619108
0.3813214514056311
0.44082704867202177
0.3384879446044201
0.34131138884442236
0.3166392444531241
0.30587422695188893
0.2624903524032032
0.2836960197215759
0.251607705881642
0.2786572516986042
0.31862369243811245
0.2562346386431266
0.35877144615175893
0.2626162718051794
0.29671112396568877
0.33491528045902424
0.4319159410041967
0.3575939186109175
0.3442024102234717
0.16634331054557447
0.34670376325007884
0.3109431688935244
0.41679290943486524
0.3705643876713438
0.32196026202766237
0.2941166209363767
0.2714129715345991
0.22101962982032886
0.3467709063773471
0.3886624705636652
0.3054643517329879
0.2766806627310712
0.21658891290027535
0.20602953883684272
0.32540780253386625
0.2832611505689401
0.4896154105323897
0.39338302750107684
0.48739059808238583
0.34749621213783033
0.4662322742905649
0.6523309588735766
0.6684351965703119
0.7332993960026006
0.7382252694727572
0.6628937705071427
0.5570503739646666
0.4834977192302222
0.4244400636963838
0.35855645477659764
0.3221113117991367
0.3333694325600396
0.411167984166678
0.2523485143160211
0.4071532493736925
0.3423970107749321
0.49988910997980057
0.40068354898155384
0.3906177582415889
0.34207448367439824
0.4059645074703022
0.43120118612937614
0.470633782694474
0.3912897986064381
0.41290443699010015
0.28145256038275906
0.415928208073072
0.3929288536047516
0.2847299332565086
0.3559831468874617
0.366478177555481
0.4697375564927605
0.42601111991894514
0.3105322281723859
0.3089015010522909
0.3763411464695472
0.287964781652273
0.24492997803721278
0.44738597897279553
0.3159374177248784
0.4242730927385936
0.42477890379812405
0.43070686955033993
0.5151196060204554
0.13627732663224199
0.524156485501323
0.4303583055126461
0.4134796805815001
0.4138646844007599
0.46950579515602553
0.4584659597340027
0.3993786983724107
0.36243941671694907
0.4271342633892071
0.43767076206181116
0.42494361003844305
0.4487078713356979
0.46150129474382307
0.4153894065023744
0.5311212981241132
0.5716479256966582
0.40380172301863904
0.5310868863714715
0.27628430213656796
0.48503540469380096
0.2509098066031957
0.28157437531380225
0.5785237904420326
0.3021170111040452
0.4263248883425994
0.41326433177447286
0.47744856931539265
0.445331867912111
0.5337556531661557
0.436022428861611
0.5567218996657252
0.5099975927740099
0.40831213945318945
0.425154416316934
0.6763543648974324
0.4790490610505384
0.49016837009033454
0.46774114901316866
0.48967206836393673
0.4626769478869248
0.47490171810576753
0.40176301044798635
0.5028350402865134
0.5112216466295473
0.4316762993325479
0.5258903012402836
0.4697611590726093
0.549540592046466
0.5128312339374399
0.22877977293334117
0.4627652033475147
0.5666742984305894
0.47796748316971005
0.5152632272030834
0.4545610404217918
0.5096695067191532
0.43021532783079164
0.38510595352035926
0.4882499181930647
0.49528202637270924
0.5568144429111319
0.457850282285588
0.5033471239096835
0.5656350504272867
0.5500526605709974
0.558004638983246
0.4920188015787029
0.48928420458165545
0.36818252029966614
0.6716348011770237
0.5722269069713608
0.4863130661534941
0.4883809149284905
0.4024600039535067
0.3776794133851593
0.5314014694767044
0.4534220384741024
0.5720671013486729
0.5449178311606835
0.5346279072769726
0.5197860803475508
0.5410794697788823
0.5501054225029809
0.5651897100949146
0.6086449574886919
0.5637574843394468
0.4180311224566986
0.4933675421739179
0.5094578888413795
0.45992331941123654
0.6274416115177697
0.47814016484192523
0.47335982653982783
0.5008737131692355
0.41874490908232587
0.5699047875150505
0.41773403486391103
0.5206650450301012
0.6293379158828135
0.5162292176240516
0.4978215783329184
0.5564975464655401
0.5937437274453008
0.5586383712648261
0.607577774564272
0.4472784517755717
0.6293452457745781
0.6673990963014202
0.7172189351526777
0.5567868666853725
0.7510398746949807
0.5408093402423525
0.5238532259137565
0.597459366534282
0.5637362215585706
0.6538466145250581
0.6290873654262232
0.5554143027107871
0.5925460335125126
0.6683206919838928
0.5462799844664654
0.5843470948069305
0.4388289388707295
0.6138192371938461
0.6527430994014911
0.5793720843250352
0.5532027867390494
0.5015273068196584
0.5778280365440859
0.6870498368290083
0.45605307991626454
0.598381425132309
0.5979173243323537
0.5337050321746448
0.5152847179076074
0.6036655655604151
0.4491104646082042
0.6305747554000289
0.5814909073130581
0.7528022109031003
0.6268348548110447
0.4159598121496522
0.6334226377768984
0.5437671373373776
0.5927155638659943
0.40956069647138404
0.4447773127278465
0.5005250950099804
0.5059062789824822
0.5678328373530785
0.44556142651993647
0.4221638029595013
0.5233814604023921
0.5192092428349996
0.3490784964194846
0.5488509703456097
0.5429378882560756
0.4776652589344871
0.448895165389786
0.47417673201296273
0.3257512983552373
0.40965704126332725
0.3000918376686845
0.42309568839161316
0.23161922950668118
0.28146988605036966
0.5739562624489529
0.5278130919878509
0.3341335535640595
0.4073995120612246
0.4964424383268984
0.4963012500470937
0.34772801047046986
0.2630604125459518
0.41079210831800794
0.35617313115830423
0.4300469661482746
0.5590297446786482
0.4898653450912125
0.48260942948557395
0.3535505952646062
0.4077001382509269
0.3842956737693398
0.4176537465011374
0.4357516425010109
0.46288383934819954
0.40330341346963694
0.509329613170201
0.3477326927873513
0.44012012315131765
0.40558942989663127
0.39112902268270233
0.4053050649638906
0.3771460910574173
0.3669544514957265
0.3556095893775326
0.4355240341559528
0.4304166388570222
0.335369944720798
0.454067933253468
0.3900426223368064
0.42609604363662634
0.49276618194162713
0.5783121535501439
0.3531827867981422
0.5545023917176507
0.5251042429621243
0.30411156055224564
0.48017673569819097
0.3783337963652228
0.2234230428592383
0.41549711767201175
0.4708631023754166
0.41254452255169005
0.32400886613141816
0.28815137197933727
0.3501359012818565
0.4817859887551582
0.3474847649850019
0.39750622038625594
0.3420200717739224
0.39317253494905335
0.40359334895126286
0.42860710849444833
0.33226064153373397
0.3748008592156749
0.1993878057522207
0.3549571768403084
0.4182115399785288
0.14537749685175327
0.2365496083871577
0.27105674657296036
0.3676893155754813
0.33340241086551636
0.41270071270825004
0.42438850641877396
0.4313522600158163
0.3906713018185415
0.3153425651082834
0.25103932404556545
0.2870225695796237
0.3700864670863511
0.43886046036359116
0.19170577850250536
0.4899358998376449
0.3836189324807776
0.2571321387447174
0.4381138106425184
0.4905926593171589
0.1631258952294645
0.4590569703255963
0.3349632362325121
0.33279239952600653
0.2647640064323333
0.43310885291577195
0.44194441252427835
0.37414831221648787
0.47504466170587967
0.4611980125413827
0.3690433496568327
0.304640673806447
0.41045443323287367
0.43550668429385153
0.2718161788902539
0.46536845766663254
0.48456354270861357
0.45547479062514484
0.40070713759028187
0.365684032958308
0.4715678002414051
0.47745543711730076
0.34377969054685564
0.4764178612735638
0.5657896025754198
0.4222639419465431
0.5332635023766605
0.46263668164126515
0.44086948282052973
0.5018313678645224
0.45236750531600944
0.3862706079169643
0.47935008414969693
0.4757175078567619
0.42193134987150943
0.3636265159293933
0.41401433713209135
0.26711340671670813
0.530263006323934
0.43672954301134836
0.3083690021920148
0.5164853911728831
0.4838929971463959
0.39511571750289215
0.3838281937627792
0.5217110609429501
0.3388166857011148
0.5392381421363923
0.4132699176769488
0.3670456213030713
0.46568023045951346
0.47367584556884545
0.4150032386346363
0.3487733374893661
0.23884229881207714
0.4731841613891145
0.37003914562901785
0.4058559522231831
0.3440327769313247
0.2946100384257454
0.2872800835911411
0.28473071817575724
0.31050524059366225
0.4264452935626166
0.268261929452946
0.29034197237496845
0.44662249631530787
0.31214739432032174
0.35158064851290094
0.2704055813985054
0.42509391674859276
0.4838031195017281
0.32584647964960134
0.46691836441164597
0.25209618096484854
0.3179051510562835
0.41247881540683295
0.2865802793977692
0.3990793647012224
0.33330745994390987
0.33147146476122247
0.3043361318869132
0.29501899059916437
0.37409181310959794
0.2511862394805653
0.3506346841224795
0.2529225510467538
0.3648337028375763
0.2517243266390685
0.27056230780196777
0.35340500197441543
0.3896441992926277
0.36214522345415323
0.3586274270032388
0.5591911945614279
0.44094098291867156
0.5187369814753463
0.36610426858278455
0.5175681470071906
0.41109992377388926
0.5271715882204492
0.5339963911785406
0.4934040597029945
0.5713156397053516
0.4907805599070486
0.4942986585337521
0.5089935446711156
0.5166855543621763
0.7082643904544186
0.6677058166490055
0.5455617537298523
0.5384202902152777
0.4527800877803776
0.39749661089003374
0.28757609903966025
0.37788920501998313
0.4682157897509653
0.3000054636642182
0.46241503930249206
0.5900010730348078
0.3451181950092586
0.3521997000673399
0.3840995182011715
0.4342178124024446
0.42623932552165167
0.29125478743473987
