0.18310308040204093
0.19439762871112098
0.1903789064927267
0.21000501848111888
0.26325724094043895
0.23978389387717436
0.1851180293250813
0.1869932127725021
0.20513752703860666
0.20021891399892733
0.1909193925057448
0.20397386654303445
0.20323248684427653
0.2989374221931739
0.16637489523912688
0.18210317819339233
0.23920904843214708
0.24209071995388382
0.23457884861493916
0.24254527898760686
0.2210510617424215
0.20671365140106868
0.18807337720974793
0.2353884817983818
0.2530625681489463
0.24555885140749878
0.20894045605799058
0.18957120729617224
0.21612229452702914
0.2748145270481298
0.2547127582386413
0.23930555717170227
0.23259924058289885
0.2230625930381961
0.24590411578915788
0.25812322491696693
0.21892308180165354
0.21659467227810758
0.21578984839263063
0.17528218009632796
0.17448548698274155
0.21491744579768451
0.20392622887355633
0.237751190622644
0.2071055734114059
0.1993463656139599
0.2036934495061402
0.2195808959507325
0.23150707491815214
0.19612919161468273
0.19804417183790468
0.18805017780532565
0.23365486741081837
0.24371761363490113
0.3208727967101886
0.20464321093842675
0.3211844831539169
0.22855260234088995
0.21463794703937802
0.3292621100435136
0.2843548545854092
0.26325876429016093
0.3213761274697182
0.3104747267006149
0.28429704501283215
0.3244612696718231
0.2725856379342686
0.3019879206869098
0.2945530487448298
0.3188670275239151
0.3679384593232474
0.3177937049357885
0.38201481809493276
0.3530311977669224
0.45319151254459666
0.3406299098964486
0.3428937125294915
0.39068806189121097
0.3743968236041646
0.42977764242091393
0.36962781119378196
0.43712378503854155
0.41366704222488165
0.3781212617862564
0.447517705634361
0.4335282136770597
0.4823375599037618
0.43564723348791684
0.46971748716063944
0.47463425258125447
0.505112441511238
0.5552686428262967
0.5486968313595414
0.5393050885305295
0.5544515949864428
0.5467711354988414
0.546651382610942
0.5124735878791652
0.5280742907373962
0.461785037066652
0.5669851965195242
0.5674816456496807
0.5442814044948325
0.5589690747951809
0.5739739971584135
0.6024655811989756
0.6228095884253388
0.6002391398116449
0.5882539025545879
0.538073523354317
0.46862962024514554
0.46327239225349826
0.5490674437047894
0.5174406875882863
0.4497345397712873
0.4992220378550456
0.49427896761746226
0.47514146180917294
0.44278228023833066
0.479070296466632
0.4713409047140175
0.4573315053987584
0.45940876282126974
0.48173052897150864
0.4639502543741598
0.5042480620474956
0.43218813988107235
0.44468789394904823
0.4883993103734897
0.4279227438538603
0.44402815318767364
0.4191120604149877
0.43126993468472313
0.47061646771611515
0.5417686712149324
0.4610994762259482
0.4691077473420072
0.47236595456679487
0.4391667513149342
0.4138837488097213
0.49129811513002525
0.40858613312397435
0.4487384332086808
0.46170242907944786
0.5169790022163557
0.42803707287078085
0.4559250937394028
0.4074210345119514
0.4122775160423801
0.3836403013142212
0.38506710209097283
0.3479575663960978
0.3877812226579448
0.40511480598996463
0.4253147881335233
0.430734929979414
0.33463073433334656
0.4173906623235706
0.41508558664894124
0.4685475582614259
0.4089501242196928
0.48569540893537255
0.456765310988942
0.4779198536517787
0.4886494181896778
0.5045192377272297
0.49203093611779797
0.4487308302874316
0.4874841047926477
0.5011112199808968
0.502817353942171
0.47295564613020635
0.5071938255855404
0.44591841115311814
0.4272294940077217
0.4325505957142655
0.46809951510565084
0.4567949993256857
0.4859537381458478
0.37346321954954
0.44877227606466585
0.3378099284011449
0.4480993717974635
0.4231819493290188
0.3963980447232305
0.386215082217382
0.33032597684402054
0.3534486114035834
0.3671426155641725
0.35017895065660853
0.306743334986873
0.30040777993699697
0.4052304752681659
0.3302309413211403
0.35999803552200815
0.2674537534516727
0.3596209148152238
0.30808135375338147
0.38834686794425666
0.3489117312401233
0.31345740872518246
0.31073181081041656
0.33049271687724635
0.34383590713348655
0.3499964095661768
0.31550340709365315
0.38256298680243633
0.35489039465777145
0.43178236257140157
0.3250733551072432
0.3826782108396143
0.35650589984065284
0.38028087539618316
0.3707742205319845
0.32818084161558575
0.3415276246456641
0.36739547126698857
0.38872602893133484
0.33780054295579237
0.3042960415718828
0.3518829152113103
0.319530693270339
0.30095092597971873
0.2721904142337691
0.35212407020127057
0.26758362974054317
0.3477225681981575
0.31688242136179495
0.30588623984780083
0.3707092132861992
0.40228272413561816
0.35630686483586593
0.33170600164406616
0.36006868092741257
0.3488965487268649
0.41657270882702774
0.4904924067898129
0.4859379077320908
0.4955685317656424
0.3964885615354543
0.42956807323617063
0.475516272212122
0.4817858530227685
0.5072764137889819
0.494799994279018
0.5216545457793111
0.5411501042217833
0.5925840307694662
0.5570431711695184
0.690745427570046
0.6344046715887959
0.6548239932594523
0.6748896169928083
0.6304780437781481
0.7414870955160981
0.7621109667558261
0.7702674270467194
0.7433984750236131
0.8451523417440632
0.7988531799537217
0.7612519954920535
0.7548492374114695
0.7024996479163894
0.8611678542277912
0.7685431331513668
0.7224328034752427
0.7597091186999592
0.6623475697076445
0.7378290246248351
0.6885042944344071
0.6879602720915474
0.5790997462636716
0.6097580737978452
0.5445376462701677
0.5551563930190093
0.4585637391810562
0.47277455067263696
0.5093266416280814
0.49631338830113503
0.43508270906875834
0.3961640013222928
0.38181712888237107
0.4431198895093167
0.4993138776975311
0.42674445486129275
0.4379136021246088
0.42224885185217254
0.49376558840834883
0.427250516772798
0.41084582477623555
0.4267614431569847
0.43585738413091646
0.38088274581550197
0.3746784392250719
0.3612632004762909
0.48686718353909264
0.5224536525828472
0.39731009816213736
0.4349801257922537
0.43575537529262326
0.4047878721507455
0.39781107763211565
0.44059238300604286
0.45082557088333886
0.4442561031188138
0.42309130183050647
0.4234981757562668
0.47780417316986956
0.4506053945527189
0.42112706351291934
0.5016954511549148
0.5164891378882235
0.5097040115110015
0.43163486838100273
0.5074828546573966
0.45758978390891003
0.53739889577248
0.48976533429690894
0.5191014344780821
0.5166618812652171
0.521977586471866
0.5197304343214499
0.5471567520198459
0.46984577337390754
0.5027581731917523
0.5141317985473202
0.4889979532031191
0.44344686284515145
0.5608470631405025
0.47143092721581387
0.5272192657315357
0.49982659638424726
0.46558777767937903
0.565627760096365
0.5567421987323486
0.5359349708715296
0.5312151084893678
0.5340330735299843
0.5790423576101444
0.5714642979560587
0.5990815508748213
0.6279862861793875
0.5740751509694317
0.6527251285644977
0.6147139449098511
0.654982784474676
0.5933127980713682
0.6594635037833539
0.6257807576473409
0.6306976203558494
0.6737735098552672
0.6134231736685125
0.6774902969685298
0.6320811214253533
0.6615358550454633
0.5784887214222929
0.6884962235101711
0.607535862873877
0.5588922436666628
0.6242725645565979
0.5455706495500672
0.6266445996876534
0.6498493189928993
0.6475308806984441
0.6092861222131227
0.6545810801382717
0.613682673950098
0.6412286883760348
0.5451243422599159
0.5739653315158366
0.6334636352921932
0.5220304427291946
0.5554022683154581
0.5003079845401028
0.5064550362124047
0.47178619899043106
0.49702080005947324
0.45610483220103915
0.5365417804241881
0.49203660767581203
0.4401084131046197
0.4859751610534778
0.46279059884960183
0.44320167033669644
0.44008885674890197
0.4768366862662772
0.406377747788241
0.38885162561652925
0.45701779434574535
0.37747498894537945
0.4022971808187898
0.48346650684506487
0.4347380109707133
0.408121923797754
0.45506472591217173
0.4025478169110766
0.4680088356978439
0.47239624471283376
0.44974806647579657
0.4616922347689332
0.4388477081478916
0.5086181849467108
0.5370059219608849
0.5105625234227518
0.5540831130475183
0.6219824278209453
0.5625950006176577
0.5202523119684368
0.5300953600049512
0.5731853414997585
0.5597679556100018
0.5239992686815146
0.5039542280740653
0.4681919699466067
0.47763407237883176
0.5350801166867593
0.4620886454242806
0.5094930717156927
0.5353812481740349
0.4710448319135718
0.4762901069961901
0.4766357918005324
0.5314145740569025
0.4218655480459276
0.43522798067042723
0.4052907769566476
0.4220732233076747
0.3911703976822053
0.374653345046739
0.347332917136859
0.35954732453647975
0.35188808026245555
0.3183373266397277
0.255090909261092
0.3253236478555206
0.25488523017390263
0.2666976283260821
0.24900319483657127
0.3193882720195884
0.29109896014629094
0.2374700756940231
0.27119676142500415
0.20886247796760712
0.3000341917309389
0.23220784613956497
0.12618595676059424
0.17309832116621296
0.1757931003042934
0.17429443220888458
0.19267414261728727
0.19781482860514527
0.17607361335270952
0.10327766870353622
0.24170773297147907
0.09270625224548362
0.19936817448223498
0.2591002761706898
0.18439549426295349
0.19007462073622955
0.2348614725695543
0.14350533379104027
0.20813551261902336
0.1578040903475228
0.22794282862749593
0.20577577901738534
0.23692535531761766
0.23157280260489896
0.27218088448749567
0.21879063816185274
0.23253329265111009
0.21299148033890025
0.21953693472835378
0.2101968314198145
0.17135840526025148
0.33143320865946496
0.1827241798657159
0.2985151711783679
0.30352481994631
0.2096333596528286
0.2827058174848908
0.19181385548511665
0.223467411083563
0.27517059251326687
0.2027878419574619
0.2756614222748333
0.2724776643979087
0.1952017996615218
0.24476528767388414
0.282258906399977
0.232544188327919
0.29479400724444516
0.2611599658956296
0.2972717487919372
0.1997395098920976
0.3529040156861554
0.32150873136508723
0.28768224130260944
0.3313496960083054
0.374625895962468
0.2934874962826558
0.2997000814913746
0.28643636785689963
0.2858446385659379
0.3259196263299643
0.3517823099565204
0.3683801653640335
0.3110367873676861
0.2629614519908957
0.26324909775937827
0.2121413868081488
0.35653700750281825
0.3874848276445337
0.4101030222065786
0.41380245633636725
0.3000518147379544
0.38430829537917754
0.3220148646825028
0.34593302085908456
0.3781410946891936
0.3753916608150339
0.37847449072783623
0.3456538796266962
0.3649878771980869
0.41423960211350436
0.33995650465332183
0.4037577809130669
0.33533339536500195
0.36054111320793
0.276050799341656
0.29913881962031047
0.34419690776102896
0.2593113918216662
0.2835305847503737
0.30815103017987455
0.28905212717249384
0.30039459664740675
0.3055022497080849
0.26975525152710617
0.24100095081897724
0.278425321483129
0.29202850540955794
0.30032727760868566
0.4005143236533227
0.24373532428611233
0.2726283320031057
0.2720302966555351
0.2417411355501089
0.19121205101167318
0.2253932796799109
0.24781312202516295
0.17836508786780894
0.19022413428860688
0.17258235255330126
0.1257838443397673
0.19530244264018892
0.22640019533877392
0.15996016791124612
0.21377554070459165
0.12536353078641713
0.22039245220099357
0.18510447794405097
0.22453906453194622
0.2533438158202326
0.15205886405421587
0.1374056365754999
0.19002876169082986
0.2106933101901602
0.26334548332905644
0.2149883842013225
0.16057771373605997
0.20297830648027926
0.17449821496215334
0.17302338601706774
0.18818353433458884
0.2162014500703816
0.16291133964926055
0.1948945644225647
0.1843317558725387
0.2639586538932201
0.2331570563210607
0.25113862460488406
0.3360499619708573
0.3770937011683645
0.4555428876128905
0.4116814068816478
0.31601140455205656
0.2744043986579631
0.27666515629339117
0.2641784306485626
0.23258243431200493
0.29836724656704033
0.18036062048147988
0.27223255754818226
0.2727729554915474
0.2252803870067026
0.18403492533271165
0.16773768689282684
0.21554019383024428
0.2003745298847952
0.2614035578338697
0.20066456672308303
0.22992512647124808
0.22836499483448797
0.19900508415044704
0.1346613829980372
0.15540636837617025
0.1871141820427098
0.2413207193197398
0.2788806742073719
0.17368745048785447
0.18761367985777758
0.1633391088163743
0.11297421726872735
0.20630899531309904
0.19394664592931252
0.1704190456198037
0.16145290903246545
0.1776374513178507
0.27625635192621983
0.22625637518455005
0.23619295014340783
0.25842273427752654
0.2619259936807826
0.22043116753534758
0.19670849478815922
0.13591679484098468
0.2360445415035366
0.3140421762589871
0.2801034237673232
0.2276303349495249
0.3137619794671348
0.2421861906486324
0.2823678128222905
0.24218760210309487
0.20143198440619722
0.26940617660840094
0.3177110071061928
0.2971919327261874
0.26664995988186213
0.3902145157635851
0.23336047502473345
0.3431236935935943
0.23902500569031357
0.2990573523549318
0.29706070156867015
0.2784370151050304
0.24921845025760408
0.29771367224138356
0.2955393687977062
0.2763418350826824
0.2961032332617438
0.295624093505692
0.22027882270671925
0.29581431147602677
0.35925577548126825
0.26140972455322575
0.32938838292211436
0.3141675030624591
0.3148421313533914
0.2875334428729779
0.3093756101987807
0.22912018381228583
0.3075081024967101
0.29532775209989576
0.2806903150419542
0.2772149379802797
0.2879132207730841
0.2795253958310762
0.3138672127041879
0.2871449922393405
0.22619095347248325
0.23161581066119458
0.27655579108633144
0.22147864004940807
0.2637745925021766
0.2947419409903401
0.30886678437509063
0.2687463460755443
0.3906667184731791
0.3272833882389474
0.3179799066604916
0.20412377740158372
0.26233707700977094
0.32187503779921856
0.36742044192089673
0.35644633015138816
0.3021654676181962
0.41239365842905534
0.38252045100370013
0.3110488690066093
0.41732023574501725
0.3320547615825793
0.3286602882681416
0.24662887939641742
0.38883585497951734
0.35672634818028137
0.37491605313425114
0.34584785601556256
0.32527984617961464
0.30643169924346825
0.2597798024674266
0.3196035953010543
0.36637525772871304
0.3095275843123158
0.35708783049635245
0.32161475134352485
0.37976592858979263
0.34735311479848774
0.2782546815668323
0.27458493293740566
0.17525560951039082
0.2992343839156563
0.3065589461355579
0.3583277898025
0.2582685696972845
0.3087210010192467
0.3399036922890005
0.2695504882366705
0.32475201440008317
0.34065067235259094
0.3786756840773067
0.34939068606408574
0.30819189201701847
0.24470261129570167
0.2793525639589723
0.3036176952099491
0.3464088666541143
0.2525142813061433
0.22461492419971896
0.27463005111989536
0.30877051637343556
0.353698568324263
0.34361556324361553
0.3934882074344671
0.4157548445346905
0.4193187343630718
0.4472770906205742
0.3754170037440452
0.34289263853354646
0.3682434130476439
0.32005108685149086
0.34202481690783604
0.3515325542062155
0.3394862483739644
0.3501468796173858
0.31563363998661764
0.34730750975107266
0.3534670144864865
0.3216336580260055
0.25521173664130326
0.3926369302107068
0.36538506133473414
0.4167955124980517
0.21958859410349846
0.37464797286881735
0.30679856820300777
0.31308253804912145
0.3466086539382476
0.3532986034698692
0.3134883666263922
0.3296633409878058
0.33998695399128587
0.2714817268127442
0.34177691955484607
0.23454829652904663
0.3039350893046491
0.29713146822939385
0.32854367022024883
0.3641304110602834
0.262270063165725
0.2893852394311435
0.34865765681498395
0.28201810092315643
0.30104904386954345
0.31443196984846794
0.3123266909598508
0.28187439961332744
0.49119462165862093
0.30554738554705096
0.3717735182367752
0.3606773788012133
0.2955333224118455
0.3213416281331798
0.325634062394768
0.4070860540704698
0.3094918733444084
0.24670212881298606
0.29020753790996145
0.27076767912660094
0.36044290533389456
0.296613505214663
0.32715908118561976
0.23746062557916697
0.3485933835538829
0.20807734197505104
0.22376984730643823
0.2132000570027638
0.21740377278905976
0.2532048986354813
0.2118827714067562
0.25964470447068577
0.23065695983089946
0.15745664088828215
0.24688542104821165
0.272810331273716
0.31898443011499666
0.27462472070769484
0.31839264409640006
0.36502779381101647
0.29483140975951166
0.38065717504136387
0.35570183426183355
0.3549889758705531
0.3338653250921411
0.36533617977004473
0.41083050647120134
0.36407321818800575
0.32813752829370557
0.3043169934274157
0.35465621043048046
0.30517270625584764
0.2927889319789639
0.3747882880352179
0.3144302820595146
0.2616662379830217
0.39176861654367434
0.3180809602054153
0.40022591199086127
0.3721610758356224
0.4252527071118677
0.34921685365832367
0.309143813921275
0.26703013792452207
0.272970109478875
0.2986177797695796
0.3263554612732811
0.2518517665634288
0.3203220142769133
0.2326349335397822
0.20209200873483607
0.2774643752758248
0.34795778571931574
0.3008802644069384
0.35026300321303194
0.36377201118206626
0.3655678495449248
0.32827948005236895
0.30935911592987786
0.36062556030505316
0.36314672671513715
0.36550624205720045
0.31194958592407557
0.31079574328025183
0.3145983344865707
0.3313075481556814
0.3599559661662488
0.2986401686070106
0.383714782075012
0.3826039260728016
0.39722962164489994
0.36690273042231647
0.3772536652983465
0.45081293969545383
0.46787380499425985
0.3595945350468681
0.3587848920779085
0.4222868714929957
0.4385706567615678
0.400057294698382
0.4549904421380926
0.5084637492792843
0.49447043005028457
0.469563964737223
0.4494204685687031
0.39660511519748154
0.43857487758123237
0.3958837724793268
0.4666798213088014
0.4955513570487607
0.541102517819905
0.4534127296854954
0.4759821044450632
0.5044785455766233
0.45700420226263705
0.4303748522395797
0.5210346359721376
0.4181169663697521
0.4228291331518914
0.45483582267312944
0.48347435490060575
0.49912977298075667
0.5012076904292986
0.4857541195555183
0.5019403138630831
0.5338691578238743
0.5406907746776148
0.5169437815170318
0.4926789578716546
0.47055638024536417
0.47021863114075846
0.6399308287330944
0.5945142716482634
0.5245805958969993
0.5855418465189736
0.5805803595129453
0.5641167289220549
0.6490823191797246
0.5803722014990264
0.4999886221382956
0.4733668836874516
0.577466248209596
0.5396127414266976
0.5451361360770022
0.5130680877478088
0.47067629267973626
0.5209857002325571
0.4959273132081129
0.5416354669993686
0.47868311057561164
0.5014491862814341
0.4874038232057452
0.48590386874030855
0.45534381041692534
0.5360296198664886
0.5252735048809627
0.5228884961398369
0.47614386889744403
0.5928304915660154
0.6006652666002769
0.502121943694972
0.40647439905597843
0.5249360439527416
0.5419327478857061
0.5259024788423473
0.4902804204405523
0.5808532847438451
0.5079327070701729
0.47780395682485244
0.5194141526556677
0.5047505559325934
0.4432703959371215
0.4807564612368265
0.5062028403938001
0.4534397015485389
0.5015346546178021
0.4415502479809553
0.48941743442024827
0.3953682430801273
0.5122063483172785
0.485609548043772
0.442646444144152
0.47197554668793895
0.41233288207208973
0.4853103722417047
0.4579744917950248
0.4488628815138189
0.4239417969220025
0.42596011929566313
0.3503339783478135
0.38163030209004245
0.4313404372073975
0.45788352314719016
0.5026609008273236
0.3561586007096442
0.3829464106585383
0.43118326740979446
0.3985823432925149
0.39384995452677346
0.33324434043810797
0.3122469032579184
0.3656327473772847
0.4650613129649357
0.39875016327808754
0.42650352167638445
0.32689650626623024
0.4391638468600343
0.3781132515605896
0.4126503246689175
0.4196794314977682
0.3914345594862677
0.40128080213953377
0.387590580223083
0.4350719854185019
0.3476226431786178
0.41041544511682526
0.4073141559607615
0.3574070342026014
0.36678253278976064
0.34278560965412447
0.3845136984155142
0.39738587869485964
0.4022360585650712
0.3712561628459222
0.34473883713780407
0.22224248722428075
0.37157328273341766
0.24002766216744906
0.27497632248798104
0.32949487905813635
0.3077339559162885
