0.2866307133535636
0.2799012594141601
0.3832172450118709
0.4236411377179604
0.3853870222166318
0.2371031902014119
0.49760223895850697
0.3493026839200641
0.4997248470935991
0.3042247763399946
0.45456832439741507
0.22760648417477708
0.48804264083898047
0.26104935456989664
0.600022012232512
0.2786748636027735
0.46038584298989005
0.29623748054275867
0.39938051288501747
0.28232260499048756
0.36971116806339516
0.39414474615179007
0.434332793509536
0.3801355324601814
0.43603088001760976
0.3817864498985864
0.4061728589173126
0.3362368516218298
0.4863760003773525
0.3849310545431675
0.18919513844121946
0.40217921101869464
0.37931793525259033
0.46650209902360024
0.2864263140516658
0.3107026619078316
0.3663936101633622
0.20197795632144144
0.4306064370057074
0.3447587302086445
0.2903570698573921
0.3302778258203487
0.2601374192229682
0.2843037059165736
0.41853115517051614
0.3640823257495951
0.24670995739060703
0.286567821260672
0.20062577632427162
0.2875740947469379
0.23306237323312526
0.33576516092514264
0.21832990047326298
0.36818603481077333
0.40790239147183216
0.2747126617506014
0.33018348768101125
0.464206537633056
0.2523859687740759
0.2763164101193377
0.4418169525636389
0.4029024700869483
0.4582475118315749
0.43497743746167505
0.4746466250530652
0.4199147812141318
0.4438294995361708
0.4048049558969198
0.5073190673102623
0.3581861920410056
0.4291913649156459
0.4687819373909215
0.47684784830427196
0.3748525966572852
0.43008757723935154
0.39095297243754024
0.3047121900599047
0.3756387478184305
0.5880410685366582
0.4702599015738746
0.619770129400481
0.4233424002767252
0.38414490338202223
0.5807770318076759
0.3528875332148866
0.45516579927988554
0.5102749956761685
0.6125218156947217
0.5889844499300325
0.6282762849640728
0.57327714973035
0.7383846165940786
0.573292872753573
0.6754925237024574
0.5103221647458372
0.7068442320089307
0.4473829027845474
0.6438106319083032
0.6201789280042767
0.863822895866417
0.6514205751481895
0.5334192858602852
0.6826307762456565
0.6117671105800222
0.6037326457131177
0.564315026493294
0.6505872549173755
0.5639691199823902
0.6502413484064715
0.6578827376928035
0.5083410638197512
0.7360733321803116
0.6021760664140501
0.5154478703165044
0.6331661451863965
0.656467665602742
0.42818509142938
0.5929780978286504
0.4904797094385308
0.5451958302542412
0.7257433059228628
0.6074747252401691
0.5992673071178126
0.27659942453735
0.5985597710727819
0.44881369789783176
0.39334287196742185
0.5265954937815442
0.5969402996808226
0.6830081288030061
0.3917234005754626
0.5406675995660445
0.39085863429820283
0.6497853807330073
0.3427304602128897
0.6331346991399506
0.4204021949340419
0.41200610053301046
0.4822722913161743
0.42667568119998106
0.3082498702850584
0.4885457775821134
0.6530557695633715
0.5503215358249083
0.5418625493309853
0.4862816622380151
0.6035911385041116
0.4221474505117844
0.4923193031556107
0.5624282637065454
0.3652458294680901
0.30961777330545115
0.5212024968160878
0.43404977909152365
0.4570053929969654
0.5270671844782314
0.45562176695334977
0.43131397305073815
0.3598528325026335
0.4927752708290749
0.657128032578104
0.5699124227606484
0.514190028458672
0.6785270671844782
0.6069401424505902
0.4882470401408783
0.49533812361440854
0.5338595305105265
0.49375009826889515
0.34357950346692656
0.6336378358830835
0.5620823571956416
0.5533875253533749
0.5917988710869326
0.5831040392446659
0.4957783682646498
0.45554315183723526
0.3524944576343139
0.5324444584204651
0.4293014260782063
0.5935126806182293
0.5532460181443687
0.4815962013175893
0.6300058175185924
0.4797251615540636
0.4551500762566626
0.3363154667379443
0.35889372808603637
0.5073347903334852
0.49846700523576676
0.3480762881086775
0.22921023254351344
0.29892611751387554
0.4000880489300482
0.5326960267920315
0.4766906180720429
0.3262684548985078
0.3487995471769312
0.3084228235405103
0.37810726246442666
0.3062687693589723
0.2187072530306127
0.35126806182292725
0.48381314759201893
0.4119589314633417
0.4029968082262857
0.37829593874310147
0.5422713479347809
0.4389396393138472
0.28845458404742064
0.2951683149636012
0.30181915378689006
0.434332793509536
0.47247684784830424
0.3534063929812423
0.26568764642065373
0.46106193298847503
0.24763761576075846
0.4429175641892423
0.4338768258360717
0.23608119369192307
0.03835317054763289
0.18645933240043397
0.4446785427902076
0.23114416439993077
0.28496407289193565
0.27581327337620476
0.3138944356220814
0.46197386833540344
0.3427461832361126
0.25504315969874686
0.27732268360560364
0.5039857863870065
0.4948821559409443
0.4856841873555447
0.35071775601012556
0.341519787424726
0.47384475086869693
0.5589691985975063
0.37681797456014837
0.5091114919576736
0.6099589629093882
0.4907627238565431
0.37140925457146895
0.7238093740664454
0.6674108897658841
0.6581814751340388
0.44455275860442445
0.8126601782990833
0.5518466690775301
0.6998317636515148
0.7534001037719532
0.8856621751230325
0.8135092215531202
0.8514174305435449
0.7949246081036461
0.9586170028773131
0.713432178739328
0.9085548969355827
0.867832266788258
1.0
0.8334774610462099
0.8083992390056759
0.7205075391896354
0.7740444332636278
0.8590902658763225
0.8025502743667552
0.7931793525259035
0.8939482083615037
0.6959010078457885
0.7179761324507474
0.5042688008050187
0.8093583434222733
0.5012342573229981
0.4289555195673023
0.5453530604864704
0.5202433923994906
0.40087420009119346
0.4700869483184227
0.25630100155657926
0.4513136585902737
0.4419112907029763
0.4954010157073002
0.40739925472869915
0.2564896778352541
0.27845474127765285
0.457728652065219
0.2910960519488687
0.5175390324051508
0.33518340906589517
0.4201034574928067
0.42634549771230007
0.40122010660209745
0.45469410858319836
0.523828241694313
0.43579503466926617
0.3163315042216317
0.4797880536469552
0.4861087089825631
0.35082781717268596
0.5458090281599345
0.5363280451565225
0.41684879168566524
0.64319743400261
0.4136570179714155
0.4985141743054354
0.17455700382069464
0.33809216836213263
0.4701183943648684
0.3977295954466124
0.2781874498828634
0.47316866087011206
0.3378877690602348
0.34412980927972825
0.4604172890363359
0.46665932925582926
0.3628244838917627
0.416235593779972
0.39101586453043186
0.44442697441864115
0.4663920378610399
0.3940032389427839
0.4474143488309932
0.579440574833729
0.3655602899325482
0.29318721403751513
0.6138897187151146
0.6830238518262292
0.5162497445008726
0.42815364538293416
0.5601798713856699
0.4720994952909545
0.6512318988695145
0.6732126853351362
0.36499426109652366
0.5441423876983067
0.5661231741639282
0.36790302039276107
0.49994496941871974
0.49041681734563913
0.5123976038112608
0.6443923837675507
0.44618795301960656
0.5939529252684705
0.6473325891102342
0.8265593308281316
0.5969245766575997
0.6817502869451737
0.7036839043411267
0.48983506548639166
0.5746764987971886
0.8639015109825317
0.42988317793745373
0.844908098929262
0.5681199981132372
0.8259304098992154
0.40763510007704273
0.6654455118630209
0.6874105753054196
0.5835914529645759
0.8728479111963647
0.6275215798493734
0.6023332966462791
0.5771450134431848
0.473341614125564
0.6996588103960628
0.7688243895536233
0.6335906668134148
0.7813713620855018
0.504567538246254
0.6209021870725303
0.6271913963616924
0.6963098064495841
0.4981997138409773
0.5515951007059637
0.5264539865725382
0.4855269571233156
0.5861857517963552
0.5138126759013223
0.4415182151224037
0.3377148158047829
0.4855426801465385
0.5704312825270043
0.4194745365638905
0.4258109149227213
0.4949922171035046
0.6270498891526862
0.57046272857345
0.686875992515841
0.488781622930457
0.4479174855741262
0.6429144195845977
0.28758981777016085
0.29391047310576873
0.41030801402493666
0.6682127639502522
0.5959340261945566
0.5079479882391785
0.6400685523812518
0.5049291677803809
0.7314035942831087
0.32890992279995596
0.5396927721262245
0.7347368752063645
0.788305215326803
0.6846276001949654
0.5966258392163645
0.5873020864451817
0.5937170799201269
0.5843461580792754
0.6536689674690649
0.43991446675366735
0.33628402069149854
0.5785129164635776
0.5220829861165704
0.8586500212260814
0.7236049747645477
0.32122136444395527
0.7050518073615194
0.45991415229320287
0.5449442618826748
0.40994638449080983
0.21199352211443212
0.4857313564252134
0.680869797644691
0.5615477744060628
0.30079715727740125
0.49596704454332474
0.4395528372195405
0.32027798305058097
0.40538670775616736
0.36474269272495713
0.08824704014087827
0.5507460574519267
0.38433357966069714
0.3751513340985204
0.5703841134573355
0.26249587270640395
0.4419584597726451
0.3856385905881982
0.40794956054150083
0.28876904451187874
0.3739878303800254
0.3490982846181664
0.07270797628968097
0.14223518498136822
0.05447555856039999
0.1397430858005377
0.38217952547915907
0.3731387871259885
0.002462539897171428
0.18204116287479755
0.0
0.1482162230153614
0.1391487555227119
0.14587663715979307
0.3254980267605855
0.37936510432225906
0.3232181883932642
0.34565494253235013
0.3366456502256253
0.18612914891275292
0.14570211160201882
0.5298658826119086
0.30078143425417836
0.3704344271316488
0.20425779468876273
0.3368186034810773
0.24928853319916353
0.3189886951463027
0.15285137026147388
0.15968302385182623
0.3551988176286536
0.20482382352478734
0.10162261599660383
0.25001179226741715
0.42977311677489344
0.5310136633071807
0.11340230499520447
0.30900457539975784
0.17435260451879686
0.2913633433436581
0.15680885520667914
0.38383044291756413
0.1235216427414663
0.24051508624078236
0.3261269476895017
0.33307652395402587
0.4501658778950016
0.3313469913995063
0.3384066288265908
0.2667882580462571
0.3209697960723888
0.5953522743353091
0.4294272102639895
0.40504080124526337
0.5851165862171978
0.2934545054323045
0.26909954246002415
0.44914388138551276
0.409097341236773
0.2589896385276961
0.45480416974575866
0.28906778195311394
0.4377289665256835
0.17762299334916118
0.3263156239681766
0.4121476077420166
0.30924042074810143
0.44225719721388024
0.5123976038112608
0.5039386173173378
0.4640335843776041
0.5027751135988426
0.6357918900646216
0.4858885866574425
0.44604644581060043
0.2018207260892124
0.36634644109369346
0.530950771214289
0.5382777000361629
0.3098221726073489
0.4115186868131004
0.6547853021178912
0.39488372824326656
0.418059464473829
0.5040958475495668
0.6216411691640068
0.5504630430339145
0.30636310749830975
0.45540164462822913
0.4314397572365214
0.3603245231993207
0.6509174384050563
0.4226034181852486
0.5402116318925804
0.4691592899482712
0.6025219729249539
0.32710177512932187
0.3189886951463027
0.49956761686137013
0.4757629597018914
0.3419128630052986
0.41247779122969763
0.1371550761780475
0.3178094684045848
0.3884215656986525
0.1131475920189934
0.34101665068159304
0.427351771198566
0.24645838901904057
0.19136491564598038
0.2620713510793855
0.30130029402053427
0.49782236128362756
0.23834530903602144
0.27768431313973047
0.23840820112891306
0.43494599141522927
0.20704076979921696
0.41933302935488437
0.4744736717976132
0.27799877360418856
0.22304680744013455
0.34112671184415333
0.4591751702017264
0.42000911935346924
0.08216694706058081
0.6247857738085878
0.19259131145736702
0.2635493152623386
0.3817550038521407
0.2011760821370733
0.30364302448074715
0.28032578104117856
0.11553120233958585
0.5639533969591672
0.5564220688353957
0.5489064637348469
0.38417634942846807
0.6597223314098833
0.6522696184022263
0.6448169053945693
0.8574707944843634
0.5513278093111743
0.7011682206254618
0.5365638905048662
0.6235279319507554
0.584754956683071
0.6245813745066902
0.4757629597018914
0.4370214304806528
0.46120344019748116
0.6268926589204572
0.5095831826543606
0.2507979434285624
0.3536422383295859
0.23639565415638117
0.29211804845835754
0.41074825867517806
0.4822408452697284
0.5380104086413736
0.5623496485904309
0.3037059165736387
0.4067074417068913
0.2896023647426927
0.7070958003804971
0.5900378924859672
0.2843037059165736
0.4974450087262779
0.3332652002327007
0.6250687882266002
0.33513623999622644
0.45403374160783627
0.3371016178990896
0.5817990283171648
0.4491753274319586
0.033556076162324484
0.1682520715083096
0.3658747503970063
0.6106822219776419
0.525321928900489
0.5028694517381802
0.6376786528513702
0.42659706608386655
0.5614219902202795
0.4132796654140658
0.4852596657285263
0.7302243675413909
0.33054511721513813
0.46549582553733426
0.3174321158472351
0.5781984559991195
0.5087970314932154
0.5023034229021556
0.574440653448845
0.5522711907045487
0.4829483813147591
0.5237024575085297
0.407257747519693
0.3379978302227952
0.6461061932988474
0.40392446659643716
0.4919576736214839
0.4542224178865112
0.5265797707583214
0.5360450307385104
0.6084338296567663
0.6022232354837187
0.5331519944654958
0.5269885693621168
0.4107797047216238
0.5776167041398719
0.4929010550148582
0.4239241521359727
0.3864247417493435
0.41181742425433554
0.39008820616028045
0.46269712740365715
0.5982295875851008
0.37216395968616844
0.5391739123598686
0.2502476376157607
0.4015974591594471
0.4428861181427965
0.3584220373893492
0.7299570761466014
0.6927092341315386
0.4825238596877407
0.5239383028568733
0.3766921903743652
0.33952296347541705
0.6640147167497366
0.45393940346849887
0.43257181490857055
0.5370041351551076
0.6414521784248675
0.6044244587349255
0.5359664156223959
0.5147088882250278
0.3362368516218298
0.47224100249996065
0.6239996226474426
0.6342667568119998
0.5659502209084761
0.46620336158236503
0.6180563198691843
0.5655256992814578
0.4972877784940488
0.8221568843257181
0.3766135752582507
0.6229147340450621
0.4289869656137482
0.4080438986808383
0.5443467870002043
0.4448200499992138
0.4711246678511344
0.4974292857030549
0.6023804657159477
0.48722504363138947
0.5765003694910457
0.6500841181742425
0.4249304256222386
0.8601908775019259
0.43070077514504485
0.5358091853901669
0.6409333186585117
0.5574283423216616
0.4110312730931903
0.5319570447005549
0.5900221694627442
0.23930441345261866
0.45464693951352964
0.6071130957060423
0.27219697803493653
0.5662175123032657
0.357132749485071
0.509693243816921
0.3792550431596987
0.8148928475967359
0.6687945158094998
0.3969277212622443
0.4867061838650335
0.48219367620005976
0.7292652631247936
0.5990000157230232
0.484473514567381
0.6530086004937028
0.5385449914309522
0.5970503608433829
0.4983569440732063
0.3368028804578544
0.5997861668841684
0.57977075832141
0.701294004811245
0.6656184651184729
0.6614046948947343
0.578607254602915
0.5429946070030345
0.7432587537931793
0.4089715570509897
0.5621138032420873
0.5894875866731654
0.2867093284696781
0.5814373987830379
0.420213518655367
0.5105894561406267
0.5538120469803933
0.40838980519174223
0.8290121224509048
0.55785286394868
0.8527538875174918
0.5816417980849358
0.6721906888256473
0.6369711168063394
0.6803981069480038
0.40938035565478526
0.8144840489929402
0.6850363987987609
0.6499426109652363
0.6620336158236505
0.8156789987578811
0.7334790333485322
0.5727111208943254
0.899372651373406
0.5342526060910991
0.6251159572962689
0.6373956384333579
0.47673778714171156
0.48906463734846933
0.6272071193849152
0.4823509064322888
0.4475715790632222
0.4757315136554456
0.4724611248250813
0.5320985519095611
0.4974450087262779
0.698636813886574
0.3810002987374412
0.7709312746654926
0.4219116051634408
0.5288753321488655
0.7459316677410732
0.6013741922296819
0.4096790930960204
0.5010141349978773
0.37225829782550585
0.6680555337180232
0.4764547727236993
0.5050077828964953
0.18768572821182056
0.3420700932375277
0.35496297228031004
0.2892879042782346
0.4909042310655492
0.34666121601861605
0.218156947217811
0.2783604031383154
0.7631012091004857
0.5246143928554582
0.42765050863980125
0.23637993113315828
0.5011084731372147
0.5142843665980095
0.48032263643653395
0.7136837471108946
0.5854310466816559
0.4257637458530526
0.2975582144934828
0.23227622207197998
0.4185783242401849
0.32189745444254014
0.523985471926542
0.5688589802047137
0.4250876558544676
0.35996289366519396
0.35774594739076426
0.22977626137953805
0.3533906699580195
0.6028207103661892
0.3334067074417068
0.40993066146758694
0.4078709454253863
0.39010392918350334
0.4195374286567821
0.2603103724784201
0.49420606594235933
0.47653338783981386
0.47461517900661937
0.7400198110092608
0.04634518325183566
0.201726387949875
0.577270797628968
0.5440323265357462
0.29070297636829606
0.2732346975676483
0.5230892596028364
0.4113457335576484
0.45684816276473633
0.4080281756576154
0.5321928900488986
0.29475951635980563
0.2774641908146098
0.3545384506532916
0.18007578497193438
0.41442744610933785
0.2557192496973318
0.27001147780695267
0.18996556657914182
0.4715963585478215
0.5488278486187324
0.4374302290844483
0.263156239681766
0.30902029842298073
0.3234697567648307
0.6366881023883272
0.3681703117875505
0.33552931557679905
0.5701954371786606
0.4432634707001461
0.2691781575761387
0.36241568528796714
0.34560777346268134
0.21877014512350434
0.453593496957595
0.24818792157356015
0.5459348123457178
0.46636059181459405
0.5126020031131585
0.4487979748746089
0.5579786481344632
0.3527145799594346
0.27325042059087123
0.36677096272071186
0.4760459741199037
0.2237071744154966
0.14434993160484896
0.4895363280451565
0.3315985597710727
0.42527633213314253
0.188770616814201
0.6283863461266331
0.5648967783525416
0.2655775852580934
0.4694108583198377
0.26447697363249
0.3583119762267889
0.2792094463923523
0.43596798792471814
0.46697378972028736
0.3879341519787425
0.1988647977233062
0.5443939560698731
0.7012782817880221
0.44937972673385634
0.6691875913900726
0.4802282982971966
0.5900378924859672
0.558356000691813
0.36945959969182873
0.24347101460668855
0.46342038647191075
0.6205091114919576
0.3216458860709737
0.6831653590352352
0.5258565116900678
0.6201317589346079
0.6043615666420339
0.33705444882942087
0.5100077042813791
0.46287008065910906
0.4314712032829672
0.49442618826747997
0.525966572852628
0.36884640178613537
0.3532648857722363
0.4634675555415794
0.3535793462366944
0.3066146758698762
0.32255782141790224
0.5271929686640147
0.35449128158362286
0.48055848178487753
0.3550730334428704
0.15099605352117104
0.4972406094243801
0.46615619251269635
0.23068819672646657
0.5612804830112733
0.42019779563214416
0.3891919938365749
0.5626169399852203
0.24862816622380146
0.13907328501124194
0.24965016273329033
0.5803839562271034
0.4237197528340749
0.3771167120013836
0.36200688668417164
0.31545101492114896
0.4733258911023411
0.25386393295702897
0.5532774641908146
0.4124620682064747
0.3660005345827896
0.571138818572035
0.33604817534315495
0.06952563638936494
0.11748400182387068
0.3226836056036855
0.44930111161774183
0.3400889923114416
0.3881071052341944
0.2474803855285294
0.3270074369899844
0.24930425622238642
0.3602930771528749
0.2983600886778509
0.42510337887769056
0.4889860222323548
0.22270090092923067
0.28659926730711777
0.5392053584063143
0.5245357777393437
0.46271285042688004
0.2122293674627757
0.5592522130155186
0.26163110642914417
0.4671624659989622
0.3582490841338972
0.3437052876527098
0.8480212575273973
0.36180248738227383
0.41019795286237637
0.3799783022279523
0.6170657694061414
0.4610933790349208
0.47810569016210436
0.8095784657473939
0.4492539425480731
0.654973978396566
0.5305262495872706
0.296033081240861
0.4860772629361173
0.5031681891794153
0.5517366079149698
0.7260892124337667
0.6331818682096193
0.47738243109385065
0.4159368563387368
0.4802911903900881
0.670445433247905
0.3732016792188802
0.45331048253958267
0.3133126837628339
0.45636074904482626
0.44216285907454284
0.36510432225908396
0.5081838335875222
0.7141554378075817
