0.36047169811320756
0.3753018867924528
0.3335094339622641
0.254
0.287622641509434
0.3213018867924528
0.3172264150943396
0.4829433962264151
0.3467735849056604
0.43701886792452826
0.20645283018867924
0.3910188679245283
0.3302830188679245
0.3638867924528301
0.3597169811320755
0.2800943396226415
0.37026415094339626
0.15854528301886794
0.32418867924528305
0.4709245283018868
0.24032075471698114
0.2738301886792453
0.28850943396226414
0.2653962264150943
0.22345283018867926
0.35126415094339625
0.27152830188679244
0.21069811320754717
0.2441509433962264
0.2021320754716981
0.3110754716981132
0.2879056603773585
0.26473584905660374
0.31703773584905665
0.4259433962264151
0.25181132075471696
0.3040754716981132
0.2808679245283019
0.27652830188679245
0.34764150943396227
0.3432641509433962
0.4898490566037736
0.31566037735849056
0.36786792452830186
0.3634905660377359
0.3779433962264151
0.16599622641509434
0.29366037735849054
0.3458490566037736
0.3791132075471698
0.41241509433962265
0.3325094339622642
0.3469245283018868
0.36133962264150943
0.37569811320754715
0.352377358490566
0.3290188679245283
0.2679056603773585
0.33888679245283015
0.46643396226415096
0.29211320754716985
0.2498679245283019
0.47173584905660376
0.4105660377358491
0.3494339622641509
0.2505283018867924
0.2837169811320755
0.24139622641509434
0.40664150943396227
0.2510943396226415
0.4540377358490566
0.4872075471698113
0.5014528301886793
0.4024905660377358
0.20916981132075468
0.46867924528301885
0.38860377358490567
0.4028301886792453
0.5868490566037736
0.582188679245283
0.5020377358490566
0.4218867924528302
0.4926792452830188
0.5257169811320755
0.577622641509434
0.5729245283018868
0.4550188679245283
0.4503018867924528
0.445566037735849
0.6294905660377358
0.6436226415094338
0.6200188679245282
0.5963962264150944
0.6859811320754717
0.681188679245283
0.5820943396226415
0.7471320754716981
0.7611886792452831
0.7941320754716981
0.6950188679245283
0.4071698113207547
0.7985849056603774
0.7182641509433964
0.7323207547169812
0.6142641509433961
0.6849056603773584
0.6989245283018868
0.5808679245283018
0.6326037735849056
0.7786603773584906
0.8492830188679246
0.4481509433962264
0.5942075471698114
0.7025094339622642
0.47120754716981134
0.39083018867924535
0.5934528301886793
0.4941698113207547
0.4515094339622642
0.42769811320754725
0.5926037735849057
0.43671698113207547
0.39401886792452834
0.54
0.5539056603773584
0.36024528301886793
0.449566037735849
0.38798113207547175
0.4773396226415094
0.37800000000000006
0.6371509433962264
0.48120754716981134
0.47620754716981134
0.5088867924528302
0.485
0.5931886792452831
0.5504150943396225
0.6019622641509434
0.5969056603773585
0.7050377358490566
0.49245283018867925
0.525132075471698
0.4634339622641509
0.5715660377358491
0.5664716981132076
0.5236603773584906
0.5751509433962264
0.49454716981132074
0.5460754716981131
0.37113207547169813
0.4603396226415095
0.3420377358490566
0.29915094339622644
0.4072075471698113
0.2511509433962264
0.45354716981132076
0.2596981132075472
0.49981132075471696
0.362566037735849
0.6781509433962264
0.4843018867924529
0.3659056603773585
0.4739622641509434
0.5819811320754716
0.6522264150943398
0.5338113207547169
0.5474716981132075
0.4290566037735849
0.5747924528301888
0.7205283018867925
0.5077547169811321
0.5025283018867924
0.5350377358490566
0.5486415094339623
0.4679245283018868
0.5759056603773586
0.5894905660377359
0.5087547169811322
0.5035094339622641
0.6491698113207547
0.47409433962264147
0.5442641509433962
0.4446603773584905
0.40162264150943394
0.7170943396226415
0.5796981132075472
0.40462264150943394
0.4370377358490566
0.5449433962264151
0.5207547169811321
0.5342830188679245
0.4157924528301887
0.25950943396226417
0.3862452830188679
0.5506981132075471
0.432188679245283
0.33249056603773586
0.30826415094339626
0.35952830188679247
0.5994339622641509
0.3299245283018868
0.4377735849056603
0.45126415094339617
0.5024905660377358
0.5159811320754717
0.47286792452830184
0.41088679245283016
0.4621132075471698
0.4001132075471698
0.357
0.4459433962264151
0.308433962264151
0.24643396226415093
0.4108490566037736
0.36769811320754714
0.3433962264150943
0.18704150943396225
0.3703207547169811
0.3648679245283019
0.5292641509433962
0.3162452830188679
0.2730943396226415
0.19216981132075472
0.3376792452830189
0.27562264150943394
0.3267924528301887
0.4911320754716981
0.3724905660377359
0.34815094339622643
0.43701886792452826
0.37498113207547173
0.520433962264151
0.26967924528301884
0.5283962264150943
0.2964905660377359
0.3853396226415094
0.32324528301886796
0.3932264150943396
0.4820754716981132
0.38224528301886795
0.4333584905660378
0.40898113207547165
0.38466037735849057
0.49233962264150943
0.4679622641509434
0.5002075471698113
0.4758301886792453
0.6401320754716981
0.5968867924528303
0.6857169811320756
0.6802264150943396
0.7878679245283019
0.7823584905660378
0.6636415094339623
0.7336037735849057
0.6903207547169811
0.779132075471698
1.0
0.6737358490566038
0.8191509433962264
0.9645471698113208
0.7326037735849057
0.9534716981132075
0.9102075471698114
0.8291698113207548
0.9179999999999999
0.7803584905660377
0.7747924528301885
0.6183207547169811
0.9146415094339624
0.5883396226415094
0.5450754716981132
0.4451698113207547
0.6094150943396226
0.6604528301886792
0.5416792452830188
0.5549811320754717
0.5117169811320754
0.411811320754717
0.46284905660377357
0.5893584905660377
0.5649245283018868
0.3706792452830189
0.4783207547169811
0.2463396226415094
0.3916792452830189
0.36724528301886794
0.4182830188679245
0.4693396226415094
0.3128301886792452
0.3827358490566038
0.6601509433962264
0.31496226415094336
0.366
0.3792641509433962
0.24164150943396226
0.3870188679245282
0.3059433962264151
0.357
0.3513962264150944
0.3835660377358491
0.510056603773585
0.2780754716981132
0.38569811320754716
0.2480566037735849
0.5443584905660377
0.4821698113207547
0.32566037735849057
0.3955471698113208
0.4088301886792453
0.4409811320754717
0.435433962264151
0.29777358490566036
0.2544528301886792
0.569622641509434
0.3187547169811321
0.4641320754716981
0.420811320754717
0.509566037735849
0.3153207547169811
0.34749056603773587
0.3985094339622641
0.3929433962264151
0.46284905660377357
0.381811320754717
0.3951132075471698
0.40841509433962264
0.40286792452830184
0.5670754716981132
0.5992641509433962
0.40501886792452824
0.43720754716981125
0.6957735849056603
0.614754716981132
0.7978867924528302
0.5281509433962264
0.6546792452830189
0.6679622641509434
0.8322452830188678
0.5059245283018868
0.7645283018867925
0.7023584905660377
0.6213207547169811
0.6912830188679246
0.7423207547169812
0.6235849056603773
0.5048301886792453
0.8389056603773584
0.550320754716981
0.5636981132075471
0.7656981132075472
0.6846792452830189
0.7923396226415095
0.5226603773584906
0.6680754716981132
0.7191509433962264
0.7324905660377358
0.6514905660377359
0.7214528301886791
0.6593207547169811
0.8424905660377359
0.780377358490566
0.9824150943396227
0.561811320754717
0.6506603773584906
0.664
0.7151132075471698
0.5586792452830188
0.5720566037735849
0.7363396226415093
0.4289811320754717
0.6310566037735849
0.7010188679245284
0.6955471698113208
0.4824905660377358
0.4770377358490566
0.6790943396226414
0.560433962264151
0.6681509433962264
0.3796981132075472
0.4119622641509434
0.5952075471698113
0.6086037735849057
0.6031320754716981
0.5977169811320755
0.63
0.417
0.4304150943396226
0.5004905660377359
0.5516415094339623
0.5462075471698113
0.484188679245283
0.2900754716981132
0.6242830188679245
0.5245283018867924
0.5191132075471698
0.5325849056603773
0.489433962264151
0.6349811320754718
0.5352641509433962
0.7185471698113207
0.5999245283018868
0.7266226415094339
0.7023962264150942
0.5272075471698112
0.7482641509433963
0.5353207547169812
0.7186603773584905
0.6001132075471698
0.9532075471698114
0.8346792452830188
0.5840188679245284
0.7296415094339622
0.6676792452830189
0.7378490566037736
0.6004339622641509
0.9158867924528302
0.7596037735849057
0.7165849056603774
0.8622075471698112
0.7436792452830189
0.5497358490566038
0.4689622641509434
0.6334716981132075
0.590433962264151
0.6794905660377359
0.4289622641509434
0.7067169811320754
0.4750377358490566
0.48864150943396234
0.46450943396226413
0.5347358490566038
0.22760377358490563
0.3544528301886792
0.3492264150943396
0.38173584905660374
0.24443396226415096
0.44677358490566044
0.42266037735849055
0.3231320754716981
0.22360377358490563
0.2750188679245283
0.21324528301886791
0.302377358490566
0.4292830188679245
0.15997735849056602
0.24913207547169813
0.3005849056603773
0.06900188679245282
0.2902830188679245
0.39837735849056605
0.1668056603773585
0.2182641509433962
0.4018490566037736
0.03822264150943396
0.2595471698113207
0.19783018867924526
0.24932075471698115
0.41407547169811315
0.16369622641509435
0.30954716981132074
0.2478679245283019
0.26166037735849057
0.3698490566037736
0.3459245283018868
0.3408679245283019
0.10941698113207547
0.23645283018867924
0.3446415094339622
0.0
0.2025283018867925
0.273
0.2680188679245283
0.4516981132075472
0.2769056603773585
0.25307547169811323
0.05939811320754717
0.22426415094339622
0.35137735849056606
0.19550943396226414
0.3037358490566038
0.29883018867924527
0.23730188679245284
0.1191566037735849
0.17086226415094338
0.2980188679245283
0.16105849056603772
0.2882264150943396
0.26449056603773585
0.3916792452830189
0.2547547169811321
0.4951698113207547
0.622377358490566
0.5420943396226414
0.42403773584905663
0.6833396226415094
0.4143962264150944
0.48505660377358495
0.49911320754716987
0.3622264150943396
0.3385660377358491
0.560188679245283
0.1780622641509434
0.2676603773584906
0.33837735849056605
0.5789245283018869
0.44209433962264144
0.09774716981132076
0.26281132075471697
0.23922641509433962
0.4609433962264151
0.3807735849056603
0.37607547169811323
0.2959433962264151
0.5742641509433962
0.343188679245283
0.470622641509434
0.409377358490566
0.5556603773584905
0.21141509433962263
0.282245283018868
0.29650943396226415
0.3673584905660377
0.3061698113207547
0.18836603773584906
0.41022641509433955
0.4433773584905661
0.40109433962264157
0.2644528301886792
0.42971698113207546
0.2931320754716981
0.45839622641509437
0.4538679245283019
0.27958490566037736
0.4260188679245283
0.4215283018867924
0.34156603773584904
0.4880377358490566
0.46471698113207544
0.25269811320754715
0.286
0.18722641509433963
0.3148867924528302
0.23500000000000001
0.34379245283018867
0.32054716981132075
0.22181132075471696
0.4061320754716981
0.1564811320754717
0.22756603773584905
0.35530188679245284
0.5585283018867924
0.3655283018867925
0.3045849056603774
0.26254716981132076
0.2959622641509434
0.2539622641509434
0.43835849056603776
0.3208679245283019
0.29775471698113204
0.2180188679245283
0.3647358490566038
0.2850377358490566
0.16759056603773587
0.42754716981132074
0.42333962264150937
0.34367924528301885
0.11309622641509434
0.29760377358490564
0.42550943396226415
0.25154716981132075
0.39837735849056605
0.46971698113207544
0.3335094339622641
0.3105283018867924
0.3253018867924528
0.35894339622641513
0.3737358490566038
0.6338301886792453
0.40335849056603773
0.531377358490566
0.6216981132075472
0.7120188679245282
0.8400566037735849
0.7228490566037736
0.662245283018868
0.356377358490566
0.3901509433962264
0.4805283018867925
0.5520377358490567
0.30281132075471695
0.317754716981132
0.5402641509433962
0.5363396226415094
0.34377358490566035
0.5663018867924529
0.4303396226415095
0.5396981132075471
0.5169622641509434
0.41877358490566036
0.32060377358490566
0.4111320754716981
0.3695849056603774
0.3280566037735849
0.512943396226415
0.5091698113207548
0.3355849056603773
0.3506981132075472
0.535622641509434
0.4941698113207547
0.490433962264151
0.2980566037735849
0.38869811320754716
0.49820754716981136
0.3813207547169811
0.5097358490566037
0.2796603773584906
0.4835660377358491
0.42333962264150937
0.38198113207547174
0.3217547169811321
0.3181698113207547
0.4089056603773584
0.311
0.4206415094339623
0.2661509433962264
0.26260377358490566
0.3722830188679245
0.40649056603773587
0.5727924528301886
0.5315660377358491
0.0941188679245283
0.29818867924528303
0.4645471698113207
0.5743018867924529
0.2878490566037736
0.43535849056603776
0.5640188679245283
0.46628301886792456
0.25533962264150944
0.6293018867924529
0.625943396226415
0.5093773584905661
0.3928301886792453
0.4460943396226415
0.4427735849056604
0.43945283018867926
0.3229433962264151
0.4517358490566037
0.44845283018867926
0.3508490566037736
0.5174150943396226
0.45756603773584903
0.5298113207547169
0.31903773584905665
0.5233773584905661
0.46358490566037736
0.49813207547169813
0.5138301886792453
0.6050188679245283
0.35658490566037737
0.5232641509433963
0.29371698113207545
0.5736226415094339
0.49505660377358496
0.4730943396226415
0.47001886792452824
0.4669433962264151
0.5959811320754717
0.5174528301886793
0.7597169811320755
0.3982075471698113
0.3197169811320755
0.4110754716981132
0.3514905660377359
0.48058490566037737
0.4021509433962264
0.45581132075471703
0.6604150943396225
0.4688301886792453
0.22062264150943395
0.3497924528301887
0.5544528301886792
0.5327169811320756
0.47324528301886787
0.508132075471698
0.4486792452830189
0.7477358490566038
0.5939811320754717
0.6100377358490566
0.6261132075471698
0.529
0.4318867924528302
0.41026415094339624
0.5395849056603774
0.3670377358490566
0.19450943396226417
0.5880188679245283
0.30230188679245285
0.3750754716981132
0.5044716981132075
0.5772830188679245
0.4802830188679245
0.6851886792452829
0.38067924528301883
0.5478679245283019
0.37545283018867925
0.4294716981132075
0.7476415094339622
0.405433962264151
0.7613773584905661
0.49467924528301893
0.5676037735849057
0.5462075471698113
0.26067924528301883
0.3336603773584906
0.5009811320754717
0.38528301886792454
0.34507547169811326
0.39922641509433965
0.5477358490566038
0.46983018867924525
0.5617547169811321
0.3517924528301887
0.575811320754717
0.6111509433962263
0.7219811320754717
0.45547169811320753
0.472
0.5262641509433962
0.5805283018867925
0.7668867924528302
0.7457169811320755
0.7622830188679245
0.5901886792452831
0.550188679245283
0.510188679245283
0.6588867924528302
0.543433962264151
0.42800000000000005
0.6333207547169811
0.4990566037735849
0.5157169811320755
0.34371698113207544
0.5113584905660377
0.2639245283018868
0.45045283018867927
0.6747358490566037
0.5405283018867925
0.5761320754716981
0.6495094339622641
0.4587358490566038
0.5887169811320755
0.6432452830188679
0.5657169811320755
0.9221509433962263
0.42954716981132074
0.6539433962264151
0.8783396226415094
0.7631132075471698
0.6856415094339623
0.8723396226415093
0.7571509433962264
0.8495283018867924
0.7532264150943396
0.7890188679245284
0.8248113207547171
0.6153396226415094
0.6511698113207547
0.856811320754717
0.5907735849056603
0.41907547169811316
0.6624905660377357
0.5662830188679245
0.5266981132075471
0.27956603773584904
0.40981132075471693
0.48345283018867924
0.5571132075471698
0.23456603773584905
0.5157924528301887
0.6460754716981132
0.43675471698113216
0.2840566037735849
0.4898490566037736
0.5258490566037736
0.3354339622641509
0.6167169811320755
0.4640754716981132
0.4812264150943396
0.2342452830188679
0.5533207547169812
0.268622641509434
0.2858301886792453
0.3219056603773585
0.358
0.39409433962264145
0.1849132075471698
0.2587735849056604
0.5779056603773585
0.3498867924528302
0.19735849056603774
0.17690188679245283
0.42060377358490564
0.3813018867924528
0.5118301886792452
0.2461320754716981
0.5276037735849057
0.39399999999999996
0.5056792452830189
0.48530188679245284
0.46492452830188674
0.42569811320754714
0.40533962264150947
0.3661132075471698
0.6099245283018868
0.2499622641509434
0.5315283018867925
0.43575471698113205
0.3965660377358491
0.3762641509433962
0.33711320754716984
0.46777358490566034
0.6173018867924528
0.5026981132075472
0.3503584905660378
0.3112452830188679
0.3098490566037736
0.44056603773584907
0.5901509433962264
0.4378490566037736
0.4553584905660377
0.30307547169811316
0.414943396226415
0.4136226415094339
0.4877735849056603
0.31664150943396224
0.05119056603773585
0.23856603773584906
0.331622641509434
0.2359811320754717
0.40452830188679245
0.3277735849056604
0.26990566037735847
0.36298113207547167
0.24852830188679245
0.4170754716981132
0.24603773584905658
0.39573584905660375
0.3567735849056604
0.22347169811320758
0.3354528301886792
0.3342452830188679
0.2575660377358491
0.539377358490566
0.2740377358490566
0.29171698113207545
0.3848679245283019
0.1572698113207547
0.2881698113207547
0.5134150943396226
0.22922641509433964
0.3224150943396227
0.4533396226415094
0.48992452830188676
0.3378301886792453
0.48762264150943396
0.3544150943396227
0.18346981132075474
0.33328301886792455
0.4642452830188679
0.4819811320754717
0.42426415094339626
0.19673584905660377
0.47864150943396233
0.3266037735849056
0.6651132075471697
0.5319433962264151
0.34216981132075475
0.4542830188679245
0.5475471698113208
0.37664150943396224
0.4321698113207547
0.35562264150943396
0.4488867924528302
0.3346037735849057
0.5222075471698113
0.5588679245283019
0.5012075471698113
0.4624150943396227
0.517943396226415
0.4791509433962264
0.4969622641509434
0.4015660377358491
0.3250377358490566
0.28626415094339625
0.39841509433962263
0.3973584905660377
0.4340566037735849
0.5084905660377358
0.39422641509433964
0.41205660377358494
0.5053584905660378
0.485433962264151
0.4466603773584906
0.5399622641509434
0.14269433962264153
0.3492075471698113
0.49911320754716987
0.34711320754716984
0.4404150943396226
0.28843396226415097
0.4006037735849056
0.36183018867924527
0.13437169811320754
0.4163396226415094
0.4530377358490566
0.26332075471698113
0.35660377358490564
0.6763207547169812
0.46773584905660376
0.16479245283018867
0.3901509433962264
0.5400566037735849
0.5012641509433962
0.29266037735849054
0.4802830188679245
0.17733396226415093
0.5724905660377358
0.34501886792452824
0.24960377358490568
0.550433962264151
0.4550188679245283
0.2841320754716981
0.24532075471698114
0.6027169811320755
0.5261698113207547
0.37413207547169813
0.2032264150943396
0.390811320754717
0.33311320754716983
0.4640754716981132
0.38749056603773585
0.23543396226415095
0.3852641509433962
0.45962264150943394
0.19433962264150945
0.34415094339622637
0.47507547169811326
0.5871509433962264
0.6048679245283018
0.3584339622641509
0.22518867924528302
0.3183773584905661
0.487
0.3348867924528302
0.3903018867924528
0.35137735849056606
0.3879245283018868
0.292377358490566
0.21567924528301885
0.3465471698113208
0.3830566037735849
0.28747169811320755
0.6447358490566037
0.13404528301886792
0.47241509433962264
0.5843584905660377
0.46986792452830195
0.48745283018867924
0.5050377358490566
0.4093962264150943
0.7288301886792453
0.3879056603773585
0.575245283018868
0.5927735849056603
0.4593584905660377
0.5146037735849057
0.5320943396226415
0.6816603773584906
0.49160377358490565
0.6600188679245284
0.45105660377358486
0.7137924528301886
0.5991509433962264
0.465622641509434
0.5585094339622642
0.5759245283018868
0.4234905660377358
0.7050188679245283
0.5337169811320754
0.4378490566037736
0.4740566037735849
0.47252830188679246
0.5086981132075471
0.45052830188679244
0.5432830188679245
0.39075471698113207
0.5212264150943396
0.27432075471698114
