0.36802820758770094
0.3409265178090158
0.35302972161419344
0.3438897567879525
0.3292496213472929
0.3440164514167826
0.2818313250665354
0.34172932311489834
0.2752535782510396
0.3589051212833355
0.3592579588306475
0.3965119137975648
0.32396454541700465
0.3301910713871785
0.3546981335506652
0.37428202975022506
0.3055898763877445
0.3575979147895802
0.3380081704423078
0.3047123230874985
0.33913560189640246
0.3030760841143275
0.4074715816676242
0.31188049031717063
0.297380986721701
0.2862274114300224
0.33701189371647167
0.3080261996767054
0.2986715740950625
0.3083447663185082
0.3403904126017639
0.29815673969273143
0.3434177975084133
0.3173904491046553
0.30904580921601865
0.3059073341840332
0.2551073090972869
0.2818986262776755
0.28714580959483527
0.34851197062982053
0.26097749522974767
0.2834504980026682
0.3455031526734731
0.35829317529107085
0.344471026927395
0.30153124013285754
0.3018945287886171
0.3273330686069045
0.28006298758608333
0.2934561887688484
0.31873138176234445
0.2988559026336095
0.23133139607265635
0.36233996860658646
0.28678864376327307
0.3697276943629598
0.3573549167478419
0.2975070092435783
0.35705775530797335
0.32624695330707437
0.39454291335250535
0.29411439778015297
0.3745652925070483
0.36776017623898477
0.3619080338487384
0.38832417058303986
0.3947865895197943
0.3211848252326379
0.42091779520970307
0.38349815338812904
0.4230161654574274
0.39890976938934125
0.3992392101825385
0.4031315735136135
0.29641144619125404
0.4613951193658211
0.42752127447288124
0.4430041208872488
0.42826463143628946
0.421958928651704
0.4789695910254369
0.4538890940608865
0.4923197865710284
0.5048192562921222
0.5041782665684423
0.5863215431653597
0.5247649486214523
0.4726417979580675
0.5734304558712773
0.5327798802134033
0.5190137674732569
0.5908563487368299
0.6357797101873583
0.6014115720613019
0.6090710926384276
0.5874990503972186
0.5881724584586623
0.6658397675844965
0.6572744517914993
0.5861211450203314
0.5871720897812758
0.6216337259246084
0.6047286282651291
0.6510013863975117
0.6292713670104148
0.6053811267314831
0.6333329233272937
0.6315868532602162
0.6079393723189657
0.5768278143296732
0.5927170778663092
0.48133217245133675
0.5183183020133997
0.5662766393476858
0.5691348681480748
0.5284770366159395
0.4714028396690271
0.48839483415253987
0.5320514827991452
0.5577769634454187
0.45037317939315535
0.4512075439901134
0.5504668238967657
0.6008287112423227
0.5057300985753965
0.47827830364718915
0.4705802883895761
0.5101208563806654
0.4345696222493991
0.4640074553020541
0.5369395186170997
0.5171967584521167
0.4846997935577948
0.5448190576709683
0.5747046114655229
0.46558631103934556
0.48392514401949926
0.4645132332210251
0.5604803975413348
0.5209052403632175
0.4721991647181156
0.477538372252651
0.5020634228536889
0.5246728045815778
0.4921271581904875
0.5367135587601861
0.4442335295452955
0.43022186406827123
0.39116198210465947
0.49373309168818835
0.41822843659220904
0.48718666501413277
0.3337124461518233
0.4166067477608565
0.4172140952639577
0.37561164948804143
0.45130132298236697
0.4002214847464667
0.47588705837233214
0.3978063540548796
0.41981641664834735
0.4148753782377842
0.4389452816331202
0.41301221152057177
0.4709173299570591
0.523052119001844
0.5373428553221417
0.4459698523110308
0.49059864769782247
0.4915357376618572
0.4638391073729019
0.5093587772371141
0.44578515424791026
0.4055834479278029
0.45501521159772984
0.45256678843945297
0.4698450261838917
0.4428437320162154
0.40257875081775496
0.44629172382982607
0.3805370001880534
0.3916844778233858
0.397598964894183
0.39708885912004604
0.3889732792349024
0.40323524945037525
0.3755057093540519
0.35353919215089813
0.42153869361002605
0.34120859751640487
0.353614242860422
0.3398617807699341
0.30300629008464786
0.36085021902233216
0.25470980441174884
0.39125399552798507
0.309302351131042
0.3767415436484245
0.3426704266329126
0.36404607229481
0.38832571268290766
0.27970861565417715
0.3788355810596432
0.39169901437467375
0.42031690476604766
0.2778219798947762
0.33182088855358005
0.3953002008652047
0.385907660430055
0.32416162188651104
0.3480381966094447
0.3051670981923204
0.3718994211587494
0.3371200983657842
0.36122063078133004
0.3376493572911353
0.2779552764872849
0.25793526137400574
0.33075229967526754
0.3243534137456496
0.2878106086607466
0.34278876412730225
0.2357680550440307
0.23782857010355474
0.33391362926684603
0.33265718030792546
0.32428645642285214
0.24390032991524874
0.26035192084344166
0.33182803615126394
0.3034264125300007
0.2588941064064675
0.3430891958309351
0.32057471190255843
0.44530372995941103
0.4554953212580959
0.410082154384266
0.3967392788693872
0.4793572347858578
0.4454231729535898
0.5380976483875693
0.4764831004157561
0.5013454121729382
0.4793096560907937
0.541733488261319
0.553246249077088
0.5812863188060456
0.6438409237397997
0.6855233201120495
0.6657875156683148
0.7441946485580007
0.6208885457550397
0.7822984875596424
0.792302547918844
0.719990648227985
0.7951728567282397
0.7851172628284053
0.8308888334868919
0.8510069754070188
0.7333605805168846
0.7672225848105937
0.7942442428214516
0.8148224278554725
0.8030705446811996
0.8844067264625561
0.8329635407972221
0.7425648367740253
0.7407872121223692
0.7156713952130722
0.6318471324530843
0.6354966648071995
0.6338566666620822
0.5367079069495284
0.5719930379174855
0.6205227193627685
0.5521810910484029
0.5891932636120475
0.5316049574067243
0.4846547796850239
0.4814033972368853
0.4570149850986518
0.46626827351659483
0.5034826528531101
0.4053620596925368
0.4158575745727592
0.5136281324086893
0.3843620517370094
0.48022733032624515
0.4814319484512342
0.46072963406559064
0.5373717327999394
0.42362919328628457
0.4562794003929756
0.42448465917823536
0.48852978308297135
0.5092388364648096
0.4447475942792334
0.4535326700320599
0.51028465587863
0.45307987502806457
0.4857029883000035
0.42091780141404755
0.5300402263813568
0.48719623981230537
0.5272030227483223
0.5572255393125127
0.5146344201083424
0.5248665526937982
0.5127316547082614
0.5937760876961812
0.5260071593664319
0.5045044824765259
0.4954447781177181
0.5559985863804233
0.49169189611701725
0.5738704864197126
0.5834421217242948
0.5586123597618884
0.5724523669304318
0.5456928677299963
0.6059613301992084
0.5486505712715781
0.6208732281747827
0.520999074233469
0.665368528822256
0.5652090724073872
0.5154400150252556
0.596068592368932
0.5746672613880865
0.5834712643322123
0.6258661223567068
0.5451276126049484
0.5555650555868191
0.5809448850072118
0.5973992387999261
0.6175152879720323
0.6216475574551185
0.6257963447872608
0.5869994948522685
0.6676779076116541
0.7192618569637347
0.700843585342316
0.6513729984832274
0.7413123615690421
0.6195159921413983
0.7315505868849926
0.6918491073047545
0.6650976785566967
0.6604827520224659
0.7426511454000135
0.6808721221887342
0.7530048512122517
0.7544007887503591
0.6842223245421635
0.6621560146840006
0.6745363582277623
0.7173955416589708
0.681677743877047
0.6823974704523544
0.6082726842616719
0.67078129411575
0.724390453997919
0.6472407305254512
0.6783538838642172
0.6242543956447502
0.6671849866559774
0.6425994371086565
0.6967770468365504
0.656192329443092
0.6405063773991283
0.6075293481444994
0.6240589345521192
0.6808621520557835
0.6282906953957466
0.5792953124559777
0.55453787110299
0.5536504004306294
0.5307936286071522
0.620389309611037
0.59239928729732
0.47059497392146077
0.5075163113386523
0.48894932588961515
0.47270789420609527
0.5340709010939636
0.4385463820286999
0.5660772641304096
0.43760892620612013
0.5249603499588475
0.4314462492258995
0.49495407159365856
0.4737803830823078
0.49939473836376613
0.49288951951346544
0.5103314135458717
0.5065495858202691
0.47493352759332275
0.5258973588241491
0.5295776672861309
0.5395394160064763
0.5267257414880123
0.5996396944550795
0.5280347470184729
0.6018763859558788
0.5843297557988294
0.5831419693714809
0.5257795232785779
0.5701199051217026
0.5338170037912415
0.5546818445133537
0.5930562059215969
0.598481957996221
0.6010466857885056
0.5920604429416009
0.565137117017827
0.5912193317707778
0.5193621023574537
0.5863570205564471
0.5416279666226718
0.6326913017757607
0.5553261671581997
0.5473925483238251
0.48342987796761067
0.5490522324722787
0.5192331274823719
0.4795012566321597
0.47188438287370627
0.43741467591827154
0.4098236315819377
0.3318496631187784
0.35390642356032354
0.36018949175823267
0.39838520573303127
0.3186632475160399
0.3894568107547225
0.43961052236082
0.4228493483432103
0.33954935757897464
0.33842709673580035
0.2642029152874222
0.3406109102503456
0.29535780969560094
0.2931277932435322
0.20523440015514324
0.18261561717408917
0.18315691612757146
0.2894922471621688
0.1957262338053542
0.2554666182279801
0.26229719059572176
0.16393536951561882
0.3084102143472698
0.20929669864545342
0.17172308161435945
0.22202671604055918
0.22465399463966246
0.06867035599461502
0.22893420838887954
0.1720816386607557
0.23056082257389465
0.36157968820580283
0.31015192971595285
0.3122057063422315
0.23685688198341603
0.2352243716014049
0.21635892506858467
0.27767667569099386
0.35754009929813946
0.2793241057513168
0.3148146326177451
0.3244016181682527
0.30544314017091456
0.2682977115827131
0.34409014064850235
0.31464472257561793
0.3158021447823588
0.34541200901005925
0.28530353505470585
0.28079040925778737
0.3012332778562446
0.30476538731474584
0.25358181229385174
0.34273068293137454
0.2936068134831159
0.3361561856563432
0.3274323973820202
0.3280892898306427
0.3584083337136016
0.3361591293178477
0.34300769661719066
0.34603280594204466
0.43565753599857937
0.4381080803640893
0.45134057759840257
0.4492907951412284
0.45642961039645435
0.4301366871491903
0.4795455879506929
0.5097721058484175
0.4842717853152597
0.4458416628332378
0.4868478695917987
0.34508132025533556
0.42802713739513193
0.4008410710739008
0.4380217922253433
0.46012956314879905
0.4388883890825964
0.47929931105041135
0.4450430711832021
0.3455099791743902
0.4450525050258758
0.4758072103284692
0.438017482020094
0.5692518141921372
0.5235556076297718
0.5261728153048132
0.5527058875046021
0.562952378044099
0.5043170424160128
0.48876809537454025
0.4520366839098141
0.5392050529709594
0.48853091997075937
0.546628366975763
0.49792119876489693
0.5370369894889963
0.509638033695058
0.5657006563399554
0.4707951334982732
0.5362364194602054
0.5007242004916937
0.42490224009647126
0.46682527480289304
0.4531724265262362
0.4772802755985419
0.3937506638677209
0.45508649022028114
0.45656075197621315
0.45850961294425774
0.35928117904352447
0.4372071750236557
0.4016622024003149
0.33629739067356934
0.36676848724759425
0.37352413452814714
0.4153447814626937
0.3764586793302461
0.2968820924646733
0.37461946018958103
0.3203609995651894
0.25611861336891045
0.3409462964591444
0.3194433448882521
0.4259041132103393
0.35030325735632073
0.2704786696428548
0.31528416228375133
0.37812932049790215
0.37128703867403123
0.3674078055515403
0.4055019050301385
0.3397382009064508
0.42716551034170214
0.3345753554840464
0.3188897872153875
0.23927133571401873
0.19176142096014998
0.27611388124039093
0.35266080285439605
0.3593513586667557
0.3237985581352409
0.295269852876909
0.30233526944812433
0.3854900527610977
0.28942333503066864
0.36271367677201893
0.34679251960098
0.3471492682804952
0.4255747324928888
0.4548132545319664
0.5466647446117117
0.6656414256518801
0.6602304091068883
0.5729405865467165
0.6090867450223529
0.4632327860744468
0.4000509399868071
0.4293352092605742
0.3376564513671869
0.24097486846372806
0.3944627000967489
0.36735793370147535
0.4248637104630918
0.3550804026908714
0.37247454280181935
0.31049417216578246
0.368200837609382
0.3457781532013761
0.3496392750980662
0.377395896562283
0.3637601959686022
0.29448152214579987
0.31068591171232207
0.3177063762951525
0.3076582104857168
0.310179645028006
0.36023492350627373
0.3591174724920324
0.32086928451031393
0.33416348137739216
0.3425626227157902
0.22184430881052364
0.3138920330789716
0.3660923842940911
0.33227458436049206
0.3744433767442178
0.3681771559138224
0.3011783774637624
0.4036283101079316
0.4034948078005819
0.3256534430773951
0.3403524952963834
0.3996859640866651
0.360559495131324
0.4044385677222908
0.49119814020334507
0.38848859354906495
0.4321782052277727
0.43397704358402744
0.42068108616161326
0.3601264878525418
0.4163614225534581
0.34657257960325927
0.33644190530011764
0.4371777873029081
0.4267040311344139
0.35779136582840465
0.42202222392362465
0.3812369967880104
0.4332417028150227
0.3936094051794429
0.4147933203580748
0.4095272636787455
0.38209431785271597
0.40990918521574976
0.5384029833844768
0.492993965130211
0.536600278731271
0.4812986318958876
0.4146091932688941
0.4295073723967996
0.3882271817595603
0.4108398690287871
0.40589737248432606
0.4281015938892885
0.5047351947625066
0.37178945945520553
0.4412537670023019
0.41007727831208435
0.4209014243347623
0.439196750646461
0.4556475261810823
0.3582719452723302
0.41795036150756454
0.3977149401586948
0.35654967316710406
0.3774069885919821
0.3724076335964257
0.4566499382571207
0.33068154987534293
0.3694063977550891
0.33180370464035713
0.32158655260923014
0.36656969835445086
0.3880250126371374
0.39584491118882387
0.3787471109779061
0.37201027632739786
0.3847731334825466
0.4870224826847514
0.4037979820553612
0.48520953058135285
0.5467025802791492
0.42955086768682516
0.3719257855114074
0.5747291937916595
0.5485073432933207
0.53227172790485
0.522374510571066
0.6383617621093254
0.5373442885358758
0.4686132807023916
0.46622268780255316
0.417281228070823
0.49251198970720045
0.4618492115860535
0.4231783014653334
0.49514846646144145
0.44455636384048935
0.5057987801770049
0.5203399569397995
0.5862187801719456
0.5851309445359272
0.4849086829118975
0.45983539499878634
0.4699692571384485
0.42361959209442074
0.38181913577541116
0.4312883899259886
0.3999829201032395
0.5198693878281857
0.47786773802420884
0.5236649662397237
0.49231761094152887
0.45261204277721856
0.41713030096044434
0.4811291589599747
0.5088270615469741
0.4436203497087511
0.4608291843611685
0.41538713505411906
0.38243651130030687
0.37551958267843044
0.36429079701710465
0.35179670779845884
0.4413753515383114
0.4407503834270749
0.4622433516295749
0.3997846331441634
0.4000723628095594
0.49794011528332305
0.5622982996865074
0.4665876817541265
0.5817390449770741
0.6193921094181314
0.61349471589573
0.4500244743459936
0.43892305863419384
0.4763844709719635
0.44207013210193025
0.5248879472889431
0.3725196599407836
0.3570574912746199
0.45332250003771
0.501119453435633
0.42255126861437997
0.45064957086115653
0.4537946284639885
0.4846498810982109
0.45543817175672036
0.4639399076901211
0.4301063616422444
0.4272764744442009
0.42504028487911516
0.44525223485747745
0.42388953576125576
0.5115707214330614
0.4300144358372753
0.43507286321272276
0.42680122086527916
0.4589928337318617
0.48813122458073976
0.4332349740497177
0.28651119915384293
0.381210770456728
0.43016982478307764
0.49031711356249236
0.47519900761429756
0.4520121811218117
0.49174726681054126
0.38395677385653804
0.4147999672670577
0.525629688852278
0.4133768902845639
0.4134489093168927
0.40198082462017926
0.5312962333469737
0.4652852401040017
0.37323127672497985
0.49029025070324006
0.4803605988193538
0.41575266810624667
0.3527808908013688
0.43589324131419005
0.36921524414292195
0.47620370066903683
0.4137115180742178
0.4246562675758097
0.48598071701003887
0.32476408647372335
0.42986621103418665
0.32142426306526095
0.3642130707860411
0.44810002937124055
0.2811631619823686
0.3616048680246974
0.2988850101003139
0.3159163334534284
0.32939048140655247
0.29756138045143143
0.2938617789864002
0.34361803938879704
0.3062724628695451
0.3242935569948371
0.3563454160832161
0.40665829090155636
0.4613531670169052
0.331112098141227
0.4047444338443081
0.42003652162053406
0.4639502589895762
0.42769930979759957
0.37911794602097926
0.4652927971967309
0.4760787865860367
0.4782978425141899
0.37895726067886776
0.46751473597393367
0.38877342126192205
0.4347935999308593
0.48548296559626536
0.3685839999392253
0.41783630554739265
0.37705244647580183
0.39952669688266085
0.3030307908006359
0.30600492389994854
0.46295208866187676
0.3441835503968626
0.3834932966619609
0.38556481357187766
0.38140686870581275
0.30116923528007633
0.327744833107131
0.2924440739668126
0.342021752791214
0.35717792475477195
0.36550279297157595
0.30574033102320597
0.36375568984692547
0.3763792402082519
0.4054222638030655
0.4010391045355495
0.3762098236686861
0.40219140336657944
0.3275928547770487
0.31787241765572477
0.3667246319563199
0.38104754507371547
0.4586585714911465
0.3312221004898472
0.24708095840223882
0.3282100242174688
0.3328571091012006
0.41524852523155675
0.3388276561144885
0.3875135286403183
0.3763195886665524
0.32879477982468364
0.3564201983464865
0.40689853550976296
0.3892103757166362
0.34741437952188364
0.35041594227252415
0.3577915762573003
0.3577015243895337
0.4544198355490541
0.36542444968813875
0.4183367924335559
0.44590963788716087
0.3788500099448773
0.3469934313348232
0.4098862906762719
0.40976698452441673
0.5337831665113568
0.41834958641796505
0.4593839861260124
0.4027984599054823
0.4118190499904697
0.4215800819596164
0.3555623469731608
0.48336154432761247
0.44265370956453526
0.37252620238479456
0.47777888381339206
0.4872638055854743
0.4930265545072521
0.3655683254254699
0.422703079485129
0.4627206269574888
0.40090837108789945
0.45601227104598563
0.5220388514191645
0.3839881512864818
0.4117113978316532
0.4821782265328375
0.550746839252904
0.5444118613716944
0.6121273845254422
0.5913865215366242
0.4771097460736485
0.468978405405469
0.5465318548438718
0.5324937921992994
0.5552079564507301
0.4453832639297561
0.5401085059297382
0.5793791290624262
0.4950255121666124
0.5024813938542071
0.4753371009340028
0.38634220114516704
0.4597438104092352
0.46755587885277383
0.5701259638018407
0.4650246228299557
0.4843971465405072
0.4529153689255716
0.5516827901008128
0.34252704296514896
0.4237603676336964
0.47220186343163717
0.47669227533031544
0.5209011387929962
0.5260832399661707
0.4852388766140525
0.4540914354228348
0.43081026200245065
0.47354253725488893
0.3791890363496532
0.4752902214097079
0.478869414973887
0.4916961303107804
0.47052166286939445
0.367644977856593
0.5326873940775023
0.5620244053219211
0.46520135137416896
0.47805734012767515
0.38022296088733526
0.4656934952069049
0.4520731867373985
0.4076232058758294
0.3812033350121642
0.4495370574491742
0.36715737302199614
0.40592657427243395
0.3391438690652258
0.4065578389153942
0.3947917862714236
0.4447326312674629
0.34037550076187745
0.3671440889219504
0.39999677910549875
0.4289344606204385
0.4227716279227709
0.41133687854042766
0.40744124476784616
0.31434654124727557
0.41464512358956307
0.3929186172084863
0.420883558905888
0.37244398908168036
0.3372181510790016
0.3330268223876093
0.4037633780078827
0.5086757443645633
0.4514228867683776
0.42118824200303717
0.39863173205222974
0.44753054488767524
0.45210828571624245
0.4802360480363935
0.4111149933833461
0.5303956005030611
0.557122826524481
0.47279103525698973
0.5204282700814962
0.511794371732156
0.5221036524839026
0.492284851843657
0.42513644012788915
0.48996227684545857
0.458033546069515
0.49267661544452085
0.4521749021030895
0.504557468976701
0.37233724386342937
0.4822179951076463
0.42149152375957477
0.3697797637648509
0.4019534390310673
0.3851611411533692
0.4043912053219464
0.40173580370809037
0.4316689605216434
0.37807940863803385
0.27696371040143014
0.43161663006130235
