0.33707500811375446
0.31211720777797886
0.35191697527573257
0.3426220143836102
0.35834535192587147
0.32323204948271533
0.36984122093547245
0.36852237355855916
0.3168758286829937
0.30841607128950155
0.35195410460784415
0.2653892527159145
0.3206747305191917
0.3623545552348786
0.3913042163433046
0.310053734682051
0.3666541038017562
0.3021094392009984
0.2437305987977038
0.38216910075532395
0.39742623930696364
0.2797221323392168
0.3114009653604041
0.3487449990201569
0.3375532059169551
0.36171878431592774
0.2652860568518059
0.2872995631772135
0.32466445126819987
0.24442923255144772
0.2952146444014269
0.3324542583099482
0.3120493406200324
0.25521268245869955
0.28243838422121154
0.40068360291380084
0.35340806006227826
0.3186594886901112
0.19448399513307857
0.2803070329764942
0.2794402264952214
0.3814431346791787
0.35121141913568876
0.4074553267072927
0.2558313910456745
0.27599845698538944
0.2743551493711271
0.30461592164615314
0.2656285596748964
0.36533890762488386
0.2665810254047305
0.3321102158321627
0.3243903132855285
0.3231375182175567
0.3171058654818087
0.3292043340163057
0.36898254231870964
0.28866106243895195
0.35827980444630814
0.37291273716972356
0.426799991149147
0.3663166303607629
0.40328359506247025
0.42617562270329146
0.41731072902345323
0.41982324959544487
0.3368113956421974
0.3879471281935244
0.37896561588082545
0.3738850176804843
0.39511706607311775
0.4943220525914621
0.3820755812221504
0.4271755111505702
0.3988105571512549
0.41463669635433625
0.4852739626952426
0.4482150686173252
0.4150828670228666
0.5209072266877433
0.41825041184036715
0.4794265323665293
0.44762659950158334
0.4845565495140774
0.5112093565819691
0.4627359125352666
0.5840358619022531
0.5578439019577974
0.5444072929197797
0.4913406712614916
0.5793453243386935
0.6661350555945333
0.5472902995618859
0.6138930069484094
0.5392673925589954
0.5859189678374744
0.6299385243670271
0.5906716990327741
0.6719937561445573
0.5826026439445209
0.6691004737173926
0.6403185659618571
0.6551549443623345
0.641449145665121
0.6713739523874204
0.6729079597051495
0.6446364201024042
0.5560606651849831
0.6262818483089937
0.6713769699230547
0.5590193619778929
0.6297010607727441
0.588950497279231
0.5613558513278611
0.510057676215183
0.5733294119866174
0.5292071929501657
0.48319493274151915
0.524869875722745
0.573021093225973
0.537411354842928
0.5492509182352469
0.484399509100334
0.522355373226376
0.4604138896811137
0.5194806617392639
0.5711056349745454
0.515606114497836
0.5308259326753912
0.55764083432897
0.4460394609584245
0.5281904706606634
0.5545023954522105
0.5441908952578458
0.5149881572678253
0.4839816982123156
0.5424719369421259
0.44214355188267207
0.5861187271558785
0.4243517061724913
0.47734915169647546
0.4878007918948327
0.5083287209073495
0.4237183565725098
0.5097005824764149
0.47948772123657246
0.45028509605812417
0.4872834656011469
0.474335149663868
0.4211605209865683
0.37145316064175027
0.47323751014836857
0.47519020783533306
0.37180884498498423
0.4114318487503062
0.41332000653409784
0.5025194677782377
0.41390344203592544
0.4267927784724529
0.5305947849037232
0.4363110106493607
0.5281498508442506
0.531948204460023
0.45193217209180614
0.4554044515339125
0.4451647434374305
0.5069007262498741
0.5253999149392654
0.40391887946672494
0.4486469612257913
0.5393484237033026
0.5139164745686668
0.4968454634382816
0.5667376923055019
0.48316979546819194
0.4898538197490149
0.4064712071866049
0.42144666308113776
0.47373963947312386
0.4481416476841377
0.47987520429155517
0.40839982514631923
0.4755895712098762
0.5046722328955615
0.5427284794431207
0.4932289401557033
0.3731745194326911
0.4245455905362162
0.34021966544906007
0.399303560451213
0.41441397359010546
0.42030508945866973
0.41173843263261695
0.35450862313451886
0.3012619689300941
0.41061435500548404
0.31299342031189975
0.34851112645595483
0.349274329611244
0.39836218069634444
0.44080230978893226
0.37449271721434296
0.28215946518177637
0.38153065112353696
0.34244070845439145
0.35442141120709353
0.4118735052361214
0.42054793158679893
0.31333104361444336
0.4057239639399207
0.358612721143193
0.4385897512452538
0.32363660208914363
0.3916336491376643
0.46361928092407684
0.31720863929556137
0.35865279321611315
0.4527159220419209
0.3556794092760681
0.2620746751347035
0.32464432906754526
0.2803807454576456
0.35227876412316755
0.3463857304388185
0.1971166284568869
0.32340481913057517
0.36100889148255555
0.2932256130758643
0.3644771709580868
0.32385787375873565
0.2721856490188772
0.3856338621915292
0.3492194413679425
0.3398666560099981
0.34622714887597134
0.3996446549470667
0.38737740799922726
0.4157501691726389
0.4429522623722941
0.4483332767684053
0.4853896559698011
0.4725461926406219
0.48982339848557066
0.5726786729658263
0.508011095295144
0.5242965592651248
0.5818123016311516
0.5910369098976458
0.7049090433994262
0.7041140009703608
0.7224238053456766
0.7234308771482751
0.7129800984231872
0.7687532820507063
0.8083563694746444
0.7917726795369789
0.7965399473598853
0.831397690946326
0.8075614341678431
0.8855891567767686
0.94944970856029
0.8435361316623632
0.8792349417002971
0.8742235966506444
0.8284221799155693
0.809124234100989
0.7320683328352977
0.745879047006013
0.7344759583601466
0.6840175256957759
0.6538298766135278
0.6472598528911094
0.5628485820068965
0.5458810732103158
0.542716909472029
0.5547905056656204
0.5712494401005573
0.47826885201439795
0.5640731482276452
0.4489116841070516
0.44022095471962974
0.46385631640381325
0.5206903792959844
0.4333482957085122
0.513561667667221
0.49121631779666164
0.4038723850328206
0.4842625174158608
0.43279427896457145
0.5826514624287822
0.42099058676218254
0.44121647895457106
0.46268843144001637
0.5031972664370024
0.553046040404173
0.4256660723173009
0.5813841452916461
0.4932012350101319
0.4588952102567221
0.4565632123512454
0.5157395819118947
0.4615089026026751
0.48400071907224607
0.4667116914899216
0.4929416817050941
0.5023817297343265
0.44164162821401537
0.40548478074967975
0.5145252863273974
0.48227672944773003
0.5075129749014482
0.39525817320725276
0.473448451530047
0.4785667475071058
0.5714136524205564
0.5190588317412403
0.5000575543895196
0.5461908091946246
0.561952794563905
0.6186020624354928
0.6190459355589878
0.6083886020593094
0.5080285438179017
0.5913240201622616
0.5736258568908736
0.5959775214759963
0.5139806157033263
0.5364318722281276
0.48840669120045577
0.5122903738147772
0.5437372817470688
0.49679596553783345
0.6214531189232139
0.5997712098969943
0.5432571540614924
0.589265875716101
0.5641436354239237
0.49078435791574804
0.5998573860442432
0.668597590366953
0.5864630931037342
0.544632699131185
0.6499767306971199
0.6908912574585028
0.7527121561436791
0.8365903428565745
0.6740030362347091
0.6367529113523366
0.6742758176250568
0.7916612025114789
0.7137962116786533
0.639076535131833
0.7141433177060177
0.6962513612894627
0.7419594193800396
0.7129296071464162
0.6438926093913159
0.5713398231147095
0.7266269509058495
0.6800100929202898
0.6926938084584385
0.6636280744362577
0.6597396960711176
0.576428838672772
0.6729103533412804
0.7217477195601911
0.6178382466792561
0.7180246780939874
0.5698700050461409
0.5888465655357071
0.5656892736214358
0.5543849933215887
0.5841260622382818
0.526130050134813
0.5158141105675322
0.6019953826898966
0.49666851818174185
0.5119479113646433
0.49945780184471333
0.4846725735936088
0.5348024043219672
0.5300583168820558
0.5545465488356386
0.5275589029920604
0.47065332275603533
0.3856348963951385
0.5070199648314504
0.5305430392619079
0.5745945421718
0.4196811587026562
0.45546277325885587
0.4926358588071403
0.46106885195930003
0.49498356173927005
0.4171195978839214
0.46009164296055316
0.5253870322725819
0.45908718593646297
0.4659290738503552
0.5067809932293905
0.5788306132189835
0.6237451060127511
0.6080778776187897
0.5540411576646951
0.66177649436468
0.5646952551217844
0.5832573214943065
0.6183384679776285
0.5966022045894396
0.5546080254421566
0.5703447171588499
0.6301946071083964
0.5790989624615656
0.6710687779092137
0.4776638908386874
0.5970850635261651
0.5664673739521457
0.5557570347445164
0.5094286027124206
0.5104001638215294
0.5709406557813332
0.5380428781926242
0.40633008600569676
0.5637676195123319
0.4504825767331727
0.44782889345465626
0.3894214856225729
0.3562211641726437
0.39934089036536163
0.3851808858976208
0.3242481895488998
0.3858160823136758
0.329159258413128
0.2670829493709806
0.3088872959420799
0.36201481012155257
0.28087162533824755
0.29626294707068834
0.28496972257999903
0.3155617070451945
0.3129736677420141
0.3071228708293042
0.2630171610957641
0.22867838916623484
0.24725823812311318
0.24077362321081047
0.1459928041370463
0.16495458527013565
0.23535037608134127
0.16743206789489362
0.07544511436392676
0.2253077847073986
0.08914764820647658
0.16208346813442495
0.19968383755601432
0.25321138760910705
0.1827424802653804
0.2590805052992557
0.24330643816721975
0.2573988484925689
0.2748214252395379
0.26225737970467555
0.27030948662354515
0.25032765469394375
0.24325637752420093
0.23127840559963564
0.20692852994495797
0.17769005499906987
0.28454418415670923
0.28863375095910715
0.2675076519417582
0.24826474142579522
0.3389811090287168
0.20383505009202849
0.3441206078374862
0.2960773810708362
0.2937961516422177
0.3345364122037776
0.32181469878617314
0.30995712652217566
0.2943585075707843
0.2932236432092302
0.3289761615423683
0.3002849776783302
0.3162661537266105
0.342335112171286
0.3121676614454368
0.4001799644878402
0.32251908220903763
0.3335398323029692
0.32648697765908485
0.3858245446112384
0.36127079008806984
0.37352942755704077
0.45872168344451475
0.39884494703708184
0.46022124330734504
0.41205982305380473
0.4597694689367784
0.5194321402320371
0.4505544754085161
0.4504458997573392
0.40681408704277255
0.4218810944503655
0.4708389419173278
0.4225491050582468
0.4045814049995127
0.4527254294398918
0.35122472694582335
0.38493901766812033
0.469088464948114
0.46669383702261674
0.44502164186319393
0.47502217940195873
0.5160015115849399
0.39639284716104034
0.43137960140426795
0.5308440747398674
0.378683241007836
0.4588378373392973
0.5082103065705548
0.5708282040680049
0.4789630638267445
0.4908848885965731
0.48158429685921667
0.49460338268376747
0.4786067947862427
0.5482689050625069
0.38568539407401115
0.44213933931361526
0.5078792306098525
0.5735976317904562
0.49476096880912057
0.4265100437310506
0.41132872939872517
0.3708863924206171
0.4090924871732808
0.4483901736333392
0.4594259306191505
0.3698776913711455
0.40486443910270176
0.41053365973190775
0.4452335594513339
0.3749228484800503
0.3331083671190991
0.5343090417585179
0.3958469884493169
0.36374040743285924
0.3284514904172615
0.2072700691348256
0.36925204523164734
0.24013890318485653
0.4475535530841937
0.3135259436452795
0.30939949003256173
0.38150068712630225
0.2896558996844874
0.31269065473751906
0.29539761259650277
0.4182996556359443
0.25722023415411516
0.3316582660660157
0.39929032474348825
0.24950875115153737
0.28525987926616553
0.39032172542758936
0.3109339852697334
0.23905542625158688
0.23797130913046
0.33327773804334204
0.34312108549218717
0.3506881736675209
0.22104822988163897
0.3403272076723647
0.34730828905891115
0.22501828456482964
0.2960623230420818
0.4396862042849373
0.384840979112839
0.45610879824047657
0.3979604302478399
0.5849753426538722
0.5936500070576929
0.6173679789689352
0.6455232040013924
0.589011392518895
0.5033660381824204
0.4642658872331359
0.3199135908947308
0.4688216736176116
0.35120791548295793
0.2858917049681793
0.4020894959517024
0.47965549085643217
0.4367517680980624
0.39896976101266507
0.45283283913129324
0.2927118513884224
0.38256561071920936
0.39015280721245194
0.32565317816071815
0.4331211718005584
0.3666652440250727
0.27443608786318047
0.3973558518985185
0.5078840137506381
0.347748123406356
0.3198515449891226
0.35873906749398154
0.38031462214537615
0.2531314082653827
0.3891114479083697
0.3818801536474157
0.36495941321519
0.4548030495937351
0.3858364600400371
0.3268999880391169
0.39571874083075625
0.42709484302052686
0.46579137656870073
0.3689958793898258
0.3261245782656568
0.3265477730439821
0.45724325427862433
0.3208307398387004
0.5208755957789474
0.36593766672773964
0.4495064220281203
0.4042066962537276
0.44139247511640756
0.4194888721247172
0.4092835023608413
0.3795418783319492
0.46110059754919513
0.4081870510068568
0.48160383847764404
0.47095414699112964
0.4441568329451069
0.41756406677050906
0.4822965849075026
0.40526101763159983
0.42178355824030145
0.4621353694743231
0.4645588429580329
0.4156687653693259
0.5137148971869999
0.45030287564305427
0.36833106619912287
0.44030346474228105
0.5144162923326266
0.4466364664174829
0.3925187046333465
0.42348399818329585
0.45645136752133036
0.42035587429632026
0.3603962618214247
0.4029693989865125
0.46736015664691666
0.39635771866640734
0.38296465764294935
0.3743616055658936
0.4835562103572953
0.37450010557621594
0.4027311007756169
0.4241217764606594
0.3680631737424177
0.509305569859273
0.3702573444531755
0.43799660436464705
0.3785997526501195
0.36906402361164353
0.3580164527433015
0.4242899274099067
0.38006414170008973
0.44443070884985414
0.4157087846442362
0.4599093049771004
0.4331678135830168
0.3972940369550898
0.42399601476513055
0.478365103761598
0.5038819613297748
0.43129013845835396
0.420279958060409
0.4213968087710943
0.5492185139146994
0.5505381789616385
0.5383644624803923
0.4654980210833874
0.5935187426396329
0.5608153824635743
0.6482905501340899
0.5558434518293565
0.40424581158258277
0.43706376119874357
0.4679939353369542
0.3673192191400474
0.4250062902554683
0.4586427035969909
0.4800027963545572
0.4691727829417749
0.5157178831568656
0.539170252966234
0.4539706231351503
0.5499156036579131
0.4350158044836357
0.6048363739502438
0.5614807755811724
0.5086275980563425
0.48698577420925626
0.6102181882816109
0.46755249621541983
0.5021320528407678
0.4036636294777294
0.4712070561221233
0.44075839942023387
0.4598954997887378
0.4961850089005956
0.41542136413421904
0.4593109178416361
0.4918119586470788
0.4131759808652432
0.37705485102246045
0.3840766365642615
0.48865541951808855
0.41028683587109765
0.3599143841037064
0.5152867070076433
0.3401622667034
0.41320058716978725
0.5262892592941868
0.5434132519364544
0.4603810448490444
0.4505171356856251
0.4816477482985774
0.6392783396577715
0.5510752284035171
0.552648248605647
0.5867448760132721
0.5514116629994993
0.5060078976944534
0.4209732477190526
0.43010512026314296
0.4413564936092086
0.45674890522597716
0.4419534987759389
0.4596195989199694
0.48861767817140644
0.4354598586327305
0.5839041219629937
0.5550376069805992
0.5761681788389281
0.5000343374661982
0.4774889483151637
0.427326241641664
0.5590390364149628
0.4975581138607318
0.3738617803609182
0.5822964553078884
0.49148887469459224
0.44137639498105025
0.635441712995028
0.5340766733192617
0.49381410612381665
0.38854656704141344
0.5164792918812209
0.4228444101791875
0.36097223168534326
0.4261433623315331
0.46877673760602095
0.4218443321323123
0.45343349970310975
0.45667293348031135
0.4783894675930743
0.4737656339796453
0.46302804632822125
0.4234113284252395
0.5737565812201288
0.48438095143861193
0.40290581267682524
0.4877614809654082
0.40333884337028136
0.4476524469460691
0.5076638927606846
0.5692654797262203
0.38017247778920593
0.4106300264447419
0.4317996113974323
0.37365071579711584
0.4100579450404868
0.2751267440212915
0.3469676765563148
0.345966605885124
0.3966652517591854
0.47378212864973424
0.39181684590042093
0.2788299231934337
0.3226013281757415
0.3615748754919845
0.4218572288369895
0.37710818804440405
0.3171795719436178
0.43072508684491706
0.3851911166811851
0.3684508361370311
0.3981846124987014
0.3621602797604846
0.36436191204841956
0.46242013890452593
0.3774184953975672
0.4716991129069424
0.449798884936104
0.32749640786383094
0.45909824947997335
0.38626827044005435
0.4841998418091872
0.5359812381169833
0.3965894569734272
0.511597054694618
0.42899912943440055
0.3826856355967668
0.34735417705581334
0.344300818762451
0.3467164777682891
0.3439339684069399
0.3930104564461222
0.45460059460420077
0.4545532875164712
0.430027328928271
0.3469637813311953
0.3632891565306535
0.4497962679515204
0.23636345290337157
0.33016938135559126
0.3728400612574261
0.3932357718315895
0.3232459400737323
0.34549354767526796
0.2477035143605902
0.27085064809186477
0.3524173190280433
0.3243803952674621
0.29594839344089285
0.351575143682667
0.3974641516797346
0.3863881777360514
0.28736775072236087
0.3962814784283121
0.4067759930247766
0.36290587121355633
0.2285959775410176
0.27806677763525023
0.3380526027543038
0.2566911297036209
0.23368752489944833
0.2844837030778083
0.43871911370827904
0.40036016662706636
0.3509611414725032
0.37496945723276187
0.4351090185746286
0.2739101798731129
0.35445969260716614
0.31158700239652004
0.30925575336905503
0.3447286170232006
0.39020737412308903
0.4107442994751356
0.4850365783794417
0.35955910846725475
0.3320458942047898
0.4625779803797485
0.4080408757015295
0.23752482849349627
0.5080717685203081
0.43144204084003024
0.4267283545408621
0.4601981303908366
0.38196162445824056
0.3774135348430847
0.3597308118168703
0.4753218268261722
0.5029876493760337
0.39085388173438146
0.4670517704075458
0.37721958657504756
0.4717984467988343
0.4218787551983827
0.37854219392047295
0.4755704277637966
0.3991449242474827
0.4795639119287055
0.4311780619728329
0.42658554507016655
0.43163004519243586
0.4771660633029535
0.39410355737812347
0.48877342231999843
0.4690741311457203
0.5468738928125703
0.4733733013272252
0.45063712399243316
0.3701653542658171
0.37945713371167855
0.5094683737207306
0.41224150237842316
0.4389603705744255
0.41807394157906147
0.5318424536286755
0.44285686296840127
0.3964615799546881
0.3894996630254804
0.49026074818185705
0.3906203883509912
0.46795464712671775
0.3507588608331824
0.4007245374915982
0.43519373853754506
0.3947690004782229
0.3839971142430244
0.35923800907329667
0.3912434240526068
0.3705466899092078
0.3654782507039711
0.367147801789122
0.5341298041196576
0.5104352465402331
0.4315440189939742
0.35494609009667694
0.528522502177509
0.41832681038574615
0.38911056969087493
0.3615089374457022
0.3816831741334964
0.4245951205567805
0.43425498873501467
0.3906501592361121
0.40779743035911553
0.3870990557623292
0.416739146371727
0.37171967935087874
0.4430227752370752
0.40365568088833403
0.39181526552714097
0.46741933665279306
0.3334146065097555
0.33084708987479733
0.33494572203057
0.33204090866363856
0.2986229834759877
0.3179866724662297
0.28941814669085464
0.36808935920717756
0.3138327532871866
0.37442167864871945
0.3323823260503086
0.37780696587781154
0.34959652789462115
0.3734197965255709
0.33038579735990425
0.2904837746311036
0.44371707056728993
0.40112899743171665
0.36346357330870716
0.42037022043718886
0.3606841022080185
0.5145249995164405
0.43913216585465376
0.2674123285599768
0.4216073225047162
0.4162520050815478
0.44523752030674435
0.5820750610453171
0.39766360699425707
0.5572053121001944
0.4061966736199024
0.44343146785279003
0.4655759413909084
0.5330400420089596
0.47078111958125535
0.4650956211717943
0.5052490798443253
0.437813740052001
0.5182964856591689
0.4847030330777448
0.44124182905607157
0.4421233256807971
0.46831431785215505
0.5009285555443874
0.380059618532366
0.38402699346692276
0.3527817001183488
0.2697917491258843
0.33745661679971545
0.3567427696872876
0.4042352346661402
0.3866541225117347
0.3419028006106877
0.3644676799713302
0.30609532563169023
