0.3145446748041669
0.23534295640627168
0.21827965642279198
0.3320058206901657
0.2479017375123164
0.2913979567898378
0.38664622821461875
0.3239547353270397
0.38110048088920956
0.30132922169043824
0.27491082488771396
0.34377951517789773
0.26496538900414
0.2606152042393016
0.3229021744953438
0.2936593728804513
0.3301003560320863
0.2522308061700096
0.2504607638797315
0.23600186641631307
0.34870227971677464
0.22908932398569862
0.3006795384174696
0.3016835463594412
0.25919311094429054
0.23003986706051766
0.2502288707118948
0.3028781935785583
0.3253987528986299
0.3131362630017822
0.3440362328973814
0.2005982785971841
0.3899876063623094
0.29431433095933984
0.33534024172911747
0.2097618600476412
0.31299272148105994
0.19746424079193192
0.28463525704869846
0.2389762870520433
0.2461553657866964
0.3124823476560104
0.24277404372558475
0.25467817704526613
0.25255770050069526
0.2572747411111726
0.3082376906738341
0.3000783788253772
0.23002449866587887
0.35762473207800827
0.2637020481550866
0.2929437090027072
0.25399744552265335
0.37244971815759664
0.30886115168471495
0.356156571540013
0.35794074281324173
0.26350298002306094
0.29776526461474756
0.2799632629237229
0.30818047911633323
0.3960387396322789
0.4006717852362114
0.42006595969120974
0.2836616863770608
0.3321570958749823
0.414518731019456
0.31605067921465585
0.3737942300068584
0.33000520715616577
0.42365794512084043
0.353245537930837
0.514690535034817
0.43672395542849135
0.36251080693018617
0.3705291106094697
0.36348009668426073
0.4608599292676465
0.43371058012491515
0.43678206880024295
0.5269922573543073
0.4917026935017207
0.45701763107218507
0.5338944661640037
0.44359201696644823
0.45691340532737823
0.5649121498706062
0.5023177492645583
0.5931924927201224
0.602055649934317
0.5957523212928574
0.5629761635114816
0.6543700035322401
0.6261670511332984
0.5871683666848357
0.6260206308059781
0.6244029540287941
0.6309599883775381
0.6043721407831353
0.6631429959803268
0.6395797809984514
0.6959138487313508
0.6344508834929503
0.6317639459662058
0.7017095910153546
0.668270191632024
0.7099503032512156
0.6282887978018391
0.6436350643155047
0.5447115013067709
0.6118246805012301
0.6131017898398372
0.5102570275742737
0.5483451008397902
0.5326649109832127
0.5795705037303278
0.5177023830690983
0.5668640124102036
0.44091093202843945
0.5271961281506261
0.6364770546896797
0.556509690813039
0.5162465606605892
0.5385241734381072
0.4888014903957368
0.47341552576754686
0.43398091808467576
0.52238773838754
0.5070448693608808
0.54677823631556
0.5324058496794183
0.48040569945251355
0.4959753104231792
0.5431761875444147
0.6842194131971189
0.649337533433822
0.5037836532959178
0.5692343533151654
0.6106160925198645
0.46021143430205025
0.49372948529572336
0.45436023344315185
0.48887140505480625
0.5912728894598611
0.5150212334091744
0.5323785406153291
0.44309219810739187
0.42496048295669364
0.44886602798277353
0.4308320041196367
0.45158100519098365
0.43119164932518084
0.38393589412161594
0.39460552563626217
0.3722536191525198
0.44289501026793826
0.44944619348332643
0.3919691874887926
0.40963814851448643
0.4661474001827163
0.48082143666735866
0.4511712856745647
0.5345124091892016
0.499074867468731
0.4887578933378707
0.5295073134041837
0.4533746312278274
0.4973113166492037
0.6196580184602836
0.6781962886499611
0.5159403085810839
0.5011865839422266
0.5740226508732282
0.6294740102622514
0.49412396575866196
0.5454553152004503
0.547591348810656
0.5666656485794658
0.5574588772776778
0.44796540513974986
0.4608720748168785
0.4329812011598597
0.44108946429669205
0.4701450554537917
0.4946657200722312
0.43162217436503214
0.4496600982113378
0.5169230768977202
0.3545224279872756
0.3402840591786289
0.42475244181113936
0.3925632181930575
0.37809546630338287
0.46534664948652354
0.41015634017224833
0.3987216715893724
0.4209983203224856
0.4368062715567863
0.38814402243827884
0.4216143624539408
0.36096656702411295
0.3743632550178152
0.4917712663580523
0.3740069539420231
0.4813893948062551
0.43078709188557285
0.4667404039511426
0.4826128389043802
0.439543086349583
0.35515583348329877
0.38237635436670825
0.4455413309160936
0.4602608956487145
0.4385186607313569
0.3920532055568011
0.3578993689369492
0.35198795205552086
0.365114105407749
0.3827417626067965
0.41230503099901245
0.34649067732989125
0.3829211763380579
0.2993750830072643
0.32398611396564714
0.37938920996448555
0.27366131703298546
0.42102601729836786
0.3446300598205591
0.3556492232207885
0.3506931409813562
0.42853308661133305
0.46278062231840145
0.4334181470722467
0.3022999141651066
0.29000016523596006
0.5502434622696117
0.42180561995535265
0.5456339453573004
0.45625079599477064
0.46753117562525304
0.5056909144009775
0.48674797680028037
0.5254487283258371
0.5223760991717165
0.5985851441033745
0.6387886811091426
0.5611361691529089
0.6866538685981469
0.7725447492382441
0.6863092291771158
0.6998331106545612
0.7589214731843558
0.8950283411554196
0.8020750122708544
0.733635581483441
0.7130461101742807
0.7156783599656974
0.7943708549351914
0.792529453169087
0.8677940226716856
0.7852674991902953
0.8214732396348776
0.9167605027766126
0.842032584315261
0.8105605902814684
0.8343322460424529
0.7728549566618492
0.8135633799828033
0.7053843968536935
0.6802674678268289
0.7032277747669969
0.7818605418248299
0.5605710953538396
0.5468666901592054
0.5721863167171402
0.5849130866308416
0.6158194507463801
0.5454321346449881
0.43413470897389445
0.5301024468877797
0.5859153229899883
0.5642761548602993
0.5263568196570906
0.46350543956372786
0.4407990686116766
0.43651232834235176
0.47533897299919314
0.36520089185063187
0.4905527599144506
0.46248037509919554
0.45622929856674044
0.6333070446793996
0.4968391662415829
0.4996665256133869
0.49849225605526454
0.35767369151042144
0.40752181451312497
0.5051073906353839
0.490119534981354
0.5175533650455403
0.43026354367301356
0.40493075670702755
0.5780561325877582
0.4313069500747309
0.4970745615353382
0.5327582368018717
0.5140742089926998
0.5700310347107127
0.45140934636546076
0.5329189210596175
0.5442350073741048
0.5168590630185294
0.5097883992460309
0.4913832786044548
0.5246226503627661
0.5197708347557065
0.5126788214089858
0.3429070169822742
0.536572636668575
0.5431030449793373
0.49289596835529736
0.4418290318284139
0.5722053168496084
0.6595858631351308
0.5514839252848422
0.5832857744834961
0.5371186436496618
0.6138173873369688
0.5150064379467698
0.6995988189722365
0.43444149628706086
0.6211318325331687
0.6041890678934501
0.6124847777797238
0.6000839207141405
0.6296397287758546
0.6529357363082438
0.5065205273630766
0.6466369797327786
0.6132437791550476
0.7201162841989561
0.6541745248830727
0.7027882675126577
0.8003121700818683
0.6166733010656194
0.6576206759395825
0.747962160126022
0.5861456725982841
0.7013934062309957
0.6764541821891614
0.7294548670417913
0.6094745796133352
0.7510923016632598
0.7157649118200977
0.8039230742770165
0.6211295723155215
0.6913443418345799
0.7015117782317025
0.5746656275272074
0.7564517260763775
0.6608614004388613
0.6020473297128235
0.5310403413427864
0.7067698745890232
0.6910996970716026
0.5799314926659994
0.5560375792576839
0.6741856663974601
0.7338131015148847
0.6172346156944823
0.6244337461194234
0.6468847331402143
0.7000758629123014
0.6261214685695369
0.5842108622711333
0.5459218007850115
0.5523069902027935
0.5214553515681782
0.49121775568326664
0.5275610540383996
0.533787148753978
0.5071399871016271
0.5702227358530878
0.47728299022388515
0.5447865193473389
0.5866012613251878
0.5144958309564664
0.5293602413839291
0.4456406675827105
0.45410486622969004
0.4988106573633603
0.4638732109002844
0.49358125075730364
0.4476882439635582
0.5289687306096099
0.43782898829765526
0.5227876162104269
0.4910903547669432
0.5646766783886021
0.5838587872586293
0.6154991849190105
0.5044432238442963
0.5416751187995109
0.5182275684514798
0.5692211632327682
0.5619619075536583
0.6307595431984914
0.631616705029904
0.6786676097937577
0.6566439282357677
0.6488335474523914
0.7282174968963095
0.562022533348128
0.6013698650426111
0.656964007750803
0.699446197573881
0.6742168753728515
0.4918988941362803
0.633654730283943
0.5165581165032516
0.5902945027889881
0.5237776434204435
0.5069440215665757
0.6328574372749244
0.5304604747006181
0.45964806985535
0.580540074486372
0.5117063815306266
0.3763993569083706
0.4135496317941903
0.38585176642143476
0.42692135669306047
0.2324799711768104
0.4306730807198726
0.3392505340899488
0.3733129633387233
0.42440811681265944
0.3386767886034829
0.3739568771296605
0.3163142578433973
0.32089990546613
0.35412015172053535
0.2476732904412428
0.25554411434742347
0.30134490967689215
0.2645663629508975
0.15567316247659402
0.26679120272717266
0.22817313850549273
0.21638010613977587
0.32365699980440393
0.08104650292617982
0.15404313042041262
0.13829320465625677
0.1757414530762786
0.19533990856424951
0.2755907180293468
0.23048988787499602
0.24388116009905156
0.245327911534825
0.23010925839112895
0.2945114528649057
0.36701775728003494
0.2590111413454631
0.23361504543821984
0.3127811159852819
0.28162329615025716
0.2522746220788429
0.2592817869607451
0.24240317875155273
0.27662080736705347
0.27664100798204627
0.31643991422352274
0.30319325752984044
0.3969548855114773
0.30040943811064635
0.29017905553223783
0.35028265835081485
0.28981053989621847
0.23805669395141327
0.3132200326841727
0.23172343767119347
0.2963175101822688
0.20358921920252804
0.2295397612218199
0.18151877074783793
0.23077404084728553
0.24632690853925707
0.4035066348876123
0.22235648723011764
0.17258911934409282
0.3469404216265432
0.3350503580104101
0.3502761590677209
0.37835826802526995
0.36789390732336946
0.40056268093069713
0.4200050922890609
0.3662399477650733
0.27334354139816053
0.4647302208943537
0.38691681541558837
0.3059250066319293
0.41590555729381773
0.4075879494307779
0.26015554076084907
0.33322501699631657
0.30077401612117094
0.2970751428383375
0.25901872276532906
0.42787014709255616
0.2909190262200898
0.39918171964475246
0.4519101190471325
0.42812431531745254
0.4525864303072116
0.3007296263436416
0.4158781816096522
0.40406411517531593
0.4379871290612348
0.33760257808625493
0.36542739397133256
0.4761683945907657
0.44236183020161424
0.4542727882325011
0.4700928578241007
0.4489048913507092
0.5135634863026637
0.43227431339660216
0.3526730729638808
0.39137972364842655
0.3462500636179662
0.3437911436098192
0.41753926135652897
0.33671697734679734
0.28325134078778474
0.32678932550702816
0.2527432479300318
0.2553085719048682
0.30810679527071105
0.42730013497883235
0.26453655106201396
0.22342745233554318
0.22794412124135904
0.2934607324827939
0.1898620364525689
0.37697145180639424
0.1933955459271004
0.24575575180732193
0.33069878618365645
0.17087521317436963
0.3218449195915532
0.2563483143504604
0.3277971067962342
0.3050712017476741
0.3407366503807544
0.21666643162568716
0.32142004256883056
0.34519643071060946
0.27759646547765904
0.22753994520757415
0.1997038996570827
0.33582588505418287
0.27521664267892054
0.3584734844387708
0.22656987392115607
0.2286740993117019
0.21288811179993727
0.2249939003153261
0.22345367285203388
0.21148015801143794
0.2544925332396524
0.22765719592843223
0.29669506309164095
0.20692835900881693
0.38823020866717944
0.2721247924135869
0.4002510475701512
0.2858249172508182
0.3085257373231417
0.3275634151079284
0.5028492419591727
0.6427610004916916
0.752518490632814
0.4874263485761827
0.6117947663800332
0.2547136459645078
0.4549911380535349
0.39683051136339365
0.42634748446915377
0.3459479220061647
0.44264661253541915
0.4147684584235932
0.29198046777243825
0.3263349416843754
0.19774208541438945
0.3131831031619626
0.23366804368911578
0.3960334782617093
0.4239121430214263
0.2669562946894999
0.38484886350690506
0.37030183857102006
0.20724822734835208
0.2892297296700353
0.21024489401095897
0.39954344516036866
0.3305385036308757
0.2962308542642843
0.2536977119689742
0.16494098220215375
0.3844388509111901
0.2699769416815277
0.244781686466556
0.32844143869833453
0.3617186027141241
0.42120084370022765
0.2749253676287587
0.47368886398496446
0.3593192881067486
0.33363295539836074
0.19950465723429708
0.48933418732401
0.3043847126531634
0.18600301354803048
0.33419750187351677
0.25320539175046464
0.3345392290281235
0.4419740012128788
0.3224726479933122
0.4129291409551632
0.3269514112247911
0.3130110741323118
0.4092036947105896
0.4156247215591563
0.495554067959659
0.3464888846553351
0.45892705518040067
0.5422889130070059
0.30450307570739155
0.38131350619488835
0.43375710763755354
0.37472160309091285
0.3450039808579574
0.4334162658545559
0.3369948614665782
0.35674336618222
0.3589236500563401
0.2461626934307598
0.3462742006718481
0.362197861796948
0.4026757288503333
0.43721734005812685
0.433657603281708
0.4854101918042223
0.39731165630987303
0.349091228950514
0.33914405914937473
0.41085512097971244
0.4761403231834836
0.2947730282471714
0.33559903217360276
0.44803172998838553
0.4127725978016538
0.4068301378441588
0.3985332359147762
0.3318836375642613
0.34894587098753393
0.380165010761891
0.33430415265720637
0.413758004154144
0.3823767167111637
0.291384311738223
0.3396081439023612
0.5619007059226219
0.3678799062866351
0.3455727948250298
0.42720135994587094
0.48151005581659034
0.28075702368354405
0.47250253619102073
0.3458869771397186
0.48674111835281664
0.4855531707278066
0.5046874610442713
0.4501523260780585
0.43538319271607373
0.4534162935700419
0.5565105506392938
0.4660108706729641
0.544317978840377
0.5386197578397101
0.5108182110708899
0.4140266823027934
0.5874082481355092
0.41796592594821425
0.4947461286945153
0.4843049085866779
0.48332184561568936
0.3221492620565153
0.3650093031205017
0.3977181491153018
0.4776373047051291
0.4153008025216268
0.48859862975801627
0.6505424299468399
0.5084489747648779
0.5488413231105149
0.4848892734970862
0.43092668959115976
0.41795624899482675
0.4385604648791832
0.4122320526860472
0.4530606101768051
0.41282805992441435
0.5264913260005784
0.4850863515343559
0.4397227000294972
0.47860173632826164
0.400606607395688
0.3499593894844337
0.5407312244593896
0.4672484883504264
0.4492840681670953
0.42231727668467084
0.434412117047584
0.47763865933110156
0.3493207383701289
0.48149465050995355
0.40850970537889225
0.6177423956227861
0.4992165712488612
0.417346596959569
0.5077716234881875
0.6356167127781482
0.49521644639549733
0.5045470094454703
0.5652723841121186
0.5548775461085509
0.4888869931342331
0.5516437383837285
0.4203819041690515
0.5864666674250831
0.43554135210261985
0.39881268747902665
0.5491395696060283
0.4001828203797874
0.6087044215280792
0.5221939275466158
0.5363717233395195
0.575499059570073
0.5020906304408171
0.48395230069318396
0.61728731100372
0.5152388110660819
0.5334552037947801
0.6110879961693431
0.5581762673053401
0.6000818951675224
0.5618291238797035
0.4930835911655628
0.5321727783286404
0.578155277962908
0.5282486136120776
0.5534315513125387
0.5892488703117779
0.5343064928084722
0.54749600157323
0.451992219683526
0.4146800630199139
0.44189894224550486
0.4426185146554881
0.4355287830228999
0.5111034828357583
0.43765436714099426
0.3664593283388551
0.46485154698825515
0.4398382131692725
0.42900283501885494
0.431666204760107
0.3626875920632843
0.5270056202662676
0.3826600612638004
0.5325695076866211
0.44471123630463205
0.4209929381159665
0.3558103311491081
0.40858961816666367
0.4516309684129888
0.43470537982378155
0.324623352807
0.46059975412994814
0.4914220557628354
0.23146271962805037
0.34459251688652826
0.42873875075738566
0.2988153056669749
0.34819914661995094
0.41517950083544325
0.4038072879228497
0.38849223781306275
0.426956979825556
0.31923304140350783
0.36265895285256444
0.3307045178422069
0.4505574513633479
0.3292098552026278
0.4428991654114836
0.47619397395071505
0.5518263278217028
0.35405667465461554
0.3075846348576774
0.31941321417018465
0.4581041855151234
0.47645454218137573
0.3577862576803725
0.3408255186423649
0.40890778325289
0.43621098246859996
0.35114871678279647
0.3031626402029286
0.40031748840677595
0.23654374360767494
0.4619629266099915
0.4111086946698309
0.36639422647207553
0.3839999144187929
0.30006444217973266
0.3249785399406208
0.4082187211577917
0.4652063189415184
0.3004660039151683
0.36106246082543436
0.3766030083826679
0.33046366589507303
0.21562036988540648
0.24201492763714322
0.29698757872604903
0.3378564305808093
0.2824590593567856
0.2823863727460776
0.4401984439243212
0.30817291876030783
0.482338810944247
0.3239205921792132
0.33006009446670137
0.36434792495218915
0.28757030917456555
0.3339420139316323
0.32769500761994247
0.35045078002097285
0.35130739704910385
0.4088776700246944
0.3157163644257317
0.33515400879793633
0.31274730769148507
0.38620881769752113
0.3015149079214105
0.35372555016641516
0.23997446939225675
0.43139993674170385
0.3510928995472201
0.38359898050585906
0.41498575977294383
0.3366665622080837
0.43455582876987153
0.48940909438752483
0.26253649718383426
0.3374241396187375
0.38586723811123436
0.3576779149744177
0.39210346278882846
0.405589715158014
0.33661767133324305
0.47610840432973334
0.41111540662764917
0.46827919861631073
0.40949892072782657
0.4115862928503128
0.30399373049596273
0.3460941041741067
0.30163587737610387
0.33747400427479884
0.2965240651108137
0.5121544467604634
0.4960056569741872
0.4186505575833681
0.41205398366813106
0.3965025874132784
0.38648969770822544
0.5010858311339842
0.4785775075030464
0.5520082757248739
0.33066971371697995
0.32863458477354973
0.4346360931031671
0.5847481062695037
0.3105439066639622
0.5534235087192935
0.462194417916859
0.6669433232585951
0.5037424651285651
0.47820309220831636
0.48549829358101165
0.45741174798556805
0.4029234667840518
0.4595831725365147
0.533744529703837
0.5997749340394094
0.45242129666276
0.4473256021333864
0.3661101038342011
0.3949030336908202
0.4253771018472138
0.3559459605431938
0.4597537562152636
0.5469484631179921
0.4616089962835995
0.37257778877943254
0.5599657446700012
0.3695519452890943
0.49494300829144
0.4275026357139682
0.4080957269435802
0.4870682042610928
0.5136996492253734
0.4747785500211358
0.5724258510707216
0.4729987768607247
0.50005785020795
0.357169345855468
0.457558087435111
0.5425367399613786
0.5830376856545924
0.43311705988066546
0.4689759632872786
0.444172091888537
0.5198432024632429
0.3718139452324396
0.3642273691671102
0.33625244877377936
0.4078998515320417
0.45032076776593166
0.29261956807389106
0.3819283648217719
0.35191523824019966
0.477604613943279
0.3767241253138935
0.3936015376735832
0.3701342582532915
0.41719286274292355
0.4109744556600526
0.402599921388355
0.3029789921335508
0.4334561686663798
0.3931162919708347
0.3947810389112242
0.41773333223414877
0.487515327392747
0.30641663977744676
0.3603397279927124
0.37691806904713143
0.39301962295577975
0.3369727807439496
0.3724695658685423
0.32032308530778275
0.4667531535103936
0.5916562748260235
0.5307409507277809
0.6085500513978801
0.371182372828471
0.36539069506417926
0.508692162224042
0.45128395446841835
0.46087312646593603
0.49436425309834614
0.5052807364696839
0.5203253936220213
0.5979948358420013
0.5215387205171803
0.4220854131167492
0.49531611117280333
0.48240881739389885
0.5208673427492075
0.5258953350408635
0.5629189101282714
0.3876237480705045
0.3101649515029108
0.41687511363409135
0.34410885138499203
0.46599384060550736
0.5385315289243119
0.435190724329513
0.3679645473589346
0.3100652138172013
0.3282508027248875
0.2387175881566208
0.40492426401055753
0.4054514331920348
0.26095580420233694
