0.29960403039421424
0.34035601883673977
0.3245703291393081
0.38316535175250777
0.26202163634028736
0.32541676240906947
0.36775434538811586
0.28069245636244794
0.2510264540897702
0.3176253686309196
0.29629610775402193
0.2468521282308065
0.3398182256066399
0.34401489597173784
0.27731152935763254
0.26613981064874365
0.3401491235879017
0.35187399440023603
0.32025418734070554
0.2760508953055105
0.2852907160635978
0.28134278490910725
0.2587437911950169
0.3379602175380832
0.24971929216236316
0.30723461352704984
0.29090190730209353
0.2316583104343865
0.2238080352866649
0.1936601802646239
0.2908587210928084
0.4081635570799632
0.2933160757119444
0.296002365331819
0.2830870774840075
0.28068340458470425
0.2965526229108111
0.27994951824607855
0.2163140615266031
0.361589327319142
0.30880308802758216
0.3236559345777955
0.2775564232439881
0.3098914699428049
0.24054133341063633
0.3198214848146395
0.3183051120995545
0.2459680205293561
0.24198047652538687
0.2570713284386481
0.3037593409153135
0.34895972120963176
0.29405642443015345
0.3266933715601748
0.27759679074407
0.2864861254121262
0.31590114248749535
0.30226172168363125
0.381039117300903
0.3634260412947781
0.33305226291091233
0.31733914365473764
0.386693256709187
0.3109795933212868
0.495087114333879
0.36172749265935833
0.33349985188466513
0.29437597120359416
0.29598229624128086
0.4064238528591286
0.28486470683682236
0.4492995273751862
0.39028200963528353
0.39844965839638935
0.4244976689809978
0.38943806495898137
0.44820642533092014
0.4451041096077165
0.47502853833508585
0.44391610625106565
0.508374997327845
0.4747638997494515
0.522864308043857
0.556670724445701
0.5015893108469973
0.5563628498132728
0.5644180818903379
0.528055305841791
0.566059030457074
0.573971771880147
0.6011775777259385
0.6088660328793952
0.6503081997586249
0.6549308561641606
0.7290547924575643
0.7141310004820475
0.6272094159139779
0.8198228980195957
0.6638008040079308
0.6164683151405793
0.7019907426038562
0.7269896055346345
0.6250769164987385
0.6478663172510744
0.722093128409148
0.6966112898554226
0.6747696755298033
0.6932698179263371
0.6937553372026475
0.6229166959187542
0.56791611675215
0.5119900439020088
0.6070938414874106
0.5437108161467619
0.5178251182287636
0.625984551938104
0.5616616094336064
0.5039661452588089
0.6463248127302286
0.5761759611667638
0.6140669902070237
0.4919229568759748
0.48680153173292556
0.4502638560940214
0.4151393643003308
0.5558153470501009
0.4451566167872515
0.49115634696573485
0.4484350576052687
0.465428980138668
0.5981910285084203
0.49216026113985867
0.5924985906395589
0.533281617904082
0.5151798677798795
0.6520149454045637
0.47743387053543973
0.5395594601090128
0.4767221182712549
0.5508094411910053
0.4621648571637594
0.6063977645548799
0.4625440072331448
0.4869822827783552
0.44875616488850556
0.45421164035880224
0.48483479462276957
0.37949582480296734
0.359170495672364
0.4230795379382504
0.4674540783247231
0.38286072643396635
0.3588388816611872
0.40678396089873864
0.3270976069250683
0.3498213192981234
0.46779003796270296
0.4119014990793224
0.5020339563903224
0.4190319020707287
0.4535128750599766
0.5346200036714656
0.386928539884403
0.5524946851962269
0.43275751031984083
0.5277646805592304
0.43604817608291724
0.47832880242953585
0.5092477272910421
0.5433474536696813
0.5081076679187745
0.5118343244716678
0.46692472885359393
0.475510982676441
0.47187308079747525
0.45567951491268865
0.42187218949760125
0.48625945918605246
0.4255199375519422
0.47433609510515434
0.34871601807918307
0.5473901985665918
0.39384682814354577
0.5379635921999857
0.5753882796493844
0.4556405771879338
0.427073512982181
0.4225281643801332
0.4114380833014459
0.4064295273171894
0.3800568347591788
0.3781488258431448
0.2840806438753679
0.389352595777348
0.2931785965393762
0.35249933664022326
0.29800423761989503
0.3636896175824455
0.28640708988611885
0.3075224726178452
0.3770002522315938
0.34166088438256975
0.4662084928672363
0.29732729650092665
0.2994583317551643
0.41604451502975376
0.40490104125034304
0.3612722660315953
0.2792098570274277
0.2610212120065424
0.3261894776815801
0.3595770855212122
0.3037066713241159
0.35521360955603387
0.23553470374202506
0.3032168884308378
0.3176928890003222
0.2200182090770449
0.2635585572568392
0.3383073312369558
0.2959874369133323
0.4261251609127316
0.28303450047094003
0.19310673729990258
0.2890910403932757
0.34756810153361417
0.3596813065894786
0.3760869487832794
0.19538803956903605
0.2790770012695112
0.2500413116589927
0.2945294129529107
0.2971564748131529
0.2767069219295785
0.46676775691048444
0.4232111467316057
0.4047216580544
0.4291454890032553
0.440183083183753
0.4457030188148692
0.46261532271517414
0.4417371441476042
0.5334934223655873
0.5367431468326973
0.49163222330473655
0.4701781233522407
0.5230412370858656
0.5627902096071583
0.6680611125041632
0.6745066695698898
0.7738060502761631
0.7247647837291995
0.7850192707689122
0.7915266041704722
0.7451211648486169
0.830618283888167
0.8071695088806469
0.7820475846029256
0.860439175172645
0.8924367577702021
0.8817648908489638
0.9270136899083141
0.8723029393322977
0.8905694734050642
0.905368885475146
0.9206302553568411
0.9210654077033751
0.789041170655329
0.7864852057941956
0.7398815541223748
0.651834511384409
0.7060568783763161
0.7238736667597638
0.6039896886561364
0.5968838775915544
0.5189073980469149
0.5369931034657165
0.43290713207088566
0.5352200431263872
0.5416524691300278
0.4973779699260398
0.5571799506725064
0.41526241010259973
0.5006242456984835
0.45637516915637216
0.4246325269376428
0.32424749669575903
0.42825601724450163
0.33510374409904947
0.4236150425954939
0.47456605395508755
0.48843427041014137
0.3542537938872188
0.45478601038441524
0.36148241364795763
0.39306407146856753
0.4061257005552414
0.39408631456080495
0.4932846649733566
0.44244626653558267
0.3460708534636293
0.3618297780403264
0.4469524179010955
0.3624784037209094
0.5024310359585646
0.3966609696825806
0.5515102832433798
0.5872945498843491
0.3775196506607068
0.4929994297008618
0.3878470850304594
0.37145784663352466
0.41946150791468373
0.4528161137542565
0.47920463694825255
0.4899387996674128
0.42607483720989536
0.41286236852378766
0.5634700536172901
0.44410017995136586
0.5277557776116051
0.5088389441841602
0.4444345531157291
0.3646892863011634
0.6499197618976561
0.6155898863059357
0.4183634339351206
0.4988676751925128
0.5464271177393504
0.5199567753540819
0.5680218101886119
0.5119652149153353
0.42840983759932516
0.5724256090465976
0.5708163169491752
0.5927247936402364
0.4962687203487483
0.7224737644265636
0.48247468765971585
0.6906760147154761
0.6291976638562883
0.6596525591545271
0.7081037721299144
0.7365332140428453
0.6542490052958692
0.6302519034129972
0.7311647354768086
0.7863876157470403
0.8014240681544781
0.6549347350177497
0.7483375866169275
0.6406230911178158
0.6208450943056757
0.6752712952097256
0.662685078709107
0.6633638763796958
0.6808279276684042
0.7176443200416068
0.6174837624602155
0.6840573404088764
0.6089549258552417
0.6821870103844169
0.6112928146571479
0.6883273376204854
0.7132888222128597
0.7327548392337601
0.6720841431411796
0.6518631442737367
0.46833854735697134
0.7143188497866655
0.5943687666998586
0.5561813562692889
0.5724116306551941
0.5051830936432732
0.6149435625027692
0.5515642944168178
0.5324478638128024
0.5289595152629643
0.5916436945787055
0.4899958813839798
0.5315953357986701
0.4409920478915224
0.45857029205065325
0.4953695653240303
0.5397911365312589
0.5426311989198853
0.5513318460895126
0.4427457705536362
0.4640219094547612
0.4941803322681226
0.5837512510546758
0.3849476638148521
0.477739973199246
0.4691762589352764
0.5065642694425014
0.49630161860947275
0.489399052352743
0.4462463853614484
0.39876205658009845
0.5486929647447412
0.5779599505582114
0.5594813103732486
0.5058201829537257
0.6511917933182584
0.6396820625861891
0.5685123414593788
0.5687084671947238
0.6257180457289042
0.5311026536932499
0.5096983856033415
0.5792166361626706
0.5120633968250483
0.6307337948860187
0.7905464948863581
0.5711105281292495
0.6127092968245034
0.5651625431292232
0.5129517143400152
0.5250532907877334
0.5804352518429287
0.578939141863594
0.6101693188289884
0.5905433987607773
0.5980144591285791
0.5921062475992127
0.5445773950599715
0.4119177707004853
0.42132292061428595
0.4401553381218183
0.4137658732499639
0.32325786560538183
0.2801706618094006
0.23416745176500445
0.29003738455941475
0.41173663576268776
0.3904906566301826
0.30445551428472617
0.3723661133540898
0.3920624539344927
0.35387034336429535
0.3623872245918703
0.2956798903826094
0.29744509255922846
0.2329621917214909
0.23917973732077635
0.28335718445972974
0.2180723620181553
0.26979822258893615
0.2187433807924429
0.1125689613145411
0.2456890573502512
0.13047312159634292
0.22207118450392208
0.07448525825401138
0.1312044715429895
0.23290518614281838
0.22521839972691118
0.22751344774197096
0.12560314514151846
0.2045102749941309
0.24425532144178436
0.21976148869030554
0.20720568769037556
0.24210717715104837
0.11756068568858596
0.3550030495709669
0.22390563628371976
0.15982735151513802
0.21177330671973
0.1506318822022785
0.26926671196861335
0.14439551676185644
0.32266200893654073
0.2251271638363264
0.19959941107969625
0.333066248559613
0.36395281832228227
0.3036347250849123
0.23988413815065301
0.13634373808121827
0.3272938853997732
0.20787836601486828
0.23162827399045927
0.2971107530921355
0.1681434413643853
0.29245206368158816
0.233450496183838
0.21395177566071383
0.16143829134286292
0.31140654462703227
0.33969727997545485
0.23460195688607519
0.23832250691694523
0.3693950680599964
0.4071440730695083
0.47746825123670866
0.5041529481802034
0.34540199756843015
0.3786370893954258
0.4231597243119036
0.4457687436856913
0.32840512397384375
0.3846663999410147
0.3437242540235291
0.4291384491558942
0.23461532913692978
0.2952877883222226
0.43119525231992495
0.21616454412998135
0.39220947638383197
0.4816165735912434
0.29234807986685885
0.38946282049107106
0.37742353755730473
0.3068514800233902
0.4406562334729739
0.4858285129725029
0.5050672131806775
0.5001950092912517
0.39336671377936955
0.31485893335241943
0.41329506778777736
0.39039347772840144
0.5046244853729329
0.37992258181150845
0.36952874985554995
0.4524911805028665
0.43226504913904085
0.47158896361763214
0.46084234687815934
0.37737030466701765
0.3436659598267868
0.3623177199724225
0.3998235958522033
0.32008417103715314
0.34720113203810765
0.34695843092241796
0.2985372579194444
0.34733902312560705
0.33758699587012936
0.27039548655467677
0.4055690014881183
0.36191082117071366
0.3222110598006236
0.38162053051745476
0.2956352983191959
0.3533660292675717
0.33073919755312836
0.2789469698606709
0.3787902813646353
0.31267677459210447
0.31353941581536754
0.3271918573079868
0.3503991193569742
0.23319355721828341
0.16788427607260592
0.24558499526694444
0.22547071382363315
0.30061369374439295
0.23449653295888467
0.3363058247403536
0.3771951382377136
0.35410278901231546
0.3833370356040031
0.3395945306425722
0.2905445475163696
0.3958740810253061
0.3148292435843953
0.24866632713859316
0.290826715686077
0.214231629470711
0.17858188145440168
0.37622287932582393
0.2087824480669332
0.2912407809563607
0.32385803875875935
0.3579916912621478
0.31600197080358094
0.4095991467035035
0.3288266180841155
0.4610386504951204
0.6012449776045916
0.7104915577595095
0.7574688360167123
0.6468484836844806
0.578551740814067
0.4931853154356857
0.46598561179422165
0.42518824565929847
0.44012091536132186
0.3544932456876798
0.4561550137207121
0.47023549727606645
0.4055330025593877
0.4685515076641549
0.34307627968017745
0.44951738711442457
0.2704397686776367
0.28028484502877454
0.36715330524737316
0.42816692885956553
0.3243643427998119
0.33599191628075653
0.3293442547965504
0.4740079592702556
0.37291084637977073
0.33800980472118625
0.4559975048819518
0.3930715384965261
0.3612980335069477
0.43813988975725504
0.294831079341798
0.4130542241450715
0.4276690363792567
0.42693987210813417
0.4105023194657682
0.3742064273623572
0.3948642558027047
0.4624968426047891
0.45016402550678614
0.33038942836438595
0.4388746585917535
0.32211359605678846
0.29263680417210025
0.37228645213332484
0.38804364482095033
0.3734164822157043
0.38354978748715524
0.323217404134161
0.4186608057109751
0.43658794825908387
0.32011658762779127
0.3338193909556126
0.5028098786603986
0.462952837093426
0.47791045542698496
0.45313737559575207
0.4053959725421568
0.4220193107841481
0.3897435583203783
0.5111686748299245
0.46509017544840686
0.39233417650377467
0.3349693069486874
0.3240915640706333
0.42439044497917816
0.4068705485997201
0.33017640140517246
0.42453363500012914
0.43891855783664724
0.3349099201789909
0.36689172781433393
0.529095590368738
0.3118653104038179
0.34958504942488544
0.39594252813617603
0.40829787787180183
0.31709740834011946
0.3745233404354934
0.3909406092747647
0.45148885255794935
0.437376928832083
0.42763088866436877
0.433789536936133
0.29537115605433983
0.43410608673321494
0.3331925271324654
0.3489999124521881
0.4394934446529889
0.4897446191061216
0.33446575759716035
0.4659303438837765
0.48604796702882813
0.40061357961702104
0.3101396658733561
0.4370680735372252
0.4073050058364588
0.26567351167328207
0.39361288599566957
0.31672541871136034
0.39276461983335964
0.5454240562098079
0.3970720623990431
0.45385948720261454
0.4497241173197907
0.43828851323122137
0.47376414327745725
0.4744600854301206
0.50337723640551
0.4215558867410114
0.3810684911952282
0.4636814335022609
0.4539060276611743
0.41217716978045404
0.5109442120812502
0.47206769480768973
0.5064995122916136
0.4560753072001441
0.4659117271592007
0.33316745537544956
0.32218755516341446
0.43929051167982175
0.4757664196093807
0.42209654706732536
0.368617391788458
0.49247788939461257
0.5144618340562489
0.5421345904594085
0.4146035516309827
0.4668592938164528
0.43375536785247176
0.6086312226797507
0.3935679455045635
0.6002646781655678
0.48040126094982094
0.5290630073948402
0.5106109556910857
0.49583358918088477
0.46588307861215833
0.39419290539232954
0.42301663143708385
0.4174896733860553
0.371775857374567
0.591243440877078
0.35295505006435457
0.38056250048392226
0.5318041143817059
0.4611072641614867
0.5053290465496592
0.3033803762788794
0.44530911595229583
0.4083908355881622
0.6802680860080186
0.658024247188148
0.5116470900532589
0.6274188123062033
0.5486054943794474
0.44815791419566386
0.5270496977136535
0.5540471141069976
0.4267870148932949
0.5117091302687182
0.502579308344488
0.5436913358128762
0.5296752036701757
0.5577707539223699
0.386014300718042
0.4605789762128969
0.6177330360940544
0.5663573072088323
0.4994808003307516
0.5273589880851509
0.5356542379215079
0.5731630969961734
0.5240103173769418
0.5601757048698957
0.5226243278756051
0.5347547360994248
0.47968907979816344
0.46136755168317417
0.5784330991803263
0.45452180255538294
0.5445117783548437
0.5373522767074164
0.5210245738782247
0.5806239041322175
0.5021490478015236
0.3904442924876647
0.4618297441584388
0.40222685161634597
0.41269704235193877
0.48312570159311075
0.5134996916428006
0.5409689652601298
0.37338387365424436
0.4684911291190863
0.4161954622319803
0.41217417160413206
0.4352255772921866
0.4747019420906953
0.4037554812712355
0.48903703416027183
0.4905444317268525
0.3621566546077416
0.38324213058986484
0.3532533473135676
0.38128341137891997
0.29661228051873223
0.18425078313028675
0.38754999590541084
0.32326283468847733
0.38241215259022465
0.37110209516838055
0.4471644937585355
0.47975361363044355
0.4781971583451085
0.3051145543268986
0.33186446734173247
0.2512237412974343
0.2762623790330522
0.2969597220102892
0.36481844398836505
0.4178708545059461
0.43150115258109056
0.41979358305971326
0.35529411673428657
0.40756211748178534
0.34841116975346165
0.4151983683489729
0.5017279990495186
0.5144959576951676
0.37486971703281735
0.3634317315922385
0.289649840487032
0.45195258965597984
0.3523650931659406
0.33210711359874756
0.2810911352653942
0.3442353298870081
0.39735223151840743
0.2559158395288418
0.3783876483575216
0.4860600033542637
0.19893767768906306
0.4467854023023539
0.4623404669171766
0.46580567491738967
0.4672377001176655
0.44754371793663256
0.4909412004549141
0.4157886218109456
0.30602070945797055
0.4148303446492812
0.3261499661796884
0.21387819694225868
0.3920229429794719
0.3577936223841823
0.3466442430711853
0.3718201792271496
0.34521673708565426
0.2705471768489195
0.4764600727856178
0.42550437115598877
0.40091664515860814
0.3968104983449946
0.350930092257211
0.44955288141908034
0.20929870505869236
0.2787041808846803
0.3524269756766593
0.31455153459654567
0.22297229592550571
0.16251634711555313
0.2981576482452634
0.3569052868124659
0.40163998665987183
0.3197416740607325
0.34156648449201177
0.31166341753420057
0.45336996613091474
0.39149412270210654
0.2992618086346921
0.3712997768147853
0.42762777691558507
0.3951380824780678
0.3329692703814278
0.3710503218289653
0.42847164892924694
0.30573238914153683
0.41975051038636724
0.33586041934239447
0.4689748119434839
0.41586094387274825
0.2566930164414117
0.40932306469950314
0.2841236400445738
0.37668980956882864
0.33975887611309274
0.3750586721289725
0.41869186429265787
0.4039239106079266
0.3680621262186291
0.4229073065007606
0.3246793482378698
0.33565018084014553
0.5245262971424813
0.3456496686747179
0.48140763951158283
0.42345192616403865
0.39724003352257786
0.4491346120490176
0.32066720752463407
0.2568393134274318
0.3897174752872198
0.44690903925748604
0.49403000983279405
0.44791523465453104
0.31859665280792543
0.29507452094394504
0.5734069595360839
0.4490519811086019
0.496390884755576
0.368356980718838
0.4335239470969466
0.5194904349494488
0.44885875994324764
0.5233228518454146
0.3485365267892047
0.45774573843938443
0.44210088304078055
0.4355671430594491
0.319178755172717
0.36934211707530545
0.4519483907406039
0.3230413044416307
0.3010006992668196
0.43701208222959304
0.2590838398441993
0.35350343715456634
0.24610948750089448
0.3972463745513193
0.36775212798334367
0.3944802403425365
0.337719026576509
0.3944257123962619
0.41290475948736727
0.41127057811321754
0.4092181705817992
0.4944648109915648
0.444661966961057
0.33739699089451275
0.40093883927257634
0.3877413037865487
0.4053793043544692
0.5591895105866912
0.40762575725859573
0.24207048546574797
0.4929844214581518
0.34187006811477555
0.39487683857549816
0.37492902477526013
0.35299935014466405
0.3631250172177979
0.3664569150872789
0.4082008590995029
0.2626746216997801
0.40331555715518674
0.34227753644693176
0.33453466006006244
0.3737960772287992
0.38477461020394477
0.33334125791906777
0.3241499968743753
0.3989312998313359
0.32216926872925206
0.31528070727961466
0.3868801093554995
0.2864962825071927
0.32503733265620005
0.3217930121116475
0.33389983755177627
0.341287447116296
0.29195572879590753
0.44166546249768796
0.38515336503169545
0.4379976429102921
0.41830256220505235
0.43330578760347915
0.3601394846188838
0.504869667786073
0.4488292289320858
0.4889519086675123
0.5280970789339046
0.4616216600760418
0.3989749290265499
0.5260744687227616
0.5626316393546892
0.4846727132617466
0.6169025701755664
0.6227239768268532
0.47804011651720724
0.6795645331454712
0.47449331714758064
0.5866908332743956
0.5602829429334243
0.568234651878399
0.39725724256843953
0.33443378266676493
0.4582880669261574
0.4812080588069909
0.44137121596118933
0.43581535388477183
0.2906521145539123
0.5031186114397727
0.2759408485365466
0.4223183702090554
0.3577988158111556
0.3999873026688752
0.4476707798900142
0.4434706787056535
