0.28627796741325107
0.25667199091968385
0.2806595470834648
0.3311620126561132
0.3440403795766538
0.31709112569905545
0.2711342629139946
0.33998268432003104
0.2289858790810253
0.2623677401189199
0.28514755382554424
0.25519205748969886
0.24571023674760076
0.1911652272385726
0.3407696670711058
0.36370596419264006
0.16378144425294394
0.31656237652551233
0.24049993818243517
0.3316349628802019
0.3092978982388628
0.2052004014910389
0.2357501049671909
0.2518357016271527
0.2669587343417664
0.3421803410867
0.39014794843291606
0.24143730507987582
0.22456787459600674
0.26119165343885414
0.26850470409043214
0.2426668426615899
0.2630862008121845
0.26463489963625264
0.26982234624394885
0.26559800226525543
0.1979430304814806
0.2963582398758999
0.2598191958688474
0.24651506107535337
0.23309257052252663
0.18387397856864085
0.3047490055179367
0.29104925206113863
0.32946427167862813
0.2858317980818954
0.3504396011101042
0.29625238970348644
0.1962259293994681
0.2774479821635963
0.24306883582209912
0.24010571866589436
0.20191329137846326
0.20596095312636717
0.33638499739605765
0.19555383710677715
0.32117888700048647
0.17556052254489246
0.25215895297887114
0.3398009177079875
0.2982454403548721
0.20577934317540275
0.2986352369166912
0.3289759427731038
0.3886228017646148
0.2324806566775245
0.3309964941454212
0.30813429857323926
0.4362829767030565
0.35181219788162443
0.259687456867952
0.4213826031086514
0.4356560439138057
0.4706856108107731
0.3493788284795864
0.43793543125825163
0.3525967142226484
0.39044833830557213
0.4664929027751341
0.4583336309014542
0.5186382721159749
0.5216449071486906
0.5570489542981554
0.5413438371489832
0.4842404421521925
0.500390994128603
0.6299979797281727
0.6541818419179645
0.6468622584442689
0.5153251719353722
0.6869924405540098
0.6769686718343892
0.7503600623240037
0.6028412510647438
0.6831539729086495
0.8848850240829915
0.7528855273258219
0.788314481341834
0.7246200822443362
0.6241145430345192
0.7657569068644677
0.6802125230782791
0.7070681965387337
0.7239161318636489
0.6438463966366985
0.7117476871254343
0.8191914637336092
0.8008207489563424
0.6296018411781241
0.7106428398046244
0.6770761807244232
0.618452932676876
0.548789436792838
0.6552019769739793
0.5345156762927227
0.7155391073952034
0.5485468112144615
0.4560731475239014
0.6017035329250522
0.4336672245717549
0.40699323291645323
0.39170891723416795
0.5777892454778416
0.5299479218255492
0.5225999497444854
0.44646671130517873
0.5149712223403453
0.4917276616419407
0.5399618957967892
0.49710741269835823
0.4813750097656426
0.39198971422385653
0.4568718871064479
0.5417741662525077
0.4359262885531674
0.6279638954122599
0.535297005335415
0.5396292066912013
0.5484280813777311
0.4495611758710931
0.4475756603071483
0.51854127732139
0.4209549966709812
0.40079383610252656
0.4999943539691212
0.5088493143425146
0.4202421349363907
0.4923523704621091
0.3466712640180757
0.3320428493846268
0.3884901003667479
0.4551081207901222
0.35899315643792296
0.3502857495485402
0.2977378298211262
0.4543210790958318
0.3549158768764793
0.3518673526325232
0.43786130107228804
0.3127648144691436
0.4098242054092939
0.4654633359219905
0.43954420884871126
0.39085442018963934
0.53047173357002
0.5505543826053665
0.5328453968865452
0.5839353673767773
0.5381950908645928
0.5153490877657015
0.5154932677154866
0.48493242063157704
0.42110848356763725
0.42474578573324817
0.44193023368176826
0.4736675737520061
0.3370504603796959
0.3342621109711209
0.4030070386539095
0.4793244039092284
0.49988873212593327
0.30331807213902656
0.47840754114060613
0.4842843805800039
0.43342223207477143
0.5044912832687636
0.3955150851821946
0.29875587814185767
0.330538103888004
0.44716099828914313
0.3716969329706682
0.35226561339661794
0.38471928334935046
0.27449720810162087
0.38593118499972057
0.3272568828298225
0.3073779133625834
0.2626112998632085
0.285418288664974
0.16417264328965056
0.3427524446880186
0.3064921781437575
0.3485340647386386
0.3110263808521506
0.299405577932968
0.27062696930832775
0.3020274846135027
0.3124495937859319
0.33001819751266603
0.367871809391535
0.3664664788279571
0.30806499379056623
0.26424552423363734
0.142608244659308
0.31438712150674825
0.20427444582748383
0.15838672514611268
0.29072114113463887
0.2681767359699468
0.17184387216516556
0.22116499666300166
0.31700886224847596
0.2906323151419984
0.229055023661334
0.3060451589101465
0.17131266332257195
0.277174322731408
0.3216026151285052
0.22313277001463944
0.2573349321014685
0.36749190524245223
0.23800921419090437
0.24554519222687823
0.3036753610651438
0.2734454906473974
0.3173028575983101
0.39983500965218793
0.36120217657901654
0.4494357975725546
0.4313122146749884
0.37233582897885353
0.4022348660355186
0.37028492272844493
0.45905964915990777
0.4700677547092072
0.4748393593302229
0.49975289112477495
0.5898581443983768
0.6463917992565128
0.7073577759318224
0.6518650275240347
0.7325918288321644
0.6330909688514437
0.7163717721230471
0.5822348697858246
0.7879657375749578
0.878751804990841
0.7963706212970764
0.8071063640305991
0.8828348087857663
0.8608581791289786
0.8892218558570211
0.8117993552340523
0.8472319437954716
0.9105963972087574
0.8825073234946946
0.7984356961016614
0.7652463849917728
0.8209115292889827
0.8189727578897192
0.6211088894987267
0.6726522444145668
0.6728429843081072
0.5383072687980217
0.4091730507552013
0.449477182461269
0.4560175320041452
0.49926477755228954
0.46037241432654213
0.36500307481449534
0.5274693254780526
0.3301560144865975
0.37579778783761786
0.4480876411027699
0.4941210088688299
0.3801420552103675
0.37564161426827725
0.47241658698038347
0.3712398563406611
0.34068647118411144
0.4196025318142589
0.3658366764968459
0.3306886436421821
0.27963497879381866
0.3758439220556383
0.4495709264488482
0.3100530341225741
0.3881217878880191
0.33904123261838265
0.278785690308743
0.311621783038341
0.37819586455942844
0.3904710486040103
0.4205496947643638
0.5667011841469778
0.3697217851103627
0.343031518711697
0.3819533259166461
0.432162719247668
0.3122274579967543
0.38778284139137387
0.5380053557431481
0.45369033385018875
0.46974811348458906
0.4665177956959986
0.530415163656806
0.4744488471171261
0.47079698383477697
0.3973331916422253
0.3939847767490986
0.5433415961510606
0.4743403936897229
0.5357956494782251
0.4283408922814968
0.517974251899844
0.6215714446711147
0.42929934349513155
0.445863192148935
0.5629370361435302
0.5525494061550525
0.5006533277035611
0.45858329812278753
0.5774542027538585
0.5089523856208866
0.615224137021668
0.49996346427490257
0.5827772810507004
0.5017724072784335
0.5922723458832251
0.6431154254034945
0.620001250667358
0.7722783429732114
0.7474337777711793
0.6482278482551731
0.670938862766709
0.7216804108889154
0.8063514058400195
0.6043399666981695
0.6880449469278633
0.7629556928229284
0.6763106609633759
0.6515728735037452
0.6522627365276557
0.8075350211782505
0.6330964027173479
0.8226032121314011
0.7175993660763567
0.7897164661935536
0.6446205121819207
0.6533445148796462
0.6732865177314824
0.5008593939889402
0.8038754286273865
0.5979266149115309
0.6888303780390933
0.5517776829342415
0.6604950041486723
0.6668289879218077
0.6401218877774424
0.7418641745047041
0.6068123831782531
0.6510439273604994
0.6044762864926327
0.5193649605542803
0.5777658426048174
0.49361559771880287
0.629815028435345
0.5206916811842323
0.5213750517303557
0.505728321058037
0.4435657314221925
0.5702135749355468
0.498427015951807
0.40936793053672044
0.3876928775846794
0.34240345423590235
0.2614920808050906
0.422502527499675
0.5397929128239515
0.5159448481342915
0.3239466502156204
0.5307858345052703
0.3743615423141236
0.5042866759578986
0.4835988783574302
0.3845384336732469
0.5404460892496376
0.4693987491961763
0.4944125128450982
0.4845410602425395
0.5615034258537166
0.5033886825261453
0.503103837295584
0.6789998574175631
0.5570350859284517
0.6034769392485752
0.6608107403712922
0.5067872402280582
0.6006981088710136
0.7488977896043729
0.5570451104687797
0.6439042663640273
0.5896757469174587
0.6261653199502042
0.6026461656872509
0.6562484023909366
0.6245058175104229
0.613966018349283
0.6317498794967054
0.5594661961663361
0.5159753802570479
0.6752745483836589
0.6655031109499103
0.48014367792428253
0.47050789412289984
0.5943491340274467
0.5645191940045796
0.3956234788472663
0.3573487837816741
0.3705363679074509
0.2768435478171825
0.3671346662869478
0.35120950849984905
0.42523271966330206
0.3999369752292171
0.296973676070824
0.2940824585824259
0.33865070394141417
0.31592328446864576
0.21318125489134898
0.32406660699174983
0.3488673324929522
0.18904628075560034
0.2263826708690661
0.2545125536663093
0.1712413484448888
0.22659570171147275
0.10205992109775178
0.2704545324070865
0.16084109121085838
0.14780486468704343
0.17630367246703776
0.09323559467778235
0.1557016203516287
0.2843563264995849
0.1556929643018704
0.24698361490004245
0.14689066645767632
0.18698943583805966
0.17343233533309352
0.21160387569919062
0.3385208292415049
0.18918421848322964
0.252945490656228
0.1458347640307514
0.219159640236325
0.24272190145863945
0.30514071578272395
0.16321859332972122
0.21018056273565544
0.22562671106472174
0.20600895643944375
0.1647244215455715
0.2313084512759606
0.2096171511426021
0.2657294681956204
0.16695380120440276
0.300143873086972
0.08082091808798712
0.28103959769065656
0.24652811082856407
0.20978338799588375
0.2142338235675008
0.10572767132943886
0.16909242248106354
0.2715825380134162
0.19368484439552996
0.3333027518021555
0.1411005768296867
0.29319182745123185
0.3408931662765027
0.30407661879906145
0.34866753307686454
0.2274150101643925
0.35130667758316847
0.27991568289067287
0.22426770627747858
0.33697018235604853
0.3880300505452238
0.32454145915290955
0.34896137785747855
0.3100507539862599
0.2755423324666117
0.278350646889672
0.26643615047568564
0.4022354077724326
0.26009016387222067
0.30722167061840255
0.3630460798821384
0.36536572419708724
0.3280772853475628
0.4311830553851709
0.2917490196068107
0.37999305309103226
0.39212446090673747
0.44236084210043636
0.3382285659241704
0.2926512025588113
0.45358047909985255
0.3350934437325912
0.33767902040336
0.262734619166103
0.39925120158538113
0.4176230554168084
0.31231286407259845
0.3894830920800554
0.3918892089907009
0.3041763921516009
0.27491412238016144
0.40693041063985147
0.3953909528379555
0.5039726290740194
0.34454226836895846
0.32625512408546903
0.3869115617096782
0.29402285381578963
0.2731256638464129
0.383393410903034
0.33303109217984755
0.2827872305770022
0.4287212181848084
0.30244372625720295
0.3512539274523995
0.3534909053681463
0.2109738775957825
0.26301343837757546
0.22991229527462864
0.2487323881927983
0.27949391982963107
0.13415650156696232
0.2980527893600841
0.1996980895579627
0.3225796465378376
0.2782245974098745
0.1665200019515719
0.20151415029855288
0.3365146095981077
0.25036038526402976
0.29683749737552606
0.36210551922076484
0.17469945775887027
0.3383527727134794
0.29390911575604345
0.23714178698912028
0.3971072131605522
0.3118355924120336
0.22079116516598213
0.18658660741190897
0.15486242550775814
0.10933644386378671
0.22263310916938284
0.19900123813367349
0.13114360727259733
0.39338963904681334
0.255804052048922
0.3653875995490334
0.376890058659869
0.2758339907366647
0.3286376855376316
0.43605162443302864
0.5335455156494839
0.6816487704120515
0.5803072253576711
0.7851592171772807
0.7020468820821186
0.6083633013736665
0.48984394322046376
0.43196876993650657
0.40798120701002344
0.48296227618369003
0.3881629948181756
0.47979867995437964
0.4376960113636884
0.42689317130623994
0.483078705705355
0.26988720869040544
0.4478580694410689
0.391880734812626
0.33834885432990996
0.360446550846714
0.3257952945547061
0.44241194146362317
0.2165254594941563
0.3144507498804371
0.3884618711891603
0.3425117837835321
0.43618620436329847
0.4749918731168327
0.42119784129295434
0.388414280948821
0.17679926403384094
0.23946975420222824
0.3726596729442451
0.45307480538870093
0.22896136127108754
0.5291633017350714
0.41377991743424636
0.3430848295842023
0.29267191404051723
0.4238999054630803
0.4119223834565808
0.43653652594656517
0.34364161372974406
0.5408477137567202
0.2984787333638931
0.45339853827298576
0.4255069816506106
0.30333139106330986
0.3501648099742817
0.35426180723825823
0.42425584233445646
0.41044979514066016
0.38768738731228236
0.3045075050669934
0.2787087508601785
0.27652075172445867
0.43722280300303984
0.4892590496922359
0.3006564523111429
0.3867544309785579
0.5090800925684379
0.3667594244302775
0.3757715284862788
0.3683692255210668
0.36264112854752284
0.37733003684592403
0.49305586110336896
0.3964843582217379
0.3903091642633917
0.5014681558533121
0.35525710141134864
0.34405350697976445
0.36275783837976405
0.5230032607179191
0.3937346076083508
0.4417104898935123
0.3567694695337438
0.42649444204776243
0.2667307100030377
0.3969580376799655
0.264887229801299
0.30239406213343933
0.3629666670585425
0.4269408315481885
0.4023525741497022
0.3360776786133406
0.39989998853255393
0.33402367946343225
0.4058772529686342
0.5754987484523038
0.3578495763639914
0.2850318868610353
0.384405192562252
0.4186628287020795
0.2992222599535316
0.34182431427795534
0.4259036917783916
0.48355853388182346
0.2934874570913447
0.3405049113143319
0.3467949478302522
0.5188387394671536
0.5352260927753457
0.37514593814315467
0.4902922047218687
0.5066597625972686
0.5621523620394004
0.3764424185716716
0.3959015196670359
0.3859615722579148
0.42456969195135885
0.4789929279258918
0.5072000578883482
0.2672529220185397
0.410140029814575
0.3856002961075798
0.43755201354277345
0.3195985625938875
0.30325923846010383
0.45548849498541444
0.3435713859140482
0.40741015479276493
0.3257586932657085
0.49931241885730293
0.3985320184032724
0.39033572482853846
0.334627563900331
0.34299500789315396
0.4984009105820826
0.32906342769206154
0.45696931188329715
0.3996215763106158
0.4095328957684402
0.37908342923900284
0.34970683071870456
0.37797668393737527
0.3911878628268832
0.47826725669695414
0.4678668839894963
0.316692685703692
0.40865958706262095
0.448005143070189
0.3658155321570417
0.347229375046235
0.387914326392542
0.3948852799821494
0.42765079409007467
0.5068677123531342
0.42821969389291925
0.6274580604165485
0.44557583346890095
0.5555163041131853
0.5587385103688742
0.4211976130930915
0.5285193374313377
0.6955680439919899
0.624745579513078
0.4643372342039754
0.5757577268792422
0.5435894184953073
0.5631938203775368
0.4258743101597606
0.5267797352397223
0.42042894092529476
0.5670137551090999
0.5471552846644414
0.542848011806579
0.3393665571974241
0.45082771035289887
0.48665685096692474
0.5551865708051009
0.6025761270937473
0.4401371329904018
0.625232578477101
0.4624866922797255
0.6153919939841459
0.4791202388717307
0.5238470275773528
0.47053773236505875
0.5878772026541642
0.4915761499334984
0.5252863040985434
0.6514676198006712
0.5606303577921359
0.5448569779261632
0.537782701064492
0.5960400216476641
0.6051953868735702
0.48956776404821645
0.5168579786132032
0.30325528476962627
0.3386832735340478
0.5032752464086039
0.5080736263298838
0.4213077573629576
0.3128997987326003
0.48455969851969094
0.42930471670499365
0.48561493216242047
0.4374583459260266
0.28648108028681774
0.4625521200111631
0.45880061168233943
0.402702216481029
0.4402801704144869
0.2767321145323837
0.4669589566231611
0.48442239075470994
0.4181701492607801
0.3852541047547299
0.4132875899596344
0.4367071055930236
0.43385330346161144
0.3248959881532554
0.251168097041803
0.29435529769756896
0.18378818570679986
0.30555473921710863
0.19045795844954966
0.2879998116172374
0.35020105066902374
0.2890333441972049
0.32127302398862606
0.37050791615204426
0.31960396592951823
0.1942041226557732
0.2552614296928782
0.37918574444762126
0.33778800569863676
0.4613189808305118
0.45821513248958695
0.39831570521875465
0.5304008768090396
0.39354794738601506
0.36671440541228856
0.33303797334889995
0.2861190402175111
0.312765999743324
0.44000272151105047
0.38392039957515656
0.2810665153690324
0.29259807791776177
0.32266623279528384
0.41184953097353627
0.4496242988927185
0.5103818154430897
0.3486068405942976
0.41062195131165
0.3869890868648989
0.45851632502677
0.2707442844877041
0.28480544656177037
0.29590303656094963
0.3777507371709806
0.20043000663724148
0.2713844106019074
0.48969235314310966
0.26745944190166593
0.33043949632571945
0.25725917184756214
0.2446637524126056
0.335650368573451
0.29684764726370655
0.2696126449391548
0.3906608694804304
0.09974582216146664
0.21960747482655138
0.32631162990415485
0.2709160541836353
0.31602535646963814
0.2109680978822423
0.35990237423379
0.2347424786635456
0.3378154462417141
0.24264285895231336
0.1434467246020218
0.23674699455279202
0.19811179683793584
0.28117958905073376
0.23533208370649644
0.2632401851675819
0.30149001324976354
0.3365952331473561
0.39641539984525975
0.3515545685437116
0.42351459773323474
0.2424201741525725
0.18809046028149043
0.3608353829553685
0.3678765302296656
0.424845520880479
0.33487563634792805
0.34933696982781226
0.4027953996379527
0.30615346288969597
0.30730966465757725
0.2877815134526505
0.353715072869028
0.3982611489357284
0.3978740158355309
0.4096250668677168
0.36678965314679024
0.3180814197549712
0.30649132966832904
0.3228797323175737
0.25936505157865375
0.35598793660394445
0.3911650545364703
0.3643547297112252
0.4924956079837948
0.35398150386294225
0.3007252357490931
0.3537047724177518
0.43935427592612836
0.42495351926087926
0.4645706433757252
0.4272836297063241
0.43927632371180925
0.34544739310014283
0.527880190754176
0.47395732282028974
0.3540152969650421
0.4616722877405638
0.42843877436690203
0.49922363155842314
0.5075179938124108
0.6068434468367363
0.4713927985950152
0.42206649049535655
0.44098751600927
0.41712622744030514
0.5434989970795655
0.44563995519419264
0.3760428461933887
0.3292544950138515
0.39388432846614074
0.4566540414587764
0.3615130393579319
0.34273613479935316
0.4071257975466845
0.48935535029665705
0.18577763506682907
0.40121651700999583
0.45018608257338755
0.4450362327699648
0.3851237402274721
0.292135045426317
0.40575242648833487
0.48362494347224516
0.3579969807149848
0.35117954523700967
0.24371735054650923
0.3318952110558875
0.29288478924339156
0.306400997131079
0.42926733362276914
0.2571250783969646
0.31665076024062866
0.2721916873295519
0.31728072327232465
0.3363813224822451
0.3423869408587019
0.3125569778455366
0.2682933417434614
0.2971387953818574
0.2542843849159
0.3830495607486497
0.4373958589576923
0.3004627259320804
0.42184871029522486
0.3404673727652898
0.38801025600340167
0.2241817895118513
0.32429224274998825
0.34782326229187815
0.29146441861962125
0.4224552660221594
0.33236319443591134
0.35193955046588493
0.32486026125437595
0.20862537676268453
0.37475966750416145
0.270373288881543
0.272613971790235
0.40885205551416637
0.24197336757273835
0.3966213467396925
0.3876099699381061
0.3861552360042141
0.4025858248020371
0.4188740439569058
0.4127696321890808
0.5426243786114451
0.38433568726763323
0.49775044881668845
0.35161995986107675
0.470197810255069
0.41090486192617726
0.44099420699551084
0.4738186992189322
0.47893564361391316
0.4293531197330429
0.4475633813473019
0.4423164278913889
0.439875621980463
0.5219300911065363
0.35616247246996324
0.3837167291281126
0.34537696930164785
0.37456059474154246
0.3561790668135959
0.3049742217489335
0.28209742452448927
0.2958750677003126
0.3616434412219242
0.285667577567962
0.5172207004835616
0.4607417201863951
0.4265190258972922
0.38984539538261387
