0.3207003798308645
0.3488036608653778
0.44711763308505026
0.2795557579767215
0.323888202186451
0.3147931525734584
0.2918171496442641
0.3502567854002398
0.34355440196264786
0.3469558164733369
0.25591177969076057
0.4662071586714196
0.3954107739037828
0.2715958904824317
0.366077555974048
0.34457485158218243
0.2603117936771276
0.36405919197874825
0.29191956440000877
0.38172847749921146
0.29551431959736063
0.22178782542317366
0.2902513621284107
0.34572083235945883
0.31934211336048524
0.2772780464022976
0.1989134459201013
0.19362594605421632
0.2629322170039919
0.32759910290154115
0.25077492783713673
0.28945921584447826
0.38142407708302306
0.3016738873588043
0.3921061485502697
0.26195813420131614
0.28850732181328786
0.3086714501469161
0.38627835120802095
0.28339366611565864
0.28044596964522
0.28231706134694645
0.2927625260741844
0.3278623160980886
0.28548154389128466
0.2928313125895746
0.22645280376199606
0.4067852792196033
0.28780884676283464
0.2902477395318772
0.3411702031122674
0.35948591096196725
0.3912413114005373
0.2966466498569319
0.28873195107180505
0.35853593805422035
0.3132174811185475
0.3125618681216825
0.39094022812960916
0.32841897383228036
0.3075191339931794
0.3088582827112676
0.4419675384723764
0.3657697833365805
0.4042727068313082
0.4775119678186736
0.37802192125239015
0.4530222206158837
0.4377914248452873
0.30391408873241815
0.4612040532910001
0.37488973008836657
0.38888643914098703
0.38218115988150675
0.38628301387512815
0.402241913633105
0.3902756104488229
0.4377207459701903
0.3962271877929054
0.5457714647077406
0.44065892720037947
0.5404488925965417
0.5634256696951749
0.5390678722126213
0.4605696506082783
0.6012919609907184
0.576253804218694
0.5538667825997795
0.667263162067371
0.6257003671241569
0.520531703231355
0.620501250442171
0.617675226702985
0.6740613839879516
0.7323610004880765
0.640384220439526
0.6227913315674305
0.6833030225923382
0.7843369633850134
0.6516336061151573
0.6654640110862633
0.7424765696687817
0.8617333353021241
0.7853368300994136
0.7025196096979913
0.7958285485497272
0.7394244917220949
0.6359563396219714
0.7307253764170093
0.723188834479575
0.6399521391031309
0.7061198888402511
0.6016964979439525
0.5487840567444462
0.6704425041869418
0.5294892566258187
0.47918691943573954
0.5552401444753471
0.5857163179236543
0.7145742093827293
0.496808998597776
0.5173728412192454
0.5414511852706526
0.42709080812217
0.5182850321415555
0.5786769852868012
0.5564827330021412
0.6113581531314505
0.5794949785665626
0.5665783443986966
0.5160209285929529
0.5466639137373572
0.5412205030432728
0.5586162377455552
0.5560067539542028
0.42708185426507916
0.5569684833856448
0.5695238594011875
0.48810664083508776
0.510768014897916
0.5552466122303686
0.4335483523441069
0.542695137133199
0.4121878960708335
0.5470749702530255
0.5356283344739817
0.4541636648942621
0.5866084565990881
0.4538826309284646
0.41620360365332476
0.4537887540996395
0.36838253279264155
0.3975891775328969
0.3222552832140854
0.4476899881383089
0.40865891765604867
0.4799076420925943
0.5082197898578591
0.47270520566680596
0.4891320466425892
0.5682725847161711
0.45813412597475667
0.5745230414732798
0.4885834716818682
0.48273245824512556
0.459966422096185
0.600726108012849
0.4388420914240502
0.572774357285537
0.5636253052275779
0.5725651427750589
0.4637107155485346
0.5426080603132415
0.5613681409304779
0.6001908817140271
0.452386985909389
0.4608031601802411
0.29494951126611424
0.4785918475676228
0.4949117207823008
0.5161305846194366
0.5441216269380762
0.4464646621027823
0.4557429775767632
0.5649799772114392
0.4457330023618705
0.4880475740112806
0.4845579710275791
0.38314881170098347
0.3444229785615943
0.3829635699673935
0.4890951883653365
0.41318400993473325
0.29081976854164204
0.2985254278501662
0.38154522144404246
0.35359606043362424
0.430187438482273
0.3023251496770482
0.4176584589153043
0.30715905384662234
0.31617141523411335
0.30867114878140095
0.43149176689923263
0.2331819786592521
0.41978169729270565
0.3374564039604038
0.31917308031944186
0.2845934666228009
0.46153403839734963
0.4117689694045444
0.349190425588168
0.28908475039748505
0.2967635541816586
0.23885797799543085
0.3166933314405923
0.3129065186480413
0.3082587549154019
0.31325284270090475
0.2634695033420316
0.24930951334200618
0.28492342051395875
0.3075086151273182
0.30835251374753403
0.25831168043625696
0.15197011467358254
0.2113051595418659
0.295994118992523
0.2283428084378193
0.21657878476170114
0.24866982058316828
0.3550903908191839
0.4065095859933219
0.42363260435265127
0.4193558895561086
0.4601942799207275
0.4138776855268991
0.44921692842988215
0.37758841022753176
0.4965563761764318
0.32346254447889017
0.5216817962424117
0.3889048770231357
0.5390852090646857
0.5574726732856002
0.6539756276850018
0.5731217382422975
0.6099807208602652
0.7302652893336521
0.572142775246755
0.7051864617818068
0.8144238788175271
0.6690595979805275
0.8280849975940197
0.8449300515358729
0.7354012728819715
0.8843109892403931
0.8539986350789737
0.8580845709591622
0.97704196688851
0.833626891400575
0.9435566780567524
0.7569886881130123
0.9362693150637627
0.782284220023596
0.8977262297112389
0.6948717599438016
0.8316223900555395
0.7254404163237116
0.6363812179303232
0.7399031497198832
0.6343898652084716
0.6382130221264801
0.6125271042040155
0.5538388164029557
0.6311857983690977
0.4844458287355958
0.37363653395304586
0.43161860059664653
0.41827144094905755
0.3424269219881943
0.4179934951626381
0.46210209359881754
0.45447041919738856
0.4387275084636274
0.45571120328998965
0.4861703716497877
0.5150913146907983
0.38201727587621104
0.4760802381107893
0.3568882526619061
0.3074320266117517
0.5071443778036422
0.39785063777580293
0.4667942433728044
0.4120758031348077
0.2902521431619229
0.34952352633018985
0.5171072287021302
0.34770558560144865
0.517493787175853
0.5107416395318536
0.4599962219812297
0.34254678930467186
0.5052814576180515
0.4915029376886512
0.43544433955032363
0.42235818924138024
0.48272632176336805
0.4145781795955592
0.5856762583732402
0.4451551820351898
0.4687902304883173
0.4329868596872478
0.4900777295043647
0.4340420171678488
0.4876175007432607
0.5114787874264326
0.48406822297495145
0.4568618957634702
0.5212455224279476
0.5270516807783167
0.5817500996577679
0.5001980110349953
0.6004527958029393
0.5829545621782961
0.5786569225803841
0.5728406433169897
0.45560336346468233
0.481262444493853
0.6506180955234057
0.47160298695390485
0.5216566992283335
0.5856033751499504
0.5142136261976389
0.5585334926463015
0.48472840695451264
0.6384432565547755
0.5820237251636062
0.44304184916964856
0.5644475833235405
0.6776877243831937
0.770253163130567
0.7184609527901198
0.698785505962833
0.6381928996045647
0.7646565204927611
0.5825565011515994
0.7099049338070011
0.7316365485146876
0.7249583432858996
0.735246217382709
0.7439687051851072
0.7548912919919607
0.6419267849968121
0.6839127422299893
0.6536910464640499
0.6624580807963724
0.78540842532833
0.7365087738263332
0.7633211610701356
0.6433249065662716
0.744749283053646
0.7308478631946995
0.8023436898665788
0.6438228169829372
0.589661041506636
0.7401809407377871
0.691547458560015
0.6789342551762325
0.6881925067997842
0.564035062635611
0.6375157505769233
0.6841756852762133
0.5714611871246879
0.5758767897489572
0.5967736394668737
0.5893125204599443
0.41389312560663805
0.6566735625818954
0.5781170308361395
0.49583638519713186
0.5403059060997517
0.5812492555033792
0.5408214225382231
0.491310738726223
0.4281819707737391
0.3676729920384673
0.426935473810777
0.3732907613140913
0.3616653677360808
0.47771729889782355
0.3945670269469065
0.4767228858532923
0.5038535088706833
0.3905735347750432
0.5649529602179297
0.6066418109302216
0.5468533726269948
0.461982208631865
0.5860060656673985
0.675625372626243
0.451244708790086
0.684439726083915
0.4772218034910368
0.610274279635705
0.5810892501899326
0.7119601129339485
0.6790672550997227
0.584331516742648
0.5653218123236285
0.6631760045455203
0.7522481961398559
0.6700564631336207
0.6940062211876938
0.7350686388969513
0.6054094059102665
0.5936651723387869
0.5502890976996356
0.5242638062525027
0.572405852959565
0.537627921959504
0.5345025177299225
0.588617633849087
0.5040787910333397
0.34427247034763125
0.3982297904044517
0.5546885565131965
0.5296055185059467
0.5331237675566147
0.3200900053279102
0.28598155814649456
0.3428074511904514
0.4244823465874862
0.3617996831102385
0.34005904982705354
0.400632952402038
0.29525492070111514
0.27438391372983945
0.30745868863460024
0.2476890544608752
0.2620651879267712
0.17566935254323854
0.2054298935355226
0.25285954370695163
0.14622494345331263
0.25679198893321764
0.11649557238246869
0.2920094273801079
0.1374216985834783
0.15474735187923747
0.06616312583568563
0.06054993411265682
0.11904812927397364
0.28249647629924063
0.2454732432651937
0.19897463014716957
0.06971282208367925
0.2460051918054631
0.2001674773478014
0.2153247680427301
0.2269428116688368
0.30725620696312705
0.3884977702915069
0.3433837713901999
0.3275298483217066
0.19855242801035244
0.36518903777055345
0.09516006126381764
0.2879930526750394
0.23213715275336255
0.22006909523526985
0.2795530770657076
0.21732840337048567
0.1509293776963092
0.2128581440896678
0.2754020758151469
0.3333858133703671
0.27187296992471033
0.25921664087422935
0.15387453168121729
0.23082985725889385
0.2811436192091131
0.15733584579126592
0.3698836362210657
0.22341700707091913
0.3378149949298602
0.3597545928639735
0.35445154724430294
0.2403829461732998
0.43183643082687795
0.33452285630672424
0.2843080579541248
0.2620932897707629
0.415474417266917
0.36770312646538267
0.4656696987703772
0.41858646760482915
0.4786959204874219
0.23177445821193288
0.3968786962372154
0.43743836697283683
0.3162081779046273
0.3561610915040575
0.3857299524251879
0.4097995756711444
0.35376893768271866
0.31448135072481476
0.32401990725149415
0.41171731022354485
0.4433392593440736
0.23835622222670205
0.44955029964908816
0.49990126111907396
0.4421487560611302
0.3446029115880115
0.4185233343077322
0.39891031328767546
0.4620410785221333
0.5672281338828722
0.4393232641242144
0.5397012165205731
0.417104242339843
0.454122784433337
0.4607324697015912
0.41565183869613453
0.3197308070513745
0.5465054778452997
0.47260172174989
0.3230011123639771
0.5042475880809971
0.36564518340481766
0.2902597588515313
0.34189718024757254
0.5075168497275588
0.37535263601793
0.3994921200067879
0.4460716546685249
0.36081276514373767
0.2766669104774698
0.3156025304603274
0.5132179233610008
0.35800583660345836
0.4116985462979024
0.38969110255333655
0.3703294187385662
0.3793548842961936
0.32019136612150373
0.3976860701414672
0.26212575373349833
0.29234539991976066
0.30912755361615696
0.38756240119053764
0.2872589104275255
0.3747364625168347
0.2848029390263284
0.36525292856719627
0.2267236847824249
0.19251534212368931
0.35090674027590196
0.28040107402812625
0.20969856543559318
0.4416052034776568
0.3475939929256407
0.36430396304395873
0.24475902546204392
0.3008642152973544
0.20470497219024686
0.07990539574280843
0.18007758266221965
0.31301545623482635
0.21646909392455865
0.36774125051048484
0.29471231781124696
0.3220768199165605
0.3080710164567716
0.42834604468506987
0.41128350126520813
0.5082335768398837
0.27703655897913115
0.5371056517629461
0.5509161116974673
0.6474790680689826
0.7622777444239186
0.8088971222543226
0.5454222446695587
0.5154676577887694
0.5779843211649026
0.5317680000993003
0.4857788020755096
0.4519291948586357
0.5127088057099548
0.4491383110902894
0.1610813814121264
0.2789062144551816
0.42248497815888575
0.4291805065115912
0.5547442882144078
0.45866132572013874
0.16761843876794097
0.2989281651086868
0.4071377732574403
0.29373647355655297
0.20717608018107359
0.5264987265386681
0.2854743338357372
0.3565549383164524
0.41135223809778027
0.36403741112934845
0.2581840719156831
0.4466197903285383
0.48804461461499693
0.3556052205234394
0.3316652125589895
0.47567709538163805
0.47225958412817326
0.45496212939447084
0.4297642758654492
0.49284632726018357
0.47029423366095746
0.44051131529859566
0.38300214622419854
0.3922023674990498
0.3932630914164425
0.4293351225467158
0.44031147743945315
0.3448025783356061
0.4275624958166945
0.490307294358628
0.4335684972559763
0.4725611678227496
0.46249397156611466
0.4117173684047397
0.6530188483946048
0.39097524372997317
0.4388507128638647
0.43500210445140813
0.3063719052619588
0.4066626312996148
0.49836929910397443
0.37903718849639123
0.4450187523629471
0.4564218413153507
0.4533099338155405
0.5019764606239847
0.244231724553292
0.5444733649472404
0.44303211133729964
0.36626256857832556
0.4559025063273888
0.44319451891305994
0.3757197645874453
0.35622221313731217
0.3737229400549589
0.40288295076977765
0.38342985563603077
0.3217335284767654
0.35707955602616587
0.39973352587822325
0.49345696946200646
0.4925513200017935
0.45557336010888577
0.4427975893144875
0.3624665724725106
0.5095162706775824
0.5185696084595981
0.36236554687450906
0.26976650423789944
0.49630970654116224
0.3396904799655221
0.5070691326853284
0.3953734539358683
0.3254927318408871
0.502816286397128
0.34978067299315796
0.4507518856325062
0.27154770746439644
0.4788344927311954
0.47750871179635407
0.4768449295713776
0.382415080317301
0.5167028038620971
0.4903117176003124
0.38801514061001563
0.3273409531032522
0.28975582962294066
0.5238098853952216
0.5531721507767954
0.5671446334086668
0.5505625288868203
0.6151763349035746
0.5602870846466356
0.43279456724267495
0.4774466012462167
0.42083535889556273
0.28590658922542617
0.4351197577773039
0.41421109221048513
0.6261866893503596
0.49043054958569554
0.5688284699152273
0.5187033000202138
0.4921248305973204
0.5327089877713342
0.33627616884120654
0.5514116290039174
0.5618748844292258
0.5006088090038929
0.524736804985076
0.4599868142781326
0.5429130165559575
0.5318827847327413
0.46099884364058014
0.4796895340308142
0.41344589934566667
0.42314054163636294
0.5024294327682421
0.4870663450543137
0.5624017991521251
0.42028096957425043
0.5359387113736416
0.49288524410578116
0.4973903895501475
0.5565140660270433
0.4483522506247145
0.40713024876195203
0.49643358394746845
0.4913294488832892
0.5742791957505566
0.5857170496012092
0.5148349923703779
0.354371828384335
0.48978247873479375
0.5912591105969848
0.571293346471279
0.6849117692393916
0.5791291933943
0.426690202158488
0.62773738914225
0.5164783363995994
0.4704113496279521
0.6415550726970353
0.6815462311165761
0.5078322905157682
0.5828412662316648
0.42963036171273383
0.47165633796560513
0.4252164424207885
0.469905564157756
0.3376347714877596
0.34317965737666334
0.5023597202566434
0.43927118656158876
0.4118298978631575
0.51360085907476
0.45559410775178544
0.33863034423386074
0.7232583273408201
0.4502485753145476
0.5375839827366589
0.48537203429837006
0.5436475431915905
0.6824929252851886
0.5966456986924537
0.5834256000738575
0.4828604550761462
0.5931685920815182
0.442219617651328
0.42444064014970995
0.5922144356843704
0.6305825293262843
0.44953003870168956
0.5130155041199109
0.5848752902839178
0.6331970861582843
0.6100091891150404
0.4065698143164325
0.4813503301304777
0.545122775599928
0.6421509901536417
0.46496719810421483
0.43305174740885927
0.42360680851051313
0.37849088881262327
0.4265050081465522
0.3860598559798064
0.3119392445160404
0.3896938717167247
0.36336889645251685
0.5456944336228602
0.39989576315958736
0.32958081813726187
0.36514018501505585
0.46499470555212274
0.3824031495768818
0.23510335002662403
0.3926539522832977
0.280158932393378
0.34331734006919035
0.4526952123928626
0.2848053131786265
0.4932321872327072
0.4454966827689388
0.4105594676734454
0.481280226693547
0.4392971786835444
0.3418876901755929
0.4359509124278146
0.32206136708925637
0.4724987835268216
0.41804677263069323
0.292513344187994
0.34020823115022647
0.31460971625464346
0.34472559693354377
0.46355515815475107
0.35436819156936344
0.5038176623905586
0.3743983542697246
0.2879211230676826
0.38678472731540336
0.4517316986291571
0.3245788217950123
0.4287416462488398
0.32691389381724384
0.4933958110569292
0.3539501627892673
0.4387872432271635
0.4076583143611838
0.4570895734877971
0.43389911467424447
0.5047204217489445
0.3032613615881917
0.338879009516801
0.25058041780651485
0.2584806154191067
0.3308837193172133
0.38747194021888764
0.35907612952967666
0.22461365500713615
0.39477555929921765
0.4293739156755592
0.40633164714370257
0.31307221215387016
0.35168056242519036
0.35284500821404896
0.2908946425096929
0.5258422481782443
0.26955301406331816
0.3548462907988786
0.36995713737440583
0.19028107582030318
0.21070100650443696
0.16024964932959943
0.3010724046094182
0.35540802974523394
0.45727620666715474
0.33313129286925475
0.40049364570239426
0.312025337975746
0.456856492757001
0.317141419796516
0.4036678758849007
0.37886233423068294
0.4876442796187899
0.35368077830030353
0.40064483885283986
0.2088082143610294
0.35416807833012715
0.36242189389088547
0.41579521481081416
0.3743198047537158
0.48385758237147714
0.36976714488476453
0.4040354597712951
0.4147538990613959
0.2617509642041751
0.3744044539796595
0.303057481443447
0.2757657108980839
0.5136651532174392
0.5204653570575436
0.29490844204316635
0.42607516188325045
0.39287369432144426
0.39928060913684515
0.450604776932686
0.46891239923059946
0.4095621677956937
0.3277524250588008
0.5595718194185474
0.43134708497627455
0.43518261275256126
0.44540980010420483
0.4274489153378712
0.5065858072809533
0.5229809563388457
0.5184925504087143
0.5617780851393697
0.520980685551144
0.5853955991531727
0.6553314459691467
0.48315567397680426
0.44085415060436006
0.5616403887186957
0.3492271469108102
0.44998329586842994
0.594580634155576
0.4440182786683282
0.5996271124727726
0.36633294625133783
0.5078673747568678
0.4308466603475243
0.4990868021834717
0.49361935219635766
0.2764372549193773
0.3955418734594802
0.3898693014205993
0.3973931384481757
0.27288289920751085
0.45959843584433596
0.40728726444450514
0.27133340961716035
0.48271448728340893
0.2955041820144423
0.6015287783924129
0.2820367131347831
0.3994587022646891
0.408817280985043
0.33034271575648333
0.24949097525909245
0.404115025660481
0.20835739426726144
0.4734821928077241
0.5108273620047266
0.35667727490167606
0.400202381325255
0.2414317887062309
0.37892863971034396
0.2864393773072633
0.25424640018769645
0.3624847058839681
0.29267832333988236
0.3155250979905743
0.37930751777605065
0.43848330221361226
0.43427053051141573
0.35565792238989785
0.4227616068603343
0.33360745544944564
0.13551067059048708
0.21032692887759952
0.32476693369193
0.42686421050884593
0.3106573282798172
0.2857872159588141
0.39715264092247393
0.35093296724723133
0.2629072275270661
0.20766575027743728
0.3496276544894379
0.3430428545929939
0.22969276120768178
0.31138279646295275
0.4848141063837102
0.43838907155813844
0.36095731338069187
0.5324063926064907
0.3612012975288984
0.564143337839298
0.6002758832957467
0.49883197377963123
0.4948816703585712
0.6269635517939416
0.4819507682332409
0.4907981748199617
0.5101636943444062
0.5993464910051097
0.40810951328643985
0.3856790824492168
0.4743971880309417
0.48698377989184527
0.5932987077866728
0.406464989126858
0.4307090951613993
0.5770849721070609
0.5117580870696454
0.46466383710487896
0.4541105345134975
0.2538521598350844
0.30008754684556554
0.35513433036888975
0.4557343948699352
0.30079952369213026
0.34218322220874925
0.15819360055721898
0.30082076260657997
0.4546665151558622
0.43925939032432515
0.27222285071168717
