0.2701992248154748
0.21135057422226244
0.2447034052598308
0.2449014338069929
0.23795852686417535
0.18312912309837948
0.2936941411102081
0.2836266957214949
0.23799633222721714
0.1980291722180766
0.22390655408854016
0.25536883810148486
0.22102512524624854
0.252537379596365
0.2328009337866852
0.28234466875027125
0.22468125673187306
0.27967822777905316
0.2261443053021781
0.23318098495730227
0.2397925181329792
0.24294933305440752
0.24145894901812837
0.23308467007074551
0.18332163569350235
0.19998470506519395
0.24139274653724924
0.230426912845262
0.2082850889021683
0.20924973809115438
0.2550257573677323
0.19342412624024286
0.2670353746532152
0.18321795052216377
0.280414419101265
0.2367860971277145
0.2233910699742712
0.2580139410611221
0.1833911872889346
0.22683005878970008
0.2004224864920173
0.20171037212168177
0.29165818547811884
0.23038093122001374
0.2502308067301128
0.18726680906242657
0.21283171407131796
0.26653043050305647
0.24948183481675765
0.24381872239688152
0.23426524863486367
0.30984614768962715
0.2503057310521569
0.2708555589070538
0.2296169910018539
0.3096481086378938
0.2678359547599666
0.3195259952329006
0.32815222740934336
0.28018243308206897
0.3222280354839382
0.3421007033417446
0.37702900192965977
0.29688829508429737
0.28182417560745315
0.3416717572072648
0.2830754021902004
0.335374753189343
0.313847315101058
0.36130449074810245
0.30398358012857796
0.3472654437193259
0.3699768498266164
0.3673007775996019
0.29264688807158057
0.4298336597781283
0.393031251441065
0.36343094871561216
0.3844684311191541
0.3778186872634413
0.3308643973377119
0.4074160819825486
0.49154816626241
0.4239915820957989
0.43513130587021287
0.43632065613459514
0.43548499550463116
0.45236510317240464
0.48047870223628997
0.5317620049589548
0.48185952701616197
0.5223093885126547
0.5265597735462347
0.5327160142092052
0.5421883582329748
0.5394923117573682
0.5531833649240538
0.5691220006461222
0.6030136105142603
0.5739696775404008
0.6112012588993584
0.6191165095195693
0.5740311615192013
0.5795405873238343
0.5370326572807933
0.46608844665801896
0.5363950368044197
0.5570683099931202
0.5431466448639992
0.5380913757242595
0.5515975393032024
0.5117353556906712
0.5337906779293646
0.4821306855540961
0.4875655121215919
0.4986116097007126
0.49243042598350417
0.4759157711586497
0.4956825602420321
0.5474828853346441
0.5040774272829538
0.43165950860085955
0.43017240461277584
0.4534315289224739
0.45245920782866295
0.5186997992519713
0.45982125670952706
0.461590758949951
0.478498382755851
0.4719438240883746
0.5203453861052346
0.4600915588091187
0.48858981801756834
0.4914968956471082
0.5180814178747206
0.5075876185461979
0.4776462274865263
0.5189029582364943
0.5022595995213247
0.4680249355479392
0.461206289337466
0.4651251165319227
0.45537365501459953
0.5251780702590426
0.4369573631601721
0.5080522584645654
0.42697321915723874
0.34179746314653264
0.46884071807269984
0.36715640138484656
0.37497962241173033
0.38261809517582646
0.38242440715228243
0.416311222270346
0.38325833563848843
0.4600032905613266
0.392465984369472
0.37564707294770683
0.5000816436991723
0.43249516714179675
0.48043008434021156
0.47857818868199015
0.4902844776779958
0.5002422588612918
0.408579659766015
0.488359755355375
0.4350087172951422
0.4624302511949249
0.47615669039896436
0.47346308723047204
0.5102057880681373
0.4837396376536842
0.49246542129143894
0.517197733785353
0.4903206816337218
0.46099136583544204
0.4342127394486429
0.41783729544641157
0.42982908744153825
0.4427024481621032
0.5038754209814993
0.45785550438551964
0.43920493121754556
0.49317306139396794
0.44375686800995173
0.4168920187772805
0.4323901962621516
0.2773194295318901
0.4310855514436047
0.39267614029235065
0.32445670488563655
0.33158032234741924
0.33714662582803406
0.43503618295615054
0.41331567149940407
0.29407091494384846
0.3650668763685469
0.3500261411852972
0.3547115441040969
0.34681457890566675
0.3872413340740854
0.4208718590997074
0.3369598980292855
0.3376871032681282
0.3611200810946905
0.36285067786413183
0.34054606388478686
0.34383600990384505
0.3584384705302686
0.4140251351851343
0.39051466333702567
0.36279118342532957
0.33558309961333654
0.3530628636573825
0.3297562672861797
0.3553331041461
0.34145835705961136
0.2951910575695433
0.2700665364599383
0.3038675429157543
0.3893005387055536
0.3190668332476159
0.31902123871184784
0.3076730848640132
0.29751224340245624
0.36289091144418767
0.3392795631325684
0.30991350052506905
0.26383111287439887
0.2897345605729812
0.30577960428458884
0.32411264122964645
0.3412865159267289
0.3801123665698099
0.320688316259627
0.34104489707002894
0.3742835387178888
0.41841677403205807
0.42129029161592946
0.3999042495996481
0.39270550431380186
0.4539867380772806
0.4454215242265843
0.46692301096088484
0.46991753809107045
0.5255540064186053
0.5257123157820938
0.5418250930613779
0.6623461901542389
0.588441092354184
0.614251230428081
0.6669180940747974
0.6747891178217224
0.7074203757761105
0.7387448367090953
0.7020813820653489
0.7627523577834916
0.704628516468989
0.6905350823608645
0.6885060985565091
0.754388899353452
0.7297940140953221
0.7061778701583539
0.7623770897117934
0.780666855563342
0.6778171799908164
0.7659288985515657
0.7625659266879926
0.653805244734743
0.6290705154986976
0.536755441178748
0.6003114438426111
0.5615385776949435
0.5375587248031626
0.5050460075368822
0.5115992027819917
0.521190209394238
0.48996020935318024
0.5424375604912456
0.41920661402533826
0.42196553850598634
0.4584587445990681
0.4527778832464738
0.48580909859818805
0.4531883231327984
0.40936178317414773
0.408163116914979
0.4565406976253365
0.495054561366075
0.43045152667534947
0.4277148533643689
0.4711337819642798
0.4010873624996299
0.38888146505020793
0.44615269621322706
0.44706121343280814
0.43787820739189287
0.4609452926419906
0.49796940376825927
0.4617076040130074
0.44883972478791895
0.44499215765985556
0.4524097368328013
0.43047153936617516
0.4683104218592266
0.4553300903505822
0.4667306631978001
0.40185668041381206
0.4622952889447234
0.4793920642427818
0.4730979884016707
0.4417825596482997
0.4712619003197517
0.5242089371375742
0.5302743683133423
0.47549574171407416
0.5403571393318392
0.48328174910129695
0.521353289545635
0.5007952045335516
0.4807768613317547
0.4952263139524461
0.43327912449488803
0.5147159937213902
0.4832686108812867
0.48838991949343313
0.518459357823309
0.4858596210964985
0.5317679646258402
0.5088953630382363
0.4735502112617537
0.514638041487782
0.5478692808780606
0.5497432922638361
0.49673149709968356
0.4846123729366855
0.5666555365045074
0.5381649860856594
0.6094363234178337
0.5598433539125054
0.5926999022487028
0.6162301288291339
0.6043712232263002
0.6267983277489404
0.6489922809510094
0.660117805353694
0.6739839611630459
0.631057679534796
0.649453004128494
0.5768743990284275
0.6010141168382078
0.6546531525283767
0.6592774019259795
0.5463736615251487
0.6498696806305007
0.583139928191837
0.507630235695937
0.5695979827760042
0.5872588455909734
0.630693855068807
0.6134425832327612
0.6253689930390629
0.5778519445385217
0.5711406461670069
0.6673917742992156
0.5780145815884901
0.598760977893962
0.6055885232445632
0.49859300877418933
0.5646532620491637
0.5613113281819876
0.5737755228421014
0.532066346593304
0.49475437096481434
0.546002861617061
0.46775069515774886
0.49749739500473633
0.5171185001155936
0.517230028239935
0.4534579036428209
0.4787649155937632
0.4700721801636459
0.47696804824828126
0.38026636370102895
0.4522181819416786
0.5138677612170727
0.3334042725157619
0.43223262458355943
0.41175559070988393
0.4302440359718767
0.46544921964698727
0.4450155107304804
0.40994851810665145
0.41250709992054363
0.45928926523861346
0.39854393589321935
0.40705086877843183
0.4873573109482857
0.4770293883751134
0.4910844592927024
0.5093114895472397
0.49423465010666934
0.5313323158832028
0.5527117580455261
0.5321178745817117
0.533450957388103
0.5109785448451906
0.4685232883054611
0.5348145196977793
0.5624836605731867
0.5054303736290711
0.4358988793048973
0.4733688216152468
0.46582389151679376
0.5170881672692154
0.48624230218392805
0.5602600687408712
0.47456705843320485
0.46761360032178245
0.5081940200294148
0.42784534993154244
0.42902182153123514
0.34353160748108613
0.4126855524558206
0.36811451681911606
0.3319715750916476
0.40423418704027886
0.32879293898297823
0.3749180260958863
0.24049578494816293
0.32331409098408537
0.3173073317527215
0.2649023107368026
0.2807338256874474
0.22687534068882537
0.26911022336659685
0.2795819232586232
0.2326093394314356
0.3131556559990727
0.2565842020227295
0.26741567299372554
0.30901821846856725
0.23941953965816515
0.20900016261411142
0.16837943231526958
0.20385726875215912
0.14825644318838233
0.1360672112770779
0.18385382023901367
0.17042759800084045
0.16669050825722792
0.11483121353322909
0.15126680531907385
0.14495026925032986
0.12155129179697516
0.15119106615600053
0.12382314163580588
0.1960846320649836
0.16333911000090184
0.20367439826151512
0.18350073157285263
0.23200485044902225
0.24927909490535416
0.11631332037040656
0.21168967868486208
0.18921522890120443
0.21634532704258674
0.20463934798708688
0.21283677032928494
0.2735094163692921
0.1692466719577516
0.24995234802489522
0.268317887657355
0.2817731596010145
0.26257900093283504
0.31222754440227873
0.26376090189969215
0.1963009336995053
0.3079529285177164
0.25627466400820725
0.19487889416386098
0.20275443664663031
0.20346483319964315
0.28618521534798397
0.16612153291573376
0.20704399747656246
0.27469466245327057
0.2653693857788082
0.3158296735845428
0.24782054998090963
0.3037995295702169
0.24771172755902915
0.3264358625777057
0.30510427152640085
0.33471877340628753
0.35683367421702344
0.3881463300942225
0.33536488496846717
0.3685142766316061
0.3604572358249774
0.36021245855214673
0.30658248756161965
0.34484404765637655
0.28644589757200734
0.3567131694663095
0.32325248515210336
0.30760004804803837
0.300739806705861
0.27653874856677957
0.36558264362436144
0.28068420324655413
0.38901517404688657
0.39952855880857097
0.35433260462075816
0.41601827917030815
0.3954337787656139
0.45918697888821164
0.39604004217905486
0.3783797501891141
0.4107126537468916
0.395186983589511
0.35703832220269627
0.3935042513141364
0.3961741504347297
0.4083261176816727
0.4124608183916644
0.34805882545005806
0.4342174128342141
0.37334488198643057
0.34331530899789503
0.2840619713853814
0.2932021615015629
0.28215511879116556
0.2647169534835521
0.261468938953524
0.26458719385913254
0.25593128866462483
0.2936891842547481
0.29328836296556654
0.26728852679365583
0.32846811427521005
0.21629711408843527
0.21499320877262762
0.26366086896012336
0.1833765108088627
0.26472004514661185
0.19717722930740333
0.24044637745256275
0.23296329679790756
0.277764640894409
0.2789212071566975
0.2128339279263744
0.23126147255901497
0.2421873366200932
0.16539347765386486
0.25029907258194695
0.21125900987179852
0.20634852958346064
0.18815805925904627
0.15523815173683495
0.23570967888745736
0.23176976579741143
0.3272588619168912
0.23849346307717306
0.26693316582675675
0.207564367844359
0.18829975089255116
0.27257063778607415
0.20893912535645037
0.2553931438059568
0.16835796930956046
0.20537742022697375
0.19104131955038828
0.21299690024491777
0.1500799733808813
0.18628096414409673
0.20541987661964012
0.17467381128257323
0.23380818509848283
0.31756067829629653
0.2925448505871463
0.3096110564070942
0.3850809907114078
0.4500863296377009
0.42724642505713806
0.3577600154487024
0.34525131426884303
0.261488993212669
0.2385312695999623
0.20968147587781266
0.16606966043164134
0.28714676585900123
0.25679258790606146
0.20810308528528698
0.22233511604822465
0.18561811625998748
0.32370797252387473
0.26365931318234137
0.23206587705282972
0.28821656147511165
0.21209383740387117
0.26853925943420764
0.16465279195486557
0.25486241603459353
0.19964457393982274
0.23412686656790194
0.3083404953557454
0.14731761001244653
0.20284448153846846
0.1875630669496866
0.303528134216058
0.17107626507325074
0.21518530209766204
0.18022171354594427
0.17124445199985053
0.2771927462238672
0.22509097624643407
0.11049469200487486
0.26428549154476255
0.24614315228782918
0.19531237684663555
0.195897191955858
0.17193469605254236
0.22880583136949473
0.21255860862667103
0.2073459186604162
0.2826022858751056
0.24422534566763265
0.262266425807959
0.22022128129710808
0.31104064236765255
0.33310268862929854
0.27670826967682227
0.30429620630265264
0.28499336713415346
0.2911714174483341
0.3025851300702977
0.2428607887889876
0.27590378819890155
0.26121096538705163
0.24966235550510224
0.2990550215137824
0.3249401744582908
0.33698760264408706
0.3260551432407819
0.27888670581141806
0.3255233219248117
0.2854699782515558
0.2514811576625457
0.28522026726055694
0.28414150251822834
0.2633459666575472
0.3656669739884025
0.32629044277936636
0.3763013935166612
0.3115632590959532
0.28023588747699857
0.31901161447415527
0.34691956276083336
0.3708034641113107
0.3346064463712719
0.32079469484538226
0.2608153981249585
0.31084930409406614
0.30123255219965833
0.3289924089080285
0.2921182364000271
0.32552614764086973
0.35492326031970833
0.28459453608766705
0.31616990763302766
0.3443139299656452
0.3176258631616651
0.3051632029643121
0.28491050257785766
0.28621518499284093
0.3036680086708916
0.28179025279557546
0.21449417677962568
0.36054361900827714
0.31749153827783666
0.3682859899672862
0.3994107097216339
0.2991146846329057
0.36339654963784906
0.40266125887066573
0.3436359364902528
0.36852165863688163
0.42656389255932337
0.45843769455664174
0.4058995751857098
0.37518680793696535
0.2945650042407611
0.38052152074058926
0.3133904608820005
0.34710481545332683
0.415217988040976
0.3767513953230939
0.33771954268187954
0.34803931628337526
0.3521279582173834
0.38888710181942776
0.37868217711356367
0.3564535998929825
0.4136371413322751
0.41464026443124913
0.3442152954566504
0.4315718114218233
0.36293664060087405
0.3863857109764297
0.38098607444472204
0.3139262714010009
0.38627975711094087
0.3149638147597396
0.4019826162266066
0.2986947118866019
0.33585955181861205
0.30943919105516027
0.368790439264705
0.3054487790648655
0.2847250896239081
0.3015343034667159
0.3177736373580274
0.29873057643949
0.34200391645839623
0.37773093302714983
0.33488751271545336
0.33507963157369514
0.3073115479716842
0.27716586601513427
0.3008875239203158
0.37908969440136764
0.38351144381746993
0.44457844777615235
0.3586850490733783
0.38029391679076385
0.4177057369488594
0.4252194554231403
0.3617952808031522
0.31987383412594217
0.4221222679948502
0.33145908233488014
0.30959334657675197
0.3306882322913698
0.28769743576141266
0.3109871059785065
0.30950939837491603
0.3859515766791057
0.44051754565308854
0.3445938811541585
0.35948235533180417
0.4068329659476461
0.2950576312179823
0.382507208706313
0.3326334358129287
0.3369704183953919
0.3122644958510691
0.2747331298442718
0.3572384112241982
0.3409725235996992
0.3487659586722102
0.33362214502242754
0.3499134772099805
0.26943941514408354
0.3382848112534705
0.2717635893264963
0.2672077819791349
0.2650553659970092
0.3310063169701777
0.35018473814569884
0.2283132216774565
0.3627149486214154
0.32786022588063235
0.42876294464903025
0.24887359341074405
0.41197734057825036
0.3326321535561447
0.36741433743819363
0.3569596932724386
0.32745338633488574
0.3178296537129166
0.3829279594547009
0.2994983116303496
0.3141529591081767
0.35690962929900133
0.32923181839975213
0.2925101337985864
0.27267735022524264
0.33386854610700417
0.37042949910700995
0.2757797856746043
0.28119528192804055
0.2837018850318588
0.24747777264419388
0.2382757247525298
0.22479356765062827
0.20226575955473136
0.2628329628386879
0.2704688901342338
0.23657394340332988
0.23816187463671112
0.2782002065300745
0.28465376251658786
0.2917877757077974
0.32367690167151414
0.31942671036818493
0.3119016767458579
0.27848845507167574
0.3348881083439497
0.33097359809784027
0.2712828430299062
0.3589804643824992
0.35079139165566386
0.31133348634770786
0.31561990137862883
0.42326747970742734
0.26793353949666215
0.3080417275109328
0.36454418215429507
0.2988167978210419
0.3617100252671186
0.2531430501354972
0.35663939060687555
0.3196083562339983
0.30230375004404775
0.2543460819133103
0.40714848854059427
0.3304654891564573
0.35229770348012307
0.4362334818773507
0.3668494061267148
0.34035585514617106
0.3074312806362444
0.2712405568688434
0.21840004497923832
0.23208439550518944
0.18813533540389477
0.28672845513131884
0.28740863257485966
0.22911144049507318
0.2784500939615509
0.3164661936374338
0.2678712233435001
0.26984214403428625
0.27156660328349047
0.2680252971168998
0.31688045961936245
0.2993657118507277
0.2788663640420904
0.2743116836728703
0.24976172587318649
0.2315422313257511
0.34770649712877305
0.2469132556885793
0.27224367148719386
0.25254230851956305
0.2965709007602647
0.3825170993453354
0.3057198439652641
0.31406833330202066
0.34325075191381255
0.3769764544191149
0.27987664425097475
0.3227562743780691
0.36922581420883027
0.3470256508469457
0.34821613648167915
0.2540031499005183
0.3410513824098661
0.3732832309561005
0.3699238091360826
0.41271294678051723
0.2858433821516069
0.37868595808181266
0.4390311836145221
0.3615886183309674
0.3298208935090469
0.3557027706778201
0.33838090963897655
0.3641642400491557
0.3392952758864056
0.3569725191279675
0.3585732677827332
0.4112200542357141
0.4031319305683456
0.37568438067274124
0.37872642889640884
0.4316550161395901
0.40954990630701915
0.39701765682492374
0.31016446988648194
0.32485124011215566
0.42787355082655365
0.367002970311604
0.43050873511702087
0.4554777966102393
0.4470337122360815
0.47003315046623245
0.4871350939135322
0.44727465167846503
0.45384604915958027
0.4427875097284584
0.5632825501149326
0.4799125366606682
0.4650678044335351
0.4524420101415556
0.469569460289055
0.47250556569769014
0.4331707394989353
0.45843827684229244
0.4285449876318189
0.4683917141246046
0.4421729757124667
0.45439132696447043
0.3921326243973498
0.4367240947355713
0.4224821982865282
0.4994107998604852
0.4706481317119533
0.4183720489273954
0.39439829998666676
0.38878931268241035
0.42891424121333477
0.43863314268281084
0.4073660611703865
0.39064010416029116
0.40126119811337013
0.44871714391216894
0.38922453281234254
0.43085930893098356
0.3534210409337505
0.45352212090648875
0.4335968161689308
0.49422602309377256
0.44144719635157237
0.4322384510331406
0.5297343046238097
0.45651478880285756
0.3749842008883502
0.45847777302065157
0.47219525654355265
0.4190176582880871
0.453809420145308
0.4045376957429596
0.3083217328715645
0.3519976688890348
0.34478092443289304
0.35901360919093067
0.30790803578745823
0.32342180852810903
0.37886667336349655
0.3437506066451811
0.3209016153685702
0.3215868170136956
0.23782161368991211
0.3019239600966743
0.27169316509154484
0.3697452511570566
0.24775503478871308
0.2978365251320011
0.3829908205697531
0.364124369141943
0.36612811072672585
0.38835086770312677
0.34566386359160056
0.3432654090924563
0.4233739542121281
0.3321628554903929
0.38649168337879436
0.39424972070214254
0.37520985018256936
0.44295368181090233
0.3914534842596439
0.38096542993138394
0.3670463545544294
0.39505024708024195
0.4186908288048042
0.3938156548336837
0.5025191009135417
0.40466226600436506
0.37779210782203426
0.3813993785951475
0.3735500717739773
0.4261601564832833
0.40933066666638684
0.4196393035275843
0.3378440521146254
0.3285505414583745
0.25473531655714216
0.38277299896069494
0.29829595038642204
0.3410653745796086
0.3156727365576552
0.2086124608017189
0.3327014814942505
0.25546070777062035
0.3092916860313699
0.2664187813588991
0.15326530178991804
0.32494085545607876
