0.2735114951737969
0.3107025672610394
0.37393712937491685
0.29867747082521123
0.3383242223497559
0.31057173317379305
0.2939877253310262
0.3393263420346364
0.2166318474135318
0.30377250103088327
0.283480304392838
0.2723398998493255
0.21952986865492902
0.2732879981070949
0.31048239340375794
0.36920395487494134
0.3694032288935743
0.37693685021329915
0.27504121297574013
0.31007760152071806
0.29340153926884965
0.26813212765922534
0.39474282704932184
0.2943271752738714
0.30175537793779994
0.2768189800865262
0.3827930525428444
0.28786754603257625
0.3064017208949673
0.3239654382107641
0.31044430364119513
0.2793784835095082
0.385867388390167
0.29671493080663025
0.28444191680546616
0.2501654609521819
0.29844008488682194
0.2682275590093253
0.28345453794646897
0.28303777213937176
0.23192423415468216
0.3190165522037207
0.3361240356103078
0.3086048593217877
0.3254942407573527
0.30532865686051136
0.2826181910953724
0.3859583086659901
0.2499604702209465
0.3036491296969006
0.24794705371830345
0.4253587462712105
0.2854144757067082
0.3049631685488527
0.3276171337903535
0.33783292418757954
0.34896615317427687
0.3152932368726915
0.3019976857289514
0.4307015238410974
0.4356459772126808
0.3058886056115376
0.3608507495686762
0.3607088124059653
0.36363570511372534
0.3718279489978906
0.3950523317575913
0.38216184132286485
0.3690935172416
0.39734434681247144
0.3783374028360606
0.36099495056897624
0.404958421580018
0.32963652366750945
0.3741640937161216
0.4472669316388584
0.4610454610254226
0.42747399352706505
0.4440825938825985
0.38085953080589824
0.46265315943487917
0.49910198099976544
0.4829324686701366
0.5007346971716699
0.46009887747144507
0.49690298198948485
0.4982964134995288
0.451609746402421
0.5605227988825963
0.6439511659741841
0.6396588324234859
0.6049788044625171
0.5749776770241187
0.500762258361304
0.5892140977068877
0.6480086028021952
0.6342061644589747
0.515408988689103
0.6706927981572319
0.5980250611532087
0.6617772611025055
0.6870369466698473
0.6051164432056348
0.5985486142095648
0.6078448768963337
0.6760823631755537
0.624940591571612
0.6228014011008551
0.5016901087459597
0.5947574184768033
0.5023086969452609
0.5343101237735796
0.522601983735366
0.5454721812450828
0.4111807999484685
0.5818970805799569
0.5122394073197492
0.5030586138820641
0.5050871867599425
0.4742852598420094
0.6050762030257752
0.5253876518677487
0.536676359993531
0.4837703892820468
0.5660604545216378
0.5535764171413667
0.5556346933132801
0.563107949934891
0.5830188418132296
0.578033547283521
0.5249004471763008
0.4925671620997868
0.5867316609803563
0.5380337248614058
0.6128615275673199
0.4877647419134772
0.5863060284629491
0.5393332838976057
0.5475487063537782
0.5157396048172148
0.44630222989072355
0.5324135279168208
0.6271621924045883
0.5576000735748876
0.5115911929550765
0.5012816562340014
0.4691047778874667
0.473228588729366
0.5163703626950473
0.42266696302171997
0.4262614334866578
0.3881957069543852
0.41901428946530217
0.46720221191703504
0.4647115247461222
0.30717464542799156
0.49680027222043066
0.49563514211209136
0.5869479222169223
0.569739327827341
0.4174131530907955
0.4401251836637096
0.39270384171641814
0.5016285186629565
0.5193466999796396
0.5586223901949859
0.5178811448140069
0.5714320740844041
0.5101311243421935
0.5270314148616211
0.4702537407086467
0.5391621442632704
0.5766612737476267
0.5858966496347824
0.44949512084770954
0.54433289284484
0.47955490896689024
0.5434558887733684
0.5213325453592395
0.4524676604232521
0.5208303845140847
0.5229623574662492
0.45312417611974637
0.4123805097186339
0.5021913321810534
0.5207693954869919
0.3606357839020436
0.3703477477834273
0.4323052315577919
0.4154875309068697
0.3868930568445188
0.42229296867524097
0.3872535466239864
0.34175099238906137
0.3764926817315244
0.3440814351538999
0.4905577509927065
0.32305320365902274
0.46558427167327343
0.39937659421639643
0.4266950606030589
0.4026244783021685
0.4365842987330561
0.4021448940918937
0.3818145379709307
0.3845403418600625
0.4751085413275513
0.34530078444022766
0.47846793827192735
0.3430413540036515
0.4182044853389347
0.4486746272532166
0.4618814836346798
0.45143153238889067
0.29234087123074765
0.3431614911839436
0.4649505577346039
0.44841843854824204
0.37982093526808436
0.3750065831215251
0.41268330023152877
0.35655076431349086
0.2840570455861786
0.33854108793582544
0.2687505598536731
0.36407196607523595
0.35246750406775723
0.42187465718444933
0.359278082569746
0.3984397772779526
0.39698117601839533
0.357228169459484
0.477027629949918
0.4808290168788494
0.3797394593024975
0.5100192436383564
0.42098437718347176
0.4482819885560875
0.40841217647707234
0.5150514498910734
0.46863619640985876
0.5443911727370835
0.5546435517090447
0.5230116187525355
0.5962251030399708
0.6467327153473124
0.6207973182557698
0.6807546114964498
0.7058614586789225
0.7494105730514034
0.7944860728489743
0.8181868705358976
0.7994629089977863
0.7732108843108078
0.7941943504623123
0.8005024336481024
0.7717821437237365
0.8259206705645517
0.8658632780738701
0.8690121029456039
0.8728278118618538
0.796254224822996
0.8385342595586285
0.7767356008749717
0.8817559062467362
0.7039036574789266
0.7699579579109792
0.8113410685013918
0.7657834650851552
0.6905716063368031
0.5922924008370842
0.7559206596853321
0.6929103413882347
0.6450955872898915
0.7032349707667823
0.6282198884074028
0.5964342478200692
0.5338895467003175
0.5235949025430583
0.5611869969327136
0.5222969609522744
0.44010359650816555
0.47091130112678964
0.4768551489614238
0.5943418531715696
0.5380485703167583
0.4996340980307393
0.49616156552353785
0.586123847893748
0.5821332515816399
0.5343148335453828
0.5296303104337927
0.5233530467966742
0.4834126151196502
0.5573374375698158
0.47887991628373794
0.5976371443595758
0.48521674505634504
0.5703253362697858
0.5485324167370416
0.5007869046752329
0.47802899960085665
0.5367303737660056
0.5128161360371138
0.42545126838395575
0.6365975934067387
0.5785418439418827
0.5545134303640522
0.5982977656004512
0.6735667958637948
0.6152487508225062
0.5189104127242625
0.5763667023031025
0.4964562969844799
0.5295683045490158
0.5964324976061492
0.4825141182479133
0.5940202972966167
0.5670016157128271
0.6341818069182626
0.6176793941376395
0.5986798098063363
0.5366694859125962
0.47821591402993346
0.5271440038831908
0.6741531920659356
0.5150685244023933
0.5522942822869789
0.5896584714720683
0.6628487395137668
0.5698299581288166
0.5542099544784463
0.6139375676155835
0.6023241093232569
0.5862401952454077
0.6983092898164767
0.6096698430108327
0.6036009935201936
0.6704445796436351
0.6105294801264798
0.722056590300022
0.7327348200858078
0.7892523618418947
0.664880418321335
0.740992283278746
0.7571712130798778
0.6352445044150674
0.6318888461140223
0.6844389626782328
0.6469052236482852
0.6819135861524492
0.7436091943610434
0.6655860500835455
0.7197203689210546
0.579838725237505
0.6972130163812396
0.5865584881577458
0.6076284736543094
0.6289006576330836
0.7161791486767433
0.7682352286357137
0.6778533368235714
0.669118155014494
0.5003123942913686
0.7274889490082221
0.6833649017483272
0.6147399808662288
0.6298940198415897
0.5797278923889484
0.6448033681958226
0.5915002821839324
0.5233624503395934
0.6236041406991937
0.5921095248991229
0.5684013611832599
0.5435109185460787
0.5151037703989019
0.49377451291476476
0.4855115858676188
0.49626515251622544
0.5457894675269429
0.4537174293057077
0.5431162673032977
0.5272820833748344
0.6257277602719005
0.4548054441404636
0.5128312849510487
0.3636129216828547
0.4099496769294986
0.41362599043777437
0.5556107662738403
0.4135014642933214
0.44910584881437887
0.45800245390331595
0.5143138784227939
0.4186476024548983
0.5219564486376844
0.47382668689330965
0.5069861351188159
0.5108903999970907
0.5805926616913462
0.5412633335912083
0.4905655755678827
0.5749780585616238
0.5605440966202595
0.519251141617755
0.5991173667505106
0.5475177289805442
0.5288774279356627
0.6389172537504546
0.5253868437571118
0.6644604864913624
0.6215735893911922
0.5432775246972726
0.5933565415023483
0.5769356530031231
0.5018631611813404
0.6273627836206914
0.4690048204258651
0.54335863678096
0.5148571372990771
0.5151795429276302
0.5316274882348161
0.4901557442473509
0.47931742509411956
0.43313768039480394
0.3841134979189949
0.5139231461603679
0.43815760670248116
0.3845153941347724
0.3982983551825774
0.32622488052320375
0.36897622499499766
0.25558660887042584
0.31186833469567454
0.3618235564602237
0.3340343423237684
0.32948777763389553
0.27107757544194716
0.36226323980596475
0.22880768391212147
0.26020816483357634
0.23706150110474097
0.3108037170622524
0.2432871925995474
0.3783716816844276
0.2717989826708214
0.29990714953459674
0.1795658745351631
0.2120908336532495
0.2533706885248096
0.18478755937418723
0.31155526016698293
0.24046534310669035
0.2094257080817474
0.2492915631393374
0.1637010738589086
0.33828448373500686
0.18796439807106866
0.22438027001719196
0.29784588207035345
0.18626759402648957
0.43960164159040027
0.2883723345432899
0.25661500604031234
0.18176842683989092
0.2863131140565741
0.17993971075964416
0.3281604473589733
0.34098668569368845
0.3146846114520562
0.24354698028486968
0.24411675797637294
0.24924604087943983
0.3005480159967727
0.3869855531553489
0.38530750054104046
0.2889273642336444
0.3166635727201933
0.29786142944867366
0.3219272381178297
0.39413265816294174
0.28723021951066646
0.3180058968549606
0.27801382551240456
0.30939790371660036
0.3056994269804385
0.2935425278435386
0.2432071629258165
0.287794223131654
0.322106237640265
0.40320272995438233
0.46465243390711
0.48738320899348697
0.30492879444087573
0.3605416482821722
0.49222581547643995
0.3463637029616926
0.45627529336387707
0.4075063682882167
0.39894631981014034
0.4774775385967602
0.3931375089872069
0.44003127736395253
0.45757034677934166
0.4370182624254889
0.3703687944973364
0.40160954772547697
0.46577390127761054
0.43106528605113026
0.37638583686841554
0.4549057562519115
0.3880045607242969
0.44503085223354194
0.41306788275121636
0.4188383781829753
0.4425630898836339
0.5361231388704012
0.4413012765064719
0.5703136265196219
0.5548060913260178
0.5409757086179106
0.47712859932188056
0.545919409913115
0.5792228362202796
0.44374247164000835
0.4125696691543686
0.3890457968248161
0.555854611057788
0.42633998200441914
0.54453123380835
0.45886908795476855
0.45055055930912374
0.36594730616701665
0.4386983611837649
0.3082171658973111
0.41826670061557814
0.42804050416729406
0.4591540548892812
0.3018396216379404
0.33298654390256244
0.49677794937680975
0.37981286909763534
0.266693714463361
0.4253970192855181
0.3453818083577046
0.28984728212495614
0.24739786839856331
0.30714339679887726
0.2849403205093223
0.29086270132017256
0.29342345250365637
0.3683017591109717
0.34675639380690815
0.2210938698748432
0.22507136205565625
0.21586180475547123
0.26276383493852806
0.25980571727617086
0.1678935203867636
0.2729074025979178
0.3195798542869518
0.405631885598147
0.2737911733792564
0.43207869755363376
0.289185132663606
0.2678478192331625
0.20107994529822482
0.2595691981305243
0.2696112904109293
0.2856585730440116
0.16753963424057797
0.31493352150740866
0.32863299570197624
0.3198134685997772
0.42781832547509324
0.2639125297565933
0.2837757620285335
0.2571572241032571
0.3977362326414975
0.3698925512767243
0.48949104922680386
0.6578855296875018
0.6909481435326308
0.6995254413234309
0.3695598601378022
0.3578391971198987
0.42728836582107094
0.23267116510058433
0.321545127395607
0.3069884819207591
0.40500797118552156
0.33139635471863155
0.23304273881111387
0.40578402888279297
0.31839562183483056
0.2851319613116229
0.28352132386928575
0.42183443704251933
0.25313779992237023
0.37314107845529065
0.40727491500242885
0.2867051542789205
0.31022313727934725
0.4270284456928286
0.3449244892150847
0.3089688478899111
0.3376173933987072
0.3682175675775829
0.401888687268514
0.3216696832021395
0.35208915991099454
0.31521503983830723
0.26955801935121537
0.2626347943204631
0.32316918406201367
0.268666854219727
0.22705117687454196
0.3378234924268846
0.3135961506717915
0.4091761048038408
0.39430715718364595
0.34208000796122673
0.3393997487815098
0.3546575081574914
0.3684824525193683
0.28444381829545257
0.32524386551528095
0.3960861886979288
0.37586301538305333
0.43694942376116575
0.43488767042549004
0.39054361480442
0.3086500654841199
0.44221414632229616
0.3561733870071976
0.37463548660920437
0.3800656882930438
0.26477577774914884
0.4236874506017376
0.4642048092262875
0.44027142700323174
0.4639602901217819
0.5437814015652189
0.39503932801712416
0.403647110528134
0.35810808494557234
0.47476330675805756
0.33478980279664494
0.3582885582377241
0.46451681100341846
0.4981702049405564
0.27564639988153194
0.4107081785538373
0.42194516230205137
0.48376223442809463
0.35110083633931466
0.3845104453554114
0.4585440791307723
0.472344477552708
0.39580431568472274
0.42559600012903037
0.4385155296271066
0.32063181554430953
0.39346348113399743
0.3325970451871429
0.4048020537428124
0.4446870706648469
0.4048263112760657
0.4212017227265935
0.487251052837978
0.3968483856302589
0.33688325145432035
0.36727549786963626
0.4380223804096083
0.4211536367477027
0.39543117280635287
0.3677720062480698
0.3029506099890215
0.5297247995470491
0.43979818138998933
0.3320620331439
0.5571363815215846
0.5639452790097796
0.5174111312945565
0.4206862354773205
0.4771698943220314
0.5040115264125954
0.49827157053285975
0.4304190448376753
0.4777695896933085
0.43193883702370023
0.4459675814339762
0.3933021384467209
0.3869289652865437
0.6166966319612881
0.5343739787679382
0.5497160412939438
0.4366043834472969
0.45020634005920157
0.4659354838752691
0.41207968893045754
0.5195846839499912
0.2903149459143335
0.4874989028858966
0.5460630370716127
0.4924565031671052
0.47652774608402715
0.42641083518936573
0.5846181564104864
0.4606390749043618
0.5084998338461347
0.41884621785432335
0.5456732012381527
0.5370632727896651
0.3968360994180569
0.4825507071549112
0.4266769941500107
0.3656363547234742
0.5538256682889302
0.35190415097479044
0.3627207607150785
0.4439826029163225
0.4811985517400046
0.3512179380241518
0.44108399592307895
0.4049591269033481
0.4605520976245286
0.4953085514970702
0.5203164797826028
0.4838724535010437
0.4403106234193137
0.4400702183604812
0.5123643662131043
0.4264426577825112
0.4921194984597995
0.643802510559294
0.5483202066700923
0.537196338193167
0.4110476846161828
0.43453376996312637
0.4919701053186823
0.43359367213644817
0.4752126080852436
0.4074671292197466
0.5717392114602106
0.43626725294761526
0.45635609890328266
0.5395448152766424
0.5967105233014571
0.42848190799740715
0.6041017487905103
0.5272580044978632
0.5702760257241446
0.49190393437574964
0.442683813770401
0.4876548915565211
0.5346710595650854
0.47377391685951814
0.5628333710033285
0.4716854866797764
0.48388880710610216
0.2967370923593511
0.4573695994520742
0.5004167048267225
0.5710660440938611
0.3780069049735913
0.49578966777964295
0.47270058318364855
0.45896197700774133
0.34022672922033714
0.4504582108635573
0.5051351979407176
0.4692539009791606
0.4065020571068121
0.3354073325755381
0.489764733701027
0.5216537388627599
0.4957254276379036
0.4744011041502738
0.4878249015137364
0.4908647978714113
0.3792378368337473
0.41295798923813587
0.4857259356544139
0.4460315254447961
0.35623006077554975
0.38171606716493467
0.46138296083400193
0.32736932433893223
0.37996445482475527
0.32870627404001884
0.31907697879936003
0.5737873227700447
0.22665048668309729
0.3178023922921175
0.3009982822296794
0.247687505742698
0.2821815490569949
0.3603885318395072
0.46627182823982427
0.33484031603289843
0.25767230930761753
0.3131257791354449
0.3416767487169958
0.46841739430969354
0.2885300067307297
0.5433868943880236
0.34375067769224454
0.3296576628452152
0.4103556511774431
0.49851091408425585
0.48914138729052636
0.4345876306129758
0.3884172165192497
0.5453307063233015
0.4251656940319256
0.4882009868324422
0.46540232093969097
0.38375354303302667
0.40407524603557565
0.5812775824582395
0.35146564338927266
0.4065928887078939
0.47282840267774445
0.4241529983028261
0.5035638669549394
0.4105864063278313
0.40323413790805324
0.4939728403261542
0.5332927021417242
0.44414182079692677
0.3449702954153982
0.46515598995854956
0.48523876197966076
0.3806784823148305
0.3143707832985611
0.37705217953896586
0.3370380719240176
0.3293736698567462
0.32465389741603046
0.34835964597541313
0.39448072559849257
0.33980266129422587
0.3471555719976527
0.28886785480967875
0.22383068402322176
0.31518612157309295
0.4409455031292875
0.37899905586768345
0.37869937164907874
0.4659684352737441
0.393685716893993
0.2880313804332658
0.25170030331635734
0.3641004159045865
0.29664988010473214
0.4153402044585248
0.3441083842539415
0.41039166385331116
0.27361990981088313
0.3591616921756817
0.38634837541193395
0.3184577715031774
0.4429427779715694
0.3809536832816707
0.368768266873839
0.36253141742143924
0.535755415223295
0.3483139022843541
0.309908040214781
0.426521826499906
0.38979523170696845
0.42976230623382855
0.48338148620543653
0.4476249734584242
0.41813910305776253
0.43613602624287895
0.38544926744849584
0.3315686599444511
0.40484239316445275
0.4393771128715952
0.4940525180813303
0.3440558712435074
0.5307528784485657
0.4417518986620026
0.3573213185324102
0.3994666044048175
0.4090487371222839
0.4185111129970495
0.4507151551638888
0.40963696279586465
0.3822110041961636
0.47004382022949787
0.5082855078935685
0.4959736833978385
0.4648977811246272
0.49712564799879944
0.5087513244145768
0.545486747043374
0.45961698950795765
0.4690248894401149
0.4713038529694583
0.47768672879732305
0.5067087661890676
0.4588716799433214
0.4926704491407379
0.4226210256986501
0.4389198057781686
0.5216312729265418
0.5327355378096404
0.4526954571841454
0.3690257389620494
0.451936481254152
0.4504549255738146
0.36783905896423563
0.2866710737081722
0.4655655683891293
0.3676155042123223
0.3184657519691718
0.4378313233634617
0.48496531813884813
0.41886397040413714
0.42776490780050586
0.38211456610260075
0.5430055123788493
0.4807131517588534
0.4679762354743383
0.4601968874685403
0.29864225168220904
0.41552036363138767
0.5568608078210462
0.5845764953315437
0.5145217860311813
0.5301415877714615
0.6043518974953945
0.4369277274873153
0.5228518706656842
0.4335765431727173
0.4560920688110258
0.4733009545779796
0.42284832977321174
0.5179503676134323
0.46740182106098005
0.39854471844713873
0.3516500833146314
0.3889444652392642
0.35355964940340157
0.5387233158970579
0.4617586836265582
0.4757105765773504
0.3579799373197534
0.3382852807394696
0.300587770292457
0.4142959606515806
0.39754319585339465
0.4225596902538832
0.4297248992450191
0.4830996719102411
0.3119730433202463
0.4225584648509824
0.4325115209105598
0.47032257231650165
0.4199845303509611
0.5963734549392435
0.5156555166053336
0.5343789145211517
0.5696366665566406
0.5506376456964286
0.6674157255762705
0.6197306689327948
0.4854141800966474
0.4990910000667352
0.4779768034373549
0.45910778271420044
0.6056297364799941
0.5950428471950565
0.5144214968445826
0.4833575859450169
0.5774346384002582
0.5282567039280754
0.6267348003914033
0.7162920278993384
0.5120915051273098
0.6900383701444437
0.6494751527898408
0.4195113261537522
0.4438351596903518
0.5008100964748404
0.456544471746261
0.5314224026271479
0.3968050106325949
0.4179872103947695
0.4381277218851435
0.44696481997115267
0.4434875680442306
0.4150347085315995
0.32542309937616853
0.4988196720192817
0.30926587367662567
