0.30401400660668
0.30887413008114206
0.2341572968339855
0.17946668266353313
0.2801335941697187
0.24158953325200744
0.29464715091809424
0.2794761847785422
0.2712584658701447
0.33171243365513636
0.2555978003105953
0.3041505726122768
0.2020751412762264
0.20433233449035149
0.270974399844195
0.3386412858871766
0.1956571591529599
0.2930226806802275
0.22471656346709762
0.2832249625565453
0.15969087641021446
0.2362575583038357
0.22298740886473423
0.19082762235883338
0.20191268645368265
0.23329067954351485
0.23639525879260287
0.23341783476421557
0.23645375580113936
0.23270740997675757
0.23947611453728723
0.3263368770498458
0.308169932110516
0.24025945537359672
0.15661147852367596
0.26640300224668556
0.20121052290983146
0.1774319156950733
0.2366856888066066
0.2288764287292076
0.23554519960441916
0.21023802355756094
0.20359936806603918
0.2435557790072183
0.21609104576775362
0.207666714088254
0.2457164494471714
0.23692778103042716
0.12698920326209767
0.22663788778217403
0.3053815745188167
0.1487861937984528
0.2202434335276315
0.13700431796502946
0.2679734022258403
0.17498951328254453
0.2536684239998315
0.3238052745739085
0.29085511585433105
0.25090776282114596
0.2938371550837767
0.2726098139557652
0.2326638161308034
0.33954376706189277
0.355231678437105
0.38278811792787815
0.35994608098173764
0.3070084044463173
0.3824306687592198
0.27166432652386946
0.37059917039339313
0.33883360639084303
0.34013573771915995
0.29262530325375147
0.30421763300819726
0.3270922044510441
0.3247371783614559
0.40709013047610526
0.3782608148025881
0.354852332021689
0.3998572201155668
0.4999778304784802
0.446975561355565
0.4864423159234887
0.45313089774683474
0.5026344054595848
0.4290684400320084
0.5423680431591038
0.41339184871377377
0.550410206119674
0.5071680557168258
0.5028839780474292
0.5428488871016692
0.5113245003212163
0.582190758097226
0.5481393867313791
0.6085226484300071
0.5680181525877647
0.5635047277065575
0.5990561924698247
0.6510555560403037
0.6473470437995061
0.6694147259129407
0.6141719517174049
0.6534097259372398
0.6135122911149831
0.5589655230261873
0.6099463307142712
0.567413004772951
0.6136752114206898
0.5735881189919851
0.5961128941243202
0.5563802139263796
0.4894009988718495
0.5180058090132171
0.533708627678884
0.517340289528984
0.4776013835855104
0.43247314034080553
0.44989180520592387
0.4096403250166251
0.46115275105085496
0.5229565472875759
0.5120280861306149
0.46634837552680297
0.40578610225183254
0.4285009018543374
0.4605249529035419
0.4189285558612912
0.43988412089803436
0.46549899455329635
0.42426576247192793
0.49835666201411005
0.4138723535864585
0.4253327083310017
0.5050531424725707
0.4078619127752891
0.4961051711073262
0.45830985717039374
0.31770938911176805
0.49154098096229226
0.48398250523177666
0.4571587759825134
0.424253043455775
0.4535732706679253
0.4493007768123177
0.303641469045594
0.3326125214280122
0.3259826681486363
0.41290356905712905
0.3504589017012496
0.34211708441523075
0.3146959724559647
0.33510918972744086
0.38255710010393273
0.23692368475761627
0.30714982467251606
0.3782988004357148
0.3700019101560904
0.37871505269726913
0.28517080971491426
0.4516139992640116
0.39259084537078665
0.4305184590410855
0.47213860791348483
0.44962729324109585
0.3858081273652432
0.41815674612786297
0.40667052910162504
0.43242653860938723
0.37736010285195626
0.4604508892836925
0.4494027211760341
0.47569657477547517
0.44383009330549095
0.36937796335117123
0.3025416062210864
0.33935303719002435
0.38510198534652196
0.3452688257300657
0.322975148926425
0.39205829874779974
0.41526297940417856
0.2986420456629184
0.39421211999114913
0.40493516919830885
0.2704123298313545
0.3280525489646818
0.3069584453537199
0.2947653093697601
0.21815778343747122
0.3149267716974553
0.24948740975211442
0.3889411457222356
0.26439396558786976
0.2256337127404182
0.24026810679478905
0.2510290607707298
0.3411911205611304
0.2536966727536353
0.3654349081058855
0.223417645518872
0.2343734945022924
0.23819771836281417
0.24996353395581494
0.29459142887364187
0.2653141182591852
0.2619368870082818
0.3667371837823787
0.35164976986283625
0.29187784728566324
0.315103110682447
0.19443714452646216
0.27589016557006263
0.24419107814293392
0.22710826129777112
0.1493032890759063
0.2939479543855298
0.24446875721907102
0.2424809401991554
0.1751307742822466
0.31979305511122347
0.2502903492845068
0.1826223206973918
0.21020961278289313
0.22333899638718044
0.30887610031238427
0.17761057007935133
0.20927864874182855
0.23428919538460383
0.22828120273138963
0.22169398257500106
0.31025490705006414
0.2929810430786957
0.36492018610783095
0.4043816189942068
0.29820774015523094
0.5064433617959974
0.3615395856590183
0.3565339643246509
0.402985194002739
0.45959668655069286
0.45904864002161205
0.6132179611530755
0.5304387481771651
0.5075022526103018
0.564074055552893
0.6777370979908067
0.6060082525069013
0.744065042961596
0.6369584132821743
0.6776221297776753
0.7280708679753755
0.7446030511193461
0.8429001086789388
0.8475960557908159
0.7813592283962781
0.8430752298067278
0.8769547111724807
0.8772558912299843
0.8915285252010134
0.9141345176084836
0.8718313719450526
0.836341988734314
0.8728071883911446
0.7659407560098785
0.8174159269095451
0.8223268014737242
0.7884725133896587
0.7379922030364049
0.6721665533098721
0.7102458357246119
0.6784680318162948
0.7062182226916236
0.6439331718976633
0.6487111542926352
0.5082792389579078
0.49305627212202946
0.46420630241053656
0.44063466848521593
0.5514652523939587
0.49605892350390735
0.47090522444183475
0.3761677333509689
0.4527463940755391
0.5334179175838694
0.49763748018886267
0.47097663663410755
0.44585443316342205
0.4610517363948755
0.41592235794780674
0.42676169811521203
0.40752426887613136
0.43574800602768554
0.4070172709064369
0.4511434913341017
0.4570171233593469
0.4724169025520363
0.5039793852494805
0.48025670394812425
0.5228695541375734
0.5021119063401908
0.4646723881829735
0.4483472287768844
0.44839970032785204
0.562663260845814
0.584870576745663
0.5297152952401127
0.6335972562585132
0.5512603993475902
0.5567924374968594
0.6173406028277557
0.5489938770669575
0.4843268681534718
0.5970120989820018
0.5697501029583895
0.5923810480173093
0.4822850820039719
0.5461526930696058
0.6122119205901906
0.5623255357077304
0.6336474341058722
0.4836700103089755
0.6721092974724019
0.5833550691535606
0.5593915064959223
0.5527437464686791
0.6246933513918487
0.5591138075146002
0.6248691624961289
0.6259460984806202
0.6345629267538779
0.6368765985518253
0.5553741816042562
0.5588973511013633
0.5923397505644485
0.7041563935116687
0.654423229109053
0.5956889432758842
0.7565004121013825
0.7142024909309539
0.6697129533055741
0.7358794859551079
0.6997613949668111
0.7639321945133748
0.7341172600003883
0.7489706838930188
0.7175144285078263
0.759981250978876
0.6949322745259255
0.8101375801361903
0.673745018372542
0.7601651490421477
0.6723608598295849
0.7436505785782136
0.6877861554167312
0.7367251464644975
0.7699266645713005
0.7064415980482737
0.6645925758827699
0.7246340755189697
0.6831581428208291
0.6576805258668489
0.6994116526257961
0.7892581672953665
0.7055762681895081
0.7692357777005632
0.6143979826220123
0.7176905586044953
0.6880951758846231
0.6054455683625423
0.6418188534116452
0.604098447098379
0.5710966418254577
0.5847270656060146
0.596116617450229
0.5078106040781865
0.584678633676368
0.576396378674642
0.5264771300845424
0.6790299990893134
0.4664016182782046
0.5133064708279547
0.5660702051889024
0.4845034289423069
0.5120288130407012
0.47476975722342585
0.5561667302555044
0.5088374574335729
0.5509744534615865
0.4616685614437479
0.48534324832498077
0.5597472845205422
0.47975064394940314
0.6057729456512403
0.46644419364843653
0.48374119872711374
0.5414761829176283
0.549292956179757
0.5451626186076799
0.5502230600726039
0.5688752733744356
0.601030313426421
0.6394980758297455
0.5228629296140964
0.6370594785064633
0.5614398450996934
0.5898564345986825
0.593972478644735
0.6547545316223182
0.5840034672569787
0.5576060386718549
0.5118606372267622
0.5564986639361897
0.46999570687037845
0.5328791470058422
0.6240604576819937
0.4471363511247422
0.46367990060131237
0.5355309983074996
0.5319709177650829
0.5342047595826473
0.5806593450112202
0.45807637189761957
0.4829660981654187
0.43249390166600526
0.4455913389841638
0.39109123915220706
0.364111335334825
0.4004245185619922
0.329869266550727
0.3187988043886583
0.3355339253960424
0.31734311782577884
0.32958720016804677
0.3681744647616184
0.40399140742683515
0.34649218051702557
0.2556902983792249
0.22989269083307803
0.26635634743727116
0.23324500142916155
0.23255398706635094
0.1867303071889886
0.2473272643235892
0.18853951913434674
0.1587040470628035
0.13919327182242608
0.22894801753598404
0.1260649523851381
0.2302899575261934
0.12505063546134387
0.20355924579821938
0.06859085677075658
0.1078578453751101
0.037065420282844264
0.10839305120195603
0.127903889079613
0.13899283302989113
0.1508666571757566
0.14704208492580215
0.18944201662577093
0.24547026972320518
0.17808203497144423
0.10814744245039248
0.1533623391084668
0.19968723892307488
0.2830073291677747
0.33187807423623683
0.26279051040075996
0.19579946318585367
0.15606875752682597
0.2598309316216838
0.26640349606308517
0.20919124480484502
0.263171369273113
0.24601778191381435
0.3366400397896332
0.28118135606776457
0.29711100123112705
0.3296176676120541
0.36109124591712305
0.1728406916717808
0.2813623743894145
0.28686068874275944
0.33900452633343486
0.3268284145492363
0.2644681950642832
0.2481778695296513
0.27995891145044505
0.3078142621372635
0.3667908329082081
0.30139731702394124
0.4483095461715438
0.44060364411555863
0.3662349359075181
0.4514322704688488
0.5283913168812427
0.431608789244783
0.41507812204134414
0.34989075370722256
0.378252710980002
0.3926504295230641
0.4789941700559976
0.33024470745947077
0.39422526880047587
0.4953578273784105
0.49167255198758786
0.4985208123658549
0.404256225468531
0.45543710925825015
0.4635010930812096
0.4103274616666049
0.6103300273153452
0.3634183311876925
0.5140195176309622
0.4445184280872867
0.47729999391299893
0.6040577279222324
0.5604082754066292
0.585863504533824
0.528438848320398
0.5464315961011089
0.4148387231980683
0.5075656872209642
0.41261869031229037
0.4603325891808269
0.3794022384172382
0.37226118444719236
0.4561149776735257
0.46392329351697253
0.5256619319997872
0.42634232500982727
0.36723695309087395
0.40762628243977006
0.3938887832227642
0.4435867414438066
0.5154313499997547
0.3934380986695555
0.4310829251377597
0.37658453016953936
0.3454107876439972
0.45780228184545235
0.391081129962768
0.42211757220838275
0.3875374071297917
0.3060400721250331
0.32428511372041574
0.37942569731827946
0.2525731979072448
0.2697516709131099
0.2416347749356281
0.31867295829534037
0.3454235400202513
0.297598809666042
0.31227992595424015
0.32951564022641067
0.30922725613879
0.23480266818059548
0.2172435978941159
0.2934288215947617
0.23736485271455032
0.35227741004224167
0.3183398756202528
0.24695829082445725
0.32861591214030245
0.22007024438645933
0.10638220206254921
0.14972970973302568
0.30090040657048295
0.18950300655458113
0.19498723891475922
0.19560408352420292
0.291332991894109
0.22787882764261913
0.29528262021804463
0.14597090219903353
0.2971534374673373
0.29087182250009097
0.34740553939962154
0.46189027660158904
0.3637900873298001
0.504378551632919
0.5641994221837198
0.5859445435837611
0.45214248170071647
0.44051800349927756
0.42397707263706985
0.235226745292482
0.31244508689305095
0.3603417646695053
0.29490110776339995
0.24239610627851588
0.3992367068913796
0.32155190541776485
0.32610215258378816
0.23519108778687248
0.226577504096226
0.2490265168431386
0.2046178651168883
0.2155134948625036
0.16237536839453692
0.19776167702860153
0.2976866346235341
0.1876273625114393
0.26032717290282786
0.3309456285811583
0.22677790564801026
0.29507419625490694
0.20466337506726434
0.2212783379872048
0.24584617235432807
0.23405545897836655
0.23670673237039846
0.27141769943143246
0.1956826531325453
0.23484189306693848
0.15740616247611217
0.2623670820615569
0.3140835700365361
0.2907318288471106
0.3418482236956406
0.16917991529346654
0.20940484681305632
0.2817631841829831
0.1705738600928915
0.3569225085162596
0.337897793515638
0.2263731012951033
0.35943565071986683
0.35400579325688103
0.30421587418245566
0.3468887697071661
0.33045772923565997
0.43496889184052656
0.3773937582121015
0.3608170072166005
0.33839518110919103
0.33435996704495474
0.44848165565308484
0.3253762784585458
0.3300603306529015
0.4628969771970344
0.3898161904799655
0.37684284616795
0.3255379638711483
0.39678141117059074
0.3875420221585433
0.3127296142742912
0.3922106904617448
0.4087106918136043
0.3164192653147251
0.3729405845128879
0.3818261682487357
0.31996123756272143
0.347549144311645
0.4508382241510326
0.3483308701235023
0.33237005373261974
0.5035712099156631
0.35794054674397935
0.2821747342809696
0.3585858734781028
0.17373683683208263
0.45969722586456185
0.3950628905967874
0.25918144171474866
0.4012486234116828
0.3740090096635793
0.270282354284923
0.3200493243067337
0.20524777373822223
0.351689252183079
0.4205355168781371
0.3007202454603429
0.39251671792249304
0.20449425035210544
0.2238406958768167
0.3273152423559994
0.32973043786424305
0.3443500883346336
0.292917609546824
0.38732409022196423
0.19352766887800732
0.25843725739642753
0.4936588687468935
0.46059839881088743
0.4966887259542659
0.5091291404628646
0.471421813399406
0.3516068462679869
0.4340368096404912
0.3882322558140777
0.2884874548418159
0.25237165110685894
0.31797051826644696
0.39485668108360683
0.42510167868530924
0.3620392594421037
0.3587647060950703
0.34301140691385523
0.5111065016869097
0.32754048700205396
0.35642830811215914
0.3834269591002395
0.353490547685786
0.32725677941177456
0.3568226633067544
0.39767331587472055
0.5040483615475495
0.3085707890112743
0.27438840676717047
0.1618745563450224
0.3769729303725686
0.4008316142961112
0.2314116700782308
0.27832910967208313
0.31376742764778215
0.2343620795941493
0.31560318628506656
0.4033347635050175
0.37044120382672163
0.2914630002612464
0.2905295225107142
0.25984255776302073
0.34602224691575584
0.3382854899351545
0.217282583468743
0.2777983249314112
0.3166408427619488
0.3697767512214477
0.3403521674173462
0.35235273545004453
0.4559588642593494
0.36504204816001895
0.5091787289309563
0.5497602111064959
0.31744369174335485
0.3465884689763799
0.391169803224256
0.2264944094632315
0.2658560315715023
0.4100121317270424
0.2997988708039525
0.2986978026706746
0.28856465957776933
0.34216653464080127
0.3311749826028346
0.34554079529943243
0.37409650469094446
0.31957120798882327
0.4600271209905999
0.39270738413822426
0.4438728791972146
0.3369527432411602
0.32028043285397245
0.4063136648472396
0.35619298870806576
0.2527698798864127
0.26764974289157284
0.28938441316301133
0.25257302397473447
0.3182162588701956
0.3
0.35511746351198853
0.293824010934226
0.269463316319924
0.38153136277241073
0.25043352368416266
0.3484703941729389
0.30295583463400705
0.352449918294235
0.2745490496859765
0.3198652786664055
0.3929448575725093
0.3206910290238746
0.3839898437048695
0.443486403504184
0.42224433815798185
0.4328709536661105
0.3134836015328767
0.3929968311866965
0.38913590320638797
0.41048627080619704
0.38569459936753636
0.3437108351092106
0.3029126539124135
0.27131905845190685
0.2661072897846507
0.3213312560750754
0.3167748807041697
0.3122260862870201
0.2014853890094987
0.329609196214044
0.21797778125416384
0.2255664974256719
0.19753914602787348
0.22456526786434033
0.15711970407467157
0.16186870033249456
0.29569495782568145
0.23370802163829504
0.20367105944033076
0.2457612075404284
0.27658174887505194
0.22654889141540815
0.23385179922423974
0.3227172889193183
0.417395561642838
0.3669063533122974
0.3768628411322903
0.40081956804074953
0.4000668526163549
0.3458257456639808
0.4024926156277381
0.31597744627020274
0.24316936446063858
0.24574906829181817
0.29389703294428804
0.35143433371581423
0.42777492444987786
0.3931304859559791
0.19083284918172388
0.2674021740673786
0.2262016758791801
0.2886176536304783
0.3218979264031624
0.3104425377662884
0.36938848872154423
0.28738117943123564
0.3277475206063746
0.24497049302799095
0.29404482074701804
0.1500950640095424
0.33671377580924394
0.22897440267901706
0.2870403026063985
0.2059524251754825
0.2887668439808609
0.2984959483700166
0.4138182177013181
0.32520732372782324
0.32072822946974744
0.29304855121017537
0.3654025333675796
0.26555858218916845
0.2454314477951197
0.4263751239900303
0.27325265476677074
0.2876226948242212
0.282153829858691
0.3168809618702607
0.32939080041248786
0.3789357190758603
0.2863705796070801
0.20706946148489308
0.16766174012189478
0.3168808458628126
0.3511521690657982
0.27948990522702416
0.2605375618980364
0.22113358549669176
0.3752931781094594
0.30478186169602234
0.3194309211670042
0.3724134396866344
0.3477558741689858
0.3294469579886806
0.3825504687630985
0.37679202567603753
0.2821012389515295
0.39127421754648767
0.4728337608766544
0.3789718381165589
0.40354282273953973
0.3895692391959685
0.4324134340754249
0.3586531730658736
0.40078638336293865
0.379017477327026
0.3702793265467151
0.41867853069831307
0.32441368237406587
0.411371986885679
0.29511686540500554
0.31559374446995736
0.38137544119567207
0.38229700090210944
0.3518377428703296
0.42857642109234395
0.39832450955911
0.27170928866587446
0.3395584624074515
0.5420814711250528
0.5077897468305219
0.46941355385189765
0.396664254862956
0.40799811316826146
0.42287257040613946
0.41080239705804156
0.5231601575521837
0.37545541812531547
0.39455304898749854
0.4285345977290632
0.4518182229409442
0.4187032746337469
0.5440546277627135
0.4678290052342897
0.43105301731637896
0.4580921689131343
0.4334513480311566
0.4426244014147719
0.3539403389554238
0.42154417514890064
0.4527181683434266
0.4413967423506875
0.48424258381671287
0.3522884399719707
0.4098561551095081
0.36621222437612666
0.3681390080758767
0.358786077071811
0.4105415678970501
0.41360296533826235
0.49553286190328716
0.4778508299398707
0.44774880250178617
0.4141314459769829
0.4444066399091286
0.3959109615364274
0.43039804937817433
0.42390056128628645
0.30857311086082956
0.3843182523623358
0.37381190503822537
0.40915814397303735
0.4427885367083979
0.43718422228554743
0.3350742647955684
0.43280839999285986
0.4361717431407329
0.35493060201841553
0.45046496343315257
0.2971433695116726
0.3050747326385858
0.28705933173100817
0.3543089724182587
0.43204663598002335
0.35306281291187724
0.36099103599398563
0.38885850133448685
0.34177368293569627
0.272769776577229
0.34067002291059817
0.3127420935591986
0.30559549838120836
0.39491994732052715
0.3841074419945135
0.2893603755132851
0.2939133520644895
0.32734034095882786
0.39552238812008156
0.33677280177728236
0.428352041786187
0.30699582528337976
0.3902282754408358
0.3058886370211657
0.26586682696915714
0.38045809415156545
0.34921798282478
0.39983477670109885
0.36665840812503064
0.3430459080533267
0.331532025456998
0.4222856363225447
0.4273153110839508
0.4396915384205577
0.3848174185145087
0.44631254017057553
0.48503330496670916
0.3613709398819385
0.37461642624995195
0.4349663965978564
0.4704384712276436
0.45863039440224185
0.3844067002315033
0.4171924564844731
0.36217409369660647
0.3501757462045373
0.47306127394965436
0.33085424724060364
0.4169670929616871
0.3152908016461299
0.28936802460315625
0.3228876207337402
0.26883264512098926
0.24067540531906711
0.31034947182677913
0.18304669844724358
0.2623043001341939
