0.18043106352943794
0.5023009031283597
0.25870942209099224
0.42271401013882565
0.3211122748481252
0.2244292645245357
0.3546468656485091
0.4453217068127181
0.2677070150930105
0.336777124556879
0.15941049670046872
0.41309745462349945
0.3063365361615145
0.34892492998497987
0.38021061810234535
0.28590830698720715
0.42090319177814206
0.28127186174564456
0.3588052051215611
0.25652757584526864
0.32554506355862023
0.27193266192360344
0.2983545295324547
0.42601136130901784
0.36786152789463616
0.2801620614818688
0.27215168532126577
0.2799939028711753
0.2780592480079658
0.19095233308720277
0.3484325648407838
0.2759114169993231
0.3217147381339577
0.3091080724091968
0.38962690228939345
0.2815005068244789
0.36499851811609874
0.26142993459484
0.3513017372649765
0.24467953317740437
0.37653737130536513
0.2236672080792802
0.3731493090243754
0.2929710197752089
0.31712459167476337
0.3920690301048938
0.3112753767163914
0.33450940063486867
0.2251072593565423
0.41862803273395394
0.2651123923853859
0.325737226499069
0.388496824560985
0.3371706771971277
0.3740192101031985
0.36315248165552616
0.4298396229701693
0.3793727976210949
0.29974934266500847
0.3326101063520578
0.3460601330103355
0.34703634389021204
0.39327465514526166
0.37320218413772493
0.5520988654769863
0.3078427564399975
0.3340401455784199
0.3796554884783563
0.3340646518263862
0.35169417131165015
0.425584009156484
0.35595018437719605
0.39090730345055735
0.3641118396880229
0.6110604560868065
0.39961422877407404
0.49635351950962764
0.5340230494716334
0.6547308891796144
0.5454817590673701
0.41190058181454803
0.6052929951636321
0.54865801135264
0.5415983742251064
0.49043314612307004
0.5232102634365698
0.5231321776111117
0.695223435341673
0.7578096558405216
0.5277222823242829
0.5763006865642026
0.5378897337950914
0.6883613552737198
0.6161836430833856
0.5497272486932312
0.7862831962683711
0.6349948011878619
0.6360647089074114
0.7886479778069792
0.6674797826063404
0.639637018594325
0.6389204521022374
0.6208014593841271
0.7603030689786618
0.7090322934956297
0.6359049203410712
0.5873614602982762
0.6848691263392477
0.5678877243014107
0.6358381531282193
0.6007166504282409
0.4946890565999844
0.547423449656562
0.5715639554949465
0.4387955633223588
0.4595860892453546
0.5576415931235524
0.5756823784420143
0.5672712572232583
0.5384785283670568
0.5909382428051169
0.5201591746111291
0.6181918658419954
0.4558583283595056
0.531078372258691
0.3912383937145482
0.31432000158093076
0.6456541448293054
0.41608297676733663
0.5061996641634574
0.5071856216294958
0.5066594796224526
0.511299296965659
0.5636391672310541
0.4180030442488062
0.5719918699975011
0.5455918558766866
0.5200659847191746
0.47997693885280335
0.49824586585523417
0.4992163110097563
0.5567734632529975
0.5324482909940835
0.47136188586789574
0.4047537110421587
0.459561122680866
0.5705993474559197
0.4817786810062835
0.5098227019302165
0.4313411709138216
0.3942379154316922
0.48645073793723625
0.3967181277223001
0.4301723697518912
0.3788167323754624
0.3709069120593841
0.30520216514328435
0.37332720226365945
0.4569718512360832
0.47520975361548146
0.3854765356406218
0.5202159311054009
0.5427597794572692
0.5305881190635753
0.5740246073310764
0.4794144890192271
0.5785635414121449
0.6062431525280425
0.5849326681166704
0.5107038535623049
0.4894006694867483
0.5593480747379143
0.4540870329353053
0.48657640556911763
0.4594846812712331
0.490795339616967
0.46761655790017875
0.4907228447609042
0.45512226125630834
0.42342001966117787
0.3814307402264727
0.4485906040711073
0.4963249099384507
0.3867646147392636
0.3703225148092186
0.4122311710152333
0.4761000653909264
0.43649680811571656
0.4483441076821616
0.4574121614208492
0.5574193203087029
0.40440499607346453
0.50472325165584
0.32124735065691595
0.2843783216747238
0.4720488246743566
0.23442416913372896
0.34082702040754564
0.47065749566934423
0.46877082955856575
0.47540723584309474
0.40234740420129805
0.35940815992240677
0.4271818685065685
0.4131400875276879
0.42829934593063557
0.41820770057492507
0.2897908948801227
0.29795369742940225
0.4852822993883695
0.4265262558715421
0.1514578645052299
0.4127011606240486
0.29615749084301535
0.37612273237128335
0.3273572306711399
0.34131526601863915
0.3589122566917138
0.4914469308664561
0.43332054828063377
0.30426595328219863
0.2905417412968429
0.26917620409525955
0.25971352830755756
0.2927854171779028
0.18083332321325352
0.31368921582775516
0.1749549554302691
0.19161749357067387
0.29558018153466936
0.37830163596647465
0.31922589629638987
0.35353520602129895
0.45694944838814466
0.35285587009829544
0.49850079716140905
0.3655246601231419
0.3049441213157911
0.2854231571324068
0.38971162606562804
0.5612298174825893
0.49578697900987967
0.41640354670038915
0.41661901691192915
0.5963564843654914
0.5689420251147318
0.6060299729074748
0.5698030783681862
0.5983751704983643
0.6430746344041497
0.6546074945964937
0.6168313911451226
0.5982585685261539
0.6128523496206265
0.7856076580121898
0.7536270912390004
0.7578818205033049
0.8545575578036366
0.7012582158144476
0.7228703537700346
0.7930945720161835
0.8679286161965818
0.793680035011235
0.7663315826627762
0.766909639402581
0.7073210441745383
0.717341197133877
0.6893402712070814
0.6811652069847661
0.7109741122095845
0.5862601415829258
0.7456890047571969
0.559845032166721
0.6340707086636368
0.49903250715532954
0.38893380883119666
0.5446936036967454
0.5079617616952378
0.2749877789072076
0.4173697223247942
0.5159569511855112
0.4390394572464509
0.5102635271676469
0.46498571652042714
0.4355390019028126
0.46838579510553946
0.3060209363367883
0.4609131972118533
0.5093392204729994
0.3813561813848456
0.3902639308383685
0.2993456170962329
0.6084715581356996
0.3274999475565583
0.42397431347648873
0.4788258382267834
0.39801699883411135
0.46743178189633827
0.4274010623301502
0.47461856220003246
0.33664445713834423
0.6332961949163749
0.46339343115265946
0.45071074569751113
0.3185400854097433
0.3329388838197448
0.4030058365803468
0.43114598460646036
0.42943239939552025
0.43534515124614204
0.5842109988394006
0.35048020261796553
0.5285622980246069
0.35715443124366353
0.5236819549730192
0.52080447642252
0.46590579054580783
0.5777066089130865
0.49909093615517097
0.46733059497629204
0.485768652439058
0.5169841017620426
0.5421220354525127
0.503387443307374
0.48229992662670096
0.5129371212493505
0.5244082280816719
0.6511653081522565
0.45211960381327454
0.4903756148847817
0.5876496766192052
0.6244087966491854
0.5239286181240045
0.4448013053279781
0.4885641815474419
0.6925935399090439
0.5289228143498144
0.5826984372733703
0.5553107403322589
0.5619565733351493
0.6453043380244605
0.7496040569558138
0.6282087297476302
0.6814581119614443
0.7422819008493
0.6355537763311626
0.7295369521997176
0.6343409741945691
0.6632507050520284
0.6091669234213637
0.7664588874937501
0.7378997766003756
0.6710233110748645
0.5825570184006056
0.6902882364611647
0.7025145457300894
0.5066998807797972
0.7069269335143086
0.6790272926551245
0.5842167138255725
0.6393781953596955
0.7161292001626044
0.4999772537466096
0.7142489282990889
0.5327754647927285
0.7162965871713356
0.6662513732304385
0.6034363716451001
0.6048195932615231
0.6359675082884786
0.627026499023253
0.7199790944797708
0.7055312200665886
0.6044505739597451
0.6788295495148661
0.5315231491569179
0.5560451029542091
0.5447178512525995
0.5065900993972148
0.6044862098529467
0.5025009203166186
0.5858036594772709
0.4397349838538484
0.5157148784316833
0.5157049331078044
0.5381663418348643
0.631511636802794
0.49217234263029924
0.37935178993413543
0.2652783876749645
0.4292182059905424
0.4143256100814354
0.4989104837514296
0.442357937233686
0.33288706057294903
0.35786863242383826
0.5307024052417622
0.5550908178407236
0.5241450690340108
0.5032342718187983
0.6855253492878108
0.7756240845616151
0.6275985879691865
0.4604219081380224
0.7628905434569918
0.6267603040626673
0.4963742787189275
0.6385837322315742
0.665514512841773
0.6501400859977406
0.5977009338076898
0.6331399658646765
0.6689348082709629
0.6122341198832585
0.6507787864971519
0.7279297831533689
0.60345822702059
0.7244410476726774
0.6218927038736493
0.5822754369217067
0.6032028371743194
0.5536172332931011
0.5246800075721069
0.5751425237545476
0.5608281745518565
0.5912423846787813
0.42946123368465217
0.3494809715819343
0.5228780865546814
0.47060197279226473
0.44418491019509987
0.3718459733086098
0.36460959917340385
0.45746605875663515
0.4067464542421162
0.20123020689748805
0.33821476622259183
0.34563107770887447
0.2970608378142193
0.4167469152914145
0.35028533817688456
0.29569720085608575
0.40476285530870315
0.20993364565087697
0.19645199427048265
0.17780020849340744
0.21325955122309995
0.22536240150233988
0.29522096244492885
0.12635255066880827
0.21574495621937995
0.1460203249573957
0.1791199267365286
0.27676226901245304
0.12190821340949903
0.18975626588767877
0.0671682537294515
0.2496790445823924
0.2071498106472553
0.35774947872595675
0.18045053260897675
0.20453063794716134
0.23653876264702717
0.17216783559195642
0.34381268733014436
0.2493123517331973
0.40454595895974654
0.16103873771821173
0.21471090844482682
0.25318575006069216
0.28832559991583473
0.3113141370107636
0.267701395589764
0.21070882533603102
0.1750297303963878
0.22300902395583774
0.1809275452090169
0.18513037461813187
0.15041310854263376
0.2431583750393315
0.2586169152350351
0.24735716585377726
0.2735256399866878
0.30271792558272625
0.25560136648679044
0.3018475682953671
0.09019702903900231
0.26361590603602575
0.4285649795404405
0.2418674259015915
0.2708748476717034
0.30168295684204854
0.22847951022020035
0.3022361753641808
0.35712446570391765
0.42539790782743203
0.3915186625252747
0.3661330679982742
0.4733912428838547
0.34826140825497454
0.4509839760843073
0.32466812683153323
0.1323621045526621
0.33157383549074004
0.3750337034187131
0.3086923419720444
0.37499466633488354
0.3634392409736277
0.4035714174766933
0.39264595692640436
0.41002510430416
0.34103064629525576
0.38855258592332487
0.4458277184654499
0.33456554992435006
0.36630840751340754
0.38225727851186053
0.4581282358427905
0.46981557064358975
0.4286070840687656
0.3140837551619097
0.2853858899245256
0.3038178146078071
0.272096137907295
0.3538298543385544
0.4754450388656254
0.4346219514663976
0.41147574863482117
0.3591205147226044
0.3280735164878373
0.2931131881889389
0.25053373956122094
0.40720572611459593
0.26400059408588045
0.4161439700388614
0.3462384719106232
0.28092089870918785
0.2971401816827346
0.37267569939138984
0.24200412362110413
0.22967076519130514
0.31256128690927737
0.410675144733296
0.17085369565008904
0.2845169744293417
0.32488061930811707
0.3083755781438402
0.3104437693979254
0.23921962708734865
0.27322408125923825
0.28294120194532824
0.3392174620675259
0.2522329443774188
0.13147631392704826
0.2531941792045352
0.35268689918326723
0.31199855251437775
0.15940013591483726
0.24737949964313483
0.37495477068191085
0.35772394070726166
0.39619798703917875
0.38568954205960365
0.3009844239658439
0.3115322650894593
0.30927290524967055
0.3161792059030156
0.26349445508557234
0.28775353284215277
0.36252979375374994
0.33359647050874286
0.399901589412553
0.24446862704970393
0.4193744436357041
0.45864210096614577
0.3884196256164674
0.29265727109794437
0.3815449887666226
0.418441308212273
0.35405938707551604
0.5220800761248505
0.6682222664952122
0.6826618325615548
0.7731507731329087
0.6717485364249498
0.6339222459266357
0.5225069586346228
0.5282010079546225
0.5628150293420029
0.5259672136681401
0.3382579862357455
0.505842165764856
0.41915192900479437
0.47147964051886515
0.5499848002285248
0.3149088214558714
0.41564867767683833
0.49359809145353273
0.3047998809225775
0.34536578483988145
0.2438976168387754
0.37757411180944433
0.4695909600514384
0.4010299255768108
0.5037265111697914
0.3719083986019639
0.4208052107528332
0.33556835890544834
0.3312578655031375
0.44680644931737334
0.4729499284629709
0.42032401799913544
0.4601863379934752
0.30173897567520735
0.44201261002139447
0.47522706777862345
0.5835942483101915
0.5733473766955539
0.49953985090589886
0.391083347429833
0.3416445907367214
0.44613593812619384
0.46455717260775087
0.49030855200794077
0.3536365640334246
0.35112044494457073
0.42862664863122996
0.38143398420335367
0.44497678140590025
0.4556088526812306
0.5055000314571829
0.3938867830795827
0.48700172204788483
0.5135169033434139
0.36971552607682334
0.4865994659169223
0.4021422241624353
0.4214312885205185
0.3823176663550215
0.3389795338277986
0.45899139671528566
0.31226285202786536
0.2826585485040505
0.4130611733323375
0.3372536243247878
0.3554610059201257
0.5035478156518797
0.5071843347195079
0.5658958488858088
0.5096324865083681
0.43970990148855593
0.3576249848678993
0.5307777509293115
0.362341433809403
0.449750475692049
0.34156993396958224
0.36816753812489433
0.4641372329279566
0.5187504696011266
0.5292727159714248
0.589704385573181
0.5470342309418917
0.6792832440742291
0.5289760456366817
0.3862803633121763
0.36010107862464447
0.3089969750276422
0.32969561428959004
0.5155819622024089
0.4654491166971154
0.3015642148310133
0.4014179467579525
0.3525449472715196
0.47281017954216276
0.4367517649580226
0.41104730675564327
0.5325872895967398
0.4120155752325436
0.38180501519714016
0.43130529375969323
0.36491913949623966
0.589353406770939
0.5506939096151566
0.45455827037272495
0.517221643851055
0.45092461301719566
0.6550663960840437
0.6511744216644166
0.5855447689604869
0.5612933917908226
0.5534884747900994
0.2631194381237523
0.46340759293591294
0.5240922444377905
0.44944300412892374
0.41708367923966067
0.45076106575438996
0.4071808582528059
0.5287883594020928
0.5904890662535304
0.5512224089401934
0.4909812886174447
0.46939881620757473
0.5256889980733922
0.5068781672755025
0.6088307532436822
0.6968126323919337
0.4274040578293715
0.532454757741754
0.4267294801758317
0.592650932141957
0.5100792913084956
0.6395289569036416
0.5299125541609964
0.5106576932301787
0.4923365934690341
0.4496835301703851
0.5065300577351721
0.5411789982276527
0.48886147796150714
0.48339198893858293
0.581668889631302
0.5211841073191488
0.4074844152380384
0.4988095737318673
0.4818746364612516
0.668141269994899
0.5058444021748195
0.5504029650361711
0.5645519651244307
0.6772743991222303
0.4837160304531644
0.6706868476757804
0.7439280337018843
0.6945902946131661
0.7097549625679509
0.686009116638671
0.8472103100055912
0.6784064970917001
0.520868280444908
0.5565036794667324
0.4875255422654648
0.46387642398155643
0.37332336418313383
0.3667427627833945
0.6181201630501076
0.6027496351292093
0.543599297203034
0.43823080924153124
0.6227562819843238
0.580378489076277
0.63353463909698
0.49537795014177854
0.46552537924280296
0.6440475552310824
0.5908043861800527
0.6549965549871501
0.6790481729945078
0.8272204044160658
0.7135140037712248
0.685603645175705
0.6382451362324513
0.7965192377876955
0.5657705026761011
0.7189084539842813
0.6548818154871204
0.6571804763211038
0.5691551758683684
0.5325510106371377
0.5324634290347372
0.596277794888096
0.45508990253695847
0.40394438000124155
0.5535766889113682
0.38110470334080127
0.5590565247305652
0.640910665559802
0.4903840972103938
0.4366076829998494
0.586640295637165
0.526800966465737
0.5913938184891392
0.4519028814430904
0.45082973696339257
0.3761527747414763
0.25951167806918213
0.4050974195968095
0.39891010948056704
0.5840658349264494
0.2728208462062359
0.511532166941894
0.39317181848011046
0.5911642501126204
0.29640222324042553
0.42872874197290867
0.36821503022177815
0.45098810327824934
0.39962781621642796
0.13050209227848744
0.4910216989900018
0.24869532730122393
0.46050356369257495
0.3185892667772221
0.39323918368254007
0.4019193077260518
0.4617017824776961
0.49595889512905333
0.5512130631602654
0.3707438424332592
0.3566779338073146
0.44756655080524227
0.38851261266271864
0.571896760454637
0.5797911736014439
0.46602551825150906
0.46481852069960017
0.47335749932900484
0.41743109675083445
0.36578121852498346
0.43428669326168134
0.3470689807313391
0.45667135980789303
0.3907764000235581
0.42132011020053045
0.49476149572066513
0.6053345251290043
0.4823044126588002
0.4657624388099615
0.46564441636269405
0.31923800253210505
0.4177080146660086
0.492468644134486
0.3068624371296841
0.3144228493376451
0.406259296026107
0.4260112411781743
0.25383863338290874
0.3992491464775737
0.4500698205569618
0.37649611424351737
0.4717491555095923
0.3884659746939116
0.3803282163167543
0.3156332560741013
0.27040826358355585
0.3566023955995411
0.42577554579555743
0.21268693544457362
0.3609762441434632
0.38303998458310484
0.4732450873918246
0.40164218696517423
0.31636485546459786
0.23293292501903282
0.2304110720028592
0.32890344197449434
0.311508002656033
0.40271326101976157
0.44435038943277405
0.36646190941731593
0.1954995603044588
0.4458445169097674
0.40448722119477043
0.331512447075341
0.25792960915239105
0.38664430636414326
0.42229213093435014
0.5200041061210824
0.3582611885998352
0.42800194104352585
0.45060529935077365
0.2876836675414479
0.4666623828141108
0.31866750748486766
0.39363284224222006
0.30770181364954047
0.3093821151780465
0.3052960813716327
0.32282929633411717
0.4057617372769229
0.3645957696929365
0.27355520705175956
0.4021371249301062
0.5027455388006781
0.2407975396101868
0.4016468243266077
0.4557478088717037
0.3641604741381865
0.5226152208394497
0.4276925904652478
0.4453287014921452
0.40001092302462543
0.45872872995982433
0.5457360199945864
0.3821229738942332
0.5610180347994272
0.5011436905958669
0.4388383903011446
0.44832822864959543
0.4550904476778471
0.4171536125997066
0.4662058306506351
0.5256190015391781
0.4055697933920695
0.5948693888728822
0.44137920227377625
0.41717520095608523
0.41608051019911196
0.31645671170434164
0.4540903024483175
0.5153775515782831
0.4306802056836336
0.4135016412859839
0.3309384515796437
0.2757610131832676
0.3939680507069937
0.35339797651740457
0.32318185870957616
0.3462025516781516
0.38016983612356536
0.38555805429930556
0.2701905435278268
0.3628935121987887
0.4577237242052794
0.35575566200924713
0.3413989299344006
0.43989721500665524
0.367752552787641
0.3741032093194658
0.36036861756292016
0.3128813959706743
0.3292816047656301
0.4265856632382901
0.4168227206293261
0.29027652625753697
0.2990792118511577
0.4006587994331787
0.43685423279261737
0.39182634059798294
0.34042465702483193
0.2628601259277229
0.3860581342418299
0.36963820578016904
0.21847753021519986
0.3368125620454434
0.3006329990584917
0.29091955579735385
0.3545207345913591
0.39408614199078884
0.39593435046586356
0.34395228503264486
0.43401897579254034
0.21382500276228772
0.3014679541637636
0.4471945872985588
0.25530461443642727
0.29244476307762846
0.25750779412132374
0.32567956225084493
0.2600215463438914
0.5304753372965987
0.3626047118776409
0.39276178981695786
0.3055057347855558
0.29185319361641043
0.47987491534689225
0.31901443481334824
0.49760105678014965
0.4143014424647748
0.3887892341367172
0.4429653556392461
0.40832162362932567
0.4187027266950233
0.4394225777109273
0.5300994666508085
0.541080117664364
0.4519828395110753
0.46538662212312687
0.5743094431123354
0.6208716174621279
0.46575892115236955
0.5494229302871811
0.477955999766995
0.554919221034217
0.6607799056014496
0.47220272682936554
0.44299529486567424
0.4846638410471136
0.3377387883910003
0.43506719334426636
0.45816151186438525
0.20871966585452667
0.4635863258698083
0.48941456880298323
0.25090410583840855
0.4574020356786518
0.4591793823887699
0.3204191607389701
0.3942800137425244
0.458698550249656
