0.2780674381306207
0.2470197989254859
0.25113812994653617
0.29361752410267744
0.22281342367135115
0.3857558305637091
0.2620694358206733
0.21882231344309366
0.30012445854057523
0.3137425699028296
0.29945803554259487
0.3716534900655516
0.30729535546464426
0.2017538382120918
0.26305918903211506
0.3245525022659382
0.2766990086746431
0.24733002643239166
0.24697198834152562
0.27896295773963925
0.2898762356223588
0.31937341327828866
0.32807494939636483
0.23403633749263275
0.33300037936236815
0.22648872910587373
0.3503054237308533
0.2548185031086838
0.30420850774522584
0.300988533481918
0.2544289701339988
0.26922715957717575
0.20019986340211077
0.2595262456822602
0.2712663732160406
0.3072844158224151
0.25054835978421547
0.29989690543437625
0.320379826511035
0.25557136245686357
0.2738511868660283
0.17209955957408898
0.1997445383930663
0.308120744332853
0.1776495449950516
0.2187589757583731
0.3410498004715016
0.3028738319332047
0.3357776387297527
0.3198332347706875
0.3094986633250786
0.24171342681049374
0.2344381570427393
0.34922061777605395
0.23933967561795638
0.2673663176073648
0.3793558526455056
0.36280243121504596
0.31038057309201883
0.3787899530990965
0.32636311462770173
0.3140739496531507
0.3769175499632783
0.26700379391594886
0.30422390309593483
0.37511061198165746
0.38640753334088745
0.34885346244540544
0.36321041843224633
0.35158372683720895
0.3947529709151434
0.32997775932564216
0.41960064062904046
0.4535292452318919
0.4008639079132629
0.33749759460516027
0.47709976245443575
0.5255293004094533
0.47870529059851163
0.46924536733288114
0.4716564938463289
0.49236490224477675
0.5032673115323971
0.5055174444731017
0.44930044671148317
0.5135235141125813
0.5434469272945168
0.5934605837488983
0.5463024272464657
0.5962568836203885
0.6603183747989136
0.6106693583533224
0.5249740537980259
0.6315107907723542
0.5772705503769999
0.6205087926078618
0.6593406912038092
0.6276543031330256
0.6713149345709437
0.610210755386527
0.6733185205057259
0.5965317013644414
0.7356688807653269
0.693611434547824
0.7610982924109033
0.7219454502464661
0.6222337025513278
0.6934358082602645
0.5989864589104749
0.6292431232098781
0.6236443936124012
0.6500846936044957
0.551820239628061
0.587179041649826
0.5362889867690229
0.5042435502649095
0.4952016061834568
0.6423726104940352
0.5672506725701905
0.4411254268385039
0.44793972673244575
0.5350087951079764
0.5310862230242612
0.5426899211542633
0.5558985983457062
0.415986330874359
0.372293521819009
0.5179687445267919
0.4869196460437054
0.530292407500615
0.47388070670299803
0.5127313490684161
0.5155110836322673
0.4550908087149306
0.4679888694382124
0.4679857893035517
0.5109149245603476
0.5769399676851832
0.4734764561371261
0.545946431542772
0.4887818595953897
0.5429872352552163
0.3839291919495542
0.42448192712018207
0.46822515128232906
0.47962010090525276
0.47588912510990344
0.5027572146829851
0.45568371800399926
0.4504781975989123
0.39001368219609533
0.35905218765982116
0.41141325808021334
0.4275850699622118
0.353524859382463
0.3828803888308517
0.34937050638932193
0.457989897546419
0.419499666737081
0.45749106558776953
0.42837023658685575
0.4729309882720808
0.48326376587666436
0.3741368976637687
0.40942667688392514
0.4623383161948845
0.4551982180353301
0.5497126974059654
0.4690106090655569
0.49231576189932724
0.5050762525678518
0.5701396760358434
0.5527174766450165
0.40013701688512987
0.538174950655491
0.41215434205964524
0.42339706263268573
0.3567255188221221
0.5299092008253448
0.4870824892338273
0.5190115022238192
0.3974870215090941
0.5015086107184966
0.39081811572519776
0.4929414555182201
0.41096775107168443
0.34851562203184433
0.4108781029001373
0.4277043442642052
0.4258771685590933
0.34740355457250405
0.40115068863167347
0.39639098095162845
0.2842181795011252
0.35930571630958785
0.4679990859679801
0.35875456909379844
0.39455770561675235
0.39961844982381167
0.30546161323052423
0.31739377602413504
0.3564213992773753
0.28320881211762555
0.43433933273436887
0.24095861939278082
0.37494924563721693
0.28737401580547406
0.375340573229139
0.3448860147924893
0.3247272774136327
0.26189337849801764
0.3023478672577886
0.30589911003553205
0.3526751056099152
0.26157253442719175
0.2913105794214786
0.42937749970802364
0.24845409480541542
0.33401098735390156
0.3485443169300535
0.15365549389084465
0.21828319068079505
0.26780663169641394
0.3516431262456579
0.4178483826571935
0.2707696350963089
0.2730820197382344
0.23617506777316027
0.3498645792199313
0.34940279426049414
0.2626629647959578
0.3489448390344224
0.3615172046648804
0.3801376722295595
0.342460785051476
0.37290599481053543
0.3759413685120196
0.3779777170743813
0.5408722380744052
0.33101991141915127
0.44467504869617414
0.5457456195624694
0.5151330937331051
0.5283865385369617
0.46519293406938894
0.5192143253844165
0.5588958713010246
0.6136502123723464
0.6394057129193645
0.7513115851066724
0.8730278541033452
0.6758585232021745
0.7153785488151322
0.6952687193459308
0.8058503468497522
0.8160130476050313
0.7611539797374995
0.8249610922511079
0.8813229876641202
0.9558397771832742
0.8054177103812823
0.7496852976090179
0.85347816749378
0.8264698747658418
0.9657263829302664
0.7089466660782983
0.7327261672535157
0.73952340348024
0.6667914914841069
0.6526337846308018
0.7189058217961211
0.6879063010616842
0.5304466914521035
0.48023536699153024
0.5676199766606931
0.5746919333673949
0.5303515364547382
0.5395139523902315
0.48432960905941297
0.5167455622867604
0.4609526897533738
0.34848506525528006
0.5245121661885548
0.39252961875049497
0.47756507922452396
0.3486227208517322
0.37460107129583226
0.41523841686581625
0.48651668177146873
0.3945272212021257
0.459633958707359
0.4914339973156525
0.34612660421300784
0.4560651221256642
0.5132178023517524
0.3967774997221222
0.4161679474567236
0.4377066894768982
0.35160802193002016
0.4884574964184386
0.4269785207330611
0.3655893852128126
0.47025817528255726
0.5885178304807922
0.5166199287834816
0.5670344063738201
0.437661013696823
0.5541973950157134
0.473920415633029
0.483159272419189
0.4405275463096737
0.4886546500655868
0.4600992692519127
0.4611253787925852
0.5002648756605566
0.5574288321829667
0.5156803557559968
0.49107308930092064
0.41475286937398326
0.5684787940510532
0.5243898135260988
0.446322959708619
0.4850314222723848
0.5508305711662614
0.4355335797040283
0.5414946652678351
0.5491385036892902
0.5438872710697022
0.46181315873208884
0.5000806822138365
0.6327113245813615
0.4482708461191931
0.5541913373964261
0.614305698737898
0.5227551101513555
0.5195230529652244
0.6190564964425194
0.7000838909778607
0.6335866597561968
0.6410568941591254
0.6352342880058165
0.7413310145007486
0.6245374899360889
0.7495765061566025
0.774345579955239
0.7878703625402692
0.7692649662658444
0.6687380470876821
0.569854522320471
0.7011981315922792
0.6274983986416492
0.7179237614760353
0.8189011159732299
0.6597667268632288
0.723834409042721
0.6602543178511079
0.7421762942842395
0.620732903294481
0.715115025584614
0.732000518480886
0.6803091996125535
0.7581353929600085
0.715830766094399
0.6308746582152867
0.7028545437066868
0.6583091576860343
0.6372341943804314
0.5732429902780842
0.5348864777710722
0.7171906775460084
0.644995371295323
0.5990359563449779
0.6755332067105562
0.6282409578984981
0.5759536458045832
0.49893825180907636
0.5185932160083206
0.5574871789058129
0.6556822828044506
0.5895207959238413
0.5244826988171579
0.48880450184840285
0.4845840002387627
0.5136442622346146
0.46050833676567404
0.4325686831713776
0.5571500342155296
0.5208671989240427
0.4728977618184222
0.4748415140305611
0.48222515948641126
0.4205983276742789
0.4537596351541525
0.4632004750497834
0.5271444126133501
0.6060479451553035
0.4865465931676266
0.5726306389458572
0.5132299072936416
0.47359293968884464
0.5968972183340155
0.4665212863383388
0.591459054616648
0.525314106430706
0.5365513277816347
0.436417285925768
0.4402757703300315
0.6981224506441311
0.566491434742162
0.6420175308785302
0.5905588287095065
0.6320984064562
0.650234146984788
0.6549932271848183
0.6494011706316007
0.7763767760561745
0.6292394113339592
0.6278628042028311
0.5853783655262097
0.5782897758705655
0.5977351020875141
0.57164037375153
0.5538680983007108
0.4882065631829022
0.553511205518094
0.47669155460302665
0.482880106464053
0.566225183048396
0.37557821550302667
0.4932229463065323
0.40968993857863145
0.2310680414062959
0.38873583554972857
0.41041985382250235
0.3211921537643839
0.28456798635823505
0.44546676939875735
0.3861496701191857
0.3881695749064794
0.2932435177693621
0.28962714143821777
0.21830085199932128
0.283825819737766
0.18579362660718915
0.3081952546817162
0.31102005150159723
0.2363033772424319
0.21628787406166414
0.15067736413718918
0.26884155380586516
0.19915709849740368
0.17838460851831026
0.15117231690670066
0.1717739534921511
0.22970201413536434
0.03827830102246491
0.20362516873426054
0.26581132163547966
0.2156516555827164
0.25060054289527783
0.2676830323271182
0.14965561752393952
0.33349864931208173
0.18489391295223107
0.16887114104652232
0.28297226762882316
0.22914960074407906
0.250358488301559
0.2633810906359064
0.22158554267353867
0.24983402158795004
0.2788305416036853
0.26153582794728963
0.3141398215897897
0.28497332520455954
0.13830547875950885
0.26604328967528384
0.3359582822594961
0.2851311439289764
0.24866371647142477
0.16878723855221497
0.3247266219424746
0.2311376398401472
0.24622920117942393
0.28716621380140905
0.33597975987817336
0.2557414084319524
0.23363632304654136
0.2718154227118537
0.26393352401860265
0.2566918031174915
0.31446619345999005
0.3625862002174989
0.43888738822618195
0.48702248632872036
0.3755731576126965
0.4986328860168804
0.4027430923035845
0.33060703096354244
0.4372106312869131
0.3014781065500747
0.2694953927017361
0.33423359203145786
0.29804670505735165
0.37174056208559075
0.30841855953388675
0.2843679144720044
0.3522011611678378
0.3962773871726172
0.3901341666279333
0.3756477643860591
0.4621210288366099
0.4230322249275338
0.4994044534129526
0.38379342555727625
0.397627359946557
0.44513255387788414
0.38263647413297597
0.41151989958469537
0.4469285825528955
0.4397756805916452
0.43385718314875216
0.5278315380004768
0.41920673997461616
0.2978052216445394
0.3711771038516326
0.3355134727326022
0.5155842550476707
0.4336117795501527
0.44498873880416334
0.3881460550273582
0.3182199812769348
0.276870358843759
0.39438766133665637
0.29827076410213277
0.32655875393339234
0.29916111216125424
0.37622899675853455
0.2959465612255657
0.3408168476408546
0.27389070014319356
0.3363468562800986
0.42885746687392123
0.22962738363210186
0.40787257320696474
0.24090795323695013
0.2778977967677489
0.23491362610711874
0.2572722521339748
0.37895543902067885
0.2587673825902199
0.25418661730074465
0.23467125315572523
0.29118552942344694
0.3408445679181784
0.26418947568440215
0.1103283358203908
0.18566687060678003
0.34316460592802855
0.26568033344387143
0.353888529237545
0.32156881233379253
0.33432526332745494
0.39590457243511257
0.37882802230572254
0.24479683847843622
0.30902741845216564
0.1927686008607825
0.16778033568831124
0.22516176761815543
0.1559280925360085
0.24895400188060088
0.25989762087976714
0.2649848210262164
0.2394641604071591
0.23183143526173283
0.3612031990189243
0.36999177688478435
0.423929086036263
0.3297317184097331
0.5344465363269921
0.6285566820137418
0.8373978421377175
0.7810144272856439
0.7239164423401061
0.48410963204847424
0.5171500143508471
0.34710172242852144
0.4535591318526403
0.3301188741807153
0.4675240987409591
0.3707666468872882
0.45573153121757465
0.37321435003151343
0.15661934831971713
0.48880851676369674
0.3859391140210463
0.14681326347710216
0.3043533283140476
0.3297152879411509
0.40684128275433185
0.3740597150240371
0.3209130332413926
0.2909545179774082
0.3625269485585663
0.3513196026762838
0.28443453733799656
0.3805250924194255
0.2906494271542383
0.3852877081685958
0.2520607266226965
0.2621606439559154
0.40500774680242513
0.29013469185394036
0.31285742073526557
0.34292526525546974
0.3643467529457311
0.44028584699912804
0.4371020012231623
0.4058183889002243
0.35680159464736727
0.3772441848108265
0.24149017760794803
0.3057738116180818
0.2727697069148983
0.306583676458695
0.4196874430026478
0.30933208440240956
0.4094074136545913
0.4130782538760014
0.507464754396016
0.49092722673920786
0.4260530540855117
0.3797918545143477
0.35082582959011
0.305772215996173
0.32079056186607335
0.37143075808928033
0.356282238194615
0.3247425979787228
0.3727654266936216
0.4249125490658945
0.3617465898207285
0.4495135699158882
0.260658772608174
0.2811812480695349
0.36738442603965776
0.42704524925888765
0.29479485279431883
0.4240954871272529
0.34606209717331726
0.3483318318350108
0.3522365220293551
0.44319212374083305
0.5041131364699418
0.3492154386858148
0.4127935858790457
0.4331556253727861
0.4180691179318939
0.2318572778671701
0.40392529392540233
0.44806553518433156
0.35918099456989006
0.42577665881003424
0.23256777584329197
0.3418235661940879
0.3457291705123302
0.4214647901160101
0.43007534529124963
0.26872733340225624
0.42434038018450304
0.5127111211822201
0.4305362475871233
0.3945258379612361
0.3547042505952572
0.39243075076833694
0.29665657316644967
0.4472127363492182
0.3876709868525481
0.33708451862341426
0.39097070004241286
0.4999615353531276
0.4160051963031291
0.3833246866916813
0.509362644410549
0.45532077710672775
0.46240185936976563
0.5680934591300946
0.4702853661359945
0.459528184659028
0.34604483712454565
0.51670168605049
0.4860304965187766
0.42580243632457815
0.40072384503094505
0.41391758608801144
0.5327716972958884
0.3279458300214936
0.4397919984620111
0.3884114121450878
0.359763112219703
0.37493452476693173
0.43612230020638776
0.2957093652575509
0.3860929651632406
0.6332760342586347
0.42284867247324803
0.41964474608537106
0.4675742613571865
0.5408586170960654
0.5546832632413794
0.4266884633875483
0.451391430120772
0.4041411064022864
0.3690847028580478
0.46853553794431063
0.5101413969763353
0.5255214757046819
0.41430740236411734
0.4662063568737591
0.42933479073570424
0.4308408449772828
0.5095896127758988
0.4528299179556218
0.44513949737646913
0.3167397982338971
0.40506966669691596
0.41165000007528463
0.3977277560518902
0.40038297856408367
0.377264053501109
0.5386463884407673
0.5533534998671249
0.4131933892589253
0.49359864368826967
0.528995561980434
0.5250109103243973
0.4783863545510329
0.6640413171202326
0.5374590782689266
0.41249010705743516
0.4660176697000282
0.4117086399843698
0.4868055944265335
0.38124336233376593
0.4204797922307553
0.46468739866749637
0.34378796815554846
0.5133298127064668
0.47918582450744424
0.3851420708825209
0.42372732224619347
0.35036253154065855
0.46635603803257575
0.4602791277465123
0.45995502040259323
0.45376327382855813
0.393532954810858
0.525556365215619
0.6007497992999763
0.48310721065060513
0.39642841173207105
0.3815467198287391
0.33312205990471755
0.4948439893062332
0.4540769782885428
0.5028546146112473
0.4791133946276488
0.5658732309639871
0.34493779452693674
0.5356173810215198
0.450561728113575
0.434073564842252
0.42581632226039734
0.4747243865399722
0.4382218317022072
0.5840021985546254
0.44115336434420965
0.46814899385981157
0.36241194655732234
0.3485387752380742
0.3791022844723077
0.4835265414094043
0.40320330852338254
0.40083624990712496
0.35511582646081263
0.30999476038901175
0.45626565573111383
0.5147852216390426
0.31306604810579947
0.4953043856388221
0.3721552524450543
0.28099774529279636
0.4619555704467806
0.41843684574241524
0.3009403381979462
0.3622332584315204
0.4055197421547104
0.3249821463116668
0.3442820870677858
0.31611521328289416
0.32063927407581483
0.4148604809846503
0.23229801375598058
0.3023761377424625
0.4704894588937555
0.46792577191972096
0.43725329687058395
0.46285936455147547
0.4295782614721831
0.400692281650406
0.446430276358849
0.5441786664615758
0.4706830166848689
0.42592086499939363
0.5022133774961026
0.4960090467565939
0.36071404662581413
0.3333347987892964
0.37173676736095607
0.5685466427136932
0.3092494429669374
0.3787712889626075
0.4320451353656651
0.35669680295035655
0.32603912284427616
0.3839242834403691
0.3543488096769784
0.4364413080930492
0.44998029883679064
0.47553586515634283
0.3274983927012537
0.45874129801267327
0.3457558427454801
0.3359535231314561
0.3485681552302137
0.33674791986339647
0.4216533518919526
0.35550236319506223
0.41040603868035613
0.40332555932785724
0.3286106061359123
0.4388042667275496
0.33274350275323034
0.19505965214851517
0.3346390164194773
0.3896751869608592
0.4253972335529128
0.37438969729236055
0.25293040394309896
0.2780127417253553
0.333740753060593
0.3584187992486458
0.3123431728959004
0.399932656508592
0.28679398576904447
0.30307045110317
0.181032691546391
0.38914812719333713
0.27931652182560746
0.34386873355076275
0.26089363240081725
0.5118794456647562
0.42278675479650485
0.48670913791227943
0.40468462344145495
0.36650145341715756
0.36234797134935853
0.4069889871237833
0.5277086565636175
0.3753341905514109
0.38794562925196724
0.32777339594405625
0.3625689198446541
0.34770868471317157
0.47031738787744903
0.34691399682264723
0.39381198317059346
0.507836856365268
0.42069000492651254
0.5019549265712744
0.5179946494034149
0.32617877899167547
0.37275572941778323
0.4280023407661091
0.40268230748402156
0.4053793238624912
0.5153552589798062
0.46372020642861633
0.27980813105540203
0.4987231613357799
0.5471100175175689
0.5282291394420817
0.42617887221628187
0.4589404647410429
0.3380032169902839
0.4678229700334224
0.39941012696587064
0.5294254725202243
0.5426529657163469
0.5201567591479554
0.5001906352907872
0.5447102943298601
0.5243385632789022
0.567887199569518
0.6183377377365975
0.5724072412651064
0.5817174905162359
0.5765496781575704
0.5841732450982473
0.4046902123239361
0.5793961011852211
0.5437025184337542
0.47609037984768265
0.47034015448274097
0.49773631147282926
0.38520679835048655
0.3842208368538791
0.40448652740996727
0.563562635220678
0.42988539861110686
0.36598090701606434
0.38313799273448923
0.3499197130600791
0.46147524955250946
0.45409458348221254
0.4371989139756305
0.46400161848688715
0.456236018115903
0.5815515622807265
0.5710669896711564
0.48733530929737956
0.4053921167813826
0.4771745072509074
0.521136700251754
0.4225679033400201
0.42540446642004254
0.5979597570727702
0.43629882604407483
0.4689590242552867
0.3543826046660874
0.40307734916961035
0.32942857261461383
0.38696137557945853
0.4890473475919126
0.4959348189012578
0.40289961174470146
0.360590360716837
0.6271934209552915
0.4913238571558467
0.4707831234374983
0.4312163296453386
0.41015158207745084
0.4882933452324367
0.20440694033576
0.4514190998492904
0.4376275177868252
0.4015761611732832
0.26549625541507543
0.4078293964166202
0.30946196909031165
0.3677519237747018
0.32349401471849254
0.3872565633356496
0.41440827162591093
0.44643056672538023
0.43657962315260523
0.5304646388917583
0.3602218890737548
0.4571232191911132
0.396960244504397
0.35163199198023165
0.4651612304163111
0.4544560278750539
0.42633833349965256
0.3869736607925494
0.3674279494956416
0.5307728803105999
0.530163688159896
0.5140674485635393
0.536237019238873
0.4034068090474755
0.4289978490326949
0.468544252377756
0.42649773506224736
0.46887431279000186
0.36080643761260467
0.33803368678361717
0.41361007636748287
0.40936868975301893
0.34258374664407165
0.3394133645447732
0.3963469854797401
0.39732809064759633
0.36539009302329045
0.34989144010420065
0.26055365154395554
0.3648201673619619
0.3844195757153632
0.38836434650256213
