0.2834014416255179
0.3042028491968897
0.29661161246381745
0.24643850388784833
0.3239116862478007
0.27371019921675466
0.4079686701855951
0.41450990408082183
0.25075202905953803
0.3140359838810375
0.37722061410976787
0.29858391509166243
0.376000340541461
0.3257137181451842
0.26115273284522394
0.38110846245530394
0.3449117430047109
0.3371360463136387
0.31515693285657526
0.264728418184914
0.20016743288495376
0.39092740791191327
0.4256626369260458
0.31842045519041945
0.31055962313411656
0.26006016232476303
0.2946818775185879
0.2867926670072081
0.19368295589988083
0.25665474771553437
0.2771014245984449
0.26908451103921904
0.33201373517225724
0.25303649469322886
0.24506214881661845
0.32213803280549413
0.10123871956410693
0.16411260570974515
0.18438901186219422
0.2188546455530961
0.16818491401328112
0.2593790794029173
0.13772773710199218
0.498495941880924
0.37682331573869116
0.34027186559963674
0.37465236392530793
0.26714058686645104
0.41500652704466773
0.27901697031613604
0.3417333560360974
0.14902945683636984
0.21171746410125433
0.27440547136613885
0.3370083432657926
0.4706141097678643
0.36298881888869966
0.24108916510585163
0.4456126908451104
0.3378880753731767
0.3153413928145752
0.37793007548669055
0.22760939894432147
0.30430217378965885
0.2959021510868948
0.4577161019354107
0.5770049378511833
0.42661331517112205
0.4181707247857427
0.35290027810885977
0.3869544242011465
0.3075373176684261
0.5260088540779839
0.36137124694931616
0.49469322890061873
0.3442306600828651
0.4208382995629718
0.6960099892161871
0.4745587150235541
0.5227027640615245
0.5566292071059652
0.5479879675350474
0.46837221181678873
0.5306629207105965
0.5077898859186106
0.4707134343606334
0.60390771326409
0.4249247970940462
0.6999971621544923
0.6060644758499347
0.5263635847664453
0.730447244452012
0.6649355809069754
0.5852063113684092
0.7040552812304898
0.8513394630796299
0.6722714115443555
0.8052812304898121
0.7113201657301776
0.7166695045121744
0.6084198876213178
0.7130796299449459
0.6615727339803621
0.6952721493841876
0.5869799648107158
0.7483540496055395
0.540737272262898
0.6595152959872864
0.5511947329587377
0.556373801010273
0.7176911288949429
0.7512344627958454
0.7280066973153981
0.6338327941426869
0.4261876383449685
0.6583375901015949
0.5924995743231738
0.6827430614677337
0.4324308984618877
0.579402917305182
0.47102559736647936
0.4335234689823486
0.5662920710596515
0.5855184743742551
0.5763664226119529
0.7090924570066405
0.4870168568023157
0.44944378228049264
0.4828310346784721
0.345919178159941
0.39346727964129635
0.5828934672796413
0.5311027867642886
0.4934161984221579
0.6970032351438787
0.5600346217151938
0.5223906010556786
0.5981894545660934
0.50376014529769
0.39508485158067996
0.6695612690845111
0.47579317781939945
0.43802145411203813
0.5138344968499915
0.4476701288381861
0.48088711050570404
0.3863300981894545
0.4762188546455531
0.452650547704183
0.47157897724047904
0.5330609001645951
0.3817753561496112
0.4006754072308304
0.29187241046597423
0.49528917645723364
0.47159316646801747
0.5188432941710653
0.18297008910834894
0.4146517963562064
0.3057920426811964
0.5232845223906011
0.5420994381065894
0.47586412395709177
0.4237329019808162
0.4850303649469323
0.6031414949770134
0.3665219365457744
0.5839576593450253
0.56016232476304
0.536352800953516
0.48416482206708666
0.5738549293376469
0.521652761223679
0.4126085475906692
0.37456722856007724
0.4500539190646462
0.6957120154378796
0.44481809410295703
0.6479794539985243
0.5814603552982576
0.6285118338157671
0.4910324081956979
0.48132697655939605
0.5566717747885805
0.31991032408195696
0.43780861569896135
0.5415886259152053
0.48920199784323737
0.5078182643736875
0.35609285430501164
0.2895028094670526
0.49256484476985074
0.3691895113230036
0.4870310460298541
0.3920341676599126
0.46736477666155857
0.47167830183324816
0.31989613485441853
0.33838469833702256
0.4845621204381633
0.4320903570009648
0.3228474941824167
0.36968613428684943
0.35975367500993244
0.3214427606561099
0.2547533912253817
0.42926670072081274
0.3767523696009989
0.522873034791986
0.4703445144446337
0.4320052216357341
0.2516885180770759
0.4261592598898916
0.40199500539190647
0.2501135138203076
0.25422838980645895
0.35773880469947217
0.17746466882342926
0.266700720812759
0.22830467109370567
0.3459049889324025
0.364251660139622
0.25482433736307397
0.32991372949656617
0.23466144503093253
0.1962370168568023
0.3563766388557807
0.14766729099267836
0.32199614053010955
0.297661615301663
0.2875872637493615
0.3058062319087349
0.1821329246835802
0.18623361144219308
0.31796639990918896
0.5064419093024576
0.35437595777285885
0.3441880924002497
0.4475140473352631
0.42313695442420113
0.342002951359328
0.7149100402974061
0.5770758839888757
0.46746410125432775
0.4146943640388217
0.48961348544185257
0.5077756966910721
0.6394375390203757
0.6008286508882456
0.5480305352176629
0.6796923775469663
0.825458312049492
0.829402917305182
0.7765906124070606
0.6244537147397695
0.7985839150916625
0.788325103581361
0.9198876213178955
0.7109796242692548
0.8993558090697543
0.9173903172711277
0.8077927237641183
0.925137635507123
1.0
0.9754526363584768
0.9367869913161928
0.7845365798285941
0.7457857994210796
0.6503632442249844
0.7109370565866394
0.7857000964867473
0.817966399909189
0.6089448890402407
0.5843691469436404
0.5456041773085873
0.5777853453657983
0.3545604177308588
0.34424484931040356
0.4757506101367842
0.30926840342811734
0.3698138373346955
0.37360236108746236
0.5192831602247574
0.43793631874680744
0.3707787048073103
0.4312390033486577
0.4208382995629718
0.6516402747034451
0.4993331063056928
0.3328367103694875
0.4359356376638856
0.4112605709745162
0.25895340257676375
0.46136273341279305
0.2947953913388955
0.412069356944208
0.34489755377717235
0.4479113457063397
0.36653612577331285
0.5121176003178387
0.43074238038481183
0.20740393892956469
0.46657017991940514
0.49863783415630847
0.4882087519155457
0.5912225438447132
0.3962483682388331
0.329062375844259
0.5172115330041432
0.44994040524433854
0.32592655655826097
0.3864436120097622
0.5462001248652023
0.6066462341790113
0.3974828310346785
0.45792894034848747
0.5893069981270219
0.5646177422101141
0.596671207219479
0.4017112208411374
0.49052159600431355
0.5509677053181224
0.5262784494012146
0.5725211419490324
0.6613457063397468
0.4521964924229525
0.6119671945059311
0.3886287530506839
0.6192604574606959
0.4384896986208071
0.427989670242352
0.6303422441682275
0.7616635450366082
0.6518389238889833
0.6271496679720756
0.30442987683750494
0.7479851296895398
0.7374283444009309
0.5282933197116749
0.6879930756569612
0.6633180089675919
0.6101935410636244
0.7273398036210909
0.8020035189284295
0.8623928713320846
0.8944889040240649
0.6001475679664
0.7882541574436689
0.7635223338441456
0.7388614563823145
0.6715619501674328
0.5333304954878256
0.6504909472728304
0.5548271752085816
0.5017310857596913
0.9168795050797434
0.7218911402463251
0.7823230603325955
0.6157131505760827
0.7754696634315228
0.7223877632101708
0.6693200522163575
0.7439411998410806
0.7192519439241728
0.5242919575458312
0.8258839888756456
0.5599778648050401
0.7481412111924628
0.666709234349282
0.5426386287530507
0.7166127476020205
0.6777626426017368
0.5678954537714967
0.51485612123276
0.6887734831715762
0.5931806572450196
0.5684630228730349
0.6289658890969976
0.6468159373403712
0.45191270787218346
0.32788466995856747
0.6012401384868609
0.47721210057324476
0.33900902434871444
0.4704864067200182
0.573514387876724
0.5062716385719962
0.4248396617288155
0.4711958680969408
0.30464271525058173
0.3793206197854589
0.14182558601509734
0.5712299222430332
0.546597423236279
0.6212895169986946
0.5115216527612236
0.43014643282819687
0.39133889551052836
0.5086128611158408
0.41306260287189966
0.5303507577047505
0.43474374255065557
0.6371814518417618
0.5274561552869063
0.5880157784210228
0.5492649980135081
0.8225920880867246
0.6277598047562291
0.6032124411147057
0.663729496566207
0.5824394119984109
0.7139026051421761
0.59005902718656
0.5938475509393268
0.4132470628298996
0.4312390033486577
0.6763295306203531
0.6943356603666496
0.6130881434814689
0.5317838696861343
0.507236506044611
0.5253419603836768
0.6427010613542199
0.5898036210908678
0.5652846359044214
0.4698337022532493
0.4028463590442136
0.26482774277768323
0.24035132527385208
0.4996594585390771
0.44680458595834044
0.2804500822975197
0.21343436063340712
0.33087859696918104
0.476715477609399
0.11174868040183893
0.37111924626823317
0.27575344798229184
0.4641154435552529
0.43972416141665244
0.25925137635507123
0.14973891821329247
0.32402520006810825
0.3137805777853454
0.1901072705601907
0.023870537487939155
0.07041120381406436
0.1879788864294228
0.050078040751461494
0.337930643055792
0.10080169135592258
0.13319853567171802
0.009524802769737216
0.21228503320279243
0.07444094443498496
0.20626880072648845
0.1819626539531188
0.25698109994891877
0.3037062262330439
0.18010386514558147
0.14164680174811284
0.3727935751177706
0.16408422725466826
0.2676088313752199
0.2859555025824394
0.11984079686701855
0.22333844145524717
0.14237470912083544
0.1465747204722175
0.22172086951586356
0.3394488904024065
0.08825983313468415
0.3620948975537772
0.02579175889664567
0.3422157897724048
0.26133719280322376
0.5067682615358421
0.4401072705601907
0.10386798342698224
0.2642601736761451
0.3110846245530393
0.2160877461830978
0.277200749191214
0.21053975821556273
0.34261308814348146
0.29016970316135987
0.4648249049321755
0.3130853056359612
0.23236279016970313
0.20835461717464104
0.3688773483171576
0.4300187297803507
0.2925251149327431
0.4388869969918837
0.2730433055224473
0.5044979851296896
0.3813213008683808
0.1729383052386628
0.19159713945172827
0.30959475566150185
0.2857284749418242
0.375376014529769
0.40826664396390266
0.21422895737556047
0.20459447187695104
0.28010954083659684
0.24211078948862022
0.09062233951983655
0.23704523525739257
0.24167092343492821
0.2746750666893694
0.42122140870651004
0.468443157954481
0.5582609682728873
0.3926017367614507
0.46824450876894264
0.4020233838469834
0.420937624155741
0.5391338895510529
0.3168596401611896
0.7330580623190874
0.3972983710766786
0.2601452976899938
0.435226176286963
0.4399937567398831
0.33131846302287304
0.4780066973153982
0.39775242635790903
0.41676599125943586
0.2371303706226233
0.5400278108859753
0.3036778477779669
0.46464044497417567
0.2993359441512004
0.5170980191838357
0.3659401782166979
0.44183835631988194
0.3474658039616324
0.09704154605823259
0.329062375844259
0.19217889778080482
0.26814802202168114
0.486023610874624
0.29243997956751233
0.5529116294908905
0.33097792156195016
0.15161189624836824
0.3979510755434474
0.36051989329700895
0.1669646404449742
0.34240024973040467
0.2624581417787616
0.2534621715193825
0.499843918497077
0.30643055792042684
0.3683807253533118
0.37364492877007777
0.2938021454112038
0.14295646744991203
0.48881888869969925
0.5224757364209092
0.158905159203133
0.26353652307168396
0.3540070378568591
0.33103467847210394
0.30801975140473353
0.18569442079573187
0.24791418355184747
0.15400987570236677
0.48579658323400865
0.3493529712242465
0.0994735796583234
0.19009308133265226
0.25235541177138315
0.1443753902037573
0.39112605709745163
0.32574209660026104
0.16104773256143934
0.37949089051592033
0.7540155513933822
0.532621034110903
0.6376071286679155
0.7425932232249277
0.9184970770191271
0.9100119189511323
0.6177705885691583
0.4106504341903627
0.6860065838015779
0.37960440433622794
0.5130824677904534
0.2492905386230774
0.39700039729837105
0.43122481412111924
0.4370707758669618
0.5280804812985981
0.2359952324195471
0.38379022646007155
0.3471536409557863
0.6652619331403599
0.4725722231681707
0.2941001191895113
0.5271156138259834
0.43380725353311766
0.39728418184914016
0.43170724785742665
0.28169873432090353
0.37293546739315514
0.5067398830807651
0.4703019467620183
0.43387819967081
0.3407259208808673
0.4178585617798967
0.36730234406038936
0.43028832510358134
0.4365315852205006
0.47116748964186383
0.5767637209830297
0.5546852829331971
0.2630399001078381
0.4112605709745162
0.5027668993699983
0.5091378625347636
0.2459418809240025
0.19561269084511038
0.5000141892275385
0.4639026051421761
0.47038708212724895
0.6329672512628411
0.5117770588569159
0.44737215505987854
0.2694818094102957
0.47470060729893865
0.3961632328736024
0.34603269198024855
0.4803621090867813
0.6005448663374766
0.4085788069697486
0.6139253079062376
0.32267722345195526
0.49968783699415403
0.364563823145468
0.48486009421647086
0.548413644361201
0.498495941880924
0.3208751915545718
0.6115415176797775
0.4623417901129463
0.3983058062319087
0.43362279357511774
0.24192632953062038
0.40498893240252
0.44036267665588286
0.4190078892105114
0.5253703388387536
0.33378738861456386
0.3408678131562518
0.5040581190759975
0.3267353425279527
0.5183324819796811
0.45456609342187415
0.4759492593223225
0.42641466598558375
0.49039389295646746
0.17130654407174073
0.4623843577955616
0.4129348998240535
0.12228418184914014
0.21476814802202168
0.307281911572734
0.2295533231170895
0.3362846926613315
0.3295448095805665
0.3653867983426982
0.4012571655599069
0.3945740393892957
0.30278392644304447
0.551549463647199
0.5023837902264601
0.49578579942107953
0.4466626936829559
0.34079686701855955
0.6322577898859186
0.5973806685964017
0.3213150576082638
0.48514387876723997
0.6347976616153017
0.4865060446109314
0.5085135365230717
0.4879817242749305
0.49584255633123336
0.7307452182303196
0.4832567115046257
0.2215931664680175
0.6977978318860322
0.3652307168397752
0.7421533571712355
0.46641409841648224
0.3183778875078041
0.4967222884386174
0.2636074692093762
0.4278193995118906
0.12380952380952381
0.6144219308700835
0.3246353368522618
0.4463930983597253
0.46882626709801917
0.42034167659912597
0.4570208297860265
0.5646603098927294
0.36016516260854764
0.4962540439298485
0.4337079289403485
0.4846898234860094
0.4789573755604745
0.7854021227084397
0.4391707815426528
0.44769850729326294
0.5697542425790341
0.4931891707815427
0.3315171122084114
0.3969010727056019
0.7319087348884727
0.4993614847607697
0.42293830523866277
0.6586923207900561
0.681622112492196
0.5485129689539701
0.3870537487939157
0.4668255860150973
0.4756796639990919
0.5271298030535218
0.8765820988705375
0.5307764345309041
0.4829729269538567
0.5061581247516885
0.4867898291617004
0.7228560077189398
0.6467733696577559
0.4714087065100176
0.4663431522787899
0.5748056075827231
0.5130257108802997
0.21005732447925535
0.24764458822861682
0.5690589704296498
0.5641494977013451
0.5166865315852205
0.5260230433055224
0.5495629717918157
0.4454282308871105
0.5257818264373687
0.6061496112151654
0.3318292752142573
0.4548356887451047
0.5069101538112265
0.6867160451785005
0.5969691809977864
0.7200749191214031
0.3465860718542482
0.5406947045802827
0.5078040751461491
0.5174953175549123
0.7826352233384414
0.6930728191157274
0.6602815142743629
0.4288835915772745
0.4245274987229695
0.44857823940064706
0.5861853680685624
0.41164368011805436
0.3364549633917929
0.5025114932743061
0.5408791645382826
0.5792894034848743
0.319754242579034
0.38659969351268514
0.5102304330552245
0.4636046313638686
0.4453998524320336
0.3420738974970203
0.4658181508598672
0.5328196832964414
0.628228049264998
0.5108405698393779
0.42184573471820197
0.4180146432828197
0.25813042737953346
0.3253164197741075
0.4350842840115784
0.5023128440887678
0.3709205970826948
0.3814490039162268
0.5480872921278165
0.5586724558715024
0.5125290879164539
0.2535756853396901
0.26424598444860664
0.21817356263125035
0.39917134911175434
0.3531698734320904
0.4348998240535785
0.26125205743799307
0.11600686758612863
0.4532181168057211
0.5350615812475169
0.4182842386060503
0.32991372949656617
0.45441001191895114
0.536352800953516
0.4906351098246212
0.5868380725353313
0.48442022816277885
0.4671661274760202
0.30803394063227196
0.46110732731710086
0.3162353141494977
0.32745899313241394
0.5231851977978319
0.23650604461093136
0.3045859583404279
0.4294511606788126
0.5259662863953687
0.32452182303195415
0.46366138827402237
0.6737754696634315
0.4014841932005222
0.3846273908848402
0.3961774221011408
0.4503235143878767
0.1639565242068222
0.5587008343265792
0.3858902321357625
0.26987910778137236
0.4093024575742097
0.2649838242806062
0.30513933821442757
0.31694477552642036
0.31458936375503715
0.2980731029002781
0.2815852205005959
0.3644503093251603
0.5041006867586129
0.5160905840286055
0.40039162268006134
0.5259379079402918
0.36772802088654294
0.13860746920937625
0.3777598047562291
0.3047704182984278
0.24599863783415632
0.4710539758215563
0.22787899426755207
0.09825614393552415
0.2382513195981611
0.12287161586923208
0.5750893921334923
0.3746381746977695
0.1458226914126795
0.6123219251943923
0.326806288665645
0.339306998127022
0.3234434417390318
0.2366763153413928
0.32020829786026445
0.5456467449912027
0.38801861626653045
0.30136500368919916
0.2005363528009535
0.4402917305181906
0.4530478460752597
0.1678585617798967
0.3793064305579204
0.4347153640955786
0.2915034905499745
0.3044014983824281
0.4592201600544867
0.514728418184914
0.2723054656904478
0.3704523525739259
0.36930302514331115
0.2972359384755094
0.5089817810318407
0.5504710823542767
0.36497531074408307
0.36396787558885296
0.32042113627334123
0.4897411884896986
0.48881888869969925
0.5588569158295021
0.458666780180487
0.4294511606788126
0.40026391963221525
0.3852942845791475
0.5831772518304104
0.4121828707645156
0.0
0.4533883875361826
0.6371956410693002
0.3528009535160906
0.6076252908791645
0.2807054883932119
0.6774788580509677
0.3222515466258017
0.492039843350928
0.3355184743742551
0.3492820250865543
0.41984505363528013
0.5471791815653556
0.4333248197968103
0.5749191214030308
0.6313922470060731
0.2764061524490607
0.36131449003916233
0.3469266133151711
0.5170270730461434
0.3891821329246836
0.46001475679664
0.4173619388160509
0.6159543674442363
0.5733441171462625
0.11928883591577275
0.2611953005278393
0.5876042908224076
0.431593734037119
0.261436517395993
0.43183495090527274
0.48874794256200693
0.616635450366082
0.4465775583177252
0.26235881718599235
0.74504795958908
0.489939837675237
0.4618735456041773
0.4054713661388274
0.3632726034394687
0.5197514047335263
0.3924740337136046
0.46387422668709916
0.3366536125773313
0.20944718769510187
0.2667432884953743
0.13959220160054486
0.33882456439071457
0.5238946591747545
0.18399171349111756
0.3974970202622169
0.27047505533798744
0.4698337022532493
0.31450422838980646
0.6699869459106647
0.13159515295987287
0.5297122424655202
0.30352176627504396
0.5456183665361258
0.27691696464044496
0.24944662012600033
0.3071542085248879
0.3223083035359555
0.23818037346046878
0.25339122538169023
0.46726545206878933
0.1277981156705829
0.5120040864975312
0.5415034905499745
0.23048981213462738
0.4303025143311198
0.34637323344117144
0.5178500482433737
0.4339633350360406
0.5487541858221239
0.6777484533741983
0.40947272830467113
0.3540496055394744
0.5115074635336853
0.45614109767864236
0.41497814858959076
0.3738577671831546
0.5597792156195017
0.7031613598955674
0.5627731426301152
0.4649809864350985
0.6793802145411204
0.18433225495204042
0.5122878710483001
0.4004058119075998
0.45880867245587154
0.38953686361314493
0.4479964810715705
0.6483625631420625
0.23862023951416086
0.5525427095748908
0.29892445655258526
0.40005108121913846
0.41608490833759015
0.4463079629944946
0.44819513025710883
0.5068533969010727
0.46620126000340545
0.3120636812531926
0.10118905726772234
