0.260514406897965
0.3686123217951031
0.2859865932699718
0.3673508818631306
0.36538851140232315
0.27883943084197155
0.33450491285470896
0.37798639474778517
0.421642812138891
0.3649170284281322
0.30091399234262917
0.29978790451838605
0.5015774801286834
0.3845915383390355
0.30476644148844656
0.3088639211054162
0.2173744614712782
0.3630535439729518
0.22923351507750725
0.3002169785638936
0.29183486474240794
0.33487783072999383
0.26646954845868426
0.30514844521935275
0.2688208351316739
0.3660605828790694
0.3580082779743222
0.3375137697499086
0.37585740213197083
0.3109833648346519
0.23259592162960566
0.3705362576121718
0.2973420175873516
0.2521297223695612
0.2684097559908258
0.29668308408870303
0.27495385774443054
0.25194829659900503
0.3221074633636124
0.3440114383529387
0.277168131051948
0.28370649870785447
0.2394504377284719
0.34892857236666874
0.2697033068919932
0.1879877104063885
0.43643484697227275
0.2723971593718849
0.3956880573944323
0.36976144181646253
0.3447117696636388
0.22172987922346366
0.3674984522947734
0.4066571491948251
0.372951517844002
0.3339651095581188
0.36002175885183496
0.3247060776270127
0.39228187098761047
0.3377951212335713
0.34775659628940486
0.32210300600220154
0.4282638361136815
0.35808321888217853
0.3878977204270261
0.3717637895668724
0.2813557887635074
0.34597355743593217
0.3693023924685982
0.4630816567465911
0.3650068613732887
0.41552869798495917
0.3956844665427607
0.47563497606176813
0.501683207732883
0.3575608862299039
0.33042075961964823
0.4243124536503592
0.4469318943680325
0.47582822177156603
0.44099695435272507
0.5210524934192975
0.4612227525357416
0.6071692696358482
0.5405488323400371
0.5661908113916565
0.6373929103950611
0.5894678285297024
0.6537718959313252
0.5125953090851624
0.6516589576027569
0.5726296632088572
0.6463047940287413
0.7070191949133309
0.664291333760541
0.7524878041971519
0.6602502046231744
0.5993394937454617
0.7599321440695379
0.6769951532402927
0.6560936564920843
0.6940548514791747
0.6263479442202788
0.684567795940207
0.6352048332932015
0.7822268523901169
0.6022128302716038
0.6626125228482744
0.6811349611137774
0.6031873953734401
0.6212688367375996
0.5309584630645328
0.624163476465182
0.4592602272053991
0.5235507708309344
0.532987596122682
0.5950861628096928
0.4930187666731045
0.48297113929782987
0.44301139805714757
0.4465337335163113
0.5013424321697533
0.4756892695058168
0.47079162717139567
0.43698702760054486
0.42066771696393934
0.6100509646480434
0.5070934011210051
0.535540339080909
0.5238386463546891
0.4498931188603345
0.5513861657192594
0.4782120037726635
0.47458893556715454
0.5197474912715834
0.46050368422543764
0.5366045155648483
0.5837363151960571
0.5590920789278949
0.5613173102822562
0.4746057770011647
0.44754882994209344
0.6451824877099324
0.6102363453150542
0.446582072736764
0.4703336857335181
0.4634023828215089
0.44694019623903364
0.40762639202771545
0.35914700519660503
0.4034567555124311
0.36037082834611
0.38928450944960147
0.4198281818008598
0.4694607075118215
0.3894017741411321
0.47877324108578523
0.4382280480437537
0.40569859954612286
0.380437413364917
0.45251436659037997
0.47727414050657646
0.45437364313851686
0.49053103982310076
0.529559566969574
0.5548149013397795
0.6111898742853755
0.5705568562691454
0.44489060003402314
0.43694121591503665
0.4376623725148161
0.5412580083216094
0.5018487229205826
0.4528269135223587
0.5403744513467719
0.3423656903085124
0.3503515971384722
0.4700588886376066
0.5503072133431965
0.4194504265304171
0.541903478218033
0.5108698541957554
0.49211757551403856
0.45731323471462804
0.46053860954247816
0.44460644390310755
0.4281996019739174
0.5069432908275867
0.44703854626956757
0.3498782162143419
0.3841382712249861
0.39830344564675313
0.4057134302234014
0.3487588106576554
0.4368020077652223
0.3316368066387514
0.34738339773874116
0.4093400975109426
0.4156305264218749
0.37470425822650105
0.455862656537694
0.290226158277918
0.35819505766483
0.32904223818715483
0.4048936809655031
0.34143806144548106
0.2938477804730534
0.31725318763036836
0.40856958086404727
0.4859182383579399
0.42626252486450544
0.4221137179407469
0.3743806840199679
0.2942066072087588
0.3001152350660107
0.3417903722789078
0.21301587003251035
0.30689668213318133
0.3878117079774431
0.33023761447850114
0.3874868787418061
0.3129733792845064
0.3950725072156954
0.137481940446382
0.34190398003081485
0.3721018097833917
0.2385663556186018
0.3978616789257031
0.2977197523513031
0.26313841091579676
0.32927468724465203
0.3891202512453572
0.34008951857588243
0.29461176213137874
0.5001122787648237
0.43594258162972876
0.3301891626151351
0.41777912839989667
0.45213408250119147
0.5029978859639023
0.4278453279829679
0.5150376096706928
0.5402300684412064
0.4507972989969636
0.5998333645966983
0.5598124812238382
0.6367307453949209
0.6947586028331634
0.6273292623825008
0.7618690546282432
0.785312466903298
0.6660022600946297
0.7686649179277251
0.862676083752286
0.7322055470888221
0.7988967163011058
0.7780456934843117
0.8021630238166271
0.7160673230494887
0.926614289607955
0.8233926096821584
0.7563079816343359
0.8246666427903127
0.7863891409079447
0.7820791914144836
0.816620039664882
0.7420483235690356
0.7755569552377792
0.6517306742791786
0.666519621161686
0.6044011404372716
0.5715946768881521
0.6823829394497465
0.5849875390702186
0.6044484476535535
0.5023111121444007
0.5313426224578371
0.48423886570835495
0.45919093299936176
0.4598869533379143
0.3826593845255376
0.4709783322435638
0.3329493288036056
0.5433204702953276
0.3942141249770331
0.4232408159923159
0.39863958763776636
0.3275807505233068
0.48746726871606477
0.4123665976356151
0.5510962458509563
0.3404788852295837
0.4235408143965
0.4538125287587651
0.37962478590086024
0.4631118450964815
0.4470000821703989
0.37719885570368705
0.5106841868017085
0.49401902954178367
0.36082473676024795
0.4908379444868437
0.43875870985812215
0.5653208947211357
0.432110955479856
0.41839136656926973
0.4848044965027062
0.5241595896536294
0.48087780662155877
0.5216791858767945
0.47827379183229435
0.5104704340118156
0.5023071766135497
0.5411257777946685
0.5086973877475282
0.5805937271470278
0.49643475528864744
0.47053663884118213
0.44969692854054455
0.4498480675243057
0.5264018143506906
0.5334992322904719
0.4962025880982843
0.554306335083326
0.5201652457224033
0.6140271126781034
0.5969574384838241
0.5307612006378608
0.523099969225935
0.5324958357296714
0.5173095067048677
0.5012583421446911
0.5182063327825269
0.5882597512789961
0.5756624785174447
0.6391963608893209
0.49510452879907724
0.763307019281288
0.6225521253530844
0.5433832402833615
0.6317881306928672
0.7446975803125092
0.7106105977190673
0.6320709372604635
0.6161528302324719
0.7384692852982305
0.759688584300426
0.7151403276290473
0.6967400484526807
0.7233748554913262
0.683018629705122
0.7529530662633797
0.6053116833812471
0.6132627705148452
0.7417047472818896
0.5617324276423552
0.7891987284686388
0.6139514279990942
0.6953394137299445
0.7262787108540607
0.7348353916133539
0.749982932590235
0.6725551659783826
0.7879036937354099
0.7214566563806535
0.6073813983010108
0.5530993736121328
0.6486112804550159
0.6560026854808915
0.6245872421697765
0.68400851383807
0.6556195418567249
0.6036551753573788
0.6327160480446741
0.6268662169992415
0.5244229611594746
0.5438307483750906
0.6047519838373815
0.540353442424828
0.5713668663864597
0.5035200795062424
0.5792749228246106
0.6017216457808252
0.4856349490590085
0.4978059061073986
0.45233679546785266
0.5218490875687606
0.5410913398852737
0.5206276404063445
0.42968189996742745
0.3226924964848701
0.5036462058211701
0.5653260578759005
0.41202439512944256
0.4966349481567226
0.46479394433085064
0.598180221532106
0.5595383447293036
0.6056390719406528
0.6382578209062668
0.6192669360214986
0.4097096588582767
0.5974836101095569
0.6631677772047069
0.6141688356392805
0.5716549904923989
0.5662081772054532
0.721117656292152
0.6886202290748691
0.6793007248549949
0.5988256125458316
0.5483687776870303
0.7486742042386019
0.6741803632465282
0.6676826076986615
0.546648186791607
0.6527077509682575
0.6266374988951433
0.7106173113140482
0.6674920297329503
0.6944566372127401
0.5931362738861414
0.6009189970135032
0.43162568880015995
0.6230166976479987
0.5409198910081165
0.6125844961339244
0.43801926416756953
0.3857000474390987
0.45866667005537864
0.3714007418255082
0.4327792494021355
0.3176032672265126
0.3812361412900126
0.5436942166237038
0.4065182195492036
0.20125083182196302
0.3782801226934527
0.3298310979079575
0.37263233143338803
0.21295553152068097
0.21412022908161799
0.3251205953942774
0.27672400789801554
0.23154174554206747
0.2574749718906371
0.2598237937466768
0.21636336712486381
0.2356698329188731
0.2952118135930971
0.194599698325521
0.207956257240268
0.17655337669903987
0.21035445687708781
0.24603515479636212
0.3602459697579745
0.14314890976788525
0.16828499838965677
0.23167934233266346
0.2416830499840249
0.28300497989299134
0.16986181164596562
0.37915270584397126
0.288464544784882
0.26872453377068684
0.29075968882193814
0.21095160045588818
0.21033283345117043
0.21003919301915464
0.36596396676391846
0.2770236892051192
0.3005764908254309
0.38186162177010147
0.29910035432118354
0.38719532555785807
0.21030454146037486
0.3975369716526919
0.26766797915886087
0.26637012441970553
0.2800360189226244
0.22292403709601022
0.35310672281821703
0.16732605739087913
0.17115976878485364
0.2178714722974947
0.2467585933282895
0.3982366356236036
0.36100527643227853
0.3214928528271862
0.19704858131657554
0.39195171632439196
0.22974106908880332
0.37372588669811674
0.32542019995612426
0.40790018632614444
0.38111391972176745
0.4451236424644753
0.4280716912330005
0.45328831938529546
0.2961613259481124
0.3999936578303649
0.3717953080160842
0.3862171561352116
0.381968164264036
0.35828317111093194
0.45072615113722647
0.36133678537989744
0.505048065295346
0.44480956417639983
0.31357774413646267
0.4566367345462511
0.4009832842842649
0.39618434064710906
0.512544286523732
0.52207493150572
0.478625648676166
0.5115152119484196
0.46995467370096505
0.3071165771153921
0.49889108245316965
0.6067287030276104
0.4137618505714755
0.5042922396108963
0.48872603518172164
0.46916722454701254
0.2604418479309617
0.4620680290838667
0.5812718966212536
0.377031695728488
0.40437801071151713
0.36680105196455604
0.44567969862088114
0.43418181739045536
0.3132280303264606
0.3230630131492525
0.38944206269048653
0.44204071271890344
0.45327815761933243
0.33396382602244545
0.33069848137960645
0.2898672188338981
0.26339950968926257
0.24037735483068673
0.3265654203775328
0.20236851811263362
0.25197115394948566
0.32058421811926324
0.19419757738734664
0.27273770116674456
0.20117542294640298
0.3267191482626083
0.17182228792195486
0.34471867383086063
0.29268303021462105
0.38645757565003164
0.365777957167418
0.32546535598284876
0.2554101111767284
0.44107511922523235
0.31934706063345997
0.2967554718739601
0.4116383100320355
0.43827300656905144
0.36583963834545485
0.30539824245253666
0.35092753017437806
0.32199125574721266
0.24695004573290422
0.33224561215000575
0.323383460563616
0.3751128423008001
0.3111749317259424
0.22383534741687822
0.3266094520140041
0.403067417613874
0.4395766098409433
0.34684850685607416
0.37341353143175643
0.3593518408096697
0.39615254311837433
0.536646215686043
0.5668034670233059
0.6358426631627072
0.8505926545079154
0.6778274514863833
0.5819022146984674
0.5413178483795891
0.4273310420200866
0.3187861262959386
0.3616644238032842
0.49978081885407055
0.3608103129753095
0.38876193191903874
0.47282551762759495
0.30936628119124365
0.2847536682035474
0.3076679523126298
0.4670878126240803
0.2877672516473111
0.3636803145792836
0.35171651599938125
0.38458709813545755
0.4495487484064454
0.35975253651909783
0.34917139961831145
0.3789980864742518
0.5136680742476584
0.4352828407721721
0.3738560245608017
0.37315672007914136
0.3944445874371515
0.41331711553513034
0.3452399857407836
0.39743697944285494
0.3555347987296231
0.3915149034605758
0.3522274189973603
0.49125441723522856
0.4252338692310566
0.27279917984847396
0.33557059978022696
0.4748865253401149
0.39007113389679016
0.44969522994047184
0.35330565072171904
0.5005685502969656
0.39355971214055396
0.42681311445604175
0.32409729899055545
0.4572465730081976
0.41316862174966673
0.5407608460835183
0.5308964231197482
0.41537144028197975
0.4912814371725625
0.5782621258962514
0.26655452453048556
0.49050647352203536
0.37537008599006205
0.5972974336842067
0.5011051587960013
0.4305368840669403
0.3620920731551158
0.5949494594012944
0.4393107926161331
0.46379698697251037
0.33658749605415195
0.5242363517987435
0.5111903865244278
0.4770312627784063
0.34244778532591913
0.4581276367443785
0.5970494527202956
0.3896250656372351
0.426560093201743
0.4703887528899392
0.3968777652585672
0.4265449503267106
0.6038183257288148
0.34291286689352807
0.4353475919916797
0.4648817012017714
0.3802711845220214
0.5265769551356457
0.489344705680833
0.43548789265405086
0.6095770900663182
0.4686036868170089
0.41841230178865796
0.678916621309803
0.38675469569271337
0.45813168170705254
0.34981669262763226
0.4767110863976314
0.35944573650211564
0.41800815864979535
0.5003223683952135
0.451687794682883
0.4331425045190873
0.3868702244418415
0.5310881002375325
0.5250711043907434
0.5431197361250104
0.4768320369159016
0.5902123968421471
0.5661273627966195
0.4401980167966611
0.5219238242536508
0.4912260436215666
0.5671048585192737
0.4073398283634476
0.42806860956865944
0.3942951863344414
0.515541608134101
0.46466713595777437
0.3619311659221427
0.4669566051608075
0.38337773497792954
0.4876848615331854
0.3989222663339099
0.45613867406021347
0.5343906178240844
0.4481515623948569
0.3663580683046277
0.5785094019000683
0.5850801020989145
0.4657302702702044
0.6902500891776151
0.43717854768145026
0.5829261106824946
0.5197702399066472
0.5082038411945197
0.7097877217194493
0.6095003164281338
0.5677598540341504
0.35390692583767386
0.3806213854606912
0.5612450322777958
0.4306018231905202
0.5872510145471961
0.47876093007492704
0.4665647592975495
0.5994655387722969
0.5005749490833233
0.5696909246811983
0.46638907698884
0.4684545867761414
0.5097996294149034
0.4967932501308988
0.5042238875364244
0.5513364522310411
0.6440410315358933
0.522765051738288
0.6138367303262885
0.7525673270658072
0.4140221575726504
0.5871856027395087
0.7245230491920058
0.6582079602698644
0.5416885362404184
0.4784187265388735
0.48402805109307656
0.4137932934798818
0.49488025577249123
0.3412595358715734
0.5637513128069274
0.5198310087586913
0.6325207248447005
0.6138065613800898
0.6901176974563507
0.5672180727719701
0.6203422621844732
0.47326915724215757
0.5099005000677341
0.5450621574397484
0.4402046246351491
0.5900368364741797
0.6064625770027345
0.5916671632103783
0.5264153457358693
0.5764651582308093
0.6486010723246989
0.609724907786154
0.6742382170677963
0.6380253930785162
0.5744557650591198
0.6913585348752684
0.5384453960781403
0.2914742779122977
0.4986457198087498
0.42166947514288255
0.5944496472520102
0.5883189899406385
0.41374383996401365
0.5231586431511591
0.44279694663529023
0.42994911310537737
0.519975211563892
0.5567355525418161
0.5673162721772814
0.5131157100633659
0.38103836539244035
0.5222658515957039
0.43164802592938456
0.34121933109655933
0.527708678956626
0.36284388683742447
0.5928707648212501
0.4989384441544128
0.22368207057855452
0.4766748100386866
0.4427376236939726
0.43927334760126624
0.2919280933762154
0.3557254606397343
0.38270640872252204
0.4463118249705468
0.5012332818639529
0.299133553078179
0.50252742617182
0.36977537556618045
0.5058641179191865
0.48238340570849936
0.41065243764313153
0.3224737426182456
0.3499655607428228
0.3707128538305351
0.5539724436278768
0.4176024340102429
0.4743236781824431
0.1815032774616948
0.539476657263898
0.428022896643136
0.47246889559232286
0.3555697070862872
0.38234491050258324
0.40825397568018684
0.5153346765467949
0.29071603342611163
0.49655505901346253
0.522508631131869
0.31681173172621324
0.6033212310464021
0.41627598104849717
0.46027162186409
0.3726028395816959
0.4373849199264751
0.4607428959921269
0.354173767092052
0.48231191132014056
0.45865243449659054
0.4360955253574511
0.27152205187178596
0.45723771299986765
0.41805944019495694
0.32686940169026457
0.35068219730880235
0.3784394360783573
0.2122529489086466
0.36530245264752276
0.3522893636192729
0.4061220079446799
0.3656783758511713
0.3440444249203841
0.5149035926945854
0.3219763338771101
0.4022398359897318
0.4990096431792692
0.3446214570771242
0.3004672960743797
0.3344959474632492
0.30356533602245
0.28878293310610087
0.2784789503368351
0.2801845312380932
0.2272039717637426
0.40813063009221173
0.40751603479685383
0.48860136222173023
0.4140153546411369
0.3694366461013199
0.37883824397177424
0.38412884651147666
0.4407873928633171
0.3748191159668587
0.34366608554875455
0.48278837721291745
0.3341985943963507
0.5204188096821883
0.4636143938029379
0.5194412068542562
0.4978554172555038
0.5390334790495226
0.2629407342006861
0.3634445754511417
0.37436483248478725
0.2291599129725938
0.36070375428960866
0.493934556353406
0.41218094147754414
0.31183110343249604
0.3198088593953863
0.49647771338375374
0.6042324789432887
0.33914991185535964
0.50445384848028
0.43229021681489854
0.5057184739193288
0.35284479538835667
0.4619069428717876
0.4040412477156682
0.41575626279698763
0.3729447609044817
0.5125257514634814
0.47132123077634436
0.3571462703240912
0.3838550818356974
0.48465960860550994
0.4894133577506822
0.4790648534978261
0.4785091028256535
0.46240476215035664
0.5282699207796739
0.46611176178344105
0.4802392830593405
0.3978561205990275
0.604072610545946
0.5010141773125985
0.5192724899480018
0.499699389261024
0.5238355750651666
0.43318763625097917
0.4228319912773589
0.4013289712877338
0.4224972688080648
0.49599764600655727
0.5216610288037263
0.47363683388149913
0.5053031771770252
0.4109983624874524
0.2734436793541679
0.3648674830027832
0.3885786901832462
0.3833457193417969
0.422471109051505
0.35097787491863125
0.4653629391097243
0.48357120686478117
0.4539933035025794
0.5188857829775851
0.42032678884980135
0.5002790645925503
0.34287394795083004
0.43052860611540406
0.4536998293347746
0.38260855760222634
0.3801021529845541
0.48563538296964415
0.4172272990265059
0.4769181285383536
0.4240670604609905
0.5204710649751738
0.5015954865740231
0.38927318169989406
0.4330488772353282
0.5428644937332784
0.4232545075609814
0.46694857111731647
0.4713910185384085
0.36544288285755516
0.227294692824588
0.5031170555617877
0.5455612073932851
0.4245176876293856
0.5749214290492013
0.5035213815396797
0.3330989472128623
0.46557494956827783
0.47635715099494674
0.27494478555172913
0.3856897918196606
0.27009187397721335
0.39831187581769767
0.49106695834969144
0.31493669716794476
0.377078522769678
0.46137440315064976
0.45338262295669574
0.542315817178727
0.5338404206078269
0.5247833994147693
0.5965545106081325
0.5288991344471597
0.43548178027181605
0.44830869826584596
0.5724933821994813
0.4973624883477309
0.5085465032145184
0.5219166096019695
0.5246534032266142
0.5844412484156734
0.6050853075955673
0.6091211269575378
0.721899141545971
0.6316238238545215
0.45054333153768233
0.4033558824984751
0.4379673745357705
0.4361813720277776
0.5193488260246102
0.46479796735564094
0.45979057139413204
0.453190803647854
0.5385240830977727
0.4540160463657995
0.45837514237388854
0.5146559625069492
0.4592398777390165
0.3892586453615826
0.4704807582941586
