0.294871006221516
0.27926806452415487
0.39573809755194983
0.3187716712603557
0.3172989136917353
0.3520405974310442
0.32591337757147926
0.4338473917486595
0.32305148467582445
0.31779412567963755
0.21888121192745352
0.3086899436055206
0.3395491461370034
0.3984288450202744
0.3261367867190006
0.3312692225708477
0.4096262701859555
0.3748504143132295
0.317241590821589
0.324700037670978
0.34083227308958064
0.2959753791338132
0.2597162601186231
0.313764205741689
0.34837469257125736
0.23076870825678097
0.31570147452778297
0.3184161125670737
0.3628994672540806
0.3051737043913731
0.359268668722115
0.2896009630096098
0.31931794048901047
0.3177020551891788
0.31227689574934114
0.23215836190170153
0.33128611183658685
0.35719662173679745
0.30276368586711344
0.2891844714094739
0.4443430418334189
0.21064804291994646
0.36867854625298924
0.2752138634869039
0.3338454260893674
0.25797532113673927
0.2914359743012756
0.346755170476295
0.38205205569514805
0.3854920223748365
0.379448213799236
0.39669535030399894
0.30124569463075374
0.24006923966152482
0.3275859126224777
0.3481629594977874
0.34207541861894
0.3425925913169471
0.40544767321761865
0.4435062009002261
0.31380849707901715
0.36807341265206117
0.35524900159939254
0.3866367374066621
0.36336886387255973
0.4190072319863377
0.4114145618134027
0.3548359813622449
0.34202630769186293
0.4551456791920477
0.3629013859053323
0.44562290913999003
0.40134588937620613
0.5458522711326359
0.4782553113675283
0.41641599511567656
0.42686114283536114
0.5498757281882208
0.44805210658315986
0.5478298943326689
0.4783458414406609
0.3836362517901001
0.5803087536552299
0.5925924601464342
0.494091620142583
0.6479767686047053
0.5618064842091884
0.6353410581320793
0.6085930177268821
0.5860433440638406
0.5317251761553545
0.6542484669172843
0.7011654717936942
0.6691025481107904
0.5771555606112101
0.7690253041370951
0.6842436895082117
0.6763876658285695
0.726626972462576
0.7183129713214849
0.7133212719379902
0.6941091172584455
0.7009538723315392
0.8177294549103657
0.7499276113240844
0.6950421351960321
0.7541803649226588
0.5656916322193103
0.7013810976753152
0.6768027188018669
0.6019481195074348
0.6467998156395277
0.6032196094387944
0.6114530342785216
0.6021826323157147
0.5737977858630764
0.47886192608333134
0.6263588510749643
0.5261988590284354
0.4906781144696736
0.401028143046675
0.5884798986269437
0.46067424529210277
0.5358943149251493
0.6115942281712681
0.5774764109178134
0.453458165571355
0.48252484774055016
0.5525207851068128
0.6186637160298226
0.5650642278360105
0.46100749704298183
0.4720249103417
0.5690307957610226
0.5742900857028718
0.5857802138453255
0.5330349244844487
0.558251406771207
0.607290018667598
0.602544284155042
0.5127013597323402
0.42526478214433716
0.5094013188131065
0.5113268560195015
0.5103367280135517
0.5203435930135413
0.42049564413643425
0.42188238820061014
0.5046017400253987
0.4646558787516839
0.4170249110558606
0.45888389254288114
0.520645439054185
0.4154826068993712
0.5138842908546641
0.3422322014627062
0.4690981016925627
0.3705770664921265
0.4303897637865674
0.49308913137239263
0.41456902082011243
0.6940034014186401
0.5808357349424809
0.5507703501391543
0.4845299341226248
0.5671542127279697
0.6198091457646636
0.5507262716036094
0.6120259982885565
0.5401182099260808
0.5343034574292627
0.506615424539675
0.6062708151038186
0.5110136119754458
0.558437283976019
0.5906437300768739
0.48825062884237735
0.41536128710213327
0.4513304684789312
0.5747818002925632
0.5175206432058107
0.3951588986485476
0.45729808678414346
0.4461859949527214
0.4241434682574564
0.5147463928240028
0.3534108912122589
0.450655612733183
0.41387570375127186
0.41891865889408963
0.48380242539395035
0.48792229684453337
0.4149602278800823
0.34055101946346406
0.4306522342653146
0.37533560418690415
0.48489662377748877
0.4442736436824777
0.3889056726878706
0.3905754650005079
0.45591672911820447
0.48039762289813287
0.4454567525313545
0.2555258377353064
0.36370147396368646
0.3135281604712899
0.4667996171571169
0.303937120099662
0.36692618485967243
0.4151165910866872
0.3407396639954583
0.3988865603214977
0.39339810853277496
0.2500643011233535
0.3177829171547887
0.3393115421884625
0.3737784008319888
0.3021356369312588
0.32702316725643954
0.36478004633217337
0.3154936928417145
0.3932130111190342
0.28113837957741183
0.20338780981238933
0.23155823180044074
0.3353862805902089
0.19959500783216333
0.36332466438171074
0.39197492998283456
0.2798949724121472
0.24113061450000728
0.3720517537408081
0.406871101452574
0.32430022940520387
0.3819382871972107
0.40112184164253517
0.533406498093917
0.5145469877899453
0.5669680420845051
0.5513990320563539
0.49496917184682165
0.5345722183070251
0.49053186323497344
0.5139213930354034
0.5853295372749616
0.5389075080806506
0.5970178008727798
0.685075573081937
0.6419435643198336
0.6292536159701169
0.6260840464095992
0.7497414531558304
0.7874251251637441
0.8654821951270169
0.7002090290263423
0.6555861485088248
0.7779242501913349
0.5687985550682986
0.7786012632445403
0.7416383365930789
0.8624931751331248
0.8122323970342344
0.8931319251420315
0.8652171422796465
0.7635717156807844
0.8478667526139982
0.75143784966897
0.8143028462885766
0.7483521274462323
0.6714519141492373
0.6064171502297909
0.5903678167449543
0.5486316065188213
0.5838794569274628
0.5364611369730968
0.590779699568323
0.5319140177595183
0.534440815465907
0.4917596553959158
0.4847218621662456
0.48433347450390285
0.47400566084202517
0.4284525678629362
0.3515594833352781
0.44248157984058306
0.4221093316295739
0.3470814740771928
0.46603880431657263
0.40911436311168126
0.5813391127694125
0.44832141329659203
0.42987566830720936
0.46940270113877647
0.452440699135471
0.42111567006538236
0.433628432635369
0.41476179356206055
0.48467906604620464
0.4054233669870947
0.5342901686178231
0.47457741674542003
0.5412194061796434
0.4520247609646114
0.3470346866129159
0.4641016373209663
0.48084224139768184
0.4509862179313837
0.4797048885481939
0.3366793580601521
0.4779822036924241
0.44956571106534327
0.4250388284154254
0.5292659051374959
0.4456768761784475
0.47670401384969696
0.5999941941454021
0.38899285687332286
0.4985053421085268
0.446812161939756
0.5515338196571856
0.44706732122180937
0.47098042693855857
0.4530806038607318
0.680452737294378
0.6468629734730971
0.5581082819327983
0.4531695484972995
0.5213166672256104
0.48722519363963357
0.592942662273505
0.49706681000936936
0.49770322818442864
0.5130480337251738
0.44241149591465145
0.5324466324180186
0.5311418099891649
0.490467488977957
0.585682545601248
0.6239805445364038
0.6407178622086902
0.6894417796821772
0.6724617538921559
0.7953158228780355
0.6728262439323265
0.6697075354443924
0.6737541998271555
0.6577557274149024
0.7881713906429653
0.6509914481182861
0.7386858362418247
0.5744374759785523
0.6202823317736048
0.6651746291118492
0.7604557640336236
0.696991727863135
0.6791793693918018
0.8324574750033524
0.7476142595918402
0.7658714439405008
0.8222405778977571
0.7758661233716007
0.6425757908240846
0.6789511289025215
0.772905350147625
0.6833003021392985
0.7434316915288848
0.7023573828981484
0.7173682791178484
0.6163994914966695
0.6893707548722356
0.5884167046333434
0.6652780578296855
0.6098625882837895
0.6330674294596305
0.7293662414494702
0.6112974570101933
0.5901917917022235
0.6266327282355308
0.47577681279551776
0.4504727807453924
0.5520175911536394
0.5818390767278055
0.47377764346013684
0.4070569039869216
0.5020112583569878
0.4525107414773668
0.5503146827612941
0.5144612199929123
0.4051099564260958
0.4833928166749395
0.4590774667719192
0.497481510060763
0.41135230671501055
0.5357885544277056
0.521913860445303
0.4453273818839861
0.5707451829744492
0.49794282599708584
0.46318353376901866
0.5510675884878316
0.48540873822954145
0.6778573962601839
0.6863795585868703
0.7049171605417279
0.6754114753450178
0.6682513055411999
0.5926606378963248
0.6439848910083055
0.6601598784317111
0.7376394009202031
0.6663569106192138
0.6311762444636078
0.7048830963460038
0.7215303187695319
0.6821508060281571
0.6721481780798149
0.5605288933573769
0.5999696733050934
0.7559754690999707
0.6476314674274535
0.7627003994123136
0.5912845154796926
0.5061991775621496
0.5852280414915891
0.48645575952446773
0.5345157007207719
0.5645924513450826
0.3973645189808514
0.4659423118159073
0.4951206514604226
0.5047560439182309
0.3499028793091939
0.3823859767682034
0.451007501906506
0.2895196691124281
0.4284839377747409
0.3706523619825445
0.36945471951315645
0.23840894713146532
0.4325818758160426
0.3158373744111721
0.2723146782087461
0.44368363419536916
0.06405225403653478
0.1365311078266111
0.0868712157074243
0.2957989798347602
0.050798143498440244
0.17701408810542374
0.18393109055911144
0.12478785637457657
0.13127464550879606
0.2366168769615653
0.16563742824224886
0.32041879032947485
0.16199446263724918
0.2250790994624126
0.2063947841838172
0.31176320399673063
0.16519348857496424
0.14133296151419728
0.28479788067648604
0.20810304012044592
0.22563635051060107
0.4518653198161569
0.19314121083914507
0.2558395075637284
0.28098399450530975
0.2072236418680577
0.22902472176171368
0.2799028231345855
0.3141315775555403
0.18619545918998867
0.20426964648031665
0.3069982634452411
0.2518183642077352
0.24561244442698157
0.2551544552316025
0.17957520347669875
0.28331657523810716
0.2562555319762622
0.27248307203850763
0.22216007861725937
0.28307248038317867
0.2594359408677108
0.31461208542838454
0.2500752856368095
0.2169077152740129
0.30120917878491915
0.3778695111362129
0.21879067643031622
0.27833627458122534
0.36737185453132626
0.3975011577944767
0.48182144401182647
0.3854762600364675
0.43709783954680104
0.40923730088951205
0.4926563695662504
0.4158759989292219
0.39326906730329003
0.3536015489539862
0.3918777784656019
0.27145304903181433
0.3439630691527201
0.41127082315846564
0.21098249156785592
0.3615346191735539
0.32992279621817927
0.3254996167768941
0.3857370711313862
0.36044403082672305
0.3555700026933257
0.451487907265662
0.38910388082489766
0.4679683274431988
0.38705951072740574
0.4383980419892777
0.410262063696477
0.335558932625236
0.45297576237047915
0.2908294111135169
0.49525286989104267
0.5147070033404945
0.5266066713170998
0.5095551506367324
0.340789348420629
0.5419413665131415
0.4621015677816105
0.37233756027644416
0.3453366782663888
0.4642482221319535
0.43483338467424953
0.38031371607710185
0.3999313277616836
0.45233559060338846
0.4900100797713972
0.34899974944533635
0.2526224159298215
0.25901310065090966
0.2558780805537339
0.4063078315852843
0.31045892017154053
0.3120971836490364
0.5776448110755804
0.24555454299633725
0.26052878317776196
0.311219840226577
0.22497212328280242
0.3027402485621375
0.3235219514504249
0.13271039205611557
0.3289298654482169
0.4252489693627248
0.18744831048754318
0.24006672455055972
0.3198711636532515
0.4153109161787716
0.20838423780699433
0.29918823351719254
0.305258742478978
0.32282034559844885
0.29806731015864785
0.2832674784134423
0.4577674953354329
0.3284498565838022
0.32561383384001763
0.2980768099412257
0.03568947080768957
0.33621027476834264
0.2487711632661584
0.27551258692805947
0.35734244483672895
0.1815148822872834
0.36468616223535344
0.37190602501855785
0.41246126743125716
0.5214940263926897
0.35478809571782266
0.499974019740835
0.5876029267488043
0.5906534177108134
0.7710542058772711
0.9223693220725862
0.7842516758126867
0.5782194990150993
0.5119601407470633
0.5450455757325937
0.45029300626903385
0.47620265321010163
0.5255016048554055
0.5942746188281172
0.4453605411749311
0.5831127814610717
0.4532076599045076
0.33902147401235794
0.42923926568096343
0.3312518590663004
0.36871819861992383
0.3929014241084051
0.43190565412511855
0.3966889816185165
0.43709285253610797
0.34486741164322166
0.391942554279764
0.4129160951731947
0.33258557842243003
0.46806699099213306
0.4059235128304442
0.45780093396261845
0.36998203003749064
0.2902045639676185
0.36878317638785985
0.376979155345752
0.41184733067075097
0.5051923202985985
0.38983660599966263
0.42755869044704353
0.43780139840205823
0.3680722092462252
0.5209197787015496
0.45888995350649875
0.42162007899560183
0.3748369544648426
0.40174787013665053
0.45430953885945796
0.4646003013262402
0.5015627803165164
0.5551207397993786
0.2864046583492773
0.6067040247519464
0.43259605651465005
0.28661407302235153
0.46287336929401424
0.48375400837787064
0.30258286925865785
0.3377429131677114
0.4641592937673997
0.431838111887775
0.4508649749742121
0.4527771038602643
0.4428385207510549
0.6230606340677008
0.5142390775312815
0.43592798642293523
0.34660996697849683
0.38239578879264996
0.39487592814415307
0.5029386053168926
0.3737778926027513
0.5098976696611891
0.5253224691459969
0.4127862318454021
0.37689958989805816
0.4746233332953473
0.32881322949597097
0.256363742496615
0.38970665986539876
0.43422858229920663
0.5129624291906812
0.4509856364780832
0.436594633299217
0.5000861017349205
0.44432973204916126
0.5417053085867316
0.5040670926307486
0.396518958056152
0.5157502710433894
0.3688179005041521
0.5180256878293773
0.4671552188808359
0.4186369492899806
0.4651918991427161
0.4519359922465951
0.4067443466218573
0.5460935236283176
0.3583483574194668
0.48442867789945854
0.4521823946539101
0.45087227297249444
0.4224177199238494
0.5356624886263821
0.5847625908365068
0.44469828738083134
0.5285191525826555
0.5862241585026944
0.5241325978288986
0.5538389735487728
0.7327915278797212
0.3864842082481577
0.6196097217465898
0.45209175031507914
0.4775527405851217
0.5591673407212869
0.5132936189157853
0.4936877836493412
0.37799489423614874
0.4311528867107003
0.433868373968322
0.5659445389122245
0.46079779381285924
0.5804887758278018
0.5699720100928649
0.6774303162797329
0.5641770908307204
0.5513665954236311
0.5371236979466611
0.5014398651387051
0.5632508158349383
0.47488489561491265
0.4663897063210459
0.3708551268258943
0.46651029568565505
0.5388745194650524
0.671634931999588
0.5980178450440659
0.6024281281910494
0.5750480509409646
0.6326716060292867
0.414207268817499
0.5199107145912989
0.4312256224325146
0.5241405351365315
0.4259711878788452
0.4124562702957554
0.5486602461674757
0.6858381668040142
0.5287706313159405
0.45443767120656037
0.5198993957783551
0.47740100821290316
0.5709198326703961
0.538945723267148
0.5435822765433156
0.6324152820326308
0.705551218009155
0.5985015274060429
0.6883308236554129
0.6388206061242412
0.5627218144675485
0.5037814893144875
0.6615833059434657
0.4263037117282976
0.49666991678450456
0.4787030589753709
0.5205219053590413
0.42409156613757654
0.5730015884432714
0.5554965504604945
0.6701628468267464
0.5766624303562999
0.5914789372998602
0.5840402000178382
0.574202244670454
0.5387501398059804
0.5175703109973672
0.5567177860845928
0.7095293491889212
0.5732967625965716
0.5421528350759839
0.7425791826350043
0.5759563563900776
0.5129750497647457
0.6354937731531438
0.5868137375046324
0.4535481570408239
0.6273755153005577
0.42710094404819354
0.5648412155448308
0.6849650430763874
0.459570903302293
0.5906988526091258
0.3686165994188624
0.5302008666767557
0.5734133607977449
0.43891593987670907
0.40695497301757466
0.529107505759538
0.5224699554392163
0.4849399758580084
0.5572205980070375
0.5420508712010084
0.3153018586333744
0.47844972487088877
0.34541754330560137
0.45436729781957963
0.47250827793060607
0.4873663663787618
0.46707518913834245
0.4305453426820972
0.38889685235227756
0.38426285468630994
0.4224927038955992
0.2757850292585909
0.4703893465721283
0.3784109681879252
0.45609826042967533
0.43111036920369916
0.29680693708645817
0.37596275508838584
0.46370873941794094
0.2600659833060816
0.44474280544155453
0.3595155547698463
0.4134971769294178
0.4214385086312973
0.515412044757028
0.31656443837146364
0.5697991128928268
0.4641961025094865
0.3993921862175647
0.45681352934941316
0.32986081448962246
0.39491215687934045
0.4899328448377097
0.5003067117344322
0.45085450465639865
0.32909364073800246
0.48310759014620275
0.3333257500324053
0.41750627429424125
0.3775645106752539
0.339549250277893
0.31724579677560966
0.5212124724575145
0.39953146453266225
0.4523763194544499
0.5347106763318163
0.48818558544398494
0.5067862345827165
0.5036043543396012
0.3796514828942198
0.42254697648631967
0.5039112309637754
0.32630897626722966
0.35778610292585117
0.3113413478751767
0.44366455471654465
0.35206270296207376
0.3565697715059747
0.5482824611686601
0.38781400026330654
0.440324945864049
0.2926963589446752
0.524887934955929
0.33305432994595385
0.19258426814562207
0.3583076922100602
0.34143277495212143
0.45199203215883693
0.3790756423537086
0.25049261506486675
0.29404288148302643
0.22305085626872356
0.28889178461431503
0.22697571227798796
0.29338129231029875
0.4120257196755168
0.4494435075169446
0.4055805083575694
0.5000503170449153
0.39821221334738743
0.4061918401494332
0.43315855689647736
0.4421126083069547
0.33453776756056813
0.38531948514790815
0.4294517971679207
0.2944127971550676
0.18213787990182964
0.417405792799742
0.48295388759468827
0.4220346239204619
0.4252814130466539
0.27787605281128436
0.5207774882558592
0.2706933390722196
0.4194853276235053
0.4275671564143315
0.45936562642158085
0.430843921302328
0.3443471116449224
0.5026348062729677
0.4565802794302204
0.46181204146357235
0.41714289798302945
0.41997544195101927
0.47703557240711847
0.3739110009317373
0.349759229246333
0.355980153270403
0.4491782315621823
0.46684651744069083
0.2572308394318537
0.5082980238313373
0.42899558196558885
0.40670855741184825
0.5046656617396257
0.4828732181812441
0.5956441982679169
0.5914064425846532
0.5230097628703083
0.350088369782473
0.4209917937539437
0.6539992941091843
0.4810850297906858
0.5258725944803713
0.43939436457016
0.5384166445172915
0.5299439185579624
0.4639759316735529
0.5168666903084567
0.3576683649604967
0.2945794397545216
0.50718218547717
0.40694099788874416
0.285389515918594
0.44192179417309274
0.3683523231081607
0.32707540204860575
0.58341045101812
0.4271059247308811
0.40446641110890114
0.37031825938613294
0.3547315014723036
0.308306461774601
0.3549663822089002
0.5195871170263305
0.4217598848855534
0.4636902540484279
0.47373951180331125
0.4173066410903874
0.2857401993356791
0.271592972261067
0.3525189646300457
0.22712160498597944
0.4430832560001348
0.3761408445072937
0.3595943993673195
0.5056242656112379
0.30941192744303897
0.4820374965818149
0.31954202203231064
0.3015364624853807
0.3791482856866435
0.29602183229860235
0.3069987389134904
0.33662626862565015
0.2796009371371076
0.3238796632927604
0.3286757938598998
0.23318931009895127
0.35354655714024663
0.3669038591140533
0.4126073787266368
0.2738465691802714
0.2258358213920752
0.325269303052229
0.25250316974764864
0.1831576978245379
0.3699680784126804
0.2625719331273235
0.37807988296531114
0.35245197690677943
0.2021924645897788
0.3457213906231677
0.21162709749492362
0.375633748344361
0.3480498642996296
0.2857058071684727
0.3631887160438799
0.37307730212444945
0.441428444969194
0.30070733522810816
0.2806812030606523
0.479247702268226
0.5286511652626984
0.48810766130010397
0.36249876890914023
0.471713568496082
0.46116408281457844
0.5213464332592345
0.47178706683295296
0.4635460482058885
0.49286112194571113
0.45367681298517715
0.4168988508593421
0.3967557793208192
0.3889437432342435
0.37302851320244956
0.3209824641043123
0.39203725957089086
0.42318424315650943
0.4694648304002603
0.4335514822811265
0.37856790181902117
0.4429157817199648
0.3813226856288713
0.4941718301428317
0.45052299437261867
