0.3302216401581134
0.24092266916836202
0.2990253625889846
0.2204408604923051
0.23590397850691602
0.31302803004268775
0.30201304994265454
0.30801498107930503
0.2443867893624401
0.29929395895587074
0.2872288556834862
0.2999185375427138
0.3605578243655884
0.2787277591927491
0.2784152391577278
0.2755262345531597
0.28944774319964073
0.18718840948093954
0.28632712515251457
0.24698889494910484
0.282915332048434
0.26899142470798265
0.2734061506886702
0.26905230215883064
0.28036682301177746
0.23588093958615222
0.3085771898958789
0.24418955239026177
0.24645306847621667
0.21949128307065596
0.2054807502273251
0.2842919321025267
0.24363051746242362
0.2597637439436347
0.22341466029487345
0.19188510914303283
0.2740894735841598
0.21958254206407488
0.21815224842750172
0.24223594129905218
0.2673551241185053
0.18757855399914802
0.23775189929954857
0.2015474388828534
0.26353474263988663
0.25756899975382996
0.26398966977524635
0.24714196394970292
0.29499452146700555
0.24284363093327804
0.2767818209600378
0.2970857211180196
0.30620937695030864
0.23293400430303052
0.26200326479592756
0.27917151589124384
0.22907406114859719
0.32325700658222123
0.30284985746018844
0.26709114944446355
0.288728210337668
0.380577614898621
0.32855638983969615
0.2607750248346623
0.38134110260968473
0.2991206027388455
0.3507909478597417
0.34539146399493503
0.3723686663133907
0.3417257089598463
0.39370213953865446
0.35398735581986807
0.3670973983702091
0.3904679822962456
0.35227229180179565
0.36772033633800744
0.3421229654842962
0.3654841289181091
0.3796214767722321
0.39268371475795993
0.3731469633641047
0.46301504429432827
0.4283668075357203
0.427354418256021
0.4596779612533776
0.5020219583407891
0.508946893154009
0.4872419084224591
0.5160045534593138
0.47239672732229415
0.5347648682137924
0.5401112262305672
0.5428379634341144
0.5769500039744371
0.5612960417608063
0.6797431344750445
0.48487636427923936
0.5205947463848195
0.5450500267657462
0.5580234868478429
0.5857487723910219
0.5370050041615935
0.5342970241804015
0.5909277571158016
0.5644282605729851
0.5596176416174017
0.5370952702576486
0.625499948684799
0.6575901487897856
0.5647138815283762
0.5703522045824818
0.5126956088621382
0.546416984574925
0.48439856827362443
0.46513164842237903
0.5455996787538724
0.4994076727592462
0.4849681447988771
0.5521977538195038
0.46586417287117543
0.45060313922721285
0.41403041191307705
0.40860384243263864
0.44615077583111473
0.4545584527798094
0.4719123669774239
0.46279889628093623
0.39981137530620453
0.49948849627295566
0.46850563443170523
0.440771859358293
0.513979090177446
0.4601568075285793
0.47010177127456393
0.4534832686960544
0.38950277220765295
0.4751326745268502
0.4490287420395757
0.4988612207759093
0.3970987082876886
0.3716836038998569
0.4400761997745607
0.42906031203751493
0.46677684779695183
0.4430377540423036
0.4339150048152234
0.3374723310408322
0.4428705261107289
0.39671447378350466
0.42746626904347496
0.4218683674656045
0.3393200947324023
0.35256529922154745
0.29704336307075
0.39981164323930196
0.2944172014700366
0.3152085047664728
0.41313163422761956
0.41578579490590184
0.39339178357668314
0.4259727215878148
0.4571919447671913
0.45095361897094877
0.45929508411863335
0.5364343076175494
0.44976565132816115
0.5380545503664526
0.45693434405159017
0.5116273314395474
0.5030833159252439
0.4692334693253036
0.5521975234224274
0.4543138344156854
0.5070467596335113
0.44014666683743764
0.45052403505170935
0.4691037611324324
0.4872476482117958
0.4492365883157249
0.47611436824993325
0.4663612530810848
0.47099608969475193
0.41231610842187993
0.40854385905966034
0.3215803688177394
0.3198298070695962
0.4223948162146001
0.38649489267372056
0.39333057983828074
0.406153052723582
0.3289673395581375
0.3946430369841947
0.3199455959180849
0.27915747350546444
0.43271905636950936
0.3172496771855222
0.4031169579892362
0.3923966155761065
0.28517319098179855
0.31539930563753454
0.3753851066256401
0.29573530721689945
0.40889344558718693
0.4007050125916872
0.39738887998568595
0.3893419864864665
0.39148325228039077
0.39671095683332613
0.39869303084078334
0.32467214783496057
0.31369324514011093
0.31394584633639
0.3410914492208883
0.39805663411403264
0.3600842698975797
0.3479787583697515
0.37607293103745887
0.3646269700706909
0.38944735351779186
0.35851288319259506
0.4044645405853897
0.36467285035181835
0.3436827397566425
0.3627052615780291
0.2699665171254264
0.25421723655774575
0.30891462219118127
0.2586751025976179
0.34183712966123725
0.34396433711997904
0.3570875417310471
0.4180099565482138
0.2804399990767078
0.4213664773565299
0.40207710380501455
0.46384969476189203
0.4603472631962808
0.4442115827863092
0.5215358514636412
0.47307242591563486
0.5436439545233942
0.5414805019457255
0.599392516925573
0.5951705230792685
0.5434251954474068
0.6504495901121083
0.6633143884791428
0.6236366876053671
0.7806140543169285
0.7005466012406864
0.7957340700514057
0.8213769974422709
0.7552122795801185
0.8252342472875577
0.7856287692373753
0.8688027300221781
0.8704875374167207
0.799173330464947
0.8472354125981376
0.8438921137864486
0.8185102375997264
0.8847451353158234
0.8092088599141383
0.900857590681538
0.8179911844792002
0.7914745602486073
0.7903724172091392
0.7817674692206814
0.89592525066385
0.6887618722404114
0.6824223777412657
0.6750310370343484
0.6181218746443912
0.7075746190654371
0.638232393398872
0.5986599014504546
0.5782597874971598
0.5228562643657231
0.5205602800185838
0.5520997221400276
0.47267483009010686
0.4552117270615737
0.5031195765072753
0.49971387017105656
0.4340823335705257
0.5391611017363176
0.4972189525802973
0.5854203534565217
0.5161570969804132
0.49060720567341337
0.5216554867678567
0.5782059189846278
0.5232677784023747
0.5326883073017938
0.47097481442736117
0.45410895867188
0.417040417451766
0.5065771034040609
0.42085704798184853
0.4404450711293935
0.5062048340897571
0.5345399663669932
0.6108259858429834
0.5860613851878247
0.5781285578093343
0.5422628916031429
0.5512829502436316
0.5373164691571661
0.5461198337740374
0.5106285443331599
0.5830690080628774
0.5492750951711813
0.5531057198806462
0.5257303929508882
0.5788973877295585
0.5741087509409263
0.6151658372651898
0.6349383234437713
0.5983026310754823
0.6484998599223806
0.5228683224375124
0.6366667071164941
0.5936523518772143
0.5826242095773944
0.6558263511237025
0.6300333920398384
0.5209636095812233
0.6450605371513047
0.5941630557391467
0.5867739862598457
0.5263506508654475
0.6248618330174129
0.6060509125637284
0.5639094357506816
0.6024137532342783
0.6304163983218389
0.5931490790119647
0.6249746340659005
0.5975359414915049
0.6430190880852608
0.6157434033954307
0.6419436732835427
0.7727657511224366
0.7278803431380159
0.7351396378342305
0.7574463645240451
0.6776485834044481
0.6771386978478379
0.7757629235505135
0.7093911264176357
0.7398917088599284
0.7001449874448846
0.6391071604583203
0.6915063328224911
0.7589710899487895
0.6777177135206357
0.6932230684020798
0.7536063389801066
0.7307705133724174
0.544668722507941
0.7805044391529484
0.6959860086570668
0.70972394852865
0.6993381573307145
0.7333381415135677
0.7341616512928557
0.6907780735425185
0.7055298950111631
0.6820355018560068
0.6506894988062225
0.7504685988289813
0.6589394903607401
0.6742509474687357
0.5558230095586293
0.555552953331881
0.6113594225182102
0.5946090083828734
0.6011800828391697
0.5180102319512847
0.5648432104742664
0.4649733443323076
0.5805136578828709
0.48850564578650735
0.48574068426696
0.5229493906197404
0.5245528611241592
0.4780618469082605
0.5276325120731223
0.4764117902302249
0.5349839155462222
0.5529592821461748
0.53997205341594
0.455705647807463
0.44719266862636353
0.46815196417281174
0.5360745347134133
0.5508939694319548
0.5229339740597645
0.5649849890535169
0.5736074423331948
0.5204632204124471
0.6503974485804105
0.5600223162918962
0.5401478463515544
0.5630083683051342
0.5392171033127064
0.6333237288235231
0.6657078051089321
0.6046212037642194
0.6251882112418049
0.6807004487323279
0.6068742278085865
0.6279827770293915
0.5866731186374375
0.509751760075522
0.5974958207567872
0.640364441666662
0.49297961875523705
0.5879070516977429
0.5844686240820107
0.5292895703106004
0.5102181616454639
0.5211628681707132
0.5481064138836131
0.5990638433935274
0.4681619194912979
0.5148266690698335
0.46317152844119586
0.4136911713534632
0.5253729112587987
0.3720101853584256
0.3786886610926651
0.39881584781954055
0.36460596807948287
0.26020442984864217
0.3521453359918013
0.30348954513229875
0.3001253030493843
0.41709212708204696
0.2597982340386527
0.3004870567113331
0.36537245255432127
0.3076417688192509
0.3379341013456616
0.34010366204268166
0.2862613665018461
0.22919897812452072
0.25415323639556703
0.19865432057079743
0.2273822413864285
0.07997893435930191
0.13960054377664274
0.21104876535865247
0.13137254282290653
0.08869142885522868
0.15783908257777213
0.20284833594579577
0.18996686410325891
0.2539918392030428
0.2480585218248752
0.2992563289180149
0.24470062994240138
0.3019223455349495
0.25730266101215366
0.2922240852423944
0.21267218947431715
0.29752063130850054
0.2807330463562502
0.17835433281037408
0.26575297261479974
0.2908382236925499
0.2753832444123622
0.21214091869837093
0.22499660415577824
0.285886246298366
0.3355400879981162
0.2980494222419002
0.34703863773406823
0.3260649250318251
0.3577223602664344
0.21067946577128224
0.2926826423586344
0.27664192148758465
0.28144714577121543
0.2727212042406611
0.3788164234704864
0.29898690575683834
0.2892314013080742
0.31041956947484384
0.30844887530835235
0.3637837533195578
0.3442590837834947
0.43306707970950725
0.44762168500332966
0.42521664499059697
0.376653067954558
0.48447463544021924
0.39393166553117437
0.47275886948415197
0.4131533404763571
0.5719596714745094
0.44074131228843405
0.38658380647488455
0.47117339950123044
0.35627448006515205
0.3746820029854337
0.5012270681073965
0.5255881425093358
0.38888105690163355
0.46837227937839143
0.5078991313580264
0.4315785627189809
0.47792985256897863
0.47687033760913267
0.38035949178144135
0.5320090999737787
0.5440367793184798
0.5142520336736364
0.4535235299582527
0.4804435369523371
0.4827430488907565
0.49864929555874954
0.49403767140654786
0.45798557810873386
0.40807801526086235
0.48795959776106346
0.4802276694882263
0.47234390423544714
0.4017908931742148
0.47742355668253816
0.4294153555502755
0.47706877914993184
0.4744368279382857
0.4177419506088518
0.42380061062718943
0.34136781040864317
0.4029127283943948
0.33549443024505327
0.30017522748554665
0.343908201868796
0.4791774839724525
0.40682222548438157
0.3639582208477873
0.272014543669409
0.3545302927711571
0.3474047868213031
0.2932904010404018
0.3295115369368076
0.34708827173337364
0.2821511991769381
0.43518482874760167
0.2731255918544365
0.3715736655807448
0.28997916937644186
0.2696404280544209
0.29270675666976775
0.2675778035275408
0.2770748708874528
0.3301663960316712
0.42382418529766386
0.4448278414328139
0.3588375780599105
0.2930134493620071
0.3384329756715343
0.32022299184881103
0.3826096845023399
0.2060591658253386
0.29478531744141817
0.3581019018774666
0.23826505556253041
0.23987424479143668
0.23335743812801485
0.2972497993721728
0.38136656438839606
0.28550965215430496
0.22357196709738564
0.1998362605192164
0.3149766125088374
0.4048644919290426
0.3732967246454579
0.39300213880500506
0.4422317922761153
0.45301190734704144
0.6737179688311073
0.7543865870201407
0.5385796505766299
0.4350959753332924
0.3479168462378496
0.34722446483660135
0.37482222115543806
0.43622738264944116
0.38746305350085175
0.37119840280737
0.4044574614688321
0.2877258301444613
0.2996272976616506
0.2547531462702643
0.3458001033212283
0.35940481630697724
0.29774099929144293
0.3070668457645678
0.25436729746028064
0.3015384604490321
0.381554826639278
0.2780535760956133
0.3452129346503737
0.27878971790743307
0.3095747775619517
0.406567536622504
0.3001530191869247
0.3396362691950533
0.2895767956844243
0.2320970098827993
0.3042974912433488
0.3895426488414998
0.23024794298556706
0.31782571296485024
0.326303504131281
0.39584585980420034
0.23596132603569636
0.2754561138524442
0.32726661294989523
0.30414308812233226
0.3454927260231495
0.3012830756025139
0.3405471178645778
0.44510422985653425
0.29523262772503783
0.31950393545011385
0.35172899441656746
0.36226314325527953
0.4084155034376715
0.4041485824009598
0.40998500845631103
0.3571696578738784
0.40067559829326393
0.40378673367169954
0.3294479064029251
0.37998412451031427
0.3165076952505424
0.3709376550963521
0.42028573824233295
0.3810063975665708
0.3821537581956693
0.2989049835472578
0.4868254521120399
0.45133447081777567
0.4415589044757475
0.2761596317438277
0.31719421134786924
0.38603488108389106
0.3230472063833427
0.29830532053400866
0.3491180227839726
0.3223080669921217
0.3438547711248408
0.4339378500620475
0.3308230495232968
0.3351354565708093
0.3434247220795777
0.36774558148699876
0.31657196981955954
0.3224955378140926
0.3094209209994394
0.4467464391751234
0.29514867174690856
0.382564057351952
0.2725547566550466
0.28063453248715065
0.33161454882598473
0.36762741163380785
0.34179815614951925
0.3639734750606204
0.3665784890667745
0.3206232267521136
0.408187071278274
0.2822040652937383
0.27517705663474334
0.5041498960783642
0.3260749094229538
0.4719228932518249
0.38811162464499727
0.42041001610835055
0.27566768703574074
0.4099768571835582
0.46180119784111484
0.5173491627250802
0.42172124058980465
0.48575927823657483
0.4594425319311218
0.4833569497793031
0.31062062978281857
0.4096399104717282
0.41182055159064174
0.36482319440768085
0.3443489673419204
0.4172776385009459
0.3206946238535805
0.39301159896400906
0.37001048840197376
0.4000763210583622
0.35188254158940624
0.4275196302285158
0.366620839997758
0.3530405181477823
0.3063390160719618
0.3720187487007739
0.41932291411223716
0.40505565911197894
0.4067644860396217
0.46470380189768606
0.3960893970604754
0.442151997722609
0.42244658670847024
0.31987767331365285
0.3941784589572009
0.3069049139905149
0.4575897347927894
0.4136423249593163
0.3603573802223221
0.41445891850585503
0.39817183580300697
0.3140269041675789
0.36937563978244176
0.41508638846229184
0.4203452969452413
0.31547152815061846
0.26704369415090945
0.39560264357138086
0.34703494502998217
0.4861466081922895
0.407886237638876
0.42065661456389836
0.4729573779006239
0.5116957298827665
0.5770392920279435
0.5688983326268918
0.4877194763171684
0.5073449016725984
0.48167704578185055
0.3915951475089528
0.4576376776611232
0.29774928149292645
0.28415865543817637
0.5016885352291611
0.42484386758829895
0.288533091796762
0.4694547038175899
0.40483794674997353
0.35848502843854735
0.3996264355829884
0.41241231383595117
0.44867349094431164
0.4015623874391623
0.42483029376044645
0.28209836157924045
0.4310467372998821
0.42726845850124306
0.4846547863557307
0.42856830802963986
0.39789074916655814
0.35150962304539574
0.43360722441486804
0.46293786645862517
0.37557616819600437
0.39128550094469317
0.3478323468860671
0.4689776447720546
0.4167444335416003
0.43508419013864763
0.4058027589740585
0.3687282826045126
0.5549741948718013
0.4272633402671382
0.3554566154558585
0.4374734359036353
0.321975654223344
0.542137275360046
0.5040268806891663
0.44754596930146073
0.38940998692125356
0.3822727306608391
0.4233917377159798
0.45368625804393814
0.34881880634000134
0.35021572055195227
0.46121811466234763
0.36038459593436495
0.3267479277819975
0.3564947297997704
0.41419406127739616
0.41831745787177715
0.30560393765495164
0.29165899707627274
0.304696564768529
0.3426242860179186
0.382457864586491
0.37556112574769146
0.32539790261119933
0.27637298663456694
0.34862283524634174
0.20050201550082047
0.36248900642678933
0.35094588682142647
0.35091290557577165
0.3271246669958471
0.4206918840166333
0.31649462199623274
0.3306415024980051
0.45604825760271567
0.40369982068083177
0.366924766922416
0.42610997314178595
0.30258271349664845
0.48193102123522197
0.4062996771978721
0.36127046803777985
0.3866529032146469
0.42550055394028335
0.32365762218945227
0.4239674653700114
0.34703750454595894
0.40614016495191896
0.2830850322313629
0.3824747675128058
0.4151862635558475
0.37220777843225783
0.40511713123926935
0.45220927741606454
0.2958562509290059
0.4300147169641231
0.3103262079642054
0.3027387445287934
0.3957830768667466
0.35452987498118194
0.29247488274007116
0.3265357215767119
0.3878098496979874
0.39821730467988725
0.26479116358023586
0.310213511545534
0.24229224266181967
0.316591555315583
0.2620688860544317
0.3403180613719159
0.33109559409686135
0.38970598381028243
0.3873544497794587
0.2899037625436477
0.3308076244067771
0.3606769066924005
0.3153372024513315
0.2981187376719571
0.37088941764354616
0.377223305945203
0.2526989757506159
0.38766458509479873
0.3962203498764792
0.4284458427524923
0.2513207523945097
0.32539275892697117
0.3998422755608967
0.34844926892690203
0.3577738263214655
0.3325708191162607
0.2811725973773751
0.3280275744616471
0.4124366650298793
0.37212562060024584
0.4139529495851675
0.42931544418014184
0.43005068074637604
0.3573785102089351
0.48070257276913103
0.44547532441567783
0.4859715165023907
0.43273677326523957
0.31594115902427455
0.45724252470293997
0.43394819772135007
0.40608724975859395
0.3966762472064714
0.328369377399156
0.39324687279022047
0.4270221235215943
0.3684420800168626
0.3631048174813898
0.3791864963421965
0.4583633796621911
0.4865162244271277
0.4094853364872963
0.4228048059237801
0.4464956490880142
0.4476915673916797
0.46195663478086396
0.44697287309010914
0.3769358677600857
0.5186439587987025
0.513853214462761
0.5202870209422763
0.4823499574884501
0.5159347636330112
0.46644213202285073
0.3848918471732414
0.4941640386628354
0.4785696282747793
0.5145547535805166
0.426126313025786
0.48525570605083257
0.4574324760678681
0.4606183734842951
0.4224916104187149
0.46725477568711615
0.4247544600911092
0.39235231449269253
0.49603917019998967
0.34524141496101346
0.44650803207956846
0.38805401557694114
0.5129427497683341
0.4248268136832811
0.4362164377214659
0.45471488760396095
0.3965813489732663
0.4877121635273998
0.4012173593891689
0.4393116004706907
0.47172711694967634
0.41384517015077976
0.5043525986208008
0.48036115446201366
0.46707216693798914
0.43273690436412954
0.4172120729689388
0.4098251974959564
0.36396014415263833
0.5316508054780203
0.5418963188549302
0.4688622332875827
0.44292157422538014
0.34954884684497656
0.44238859847824225
0.40194485674401
0.3883774878590859
0.36025523990325237
0.3628666240482756
0.3982987251770904
0.44032163207260777
0.42106769219964246
0.2444890032396274
0.3780115106498173
0.4241483604083746
0.3632828202047269
0.3718921769948193
0.4010923989760648
0.3411188038169473
0.38340559245617234
0.3298831823447079
0.3577666348659349
0.5193816808796975
0.3824717306715039
0.3661320137548381
0.3787627649861548
0.340170315368158
0.41775262242200795
0.4618241663700595
0.3754211963135681
0.4406191246581157
0.36758707600266954
0.49377132767930376
0.4322981104595116
0.5067797825730568
0.46734608095953467
0.39910968614955794
0.4825731414600255
0.3867101947395504
0.29639240971231384
0.5945855709907706
0.4452864375439708
0.41453154492245153
0.4218746565729762
0.498098114592279
0.5418977372052592
0.536781303812309
0.4816016907200691
0.48991999813460463
0.4260941163279923
0.41932096379161155
0.382912602717893
0.4279892631588501
0.3440007344818373
0.3626576332477424
0.40499553149007306
0.3586022217406997
0.2828478205653945
0.37590224534137523
0.3921389628815606
0.3661248495494517
0.3781470318458297
0.38787341771074507
