0.2248704237572493
0.3316049165373435
0.2908729040121045
0.29617681329043843
0.22088084398886912
0.25603961707502987
0.284741054458322
0.2964500493412233
0.3192281541380639
0.21917997079438617
0.2960459233751914
0.3043540576849697
0.25879238109012725
0.26414122777811416
0.3114388118959026
0.2709886538642273
0.2727956275117499
0.30421285318744945
0.258661080032364
0.3399062210825382
0.2834669477087556
0.25082372939473135
0.19306740423565055
0.24969761326241435
0.23427136472854115
0.19629057075029588
0.2508680278642661
0.23333572976300831
0.26952198505843494
0.21738159747207575
0.2563956785368483
0.20453228091850806
0.23210961471186595
0.2453392967181463
0.2743764401729133
0.24560930839905687
0.18307001032567
0.2462016960300426
0.19272920522030107
0.26143238357613796
0.2565455630883641
0.3106627135534563
0.19936604165834795
0.13536969864989498
0.21150848288862995
0.3298762368659701
0.26581711012335707
0.24533458167409924
0.2478736949173946
0.2823873417139756
0.2898073237792947
0.29648919430049864
0.3310909852907655
0.3654369334517704
0.2890704070736059
0.30523149188922577
0.267849818010613
0.3355553086746931
0.2597496505437663
0.32932798938666
0.30596353911408947
0.35055946674391447
0.31677576097812166
0.2964356407575186
0.4166764999102376
0.33049858593273906
0.34326344314825885
0.3447711979536331
0.3455286750158164
0.3503049322289288
0.41778380539174537
0.3396228387514796
0.4062439750807507
0.4046898754954173
0.36220748606381614
0.36626038185860565
0.3734943014564809
0.44904723788294754
0.47305356611631205
0.44105521991526975
0.41305477363905796
0.4411148861168549
0.49287742309716387
0.46124623819428107
0.48627877409945447
0.5713894701585811
0.5690983573942875
0.5233903334229546
0.500627512143437
0.575234549831315
0.5609012538788063
0.6303355861208273
0.5874683047918376
0.5930827841883372
0.6690429387411965
0.5860154269681694
0.6170844246818489
0.5976138992501303
0.620086025777603
0.6636554946839117
0.6248136008863872
0.652213461424056
0.6367205222687771
0.5977927865002354
0.6013721625753918
0.6838070135464696
0.6974214018912637
0.6139050498242123
0.5947112958713363
0.5549752512803892
0.5825281414116987
0.5037400032754722
0.6327275764427314
0.48144111039207665
0.6177804491545321
0.5900022143690802
0.6159353569307161
0.5645279569875741
0.468641428486414
0.5163513745851371
0.5695044761459622
0.503615531718806
0.5483450778485428
0.46490154373167025
0.5475066377200329
0.4923695972677782
0.5337955325858978
0.5245803173253392
0.42152758652753164
0.5377353105718099
0.5224672248683004
0.5165366199804308
0.5420952795992233
0.5054395835293434
0.5196008950402802
0.5322215237990982
0.5145470602818023
0.4630764088231927
0.5783478545665726
0.5703016078265288
0.44948199872041555
0.4848377446310984
0.40707070330258316
0.5786744706768642
0.5391067238779188
0.5023652543037618
0.5204685089902412
0.4650091904951738
0.5368811434232459
0.49238807445331545
0.5364391791761016
0.4352695418971312
0.41979983955639544
0.44259284602840243
0.4005436518817136
0.5290791950302546
0.48045098309232537
0.5188080503890311
0.4366989209683593
0.5003344175980156
0.5054429545700578
0.6075148752721184
0.4872025494004377
0.5324918634042227
0.5412234724053133
0.5353998947373084
0.5401699777549388
0.5909274116419143
0.629924623364575
0.6081782112226041
0.5816781080062486
0.49536681924929205
0.5663913036528836
0.5853713008201338
0.49727145004600826
0.5232358646757871
0.531376649644818
0.5671134027882899
0.511821166185469
0.5299293646868624
0.4850483065591518
0.4837933723985547
0.5194775759884853
0.4564946073296955
0.4838478787991899
0.5577355037286817
0.5362547280230772
0.519792430834344
0.547731849297201
0.5130507023494764
0.37913539423722753
0.4234220464954861
0.42530311668070864
0.3148214379152585
0.44717234043483195
0.38611563880103206
0.3052068821287699
0.3424555020190899
0.3998233628340693
0.3346813817242935
0.38213497515355777
0.41133812836983663
0.4002540001994528
0.416500279935831
0.3887698648346749
0.35501224047555757
0.44875956590011445
0.32767735706600487
0.4003207626237941
0.3946388033201836
0.44219212316622036
0.4008020837419865
0.3900564643770472
0.3919266542524674
0.4280904227399883
0.34425474249850496
0.3609184167253213
0.40901708122693214
0.355817088742341
0.4430285349923787
0.35295933977346794
0.3512927933963653
0.37775772414505804
0.40334478354437586
0.38108714387117654
0.3611010542374685
0.3070896772482328
0.38137042911960095
0.3696431522521688
0.43000815909820567
0.40634533598936307
0.44822784314048536
0.44605160212187195
0.4473781635293165
0.4896800976035872
0.4538518446227248
0.48158628035522943
0.5109675198788096
0.5401501612603733
0.5330092244831486
0.5252396421089408
0.586709433376317
0.5400896952891726
0.5823603879032541
0.5237703790096697
0.5858153878031271
0.7015834706101537
0.6906823560018718
0.7331407749347995
0.7402332705699289
0.812492721483262
0.8475708058066148
0.8550799338181272
0.7835683796963157
0.7944865536130339
0.8252885493657871
0.7833658387806826
0.760789815852737
0.7220230033611303
0.8900662526853356
0.9229721507764572
0.7828891530257812
0.9201864846603134
0.9730337628657546
0.84824333070954
0.833677564612866
0.8410876953966924
0.806879593830341
0.7560341923284593
0.7233956670840737
0.7320351049893488
0.6836788183941531
0.6654875889580936
0.635919496629983
0.6505893986080196
0.5754941188174671
0.5623357347185048
0.5282526388351421
0.5639445748729919
0.5625312232405719
0.5539660134168857
0.4941016413598379
0.5263147432922749
0.4915418584657265
0.5074392491984248
0.5682528969039581
0.5382568173934154
0.4109872113992996
0.4962552162554546
0.5220683650645048
0.5032411742607042
0.5456364444259276
0.4696354179189368
0.48469298572019903
0.5190434828586965
0.46437554349101867
0.4066714696088076
0.5281434951926522
0.5061730320284669
0.5270553896696581
0.5618299507514939
0.4869721281799261
0.5176330199039684
0.5707082350818071
0.5092426911238204
0.4967027301973761
0.5996543595736091
0.45996540156319277
0.5087460430309428
0.615097683560947
0.5627556698550359
0.5761257408014624
0.6564388305360821
0.5506275550399125
0.5613077686181915
0.5877989176991432
0.5405739628897499
0.5288749200508976
0.542843419030455
0.5516256106510633
0.5555633982183907
0.5298947492425898
0.48092264692709263
0.5816070199878693
0.6211713159293077
0.617383605637517
0.5352406712295266
0.5402884574823932
0.6217359924073992
0.5587721322776037
0.5668263456954459
0.589951120693613
0.6599730502249264
0.5537620288845531
0.6522451372732068
0.6989538521370089
0.690401892399697
0.6204285010580103
0.6240817644255588
0.7338823105121217
0.8207448276603037
0.8074204177070172
0.7987524799088748
0.7124080204402159
0.7839652420760354
0.7620267009722217
0.7787725904317964
0.8716159427156795
0.7093761493900232
0.763792875255773
0.7001522371963318
0.6503838616807713
0.727637765957067
0.7986067655356002
0.7434510318327409
0.7634630007736203
0.746046495856046
0.6859893642744429
0.7439998588407968
0.7418942126935895
0.678060190756332
0.7623197779572946
0.7471956515911713
0.7981788978339607
0.6954222995562558
0.7407232749020747
0.7680665920408423
0.6882317440421559
0.6201509013209716
0.7146806728494697
0.7397144057150891
0.7142957589662939
0.5897363705824286
0.6518830308374362
0.6293720667144727
0.5766799224060418
0.6321959094137991
0.5191823788992305
0.6054070935582054
0.4804150624471417
0.6372518095734769
0.4601680044817044
0.5947674240629304
0.5160892299676825
0.5230055842620548
0.545104352567369
0.5699864437423869
0.5451318814416599
0.5052647093690763
0.5660345081720927
0.5331687278730131
0.6856678526332096
0.4881820542431097
0.5900971928960193
0.48231527847095634
0.47445598049318793
0.5554577621677464
0.5265372976196702
0.612030145730313
0.5486243366088908
0.5359317974203069
0.6223829855485272
0.5911921126577919
0.6077109469443136
0.662057031235849
0.6767958966894547
0.6722179678454482
0.6817538540424235
0.6750544054152908
0.7132109296187935
0.6472114237475052
0.684308431452937
0.5777929599053198
0.7061254337224392
0.7119303348874226
0.6435116019765708
0.5714991145493973
0.6332396549634984
0.6413893865708562
0.6065034114289679
0.6059783015803109
0.5605751731319479
0.5567672034190576
0.5355082374213005
0.45957505475555205
0.5163884190901102
0.5500497235650686
0.5130696158992588
0.5026576046064368
0.5117648391297085
0.4418039341334563
0.47230107697127727
0.39371959399625855
0.5122451740888665
0.32269390867509906
0.3615534468614162
0.3912236744251689
0.3460909079570086
0.3715023396283401
0.2665159324359529
0.29405241419781875
0.3437894771248734
0.40600037565786484
0.2958400705583103
0.3133336567021806
0.2050504253869402
0.13450520720718814
0.2923169252109067
0.21142150030893025
0.20797966657169156
0.21433895891608162
0.2969116109840394
0.2321348796052759
0.19595378019182771
0.23368979687233782
0.10750872315461468
0.32250841466508773
0.27907123217215535
0.29665660199652955
0.24415263786436747
0.32804967816045055
0.26872426948253547
0.24549720546732973
0.2463023481135155
0.34612778448608705
0.28064117172589703
0.2834198948088333
0.3061351551511101
0.32559497072818244
0.2964475095659902
0.32559730117798014
0.3686395446123958
0.22970741352804447
0.2478268663852618
0.2802482385273967
0.3396688944321777
0.2677637913581976
0.3149502189984776
0.23065581666623713
0.3147382421491249
0.26595573402716105
0.21425312251808648
0.2613248424447919
0.25186484413076826
0.21400666967465765
0.40203893614198516
0.28969200069707046
0.2602369616073261
0.4027821568105743
0.3407065413102973
0.27805532948584716
0.35204721580872517
0.3603389909807606
0.3863218358555373
0.42239901457788
0.5301254244589455
0.4201905501676311
0.40165387526125307
0.35531438550767575
0.39295191584126343
0.4356560035705429
0.3311927308302348
0.4248633370873608
0.3837111581000302
0.348349890764676
0.41668185397785507
0.3206286324181616
0.4075064959937207
0.3252081522733512
0.4433011399068437
0.34367938580584423
0.40717766280726764
0.43465666153857174
0.4281108888221963
0.45960982819043145
0.4723426357970414
0.41690968906818104
0.5405051920367192
0.47804100137309347
0.2890930226433342
0.5184758014769003
0.42908329151198354
0.4532693898843251
0.41285079652261075
0.42769048981332636
0.44504703308395954
0.4398930922426807
0.375479335439604
0.36861441240572385
0.42400939150655187
0.5056733033554524
0.43355872287973535
0.38136707231221106
0.34949395786016524
0.42227561712337464
0.2891517718300896
0.431912571569099
0.3223271226049844
0.28750489954017006
0.2689583258782088
0.2886998513089386
0.38037715814771655
0.2746176324517853
0.28414159353972407
0.3448401297363421
0.3685960191948843
0.3121009088135962
0.37746420233563305
0.286034434098525
0.25416511521841045
0.28020796077220633
0.3426268394283861
0.24944069684326658
0.22252535884459315
0.3250255198395413
0.22720639173961515
0.2107989289670744
0.26138333710721207
0.27686095709984804
0.29596284879917445
0.3475310865064555
0.3289266731819959
0.21750072614296867
0.283238406302586
0.30346896261498435
0.2434574016293175
0.17006488687079996
0.26762560970749194
0.2851265934193481
0.11935921122176356
0.15037817116723795
0.27412524952618017
0.1497752882683953
0.2822702314439605
0.1659148336444184
0.2829228030163735
0.22345211370783385
0.3102938296282863
0.3666414510211777
0.29540565280394615
0.4415631031168465
0.45884962762431025
0.5247786785582442
0.6662878566134516
0.7195752953589094
0.6005384916671295
0.42250682819098695
0.38802721537275514
0.3692174503824873
0.27016388126006224
0.30882989679355155
0.3864384756292238
0.33856134593074455
0.28286059779622813
0.2664354784901981
0.36518438219647964
0.3144827655418823
0.28729855437801854
0.33576096495641605
0.25830090528191174
0.25996977000320226
0.35066996361684566
0.2697596097089118
0.24107703191318905
0.24571723457213285
0.38346255995891965
0.25551121640971197
0.3514758534376551
0.30678574545883475
0.20185054380742828
0.26532021757704505
0.3072495970014808
0.2748310399336368
0.36528403541159976
0.3178100179258974
0.271053921098766
0.2873359321037381
0.29182497849512734
0.24128064759351447
0.36006095206821764
0.3042242958693735
0.17526609895232936
0.2712238794441239
0.3830949835950377
0.2751098628278358
0.2651584566067875
0.33130076480085
0.24711578953643062
0.35232377704467205
0.34866481014462886
0.32504537782211296
0.35295812015583417
0.366628464454398
0.3856911440426067
0.2825741697994586
0.36709255398524
0.3791089428416339
0.28300250274197036
0.3682406322641679
0.34256481120696713
0.30864371569022797
0.29384634683339717
0.25180750438734456
0.32811712660908565
0.36663533140619603
0.4017082571262669
0.37605800708857484
0.379591679239509
0.3117077588914516
0.31879713984053004
0.2387081853533073
0.3427067019491395
0.4528250917405011
0.3097303724206837
0.38249144388939216
0.38287854110485253
0.4200834343292186
0.2813704417750836
0.37055953209560977
0.329566943289568
0.32489048188889136
0.29709573742485895
0.4165129140064384
0.3075532593205246
0.31267845168237607
0.371128149662006
0.3870742307724805
0.3155805381643191
0.44564058404696105
0.39886741093674494
0.36217429656464095
0.379852834875112
0.3104321721648716
0.37294324921294775
0.3406876532362585
0.3693625920799589
0.34491909504957197
0.374922893997486
0.3343128290197327
0.36660447659326656
0.37098911487308506
0.32623387885813615
0.44745055759267294
0.3710078581780907
0.4676897534505122
0.3898081494425551
0.47018994062962505
0.577109433155053
0.42340900680474314
0.40934602051751257
0.48472582012202997
0.4342618179235511
0.29969741376162773
0.3789034557517409
0.32155395397556763
0.3370227110899082
0.33481631502706244
0.38637793483190386
0.2759173374455219
0.5040406387305858
0.3608939182912782
0.39527355356137406
0.4329733761022072
0.5418560178533789
0.4499853506340581
0.36123321824688326
0.5127675548946036
0.38416972695380824
0.3360741225843836
0.4010841727642538
0.318135486200799
0.45335174383797294
0.345996980966615
0.46895329931879237
0.42189404440477074
0.5314854300416589
0.37084884786365363
0.3364423564960535
0.3944149633916319
0.38499032684134155
0.4297529735231808
0.4512906928902104
0.3610516469545543
0.41660127566307725
0.45681819867537876
0.33192222101395824
0.4747656347403363
0.41346590134484335
0.38375359691823363
0.49282317622805377
0.4059308238711129
0.539136274029617
0.6050596929064542
0.3755163933274807
0.4872104117750686
0.5661040821458411
0.6364637528820114
0.570749541831528
0.4556298184827462
0.475083511608813
0.40126669829569883
0.4492255301663744
0.3678087506279225
0.3375951634929088
0.34233086780349786
0.48336299800146837
0.3581595431163431
0.505281505124594
0.44678403854463555
0.49475794257438765
0.3795342885773672
0.43428371808246863
0.4631118825402014
0.5255925785278113
0.43371699004415787
0.38316640271984015
0.373623953491055
0.5177154783944795
0.40254946594427055
0.5119456741882985
0.49651339242481446
0.4705211238425414
0.46868955441608057
0.4664056928543569
0.4748003496862734
0.3874885141852824
0.42945310303333617
0.38524876856019175
0.39824596945440216
0.49317937657102534
0.40209038541002207
0.332761353018439
0.528999628570021
0.4057507701896289
0.413231107186626
0.4418495080184056
0.43241932377542014
0.46728781691674975
0.38698510151929927
0.4631878873954257
0.3154128448782544
0.41755315454064723
0.4264461570908158
0.44402201760991183
0.41612186453688665
0.31688422703195357
0.2628977778066246
0.3740427654679657
0.4107705339914426
0.47095283605675015
0.36979021807519724
0.44198482715134374
0.3297388412800851
0.3894465192648278
0.3436266555722085
0.32764505613236516
0.38232133645834776
0.3558466105272753
0.29787491809324806
0.2688393637169306
0.3483510226156057
0.3151018284780193
0.3567182931585805
0.46175859109883444
0.39650132964876106
0.36680602615364305
0.34169947485253693
0.4863885573043818
0.4628659108948391
0.41105886116596246
0.42269815891153545
0.358114151656557
0.4437804201060408
0.5251703316763779
0.47906129058628044
0.4311603628015852
0.4169235582015941
0.47021347009831227
0.47795870431376497
0.4438354525810134
0.4150072403599122
0.40364868590264946
0.4523477313959271
0.4442899588826585
0.5208644564935373
0.393420653925046
0.37425352778161386
0.41390488659878233
0.41260612991300066
0.5921370927573474
0.3887220290268265
0.44523901938743166
0.3780078614880735
0.43910711937151814
0.32767373949714174
0.3628862324790981
0.3750489080409246
0.4221194528838247
0.2716725310028638
0.41165789367755146
0.4513314439411494
0.522969083404818
0.4616237840010644
0.46871264207199304
0.3579191632515787
0.3949536824605695
0.3862341482842392
0.4260117252506481
0.44685614915170213
0.42493544299787955
0.4541139246437728
0.3863235317371435
0.4210734041199059
0.31095109425627687
0.467720144773908
0.43029210614651664
0.44939332595547715
0.42674499994907666
0.32826330770661816
0.4751786699891611
0.4097860004170394
0.48598701484927626
0.48325168821434916
0.41432326709615014
0.5288360187769225
0.49922996978553824
0.4726388661956084
0.5119059657091201
0.5490859052131478
0.5099678657171478
0.5084589148056953
0.5330000194323592
0.45045449305452095
0.4254381588140723
0.5040517436265818
0.5459021019333259
0.4639633364235174
0.40339679905424464
0.44615484085311785
0.4723557773825624
0.5110678791883392
0.4691234361484078
0.4858961723981864
0.48407591150050366
0.47985136286585606
0.5107691071116666
0.5609891425151894
0.5144079996163824
0.4827944649061514
0.4786535088804519
0.5876354485791978
0.6238841779277235
0.5857740285780793
0.6018365861175947
0.5768810719364476
0.5737310609341878
0.5372820479107258
0.6690200724284863
0.662121272763212
0.705639532987145
0.5354934206371377
0.5752087349421641
0.6261234423468118
0.6384730276239808
0.6216995218648772
0.645489510428121
0.647380707483115
0.6629523338708225
0.6230028453969022
0.6201274937021422
0.6155940512685883
0.6134963371263507
0.7031281286863591
0.6270834834816899
0.5426506576382825
0.4662565134372304
0.5602141085972426
0.44444192505062513
0.5259246650993457
0.5339615903342823
0.5813291563289139
0.5817513190942658
0.5456650508864183
0.5802591237589358
0.5316832201730183
0.6110516827397571
0.5776114689128692
0.5894061784546349
0.5550092025082335
0.5657083730856663
0.5153607049238393
0.5645841075560972
0.628411290855338
0.6333472939929975
0.5225432284575513
0.5455689858001833
0.5764792955188034
0.5594471812614743
0.6162671497923575
0.5197409120699042
0.5760862629195985
0.5242851170319438
0.535692030035575
0.5871319576280776
0.48527086620935017
0.4275106814283402
0.53662259324825
0.5035627087567652
0.42776719798906426
0.3508644864840769
0.42103800935083135
0.5217487542746452
0.5590360876575888
0.47382996708490677
0.45923632620131716
0.47122168505750667
0.38005281759807696
0.4594004799248126
0.4700494421406016
0.3973711466043857
0.4679965501842882
0.5265597141004262
0.4799746354737271
0.512016618093731
0.5222836402625768
0.37992808325497873
0.41509778171138734
0.43975238122009525
0.5208826955195638
0.4703361958234054
0.5479238151176996
0.6131238577197327
0.49992115886847927
0.4960379566441725
0.5424185655643642
0.4221296776551431
0.6550497656931817
0.5555530387452301
0.5236750638697
0.5044644949313454
0.4800614818253792
0.5240661194565484
0.5434240252040616
0.5190818187499813
0.5539653536294263
0.5133962749890391
0.511067767708161
0.4187484785777339
0.4127253592030908
0.4643527160795604
0.4534386959009826
0.40323829120946
0.4264913308764541
0.3472299859882573
0.3393522818016354
0.28267631791664494
0.4585278362106305
0.4056376804621513
0.4285302310227945
0.47665827418690737
