0.20527418479997564
0.20161353225551432
0.2830560930721594
0.24490056848743236
0.2977979187968219
0.26081327648581154
0.32575011384783525
0.27035173271392093
0.2528295427245194
0.2951459721695475
0.24640717323147998
0.2733853773466785
0.30794055954154154
0.288258787754861
0.3329721211351987
0.28110116686235465
0.30262337004911305
0.2285632307268139
0.29939271086068725
0.2780649307711861
0.30400721617360615
0.24319079494412968
0.26012519101034703
0.2675036516544924
0.25591055069569446
0.2747787583413764
0.3167411461718287
0.27278109478856716
0.2716128111787772
0.24966859201313749
0.28610569137292774
0.165627601435956
0.17635771266523276
0.2069527237720688
0.2200497146747336
0.2926059674790803
0.1998446862283092
0.26237522022533755
0.18377778032203873
0.21132000078071222
0.25144434883290057
0.2772759608922394
0.2490630119055994
0.29568908077762623
0.24000486221441492
0.2150537238421799
0.20469898855834834
0.2969473947050598
0.21237528784007625
0.18204283329614396
0.3168830473222253
0.2632853607630653
0.27489158136976183
0.27264406249028217
0.31503204304073984
0.31097121912396897
0.34917023207678966
0.27601434772292605
0.29324393522363146
0.29003714520180124
0.26406631364645217
0.32574818439163783
0.2904754525340943
0.3239560570085083
0.3344280198194238
0.31911518757273166
0.3475183369587015
0.27361973052894106
0.34545360298082045
0.2671206799320299
0.34870097946996037
0.3217613079068128
0.3656696652936209
0.33053633494412615
0.4452087601784694
0.36894447755764054
0.45148720239875767
0.45753384331417324
0.4320833397121468
0.40392139715173037
0.37079052819040426
0.42663422709362664
0.3903637509913067
0.48872984336232267
0.4822083031479437
0.5209720943994935
0.5631418345884631
0.47082716386423573
0.5252660054929754
0.5189014181110058
0.5360831286221506
0.532267829401045
0.5877242366058743
0.5757689657232097
0.6427380662781652
0.5626333701336784
0.6111477910622801
0.6730459452022799
0.620865703248972
0.5995380481271477
0.6415545365126906
0.6151366581736796
0.6108051654508316
0.5839688024955854
0.6395865255633189
0.6202489618751068
0.6499335293511153
0.6358449401887497
0.5880540393096091
0.624902150444397
0.5691253990645453
0.5910394761804577
0.5783442144036501
0.5288426296487453
0.5645857559645924
0.5421607826352637
0.5986716703296278
0.49242342852712884
0.46975942322802056
0.47459542216824346
0.46687059297810324
0.4784660062011914
0.5346370776556859
0.49886746260105674
0.4724535058192114
0.4556953429345734
0.5163198186480699
0.5628155717606819
0.514603567896807
0.43426606114836386
0.53066244125977
0.5194851514995191
0.46532705270992303
0.5078843692961719
0.5024511280964112
0.48796583457733744
0.4952959126682894
0.5546815896135406
0.4259434959858177
0.3994954924168711
0.48512510747273785
0.46694851878859994
0.41150246082499997
0.46432339699283126
0.5034368997647956
0.44776498086444005
0.44454017392245404
0.3916468378294349
0.4347629562370908
0.43902412613952535
0.4492971687009785
0.3806147262234295
0.33674179875724
0.43374102800464587
0.38184874477929887
0.4570335661534249
0.37945824073273393
0.3852073686257217
0.4008645814077785
0.4324594128706464
0.42281353324581117
0.43881379490249484
0.44692633544231175
0.4594366898128045
0.46124900679709097
0.4918079919542646
0.4729876857332658
0.4418234142266933
0.454915923712261
0.5012366759805253
0.5321584052663768
0.5156569485949978
0.43148783163303384
0.4903926885623623
0.38469507422098415
0.5103459406005607
0.404924942652907
0.4673435138032573
0.4722451355659667
0.39508798323430927
0.42493677080304426
0.3760009568396241
0.42041655512468445
0.38493879676140674
0.3978649572048443
0.3344103120462342
0.30809316485116767
0.30784928041793036
0.37911904420831577
0.34504683015251114
0.40520501806789655
0.3800640786515951
0.30033860669735296
0.3236333682718432
0.2882873124481966
0.3173744923566787
0.361584510881494
0.33850762019972713
0.3266325494205726
0.35634912040267464
0.3793492846096704
0.25235456824787444
0.2591834371811172
0.29125214140989353
0.3614768335079098
0.27417392642434835
0.39886701608637615
0.33707009553194184
0.33223330637368464
0.4217696172082442
0.3538324420935404
0.35311854518802355
0.36547476275035706
0.3380093759947944
0.2675829508025655
0.3430358453755635
0.3142183380156848
0.31184815351708306
0.3605939178388563
0.3077682053098723
0.29182622366133293
0.294980558438512
0.28201461195381416
0.3439611226035865
0.3016982908191638
0.30352585491456585
0.30170960567882343
0.2523786776148049
0.26564971503380774
0.31135926151195237
0.29671355360439244
0.30051848913340096
0.32448712146355396
0.3312764610917997
0.29768524947287356
0.4258706752608632
0.42556233869213766
0.42514405500219377
0.49178788765074954
0.4224828802806785
0.45213915824303463
0.5017979557786736
0.49736626327940725
0.559662927933878
0.6021294515614919
0.5754568936951676
0.535577083279283
0.583471208815949
0.6291354548481707
0.6948196182393165
0.704696742339123
0.7476586398976914
0.730966468552243
0.816641297230069
0.7468662607187724
0.8125522520406778
0.8253612510778481
0.8964378488523261
0.8188652920055002
0.8714731693776971
0.8297211276708192
0.8446901334159505
0.8560615665462314
0.8965304846601239
0.8192948709502001
0.8474026064593725
0.7576311755900857
0.7697747256999814
0.7746692053207078
0.6744333060160255
0.7584574935958859
0.6472510378544376
0.6550350657182615
0.6628574804096548
0.6122152936871774
0.5680112565331011
0.5740470907218838
0.5104191783648655
0.5476514043608116
0.5057948223396082
0.491043620719373
0.49707013220882945
0.5003255043087733
0.5347168595653405
0.4881995735282092
0.510554759656062
0.47114870705751205
0.415621978511019
0.4525833291819172
0.4333973915321718
0.42349580929297226
0.464290605168693
0.46834702762880615
0.5106420638591398
0.49444800012142087
0.4754032820282772
0.48391568663723983
0.4913215713295754
0.5079005617474184
0.4617681744588361
0.45966451732007874
0.5734813258521173
0.46663844297474966
0.4988317008245578
0.5305428523466252
0.5083340756573962
0.48084517000946064
0.5115041078809872
0.5222282442208782
0.5160505477270529
0.525361079905893
0.5169430327361917
0.5894068027103125
0.516984543273138
0.6003797414895109
0.5758041119091518
0.5680426275270689
0.6784753712394891
0.5542865309408033
0.6387341133260576
0.5469431071845237
0.5423487934627389
0.5683898698801328
0.5903200628807515
0.5851799306600138
0.6775604252781694
0.5229898685535395
0.4708000317909859
0.5707375501776384
0.5817984221078523
0.5911116745990777
0.5233658510290421
0.5445705584377656
0.5592412706442634
0.5708120155038314
0.614291799595408
0.6269715717610171
0.5051852465822969
0.5835976526662654
0.5844720576479111
0.5918960700912945
0.6277921808153217
0.7042529712555301
0.6882117820442635
0.7109177989745412
0.7292248182208461
0.7261271862760157
0.6886343890315358
0.6814308527533655
0.7259421929635181
0.7278215044934742
0.7300250099638819
0.6574418537690259
0.6866533930549079
0.6751657996665146
0.6873332500422831
0.6459977116539164
0.7022807161825295
0.6828313196167932
0.6951917279050387
0.6793736763988166
0.6469065074182312
0.708233336853368
0.696357031182147
0.5868007621346603
0.6487460860267238
0.6863806248915042
0.6713420704471076
0.6252401343742051
0.684884227061955
0.5751081723793869
0.6566908266905449
0.6103106733173053
0.6177288724444643
0.5695067724387057
0.5871979504274842
0.5445018827831442
0.5223870047667019
0.48461594607014
0.5463251326896084
0.47422646551982295
0.5079565146301296
0.47806341642441535
0.5063519559691609
0.5007679171578558
0.5533911195506305
0.4512162456360104
0.5263205246304736
0.48204210696904404
0.46526095089793595
0.4863496769609428
0.48173941971959744
0.42435605082048694
0.4915844849616894
0.4847748769728774
0.45979146885847044
0.4819253161966343
0.4873242853374724
0.5332361592893877
0.4761567111018722
0.5326078234302576
0.456703773877785
0.5522491386105641
0.5738225488938544
0.5207401845754454
0.44696209988897373
0.5964482647179729
0.56874160194248
0.5193007309713745
0.4929496878900074
0.551150832819549
0.6257359452912322
0.6214006616967152
0.5625799594504421
0.4587081772853574
0.41325795100854923
0.5248523080993485
0.49464405531444067
0.4705300398846175
0.4633181438204314
0.5152636550231271
0.4907450479336468
0.4624464755302379
0.4993544662133406
0.3390127920578079
0.4328848989425802
0.38120249549420904
0.3606599975116055
0.46955996733712047
0.39786225787217183
0.2871628119871293
0.2960272791041747
0.31645501856373415
0.24381628683574597
0.25683250376990974
0.2912880493350827
0.3058425243385541
0.2881162059223086
0.32668594849514376
0.298453557212253
0.16140472439580075
0.22385530775600887
0.26291189049160746
0.17154794240990057
0.2287719981256372
0.17002044718109885
0.12009771136834096
0.17039218773889125
0.20334157517298773
0.05620538699697113
0.18308435919811328
0.14203352120667773
0.1014186508008503
0.12428473116825386
0.05804830941846946
0.07744739380198101
0.15368964172637412
0.1417229273380246
0.07832316105912276
0.14775346626366953
0.17969100481016467
0.22253540372661307
0.27058713000784534
0.2537091608495185
0.19714657601083596
0.23047121260684683
0.14898279494941374
0.16093351430632996
0.19699561352463635
0.21446810009980044
0.25464780923100894
0.23164406987413405
0.218072180418574
0.2039516400731763
0.133830388104489
0.20347183117342943
0.25758387495022755
0.15647594708250512
0.19028777989002443
0.24227003292498125
0.23045998507892204
0.2862321458689387
0.23529367624645717
0.2742275230568172
0.22716272551597128
0.24993197781399767
0.20673634947385255
0.2828917306130241
0.23687774935489372
0.2232487375549832
0.25258209904007717
0.3120312489138298
0.3218473647760376
0.325442976870999
0.3158010751019521
0.3418079595765726
0.3419605006253944
0.393525251145651
0.3531181473910163
0.3300438698241452
0.31720386003796364
0.3641216120145948
0.3731864821632288
0.3748876812987235
0.3191678200359762
0.3485392167951279
0.38250489497985535
0.3936173987060489
0.3141395859616377
0.3109366317395442
0.3622752565237223
0.3774508845225722
0.34974913282796366
0.4403169373751349
0.45768246676988456
0.4469571554626347
0.5297358124443604
0.4560893567027277
0.3926708691731751
0.3993033022345667
0.41820232836477333
0.4576500473870275
0.4225148290122595
0.4513034155601222
0.3838819843136779
0.355908437835007
0.44447205671777446
0.33477082505044353
0.37263660784353503
0.4484710906953806
0.4148913861355801
0.4905824408959103
0.3172912691745234
0.40973955582206556
0.37320236590160577
0.31951726789470514
0.3300875656024264
0.29806406732572227
0.2898743912763562
0.38165382955735705
0.33774755767631304
0.25780174973565856
0.4491533998858326
0.20621811057583672
0.32736433180697266
0.2754612753834796
0.27292336731217587
0.3172602032792109
0.2568717897980103
0.26266454491997915
0.26496782168942346
0.33448669557970734
0.26191328311513845
0.21399910909275757
0.21356666129456975
0.24102315540186287
0.20517375616035044
0.22198612537231766
0.17463214227286614
0.21111377306115853
0.2384099355215882
0.3339155304797853
0.28498169224743064
0.28883606391473854
0.1886143342426909
0.22500209887356848
0.25917204424700935
0.17463240970370292
0.23867692288978548
0.22090304690718393
0.1972691610066662
0.2112727427114096
0.17206907684289244
0.21378130186750957
0.15505306266224372
0.18772181429184054
0.23140186597259937
0.36902254947914254
0.26613240704941865
0.33054848370181056
0.37295472266743757
0.4266562097978809
0.42627610680967565
0.5495029399662246
0.6203155948133448
0.48808771290812925
0.3947342482028021
0.2866530252583459
0.327412584078748
0.279701246742407
0.27007801316180957
0.3446732440534634
0.30705573737131164
0.3374283984708051
0.2406828364678938
0.31027072114064025
0.2665894341984546
0.27210940360465835
0.17124171097044688
0.17401356039053917
0.3345674379532404
0.24242455492209772
0.26558025659753415
0.19758188998083137
0.27578777625451867
0.23273957334111334
0.3340934421934094
0.2847621810805281
0.2400934646797122
0.14220903690120298
0.2880937904125259
0.1750991686027291
0.2737294114548527
0.23441842922844688
0.2929370681827724
0.19082602104100102
0.2747265036303842
0.2172293214609543
0.336829017498395
0.2663172896646845
0.19522072921948752
0.2863162767221367
0.23890058339863723
0.29074542851034324
0.2551269152347794
0.22198475221501418
0.2355996130977977
0.2763186212350381
0.23698836351406766
0.37568300363141127
0.37408763062181494
0.4311454789463983
0.34310130852358744
0.35670134551700694
0.3667052682445445
0.2906951615268413
0.41497087249681863
0.26452327583204116
0.294863335950288
0.27696763083041404
0.3134249630978713
0.4323028954230027
0.36506320986929247
0.399587408588617
0.40001669792647737
0.340712045466932
0.3373706585493664
0.22621174502257596
0.3232758035751593
0.3823656756495619
0.44180233674576685
0.37613938987014095
0.31773626296202095
0.3054105342500852
0.31719884549641303
0.3940052213820383
0.2633235976301719
0.351723829694689
0.39222835005846646
0.3058553332439425
0.35928752921915874
0.30734659262042474
0.3952075802080879
0.26125742364815197
0.2669867350069352
0.27407615817134057
0.32880006580663323
0.37992373937061047
0.35154042998678603
0.35998253525858015
0.4033480460480533
0.3935771073956734
0.2902576717817085
0.369781101996115
0.3735721117894816
0.3625689002949011
0.35005918413118814
0.3225327643282433
0.3940214059314322
0.3411756456506658
0.3289360712290743
0.36241076503376723
0.30755308632903006
0.39965228134945985
0.4191198396280553
0.43870399716304065
0.47903730501457703
0.5110000220980281
0.4390043503153589
0.47049255240002064
0.4169096912103182
0.3944018204701981
0.42199075531022157
0.41079688172957846
0.3138888096197317
0.39368141374767684
0.33691170197972903
0.3972453709463096
0.4928005691408313
0.5387738505943159
0.3508068843294337
0.4789234113699141
0.4312623119776835
0.4301377092632134
0.499389635352142
0.4307032102483693
0.3978797942397979
0.42979072334424506
0.42600913344360675
0.45544687862539024
0.3717443121510892
0.3547306831251109
0.3531353241863222
0.3876390383776097
0.37647587193205645
0.40751735295688163
0.32655642471227997
0.31203781453422347
0.42562883953957614
0.3572076680638373
0.37946930930973277
0.4255873470746683
0.3869311374853097
0.4452338157469329
0.31220031576535645
0.3815927629299902
0.4209238973567728
0.35228298474670383
0.3393337186083282
0.3823206817911678
0.333555435335141
0.4221214752313741
0.5208610504519581
0.4210481556266249
0.3961642727004312
0.45965198421454234
0.5135883836445156
0.4513184555885762
0.42311850170907683
0.4562052340570182
0.3972523956772904
0.3267388795750266
0.4093886032870284
0.4267124152272286
0.3348669171573422
0.3950307682481603
0.43636823213693215
0.4323007014460212
0.49761844421566404
0.41748784194296695
0.4904656899977604
0.46718107755655613
0.4007806220495842
0.45145496972555277
0.4328602399200633
0.3942055602430493
0.37033977346639013
0.4178440979703557
0.40165151757689965
0.4519790726865459
0.4291873807638873
0.38833567010140135
0.41991758760102194
0.3730416299346125
0.4356835226808142
0.3632196122149465
0.3159246860267555
0.3310286135032444
0.29356368372199865
0.46226464935949796
0.49112707087031066
0.3947269958900129
0.4452580256692268
0.42584625479933336
0.4130156849811527
0.44858860883922674
0.3034652502250799
0.5482419520409625
0.3754584448918313
0.5130047145043782
0.49471635374178535
0.44109628001173085
0.40331003232457574
0.4624910700277463
0.4104443714097703
0.4546459264907986
0.44733747751500696
0.3590192405016912
0.39100337865578316
0.3663272747897349
0.42170526919887624
0.39003087430282224
0.35719802175836013
0.3493601393689516
0.3648556357616024
0.31449546252568894
0.37336459476593464
0.3164746706266694
0.3831847271431536
0.3047495632885008
0.34910426290412566
0.21536719743021493
0.3001711361438899
0.4424925205193515
0.28366280336685296
0.31297488745287094
0.3536404238081382
0.33864517420392626
0.35600543435593357
0.42490085596138605
0.41124117676594907
0.41150811084356487
0.38425640615081313
0.40444401591948953
0.4367983831254424
0.4645901756678298
0.3778038358177248
0.3996070098752452
0.4510695203638496
0.3607175008812183
0.4429255485086233
0.3600312940279303
0.42236114385819556
0.3334416673085795
0.48146502110956385
0.3382753001451053
0.4067240409142168
0.35146417165124083
0.4322819689541628
0.40560236956287365
0.4752226846375697
0.4087705429365875
0.38095593063952227
0.25524500823006846
0.279006407393428
0.2990463833947917
0.24709353960541675
0.36225965822610107
0.31151905164991356
0.30224266284954154
0.3731101219369623
0.28752471159174486
0.36802572523429633
0.4065673329282654
0.3696989389521066
0.2928071740807807
0.2946501640272053
0.37055022196094256
0.3313664355625719
0.37839092821158027
0.2958061290779403
0.29929597502567323
0.30977978104210435
0.34572617355143725
0.3551758704320992
0.3347813794036271
0.22336205568040202
0.3375643275070335
0.4340157688342611
0.40303910702289214
0.32041149791993806
0.42563319679447803
0.3927390707387233
0.32043311640361
0.3507606592379475
0.30266151913717143
0.3712942312361868
0.3389528973980123
0.33311943090641855
0.35305585575368165
0.41748657886132345
0.44792823656333636
0.40067096537972374
0.3709238786112533
0.4509539345428497
0.4015323881581036
0.439878257212152
0.34224995850071843
0.33663319464814023
0.3561962927104201
0.3787365420469329
0.4004731898019396
0.45455339315833315
0.48055192240260824
0.4712851642957673
0.33576622919744836
0.44903184827025244
0.445615187021652
0.45013742044470817
0.39928573010826435
0.3274944559750806
0.36207695057173417
0.47000476663743884
0.4121758248611871
0.45913102185839016
0.41109325973205774
0.5274347797027711
0.49922846436537344
0.4935170223070884
0.4604728281389612
0.45157551789970696
0.35590826500120887
0.42537502067642374
0.45180499258816387
0.41145971039464885
0.45682764997281733
0.4118058986874191
0.36974107042805926
0.44596614559579684
0.4559318888207242
0.5217732108401709
0.42279273619102453
0.4680446602149877
0.3998102942725694
0.44655574951386356
0.40344513658825026
0.466002595927877
0.40089059713414943
0.2559553538067928
0.37390133503599676
0.40564108190621373
0.3161895532242017
0.3024721541107005
0.42535657032453045
0.3468458638765747
0.4116587120960674
0.37848350390438135
0.35744342361987635
0.4255467390961109
0.3896803583364847
0.31104657404216374
0.336083602120302
0.35404736414753374
0.37799915926430416
0.38513537125136144
0.36946238483526495
0.3342440477513068
0.41473705606769584
0.38662696463861734
0.32202814838276134
0.4091849803736952
0.4052585923574743
0.37334106622501073
0.2681821564539156
0.3330603208314965
0.33456582381111977
0.381037241999483
0.27557722205184704
0.3702760185624858
0.3565817307110821
0.3637655963315317
0.43476461724854154
0.36307761580315207
0.2674986315722184
0.2754452774899153
0.2876372430609522
0.28188052277706366
0.2882003582135929
0.2517598419447536
0.2661349856336953
0.2586440577555689
0.293406525041013
0.33463031451088443
0.3653238937370188
0.22882803116624456
0.28749720903514286
0.2764834407077269
0.35150383505501104
0.31349330280067433
0.3132855800930924
0.3971804441756624
0.35562174461972074
0.4333892636039227
0.33824417673906604
0.35089021476321014
0.37289533571266376
0.27869088359164196
0.3358763325904204
0.329787228070298
0.3847476808206277
0.35524386417283516
0.4661268899120409
0.4852079091275492
0.3994428391923469
0.44267330068870847
0.34492432622489966
0.3800541336602904
0.32908552553546044
0.2614861280432128
0.31290991741497476
0.3289016187225467
0.25780806651705146
0.3358125893035735
0.27308976236834326
0.26921365893057453
0.283506337409973
0.22582837192153654
0.19258160511085082
0.17861631530266284
0.2057383301156415
