0.38304735782061666
0.3075599119531452
0.31730635305476523
0.412113676600541
0.36006492385997124
0.3223518920055671
0.36072256695861726
0.2792180094002456
0.32970024790985675
0.32796824610565856
0.3100123302027153
0.34945584267123353
0.3179507296310683
0.3300350089957854
0.2967063235464737
0.3759600429762595
0.2612361359914403
0.3820665458644002
0.3085772251514244
0.30327633225024203
0.2759414040441758
0.40886228785788414
0.3218272139756653
0.353995683146585
0.2836235401456303
0.27326106866419303
0.2663853892766267
0.28806260701504693
0.26375709213564086
0.3840696811388171
0.28230300186999985
0.3111788453395104
0.2693340031296222
0.2828262689690797
0.25496986790910575
0.3041931909471437
0.3022728893766952
0.27088177106787886
0.38186185639838055
0.2550338333290509
0.233594202280603
0.30794284607056954
0.30855978198564304
0.2715438585673916
0.33985390915170677
0.31235389939411196
0.27246343036646514
0.3087015369721625
0.29755023589954893
0.3313986775990048
0.3031181638054473
0.30776268209647784
0.3983224088136696
0.2847634511992827
0.2816559995962606
0.3653551379349159
0.3677987848142227
0.30628454271020084
0.38265678848881557
0.3514486842306863
0.27001221105198014
0.2703591153008451
0.377304401518945
0.3232031297354224
0.3479563338899383
0.37614776974206887
0.4017549428103149
0.40752454254856973
0.43210952581129847
0.4506453909283836
0.3433110587565961
0.4389460073330746
0.36379833795914196
0.4323004347965044
0.43822495754087487
0.47978429655773397
0.44569473268883575
0.462740019183026
0.44255703829643045
0.4936188859878733
0.47863013167916013
0.5237338050703392
0.49485822964293985
0.5016076851836525
0.40501126017889055
0.4474295449975044
0.5757814151629337
0.4589368699482893
0.5489271813580854
0.5075213760910134
0.5563762518698364
0.5609146752301504
0.6022424142866942
0.5979815382675863
0.5691633082322928
0.6453001824005216
0.6383781079011952
0.6789744347723239
0.6195144229667996
0.6701070293217825
0.5726691137059883
0.688595049543957
0.5872144350128004
0.6995210215960077
0.6972358866224936
0.6279489782067448
0.644256460829483
0.6517592016516713
0.7129278660642164
0.6258990538276215
0.5456249528591735
0.5198175948644423
0.5443254988646671
0.5319724941574742
0.5220170613929075
0.4949912211736506
0.5118210918149231
0.578169479594793
0.47116268071838296
0.5087131489085408
0.49842728733796604
0.41323066301407324
0.5370964629635491
0.45589705263891767
0.44822690918867625
0.5254110043214061
0.5336113966254112
0.4314352116340472
0.5164758613325314
0.4147100186493803
0.4310598066111478
0.5079892218615074
0.5367003197138351
0.5148120429259433
0.45759905577211524
0.5252330863734571
0.41108196014134213
0.45853901936992886
0.4785040671861471
0.49647143192733517
0.4949362478893726
0.4106317979798116
0.4780978120213351
0.4686447314381303
0.4836061017593002
0.4324061022125534
0.5081323031463054
0.4060258781759298
0.37229269251034763
0.4573427135519462
0.29658770505812826
0.40163549978988855
0.39455136864272156
0.3585800319487099
0.3880692394465565
0.36011020553099005
0.40190126154956657
0.41274531215533417
0.3956797772119461
0.40623510503711724
0.4344262559489873
0.4107546806181784
0.3843010663296316
0.4354922547561285
0.5256169295496046
0.5623254912150977
0.40687617518939495
0.4352882283851226
0.5153198663653378
0.5131435518954672
0.5136392229882806
0.578956996691983
0.484948321337083
0.4282009338539425
0.42626576238911457
0.36820253216524734
0.4579977405335621
0.37203266270050733
0.38241065758495485
0.44697170938931463
0.38419232526399083
0.4686985227583073
0.47219628896846433
0.3978113626998732
0.4421324520837815
0.3309099647885415
0.32236841252755805
0.40912446951882003
0.3203487688507488
0.3663103698453976
0.3181280284926188
0.2930073195193594
0.3208620877953752
0.2228354544492046
0.3174890702129444
0.3114219871177783
0.2922380384000628
0.3590886598018662
0.27996342240295546
0.3471202268336927
0.31267968607197416
0.28876453905804716
0.3240537128566684
0.3150500930375852
0.36634002073329286
0.28078170349984893
0.3379652015080953
0.2923555266979363
0.3369156449291869
0.3141295806874213
0.24809403713966532
0.3441881666863142
0.29624111614169885
0.23286352961812679
0.28937468450696074
0.2286223876675701
0.31576526780877917
0.3309420975890761
0.23579674969306114
0.18492734391187027
0.3333597661763987
0.30762903284114324
0.25297750409267966
0.2581368352565542
0.21206601806398034
0.27441126113401304
0.23413331978772978
0.2575961307323134
0.29569016837129575
0.2483004574754732
0.3000588885812964
0.2824880207111119
0.37321978633736963
0.3627865637057024
0.3529665590468406
0.4050357999764711
0.41102225327264447
0.43308819835604856
0.3480840834699838
0.49107701331515585
0.4295472915507126
0.4261215407470531
0.3630088468909549
0.5350541515832322
0.45562311640054853
0.47982643741438585
0.6387882834090226
0.5401657177884756
0.6568305688345647
0.6850665192745433
0.6628702189326243
0.7199141160197107
0.6226993781778407
0.7630565578551411
0.7678920882158117
0.7803730799015173
0.7100173021047469
0.8034464193939728
0.771112151021011
0.8334447851269431
0.8413345902338937
0.7929360645660919
0.7459262505165738
0.8421946883256608
0.8668648406336152
0.7989113657289654
0.8387115007681643
0.6571774588819947
0.6373279512535519
0.7270339729179074
0.59277882903896
0.676629035068835
0.623709782925473
0.586034898690744
0.49500959382203275
0.44248917590453507
0.5542440519353411
0.4072604531965164
0.39136377371926123
0.4720478107077214
0.4065972196662084
0.3882526238961159
0.3802719791397636
0.39928462328521486
0.5151279757730346
0.48101823435192503
0.38955800043714817
0.49675035115405364
0.46994001277135
0.4033383312782321
0.37436098302089105
0.4425326441459916
0.4696862576711812
0.4476130661941714
0.3295376701149789
0.3912664265477605
0.46465031339475216
0.48395070662315043
0.34655579950884163
0.4031992908521797
0.4763167733005094
0.4645059729885846
0.43017029278995367
0.5039403088819825
0.46247858465678193
0.43929467759835905
0.5326696740250523
0.44400560963535707
0.4803118894907039
0.4821765944783394
0.3803318743681423
0.41167219799097127
0.4020194315815131
0.464024565637121
0.5086213892983934
0.5262386817108113
0.5541107756832531
0.45333070725012514
0.4742932188368159
0.4969703182898425
0.42680641103269157
0.476080808787748
0.47336156634413273
0.3874963227920726
0.4793976926070376
0.5339056512400207
0.38510672520315375
0.47702040809757684
0.43669282155911404
0.4403125499386875
0.45762672154942485
0.5715566288031282
0.6315814472256964
0.40980371867471094
0.4906732190287475
0.6512498077364353
0.5838311353545067
0.6455337701912514
0.6200369620900306
0.6695153577298748
0.6322117687078223
0.6680436830635195
0.7109371323241425
0.6486905046108045
0.7133490318993804
0.7174827810979493
0.6528138046064965
0.6831333624234283
0.7147718163090955
0.6507031509200996
0.6347889108089209
0.7399218828879831
0.6497269430632244
0.60019701361516
0.7518207227531384
0.6236624966090712
0.6369523741894648
0.6878692979314909
0.6162832532145519
0.6024743075635555
0.6433561486570581
0.5826875680673334
0.7671576591627949
0.5580263286132365
0.7466779085328865
0.6493162452250889
0.6082543279614636
0.5673286483205309
0.5710185321378152
0.553683487621299
0.5337245842676759
0.48812190540725464
0.5364753987765846
0.5021433581351132
0.5734725294344296
0.5541112755473174
0.5224317375630949
0.5391898933473115
0.5414401540300304
0.45867611224225013
0.3817256927374626
0.5563563671052021
0.4558277086850365
0.47036257884650695
0.4335816847115
0.5002695482826797
0.40086688825662575
0.4700114120242107
0.5498092306169055
0.5010992660848357
0.4973545867809571
0.534523309107221
0.42538673852563114
0.41271444317802153
0.4253873754657
0.4018289434415932
0.4635272013266431
0.5630703581188086
0.40586706503804204
0.5734886722973074
0.5228079941058247
0.5280847266046274
0.5579067038266643
0.5673167834283948
0.6648800305670558
0.4971001740255444
0.643797682309585
0.639742735192711
0.5413256314168051
0.5547893908701234
0.6539013123959094
0.6096715895619542
0.531606268219228
0.5284576908696579
0.5164351777528068
0.6543732326785224
0.6283606065288863
0.5964410585560465
0.5716848732516684
0.4908064314390179
0.5011519066434906
0.5025916422214255
0.5160161692407946
0.48423938593093174
0.40022152881224105
0.3971815872844069
0.4626343503324112
0.4781217840211611
0.37691491643230535
0.4127663297663927
0.5062857691589435
0.41799524043874997
0.3522393925691883
0.28598521397496535
0.3845188350695809
0.23674874655403927
0.4265567685272139
0.3642396647053242
0.2924862549997563
0.38411667748084266
0.30699625195682256
0.3019073084417196
0.2947847448945419
0.2508363052663582
0.27040269770371017
0.11703464441756263
0.2232562516110042
0.17200388208353562
0.12183549828673547
0.15462029368928415
0.14570667277256238
0.18663843035719468
0.09340015408684989
0.11684117130553567
0.24016692004498943
0.19220264275395027
0.184897428336641
0.203319552062877
0.16310001932036516
0.17461054571992107
0.2251913972335606
0.29216336144251964
0.2538680666238911
0.2581737359726043
0.23647298108942624
0.24189917255687782
0.29583798690563634
0.16911060859200527
0.2954911156063489
0.24746842600773716
0.25418449562230105
0.19077412657901702
0.19570878608588094
0.18895451140786185
0.2452400907424384
0.14004397631412568
0.25036780452863355
0.3214706365068355
0.2105654041112107
0.2454244923412014
0.28138228301985524
0.273094943848035
0.24083145935994452
0.21971865080687264
0.30060620463541654
0.24335609249303083
0.24408385269487787
0.3456200236666075
0.3053101748286039
0.3072734260924679
0.29143771628600507
0.3528787972559653
0.3882339440538072
0.4767902162845457
0.4390452190574949
0.45217536674500597
0.39703896794132826
0.37548196185060134
0.4576434402229892
0.41050835293948923
0.4151339548497201
0.3699414533120549
0.2351204615599651
0.4356951919569276
0.42906821222000824
0.262008992888076
0.4039314234877617
0.39641243898497136
0.35820138001712265
0.36188967867043587
0.3767478905784537
0.42592839249635717
0.45024192703138033
0.38016704644281557
0.4768903345025446
0.3741688907952566
0.4888858735608055
0.3746235976036765
0.4393505818166653
0.46667203103555527
0.4810203810729617
0.46253462921269206
0.47045910513956296
0.4583828044151425
0.4395532740516425
0.4599209734817032
0.448585875356685
0.46920225139978744
0.5011733251904217
0.37683441162154496
0.404000024000327
0.509545471513308
0.43114557184936386
0.41660854956325316
0.3882257586854876
0.4636917879936371
0.49235497038426335
0.4121933546169094
0.38382580005155886
0.32399430657796724
0.4083435045337358
0.505167028429139
0.3603857629972062
0.38875516496276785
0.32981835417847855
0.34472067474209694
0.27325277095405953
0.29500451660840604
0.32733747765439203
0.29007000971895225
0.3577313160751746
0.356829726692126
0.32627003464675863
0.344995735057243
0.26702838249874616
0.3075485110049146
0.3664925248801106
0.16222069363200692
0.3740573442584194
0.3499667380072412
0.2987094436600092
0.3002351253701861
0.39316968107709804
0.35577577382889186
0.3583092204002898
0.27824293563204094
0.3221231595950004
0.21829060395329586
0.25269049553104267
0.2392231228676816
0.31187151506894456
0.1626886734556426
0.34210378022030985
0.3313133851140943
0.32498239352897873
0.41095520591561785
0.24869169301215724
0.30966306038430097
0.41022413133280766
0.46607252401229904
0.6064718198177197
0.4966907185723325
0.6599564830607458
0.8181229371120894
0.6152270596942364
0.5640484553236649
0.40354768078371156
0.4319324421416064
0.44105765994560936
0.46701214433161836
0.45979663929874837
0.4669012263862158
0.3973008776585849
0.2913337874386032
0.3461857445040723
0.37134851505337085
0.35155303396752235
0.37083473264382094
0.30480742158501356
0.49265232749009347
0.2887536801207662
0.36948820860739495
0.31672724573231614
0.41007786122344325
0.3789755214220309
0.2861150814830097
0.372133313075127
0.31109393969275556
0.40764541646786445
0.38104993186148567
0.35259048771762735
0.411771659843687
0.37542241625783324
0.39841816878065783
0.29635502199384567
0.24727314504754877
0.3611197198176773
0.2952837820526234
0.39521655569416425
0.38951015812548306
0.31396449989724007
0.35867092133218215
0.36267623954642025
0.40624375350758235
0.3595171439500544
0.2811059415044448
0.33124662385312864
0.4466697774877575
0.4583728854571302
0.33423939715893336
0.3560912578322367
0.529709242576843
0.5483849585318942
0.3499792296930967
0.4519432692217007
0.40772112883591505
0.4843713161043791
0.374386357478311
0.4114340949438212
0.4630544271259858
0.3212447144022452
0.5212589639874656
0.5127506584112413
0.5427205779928247
0.4200818209718585
0.41201242057990656
0.4113751476702249
0.44147952862877143
0.34687578175017575
0.41309131959219336
0.3770331825394372
0.4944016522633636
0.36584174457148705
0.5116343056175721
0.3750773670845128
0.4021878309246123
0.4719433958371345
0.347795710349753
0.49974383065072997
0.42735303826768634
0.3968421909087252
0.4076461416246506
0.3513795078882452
0.49856035294060963
0.36512871436111594
0.40251766658709853
0.4040656616573829
0.2865848245327154
0.3866548560739633
0.33054410923221045
0.39998030528068723
0.33556222348946146
0.4774654777517636
0.3363387129738879
0.4489401478345103
0.4057481118199151
0.3669282290275986
0.4455743866440634
0.40807965173353716
0.31284936852451967
0.3591168234988552
0.4519976364723387
0.3790990917396112
0.5015447633571811
0.513582348634397
0.46410457700637486
0.4785980646642459
0.5189001377723745
0.5340221983375482
0.5037748970178288
0.4591375751619965
0.43022809597376976
0.5358672176874677
0.4727362010058176
0.4486691058548342
0.4437021769262991
0.44076270539399987
0.5096269110898277
0.4256691021548304
0.4458823596801828
0.4576038668565243
0.5131874151288787
0.46482376660973435
0.5862982825037064
0.42099352052345024
0.46081446878108745
0.5529831026401142
0.47469102149689935
0.4345349872355902
0.5683111517369623
0.544707058313209
0.5424177197793134
0.5073231692559994
0.5276845013429521
0.5259939853593926
0.4469971064246753
0.4075436431435452
0.5243315322833707
0.4713393043044165
0.5864732233786023
0.42766320751135944
0.46935532865323976
0.3322972359519182
0.44945483693828947
0.41082966384721553
0.3796701674992742
0.29706395860464985
0.466795346012018
0.37831750064325764
0.4145309341575877
0.526416456298208
0.6062097745578306
0.5046592558374134
0.5769846042840925
0.624853960945019
0.5680680310504453
0.5693910852619214
0.5719172404509403
0.5241894136522969
0.4844373676683942
0.6216871178381778
0.4465866347948889
0.3974920325818512
0.4745802480463259
0.5247069026510214
0.41249652143260307
0.4797512362731781
0.45740138542015923
0.4332961052726282
0.495637223127698
0.5259690651465067
0.4811194286801761
0.5421902831407325
0.51891555180927
0.6003081183333405
0.5412896020781875
0.5996546392005102
0.4843411443476302
0.5412193330467343
0.5454747229150223
0.5311748739877014
0.5714536023332296
0.46547648904863215
0.5056477032405758
0.44368627347800377
0.5455276951644082
0.41169239737575036
0.3885614419201651
0.402220806544095
0.4059231396453231
0.4097133169436274
0.4430163785718321
0.4777716987922457
0.45367553409243194
0.5128417640414948
0.4094662488110226
0.4126144387895526
0.47721535916134694
0.4335828606087728
0.38604003337102
0.516777136135113
0.5050288576248478
0.4664553340602152
0.45087746557355146
0.37130339923350847
0.3766146088083367
0.4379041486424948
0.39631577949770747
0.35763956506683015
0.4137242419410342
0.45630519108550405
0.4048135620040396
0.3156300277272045
0.3383407684249025
0.34759672474575776
0.29415326289798827
0.34791034941907356
0.3277077906014677
0.3643184405884423
0.4949673968041238
0.30349432486738215
0.3835962302981374
0.3358826205871349
0.33651087756898895
0.38168981066175406
0.3599871218997043
0.30371307445060913
0.4047244125485685
0.4011061868637106
0.45450389496487165
0.42221398140640315
0.3308495893008115
0.46848383378634595
0.5324783922508047
0.30515625287762177
0.42111504396458876
0.4216748362233862
0.41935748344874635
0.44475875004574694
0.44329816962851376
0.361853207347658
0.45706458209131007
0.46263105803390536
0.3764458005143386
0.46266883233697054
0.30059628618233136
0.3747692284991332
0.3596329183047029
0.3456818315886296
0.44474134697751855
0.43158719584444444
0.37287720600160457
0.28815423878340984
0.35240928511380176
0.36015620728789527
0.348488698287119
0.23437867033664977
0.3223251304814791
0.3089962059593986
0.24940809960907176
0.3167827496636836
0.20494414825177965
0.35996392964526647
0.35468744482013476
0.2803699759208258
0.4165110953373766
0.2747457778228349
0.3943275083962617
0.36758985931037197
0.2745588653812506
0.276579461409422
0.23616489515121608
0.2779411501866905
0.20463269365073206
0.28692782793399074
0.34788551978976906
0.3601237406141824
0.32441843314215973
0.33557944587671185
0.43340078850999214
0.34202185720126
0.38697581655235636
0.3332106145715181
0.35103859046976044
0.4082336752539321
0.2760217568960067
0.2956100717084112
0.31315692873583023
0.32116247210397203
0.36863679331369414
0.35255784006757895
0.3750473215317742
0.44721915103763815
0.4059892663314141
0.3558783393934127
0.3921520560183709
0.37877569540819644
0.4604050420493619
0.4148729288412013
0.350758229279695
0.39124155776593716
0.4175297181115001
0.35049820101051543
0.37341645428382314
0.3619264866975462
0.3562960837307438
0.3627167239910833
0.4102270031194578
0.3395860666837406
0.36956443843165154
0.34378957477624017
0.36351244495888146
0.3403815464422722
0.4627920301601304
0.44705894849267286
0.39420218228584514
0.38864364865676737
0.3731954618038581
0.49354178741646104
0.3559220007099079
0.4240461514373398
0.48192145079454485
0.5114596717170719
0.4684256373377105
0.4005410480974777
0.4135476253669517
0.4867363543296296
0.38602818630510694
0.4846095080166838
0.4696594794027409
0.35752850187618224
0.3691754472033104
0.3763607818825424
0.3913166365125041
0.38961599698532123
0.5063721101503311
0.45939992591320467
0.44266039442815636
0.2535586385980026
0.2948114354301782
0.40556592471686786
0.3156940976134244
0.34223093559435935
0.42471529404523156
0.358838045529954
0.25565930589737756
0.38789162432913205
0.3246647925401142
0.3742005425093422
0.40826030093058197
0.466854017127221
0.41133772535195734
0.23881204713902413
0.369470885699129
0.36523009447331467
0.3575743251497452
0.3174033725924251
0.411726266987239
0.3786882043173837
0.3152119381457505
0.3999562979123288
0.4006680078868275
0.37232844994034087
0.32892510457841806
0.29804665901845845
0.2250029267016841
0.35085114834963
0.3138423657642838
0.2912283883664994
0.26348687790157155
0.2763648644272203
0.40145010195358816
0.37803569330141806
0.3499144267564823
0.37274113497847905
0.2838986206902169
0.36806496207261197
0.28882709612767743
0.3948028007714319
0.35391315850853666
0.28940507392855674
0.3911292001458121
0.31353974812669205
0.35810417636269615
0.24959469359796685
0.473720774274152
0.3569121381246192
0.3253248922932286
0.3085439171722133
0.4840719664782551
0.4651106735470768
0.46981008224456655
0.42717365201457325
0.4457153656651538
0.41830481136483244
0.44781683333706557
0.42672810522289495
0.5097792929750703
0.5650243358229725
0.47810602681624204
0.4356250022270617
0.4030614499166457
0.47375627638165463
0.5103102230343953
0.584729850103757
0.44186034118763384
0.5049967605404979
0.3100109308721822
0.46731660327322966
0.457789640745609
0.48972208074411966
0.36734861275675645
0.28523910663066426
0.36356997270228564
0.44412063897828014
0.35746877774692576
0.35833635620944215
0.2545747449465317
0.4932288837339646
0.3882444895846141
