0.3514379124664534
0.23266826556277193
0.2719850934406636
0.2843437073152979
0.3564475199826942
0.3756724517045803
0.281380219328652
0.3081177716609754
0.3715631981842037
0.340104575681481
0.35671009585554936
0.30610787415659024
0.364399941479579
0.3313935409397346
0.41239436457953826
0.3301775032641454
0.3675769163704489
0.3240777303668575
0.38443339694542655
0.3206758398112878
0.22781481948316226
0.36392016213499256
0.3306314790835567
0.2996463578783929
0.3580479173491097
0.3570157349628057
0.2785298557847669
0.26292126636681207
0.25860059288864856
0.28351820292006447
0.28312221060002196
0.3255952232988948
0.3415404989138388
0.28721612451156153
0.3040051881162973
0.3144121978260305
0.22461053425509053
0.3526056766483729
0.2908610735358483
0.26169840312542486
0.24049900113905098
0.30514396509016284
0.202844042603682
0.29346791334621763
0.29309151866578287
0.2982578260541646
0.28321577424084354
0.24990047975865493
0.2222335821854085
0.37676086048393126
0.3809041863244829
0.3214751758370409
0.36923507923797616
0.40487719426473634
0.34494112084066264
0.3773649932000187
0.36310026715787325
0.3923210901172398
0.33302435410926357
0.30844782354526706
0.3531242990435095
0.43003070666930654
0.33698862516381534
0.37388599787203425
0.4202798681808947
0.45987258294558664
0.4473923209972661
0.46396805615021475
0.40990376830273245
0.4062869556877466
0.366538323220586
0.4269477243510139
0.39428821202381303
0.431072274587052
0.4085068021663092
0.3833263599122359
0.5236272329316726
0.4935016420163624
0.4828526920882307
0.4427172252463257
0.48971812280368654
0.523449767716297
0.4894621716556426
0.5636934474800467
0.43245076890357004
0.43198635490372594
0.5315831408867933
0.4142047280774014
0.5062224367822968
0.5868711644733166
0.5896749995188395
0.6758746627498838
0.6217090788835877
0.6055775252718769
0.6317452543823175
0.703543196823935
0.6164519843044081
0.6375809213819462
0.6886222813939467
0.6768566429634941
0.6340441484418358
0.6107728294561989
0.6370430742655167
0.7531557992870266
0.5259994324375008
0.6049181178866148
0.6818307510783773
0.6873052181788626
0.6412611780498645
0.6515839284054968
0.6444879549453313
0.6287824047470493
0.5137720883327727
0.4901044500297078
0.6151546756674917
0.6617655223665657
0.5904021867001463
0.6034613813715908
0.5043416194773611
0.5578586666029628
0.451798520439774
0.51297820175882
0.589096420033632
0.6097998653880947
0.5151814405044254
0.5015350216067055
0.5244528215993803
0.5343924975455768
0.5676524361138697
0.5788435835356857
0.5545454221117914
0.4465343106397047
0.5886948702719117
0.5281243492537562
0.5558175519500193
0.6145037379182161
0.5259325004124558
0.48591275128424444
0.4843600551660737
0.561315042088651
0.5040627820447068
0.39488433128545164
0.4876368046295886
0.59194940662136
0.4415813423002476
0.4540796234193146
0.4827223372045282
0.36728273175957366
0.4999967421371586
0.43703466619385267
0.47339631525014575
0.42898533942545614
0.42102269471864207
0.4386540500982804
0.4636575347903267
0.41343923880418226
0.36764004351850765
0.4877032355614178
0.46193012417089885
0.37887926763001106
0.4919723428639043
0.5986586915435781
0.4477189883576921
0.4501883282905593
0.4238562199156728
0.48889398190681077
0.4874266321062726
0.5181329133556541
0.5224139358776898
0.5703558864944034
0.5283604358152525
0.5598838880727915
0.5773987168239074
0.5073543907134923
0.5736714552910654
0.5116011713611532
0.5030605073035421
0.5579276171303877
0.46967966347043877
0.5467940424427065
0.5523125890935412
0.3923586927980774
0.4379191749460335
0.42443336222718564
0.3184869687656235
0.33747410072211825
0.42014442667119456
0.3756921729774588
0.40902473574750864
0.34684678641452216
0.45613279963323006
0.43202687280662594
0.46154864538759444
0.410593449691316
0.35047401904341946
0.40275710570617396
0.31337471333859984
0.4064510831440205
0.4586581908540628
0.3458162904869567
0.4704832287633036
0.43431516468239306
0.2883115622208253
0.4649078067709068
0.48827030150904954
0.4032784707414194
0.4329160301697881
0.44613255095373683
0.3832253227663523
0.32687419030930936
0.3842396686563751
0.43226878678449354
0.3877702230952783
0.36494731592724233
0.4250556024234987
0.5128778867321628
0.45260902332531894
0.4411392110528023
0.3693817562365491
0.36171572036196875
0.24946875843260907
0.3843353678727148
0.40321033467970474
0.2505257734444434
0.35479563869457353
0.2712014003037301
0.28065012903629705
0.41109953365429336
0.3951903357416388
0.3183490939513043
0.3195939472622452
0.3631836535096947
0.34031127789458016
0.5453677404019429
0.4961062286734501
0.42619393784996856
0.5089754333222507
0.4880717247772812
0.48802325347037834
0.5391445391118697
0.5264174612526517
0.5712630060056199
0.6890887845437541
0.5737665106051459
0.6344234891264942
0.6801235471816505
0.5172631785270183
0.6721677477210326
0.6418415237246544
0.7741822640634889
0.7379114450911692
0.7898144124319724
0.7826824768287786
0.8556065811090119
0.803580629445947
0.8288855739360719
0.8232481223562853
0.8015435548255171
0.9036033204404521
0.9383996875116095
0.8972602574512989
0.8457900807381777
0.845220530014116
0.9415742770372919
0.8781831416679537
0.7831033265010054
0.8693573086403479
0.7161186180392084
0.8269798235851122
0.8194717415772765
0.7282044949000064
0.7327661018685064
0.6548864667600447
0.6689710969735878
0.5896115004617173
0.70364530377608
0.5251537051715475
0.6365807721237877
0.5657901880215791
0.5981663752807094
0.4425373438836012
0.532359604252827
0.5717685414405755
0.5286223566840855
0.5876344843611028
0.6319992955224844
0.5533593657566783
0.5130154375768501
0.503439863631594
0.5099934205905672
0.5131566151656886
0.464339170933049
0.57658583715181
0.4532018357754336
0.4563902782829501
0.5146604948130493
0.5381838889175348
0.5205321920801618
0.5068571104486453
0.5435788214733652
0.5106791240155852
0.5614100338199065
0.514081359735062
0.5609268694468288
0.6377177082234827
0.5706756697524623
0.5156204021985085
0.5752736511431016
0.6177722044572145
0.5405879837887211
0.6084754422087075
0.677659947869552
0.6643285268653735
0.5669112314427849
0.703251544928921
0.6740903066459362
0.5721995053236032
0.6231132657076499
0.5433848989034596
0.6100872733818548
0.5101113092035705
0.6666764003897687
0.5976744606998142
0.6340243979006728
0.5973833760039691
0.6361989138620359
0.6843773804766271
0.6541620439177471
0.6750480688679908
0.5639499335312212
0.7224817267754977
0.4539605908200873
0.5274551309376758
0.6063745556632865
0.7577532750428198
0.5982839823126307
0.694854993362609
0.6530004074044279
0.5343148977354533
0.6445792634143688
0.6909098556921177
0.6487101764745344
0.8103081908979652
0.6742610376327465
0.785333701992608
0.7665372034563906
0.7399767691570334
0.8225694796525926
0.8448726572769367
0.7032694298692592
0.6944492138291515
0.6073098792036333
0.7120422045433037
0.8396466082736131
0.7535625224703468
0.7937938439532748
0.7489145331878679
0.6326653604332215
0.6948901496185621
0.7399634016250215
0.6476934209972953
0.8277803656660375
0.6956829921221587
0.6547137541085228
0.7398719341989216
0.7313996746638419
0.6775017346252515
0.7576356453027466
0.6406964263152115
0.68784582408342
0.716520750643491
0.6427669560987137
0.6764914000040834
0.7148887309141643
0.6890427334212048
0.5474721936410696
0.6698034466150173
0.5694427568923504
0.5468522752271191
0.600963535643487
0.5479269733290537
0.5681136573475742
0.5789672369914864
0.5115346041804133
0.5270192923714003
0.6242013671700135
0.5774695909841008
0.4479680099870653
0.5539933031742836
0.57207643067336
0.6336482974169598
0.5693547173879174
0.44313207895723283
0.3205239651690862
0.5012891866879647
0.4495476637091469
0.5277537855220716
0.6603377513606952
0.6061407141810622
0.4906127790719574
0.5813336156410762
0.5950633426736504
0.5933583576156647
0.5170697096155226
0.6238221728267777
0.643817490708657
0.5484972275011948
0.6727474716970895
0.7030621720633801
0.6019624198052789
0.6396795724359814
0.5575848184035662
0.6643429319076086
0.611499088126411
0.5637668679809923
0.5583155470472989
0.5357576894267848
0.6559153539412131
0.6371871706087968
0.501980566646301
0.4345450685710994
0.5028322419341427
0.5689899608875802
0.45227046042574187
0.5031605008836952
0.5459618663924813
0.4317301156144673
0.49539687395141957
0.3963321071637851
0.40612997473914914
0.4710962777090293
0.43794282927079964
0.36694331351961307
0.36401883107295885
0.437152892401379
0.35335509056863745
0.43164945020385415
0.3618887100529422
0.37421219088440083
0.24845819168366723
0.2666313464073953
0.29053706201992885
0.32130655519446905
0.27480333251917044
0.23918922017592845
0.3143336205561295
0.2151768877723072
0.242324203657161
0.30075447178260334
0.2183288968164897
0.15801514292596516
0.10331569939376602
0.1765456437231676
0.2555057654937644
0.04058113743234851
0.20129844909076108
0.2321909104748677
0.2608152841121326
0.20132181123730755
0.2800413487184796
0.33699208487689475
0.22852164148933135
0.278890314893537
0.2863754233165345
0.32912828421312834
0.2516900622698901
0.27806681032953656
0.30266539454591174
0.20506499067991854
0.30220892940844024
0.2609575395812421
0.19044254362748153
0.3618725499228877
0.38516643980213794
0.35193533503571806
0.3372439122245762
0.3223619432933851
0.2969883747685951
0.3956419272051137
0.38980190780972807
0.2870859820752346
0.35022361423529025
0.2995003096433113
0.36578904050297606
0.37706504273709496
0.2572684353127666
0.23693484115864824
0.3935882655413758
0.39108220097620633
0.32070687630388317
0.45031660764918946
0.29500722729823425
0.37850497875218425
0.2833490387957267
0.25413098572625126
0.5040994405710562
0.35273051546969625
0.4614488067274989
0.44802315950909244
0.40429636465400076
0.4803276036427549
0.4255483874835453
0.36913468902210533
0.3513703188772533
0.5145701839888133
0.45195099306330555
0.4607123894394337
0.48412238004320424
0.4670156021453491
0.5250375368271976
0.43706292219941956
0.3412294507248296
0.4469147837041983
0.48115936741386883
0.47457896487786677
0.4639484913112707
0.42916663676760014
0.5353804888592748
0.49301253769540576
0.527066549044496
0.5960046576336868
0.4807793162163726
0.5097317903860771
0.5630205040178239
0.4610080021407429
0.4941009833124252
0.39775773300625117
0.525033131445753
0.475624708572411
0.4229385254704874
0.4212011273012832
0.44714732375701305
0.4161614435949544
0.5560597227823145
0.40536767369043936
0.42048550260623474
0.45044364865660946
0.47691392806103944
0.3289007333935715
0.3718755710153998
0.4415825645034387
0.4049007522060136
0.4043298359650921
0.39172028389307467
0.34243383609080436
0.30262678009075616
0.31836169092003247
0.39770306388779036
0.28954498677129054
0.346440311002369
0.16287806203909452
0.33338246216738654
0.2897772482707768
0.4037520532836991
0.25516960511664516
0.4097269162074548
0.2982385004077526
0.3458853994668186
0.23068301599094926
0.288572679725711
0.24807925722261276
0.37609488943355485
0.36480301521059627
0.28378968240691793
0.2980278974388041
0.23727353727938236
0.17531073557345317
0.1996125873243238
0.255394226584623
0.3164443992770895
0.2816885117572868
0.31287753601737434
0.38141625817477065
0.25935500209767814
0.22920485761479165
0.295866660195348
0.3529737419787365
0.3753574280751336
0.4621250423671034
0.2902796338327684
0.34926735781601115
0.5508219220581344
0.5319526590342449
0.6474963132306342
0.5690237026779905
0.518527135953735
0.4808496726307053
0.4190626067882377
0.4516351585005276
0.3271005426430781
0.31234384348346844
0.26806214213908225
0.3013955264396007
0.30023536494689557
0.32090716825804894
0.38072712380033213
0.3599346201023601
0.27025810822061236
0.22065768943788655
0.27283332516344494
0.31997331620593694
0.2614758546593913
0.18942052591453776
0.35892718859224004
0.25718915207165816
0.23731754920990217
0.23440061646677487
0.33723566613772826
0.3187028460812911
0.3695686751078216
0.2634634028007992
0.3183190752885341
0.23701842582832852
0.3993827137131531
0.2421108318075726
0.43257266979467923
0.32073855922186567
0.32800670033791046
0.2157281654989479
0.456261380757966
0.33868580517772306
0.2632454857884766
0.3073549897040735
0.3501066828970406
0.31506280252241337
0.4168196136382576
0.3128182919632692
0.29413464385811455
0.35921141189386985
0.43692629683807355
0.42656231655282667
0.4936558248160354
0.3578448550004274
0.5641571948694797
0.28726059766987516
0.3745617889364895
0.5326605740594528
0.39721601894388703
0.3551309906614896
0.45879241419757655
0.3954196749543044
0.4264527996784444
0.35144843744248844
0.5641870379225429
0.43747549550726283
0.41071756235640816
0.32010682954123854
0.3643376005381973
0.33452596092294445
0.4321305531813762
0.416216085463633
0.3115410033375836
0.47307307984839153
0.4768598821551885
0.4045830601164206
0.47489393299849814
0.3103786452096634
0.448192933221149
0.516697134950842
0.5085439562349929
0.3849758391825243
0.361011226698295
0.5048415777902406
0.4739055278918123
0.40674211889118295
0.3739664917099451
0.3576587566503724
0.4241568854330648
0.3545702295060419
0.49849358511364994
0.45170933442598904
0.32648574769279376
0.32336997682184
0.30884792553615537
0.4370724495306533
0.3441104177925494
0.4031161044284721
0.5382980549075238
0.4104252716053909
0.4721667954925348
0.41785147710118553
0.2964961639724757
0.32515635798830034
0.4571428163402733
0.45777503247997414
0.517052175389973
0.5914260967590713
0.48378689990138707
0.4930843812413671
0.46657099570936034
0.6145479522035995
0.48365810229227085
0.42326635498365867
0.535636900730487
0.4764637187670693
0.5033893279013819
0.43204202469474157
0.3456213379762117
0.38928757876915376
0.46933004927033106
0.3780357511287894
0.4327436899319554
0.27609574426931277
0.5191836134827925
0.5613268367026831
0.3918514905847814
0.4549430191412259
0.4917625190368744
0.48844701533691415
0.4003500098265742
0.5895531506041665
0.2972375306283766
0.46439148344998105
0.426234875096738
0.4077421944740046
0.3374239747478893
0.41958246400220517
0.5461430789575255
0.40434233705495726
0.3998170823050704
0.40493325261746016
0.4396270429300435
0.4479943302488497
0.49428172506178913
0.5035397249998412
0.38915665365852903
0.41435457008770626
0.45633614810462475
0.33027842939239815
0.3834295755268132
0.509007646097108
0.3533324303562936
0.44029408984218865
0.3800508351750401
0.5771437007470912
0.47475621461811335
0.49590968406895286
0.40781125299130694
0.49356065293344253
0.5362087606212712
0.3642295556566758
0.4984457233944658
0.4031473311649168
0.5085644561451644
0.49244599605376727
0.4014824769619997
0.49306442430833575
0.43621974480659775
0.5251417647207184
0.5501742870833782
0.4967142878812922
0.46908193041614726
0.29979107592040605
0.44591856194704577
0.47224241212407
0.379025918388053
0.4794339631858068
0.4488143670257613
0.3624281058653228
0.4420574303086065
0.44006966568281836
0.4917900155809208
0.44106268559057055
0.45170545991067057
0.39449672432892136
0.28300697278526915
0.35325814341320133
0.45662670294359514
0.4133569232678734
0.5064807904527987
0.5139413922384002
0.405071664858038
0.5001426738037278
0.3689446606479165
0.4247618280732322
0.4970626672625689
0.3957878396959102
0.44846145459276454
0.5220549048593537
0.45322391314521515
0.5108413989912999
0.5084959214292296
0.4853609553071176
0.47292838249602775
0.35658147688389374
0.28211097168978755
0.431789562023436
0.3644385483653506
0.4292463978891471
0.2990794872208665
0.4534119739842091
0.4669070349763368
0.3584309907492944
0.6096089806642712
0.3883791507637695
0.43135934246316093
0.2365541006425892
0.3492285379782383
0.29713697085830587
0.3900544179158396
0.3885793094967781
0.43024094529857543
0.3744968779369525
0.3554847241203294
0.16333560838736583
0.3875933669629959
0.3529045996935853
0.3401890525292133
0.28313276131196236
0.4631447135710304
0.33897625152219046
0.44865843468915034
0.44434741217549134
0.4058124678471494
0.4807117806591159
0.36494784326098906
0.4107316732019214
0.4141807684541504
0.328203955959871
0.46348838933713604
0.5009038132043179
0.4400506523996496
0.3338781558893627
0.40062300924571986
0.27557085543353743
0.40977030341148807
0.4025284457195593
0.4332256916476622
0.32881102509229576
0.47018895735682603
0.37837635978052864
0.37128199203900647
0.3084039019427288
0.3882249265847976
0.26457303966505535
0.1994078435631589
0.34193465086433633
0.32876272031183923
0.38002976756107415
0.3488980066996314
0.35407022274910516
0.27058373302455896
0.45704680223756233
0.30452314894727883
0.3301885636479368
0.2827851928640168
0.36965807710136117
0.24104713656211157
0.3646380243399293
0.3933900738389365
0.2829017664227195
0.2992663379676836
0.33950634002009683
0.32589075980173904
0.2846232022751025
0.3008270460264262
0.2986671566379344
0.35811344500112385
0.3834858624749316
0.3777260195079576
0.28580851783984196
0.3695081442584492
0.42074177065915236
0.2731671390315474
0.4771401648355469
0.4126986482624464
0.27419258315228123
0.4338938729581448
0.4510612341864342
0.4988740889603049
0.31922593592682025
0.48282093953191596
0.4553202883378169
0.46447057140098424
0.4572201007594
0.4531207772614819
0.524510280792756
0.4634814638554701
0.35071638970745045
0.3251553936487883
0.4238405346383032
0.34958808926556295
0.33063324375926245
0.4800538896737667
0.5171011493039684
0.3053656728499551
0.28691793872434346
0.431549191190638
0.4127450687709312
0.4471293449563142
0.5005451990067232
0.453289646684472
0.38073315054381335
0.40690855652343083
0.45855267010976747
0.5203313187973104
0.4655259004587057
0.5711268771958593
0.5728781192636371
0.5081698253049773
0.5714696663347947
0.34216059142361954
0.34828095556831185
0.3077101865771388
0.40791039224032777
0.6568170865742029
0.6283419846849967
0.48731758503831935
0.4343239830146658
0.44207697042089644
0.46833927948810705
0.4223886369781098
0.47844064857670704
0.638381713252541
0.4437170581042361
0.44038224641975965
0.4497102727470055
0.4482732837453909
0.4710193359306816
0.389084503300206
0.5043899141653057
0.5138174430720007
0.4358516532357032
0.4475668462639252
0.45078578935165514
0.5528512017269983
0.38324273234938
0.4284831002048871
0.4850835767470585
0.3575313341460025
0.3477507938996942
0.4456529593298718
0.47200682766504054
0.4482633572553115
0.4273531965674842
0.47929797163420806
0.39800976371804747
0.4297987373480397
0.5240713675427301
0.6128202973453838
0.560403914840959
0.48270494023714033
0.4956188269592511
0.40150269125408455
0.35990651346596936
0.24771466321171726
0.44988666310986364
0.44713544587975773
0.3678338374088864
0.42544563461063867
0.4000313170644262
0.4568329363595165
0.41561420993783205
0.36189218692329184
0.42158482340945214
0.39324356336680993
0.4522260291513527
0.3313495466711106
0.37988158980598163
0.4137518104578628
0.39818491068343953
0.5500256077304444
0.3858080046356118
0.3452389907322583
0.34631478286248285
0.25878820763861654
0.28653736826710996
0.38731866493709266
0.43232954774313725
0.2533964093123567
0.490330940126264
0.44316297163153356
0.5130501543039099
0.44873073441664946
0.35159206801634435
0.48438764203810164
0.5146178645474087
0.5174962136175417
0.534647740703911
0.43399156039932874
0.49989032770093456
0.423302062795387
0.47224117074510624
0.3572251878900232
0.5327564715936514
0.5071759672141117
0.442265690805543
0.4542147535750226
0.524917097836437
0.5463190323146183
0.4404940295676889
0.35563887411933875
0.40331036005127036
0.33937451869441526
0.373764179234897
0.43407835246929105
0.5108882918293416
0.40861531988201333
0.3286422121873722
0.35489846574744266
