0.276726998697874
0.3386648440606599
0.27312777973187374
0.28845459796590633
0.2747576455400714
0.31088825929686265
0.3230166134749452
0.25049809405140905
0.2920801977595046
0.2634980828485957
0.19956351730519012
0.24771612036815327
0.3332000257797644
0.23676899987375266
0.2925803873143096
0.33245337787843865
0.34114754764465655
0.23260829533388988
0.345451298961722
0.3613800931102089
0.20254076776280522
0.3819730653207003
0.37477529923984754
0.22024277390603222
0.29876664864244284
0.2591102918351157
0.3035727506812966
0.3595511652390705
0.24091648753528128
0.21968261554128637
0.2795585503772655
0.3221167739076549
0.2140406405466902
0.1832778217471129
0.2321094516877939
0.24826992636010242
0.3238891919077163
0.23498970839598393
0.17334374434076477
0.29050401283469157
0.29002030741585255
0.21945511461445466
0.3147273594986955
0.24577409146367035
0.1842472368019759
0.3511141770258205
0.3357270346799758
0.28673250638259895
0.27981155172515515
0.2496817440090822
0.2506989514852491
0.30104546994509535
0.27180094231125074
0.2962241283141552
0.2217799307371448
0.3297630956595332
0.2179162786594283
0.23757942724408054
0.30543449436720155
0.2888379266651291
0.3495704505537349
0.34087128363901975
0.3535823355750377
0.31496536923979124
0.35086742151951184
0.317244715653463
0.3592590314330686
0.2997930062702763
0.3266938649204947
0.3786920934198448
0.36256873605722517
0.39680558373475955
0.36278535572462967
0.39907207424871916
0.355846946752321
0.29750398734716943
0.373607119702158
0.3059143495798704
0.39837750242018094
0.505183955078108
0.3608806117416475
0.3968245880599559
0.4408641500916094
0.488197436447393
0.4429201106819502
0.4687780490537262
0.4395700657318728
0.5394847925327702
0.4212505714961062
0.6775429062529856
0.5055653749170186
0.544776382001729
0.5925107919606214
0.5460413427459108
0.5592872824876461
0.6413151976378522
0.5838220167131312
0.5743286554431076
0.6110475103064886
0.6171910023705326
0.6874167589110045
0.6902755802069571
0.7426312480579992
0.6038741302437378
0.5882041130792091
0.6191248719082199
0.5325900335085647
0.6238904323411278
0.6626953189213154
0.5645763632896451
0.5594144010977271
0.6055721058748103
0.48068974635887896
0.6101329281259966
0.5956320106178886
0.4629922452830926
0.5354484210961961
0.5255374267651896
0.5700449357694983
0.439399995740436
0.48007377571267773
0.47547390172172543
0.48953279391324134
0.428591365488187
0.5025000245161446
0.46183254401207086
0.42450953172128625
0.4919070989759665
0.5110498090529183
0.3923327567070556
0.36004844569087313
0.4192491043054395
0.41955752235011323
0.43140939122700594
0.4620307293022041
0.3133886785256523
0.48575994675434514
0.54633027563301
0.38530397347640366
0.4263491347985333
0.5536678761768467
0.49141982912688675
0.4634004147629037
0.4675622605656446
0.4041632584831127
0.43112169456062777
0.3925320663463535
0.26719129920970347
0.34395471254951504
0.2788206021993044
0.3246297913820245
0.3146495262621236
0.3866202748533534
0.2808505207079883
0.35392017915260504
0.43682872160120123
0.3732961131129637
0.343855061464422
0.3403284401625923
0.34572944902034436
0.34778186326369276
0.41274738549349393
0.41947672441353934
0.3835383415112452
0.3987042043063696
0.3141761825445607
0.3099988612763235
0.4364570513872401
0.3886707887015484
0.4804484475609729
0.4085621530821962
0.3620699453999324
0.42388844575772966
0.36136350261756855
0.4263366316690382
0.32774078098302295
0.46319278974304956
0.481348888527662
0.34788180681186576
0.4721992595224499
0.3734403629421712
0.4042891892821112
0.41024933097188165
0.3444911405075134
0.44996256463954337
0.35709369172591204
0.3514548146338983
0.3548349129589793
0.3131031220721464
0.41078938932132514
0.34987922738062127
0.30840035886507416
0.2954406724799688
0.25807911848118337
0.25396385940693245
0.3043138750801553
0.23207835173889713
0.30042126979938333
0.27874394458296975
0.29550568177071457
0.37054338449902746
0.3458905018907472
0.2571350957177391
0.25550915678651287
0.32402337643115575
0.31220293962425855
0.29594014303563565
0.33608993875158066
0.28962140565230116
0.3360542846347515
0.28079549960008754
0.18057598232456912
0.3036683072565232
0.2437744787902007
0.1371485127574854
0.2552573138876781
0.2386478704298071
0.27206741089757647
0.23167730021529181
0.21282105592903225
0.11745394257163513
0.1705675222282952
0.30951438825571154
0.14285812073971432
0.33776514439056937
0.18213366570212025
0.2957887638686997
0.1902704170600658
0.17757332425754518
0.2989644659716533
0.18995550903965394
0.3363977603214154
0.32513204824175435
0.16982502521256757
0.2195827524070404
0.305749603253951
0.27554989067016145
0.3036778695005392
0.3561312975573845
0.4391079717960632
0.4152445471834686
0.39642285239392616
0.4255685699595791
0.5163798752988382
0.4921202399318704
0.5451623819338762
0.49254044116722273
0.5910239843794014
0.5047602718936419
0.6059275475298187
0.6258401876997608
0.6395203514583088
0.764784005223836
0.6870399218421458
0.8025469848727589
0.6765565544684043
0.7719863509878986
0.72409881461492
0.7420862036875546
0.7856795663562677
0.8286901223549932
0.9228967774286403
0.7775021713661145
0.8616212840450075
0.8474455363377349
0.7143888687973041
0.7996335921550758
0.7095010331276779
0.6736563839177141
0.6896243902190637
0.6322870800863549
0.6501685840110667
0.5231894885162557
0.519705422427484
0.4328270575153788
0.42555196501386283
0.6147656238557527
0.4708905457972933
0.4868579365040354
0.530889076585569
0.45329326167023065
0.392138281768336
0.49659435413788977
0.36417724224723513
0.393555286411364
0.3724573781055437
0.35271335068268106
0.3830764830778197
0.39318301957007756
0.4231888439129986
0.42999777673819045
0.41068299510596845
0.47485359395549187
0.49384352524740044
0.45853315359908975
0.37912310009330596
0.40765802052600875
0.4272092176587292
0.3467380016309174
0.48027069819604484
0.4175858895001746
0.4696545127714501
0.4049973276150394
0.3671232712159439
0.4214480115710687
0.39891720544620474
0.4676676639756205
0.4635150956368851
0.40390079982903115
0.4548198493134522
0.3629989590298255
0.5310309565280205
0.43868539547719965
0.4188755733208879
0.45167272720950447
0.40881260831725286
0.46413765751394076
0.41765907732383795
0.43199034705260353
0.4888952777669184
0.49449226678192915
0.4346149043233659
0.4017090144731217
0.4751723373041581
0.48262601056679566
0.4694477620603409
0.4482267060992307
0.42951018694742793
0.4130407044566948
0.45546816291887116
0.48980380943781526
0.414907491718009
0.5957227327918209
0.5163448417655562
0.6014690374349452
0.4974680333882002
0.5500254118412609
0.6277901399346657
0.597404162748469
0.6582930401873579
0.6535085375049883
0.6803730891239196
0.6011761970192715
0.6645935547060027
0.7733428854999578
0.798963295357177
0.6450161824832725
0.6911375353225795
0.5940201894711725
0.6978446605124271
0.5196962192614425
0.6186919702566867
0.4987472987178908
0.6491303889780302
0.6346912084649913
0.7108448396082933
0.6007036031512711
0.6122743077159023
0.64146855598975
0.6320867800306418
0.805821271580204
0.6287578050998279
0.5770131787111326
0.5774212893402162
0.6752659825472658
0.6366688073905018
0.5066828589482595
0.6851839874845693
0.6164164051078613
0.4910366403963673
0.5645415270028792
0.5750748396275835
0.5653621042512686
0.6536333481744914
0.44937852945906276
0.43249188115921194
0.49495084002264544
0.4206787375041151
0.49527561391303554
0.43579085917220084
0.5826891073178482
0.3892521595743428
0.43859023889857623
0.4945771049387533
0.45674292931030536
0.3715483124357106
0.4142904513463074
0.3289932386892497
0.37640741840748837
0.45718015967275605
0.463722718066639
0.4359850030443217
0.4781580876563954
0.45396390568675016
0.45267676627567033
0.5211723709351221
0.4737985524278318
0.4818974936961748
0.4268309886883633
0.39949591229194364
0.5114941390175607
0.49223980449856863
0.5747702351426793
0.5991138718479877
0.5852284095697634
0.5210547409377513
0.6254363852082703
0.43661818066697494
0.5508056553608633
0.5423889311860399
0.5646824279404943
0.5544442446979521
0.5085440364607724
0.5425291037069041
0.4834781370125681
0.47400715845462066
0.571154864918586
0.537139231060698
0.44193198782859855
0.6484435652512961
0.543177303673819
0.5596758617792583
0.34204771431652703
0.5111747769285205
0.40215703957658355
0.434403492517351
0.43121516495944623
0.46079766260775057
0.36473067068944764
0.3379984249806398
0.39786723106085187
0.38277259011751485
0.2942290769595527
0.2758642462477854
0.3042033241821051
0.2943994042722105
0.21148838705995832
0.40232997925259006
0.3334368760160087
0.32228400455978556
0.3271514558895243
0.27001827670205913
0.27340490191400674
0.2975791950456146
0.13467290195730183
0.17861569390300044
0.170151262644885
0.2384917284832339
0.22626458968167013
0.19449932789118773
0.140916655450393
0.08086592319722136
0.16603180004273055
0.19315248411013372
0.06060140188532863
0.20903029918739557
0.1709145118705904
0.161149895348949
0.11233983110015924
0.22340352917514794
0.11014451959131207
0.20675848766115523
0.20395318552052827
0.18756697833205124
0.1717728406336445
0.2784584560730269
0.2019276035454615
0.2490378925114189
0.17620117260216953
0.26911425811691786
0.26701028551496386
0.22244673378596044
0.31757698214501606
0.12868521692058096
0.17409773176934684
0.312945734920663
0.11552828806764172
0.17095369354670806
0.2135731229167961
0.23262190179697587
0.12843368556534582
0.2462243997240351
0.2918496002284666
0.12219890058061716
0.18714032612698456
0.15621322049449643
0.21735739160676806
0.2987699878809501
0.2845355490127311
0.24469523561027434
0.2910764641590905
0.3374495367153495
0.38191654853156226
0.3128448036264327
0.3847832995781625
0.41563953934064324
0.3861374667259073
0.3864350384460642
0.4093085196911397
0.5226212555633863
0.37229684565520915
0.34908960318302007
0.33841731575094447
0.391987023316275
0.40557727115644293
0.27327023094482644
0.3216229519415942
0.2562101362605468
0.28330787330469354
0.31955532726023955
0.40311592994243794
0.435110541146025
0.39307708488053356
0.416446749812566
0.4811538174069684
0.524532016901372
0.31305081702985715
0.460670437037369
0.36771137270282106
0.45908664094257856
0.4529729825490465
0.3499685968690489
0.4845862353399496
0.327650939163717
0.36477192903707756
0.3681950774696685
0.3865452191862838
0.3474078115985835
0.42361286922877517
0.41849529252348905
0.38919085244521034
0.4551844230522518
0.3093599177994764
0.29487849679424205
0.38476480446050854
0.4400792239562564
0.40791282411867213
0.3041442588896353
0.2911779431445567
0.30272361458290675
0.32498102811057133
0.35603443926893874
0.30290314817258324
0.21909356335290187
0.38086200588430275
0.3086305751936933
0.32820518549738065
0.1921867129107527
0.40537116988474076
0.4019669274613008
0.2655432355753813
0.2579303298584544
0.29241180838243175
0.1719510495338443
0.24729428523923552
0.24445589414184374
0.31746711754182566
0.15595025802779225
0.3311630820847763
0.265216468782193
0.22634677966798056
0.3305212326616976
0.3590565600143032
0.47681144394661856
0.2544094981715291
0.2783218048664402
0.1648036264755702
0.2655047488180407
0.17806926485071875
0.3282838252025805
0.21021909792629112
0.29324340319986164
0.31173114280518316
0.2965922429533985
0.3412160627611937
0.4339174073155709
0.38734082130260283
0.3435955541773713
0.2833722104735331
0.37262459726768626
0.3890882639052957
0.5897277844078972
0.7253154328706177
0.790668882350126
0.5387540891098582
0.5199476941921257
0.3691753277078695
0.3456457471635871
0.25014640994419796
0.356325536516678
0.22859877970439996
0.35491685584960814
0.4097021857095486
0.21650511166044534
0.5732757496307999
0.23934008173699473
0.26395051719681445
0.4174114070006075
0.30691432578651184
0.28791857531403964
0.24440049852524343
0.2959423384207479
0.3388021667714986
0.38495525045557855
0.34965192136856443
0.2551318669145662
0.2631653733444469
0.3795317805730457
0.39107891319563015
0.26128793717241927
0.23537040887355282
0.32163378889986705
0.3587903292263218
0.3821810060224467
0.23672035115787365
0.37762376275506937
0.43387298240883443
0.3510597676531595
0.5520091250775858
0.37277478519345586
0.30931796445750226
0.32252995987335636
0.34207887338856824
0.3162097703710892
0.36263390507441345
0.34940677639814544
0.24561688622325334
0.4994036169605065
0.39116564263574916
0.4563626821071892
0.3257882821593482
0.47183653357366073
0.29705884254021864
0.3210447027664788
0.4132017757140819
0.3527849870593831
0.3162394708035264
0.33768372151839743
0.33037702147920034
0.3153824831435227
0.4734217361141526
0.3232192761503144
0.3251028202792724
0.39220280313654476
0.3929801669292752
0.48165602376327415
0.3950449254294679
0.2947751785464241
0.49728297901100293
0.4227214125231899
0.3213799519592796
0.38438694612373175
0.3301995284382877
0.4031745966203536
0.3928859615541614
0.5010370359108951
0.3613739893884007
0.26976467853784347
0.4118019120392963
0.27411312734895255
0.4326119906448389
0.4124454745615498
0.4140291107696342
0.3113911794145635
0.38213247202530165
0.24352776335426793
0.3682245715947364
0.3213680119045468
0.4005531268677608
0.43902815275071044
0.38749088972262696
0.3448260445248515
0.40183802243732436
0.3240896890613812
0.40202549313658387
0.5255003636014944
0.36498593237591936
0.3556926255241304
0.3737160384654213
0.4118712281163366
0.4623577121362911
0.3648291036150797
0.40791232509497766
0.45271982511251385
0.47873177070086037
0.39664656902987383
0.6234470903392941
0.4241802003129239
0.4525918375057484
0.3988672172477178
0.5063675024988221
0.5451859679853537
0.39318197858328163
0.41177356198582116
0.4597865230390846
0.41456337897398554
0.4361805811815055
0.5092858556032135
0.28988116284084964
0.32716097703997205
0.3911295077956616
0.3543021448044755
0.5106231194850914
0.39399126290059383
0.36763949108316474
0.424045039562824
0.5157424797159457
0.43297828776580505
0.36253030636339645
0.4089648717478748
0.3742373988583037
0.43746143532872306
0.478540028538312
0.4786113431073864
0.39111898222951136
0.506838725170283
0.46803462026489295
0.4203115616135152
0.49078826633784994
0.36716407135075335
0.35985099995605463
0.5246799389644918
0.5145026370265784
0.3657953403375453
0.426184979855814
0.32549509350489486
0.42502261425130416
0.32838090865835284
0.46872692509982267
0.4758616937632819
0.3811246595018811
0.5339769103737959
0.486653006972078
0.52149808289259
0.5151736741075491
0.4390421165827242
0.3404119457076661
0.353519372711088
0.43556102255542517
0.4021414564185838
0.4699628981326187
0.2823602107602917
0.39215962356227796
0.422777025076687
0.307859682316862
0.38044134201386737
0.41832975051844457
0.3776536172707108
0.4264366809975728
0.39787303644523153
0.3400290505639716
0.4716689678610235
0.3368100181935163
0.5169771288049386
0.5262469270390197
0.4717617511900665
0.32860258212504423
0.40501134744327916
0.5626328883442534
0.5836495544532597
0.5243814705244544
0.464591647444462
0.5866783647966793
0.457402259142496
0.45088355849637646
0.43694780567176617
0.2836002249657703
0.4062894086346126
0.2189067237577975
0.3695694479288567
0.4324331377624314
0.34252482356071856
0.544524773552682
0.35061858176705296
0.34397785460784236
0.4539239859202881
0.3838161717626014
0.3350122285612154
0.4574989535742515
0.473979970254656
0.29323407117268807
0.29296998439305355
0.4201148092350613
0.35416758522566266
0.49142378768922107
0.3943954618163096
0.4204150420532616
0.36114474014188275
0.412049227299903
0.4017573205412137
0.21093385544753207
0.2676977852951905
0.28126219255201934
0.4036933628969427
0.33777854136393204
0.3292137659135774
0.24468978994219487
0.25570633290262756
0.2415565823441741
0.20253312098452592
0.3363569795732575
0.2464181943080852
0.2179026978138756
0.22320537500359894
0.35188498234321525
0.45794054852737676
0.37864336351302946
0.31668448332886
0.3808644285219712
0.4431216071862457
0.40746807559607284
0.3244008599959352
0.18745923639992493
0.34123798106946734
0.229509093702243
0.3948355002384886
0.46584564475367735
0.38270710048302875
0.26527730727142074
0.3674100468439461
0.3272666358275048
0.3961170046968212
0.37976281108872645
0.28476896614369923
0.3669275402238419
0.23922851732392603
0.2676450619135454
0.318485203895161
0.3416260568675687
0.3052855943010595
0.2868395332792409
0.2957041346523097
0.26412696804378344
0.3823434255547064
0.29175968184106615
0.3455836851829965
0.3291158412602553
0.2203907859661226
0.3199276438901721
0.2669249058556808
0.2715415568066776
0.3713894730048062
0.4124659855320208
0.2915514891472362
0.46936529764205825
0.3996999670707416
0.3901243817764003
0.3003766444417734
0.25810388079590063
0.3129775751331437
0.34673682378165993
0.26492642632606256
0.2796907469749872
0.1993705027313924
0.3528432902363815
0.3503209929549379
0.3488922158398317
0.3001081883167953
0.3549827612284227
0.20303272181538126
0.24770420911726154
0.21323328012704296
0.31558562574325777
0.31073482046748324
0.24111171306862697
0.3866142977561997
0.36042883029621414
0.21763381704978157
0.3265491219038017
0.44609713411780183
0.2576473293455047
0.39449226501494816
0.2384356369807798
0.31629478569919856
0.2868657910232334
0.24841870719667114
0.2666370735041233
0.2708457637178318
0.2699975025658391
0.3308254525560951
0.4703966325304837
0.2598942470977966
0.36921981217299754
0.31030377886775395
0.31733908584175946
0.3887926780644817
0.37176735085406554
0.4901129970619652
0.28782829916038105
0.44094394392883923
0.4729983307143822
0.30979116897203846
0.43535339746535073
0.3939487440529871
0.3526502065545512
0.494433384008759
0.4249469277425957
0.3360443071444372
0.31829008131966124
0.361009175796578
0.5555688270430225
0.40709591714694326
0.36104697484904436
0.5320358368114292
0.3843815883692451
0.4822875160063152
0.41026637747352923
0.4659736527428699
0.5178191531409524
0.5220126174555292
0.3575684956930083
0.3788631874148739
0.4237562893815817
0.3665922071197349
0.3568574036256056
0.33404814859281773
0.49221067155639775
0.3102964172625712
0.3933289370970071
0.30263679103297414
0.2202855972950556
0.3437239270274768
0.2774796314480944
0.40689348779343165
0.3230348828703913
0.49958124425430905
0.4130164412399808
0.36153185250401154
0.37690070740320764
0.23103864053163314
0.345772462803026
0.24933474028689281
0.29835226661486447
0.5245717580451646
0.4352132963720028
0.24751064066363282
0.4882941162861905
0.3963472723848344
0.2994190839855858
0.4529306608457415
0.37675020757254574
0.39413547109290276
0.31052748000737
0.38971347591918926
0.3836564586627744
0.24350117036161
0.30653426067791234
0.3026728698675917
0.3780703447478196
0.22970730859190952
0.2537762067901945
0.30067772172093854
0.38786833915041175
0.3980730405718312
0.2748286530781447
0.2741485620641806
0.26418443627738564
0.2330937342571114
0.24859500549504376
0.39651354353328544
0.3708986961889055
0.2696951328136562
0.3352092695748655
0.30654037169786635
0.5454621349596387
0.37539862769607873
0.49301716987059935
0.4416642272439586
0.4133146955510646
0.27356317382000905
0.405139027179153
0.35566936216643974
0.5021823594408705
0.3301034329380649
0.29243287834733867
0.4215001424281108
0.5212460576732635
0.412281459140559
0.30802989776590894
0.5070740296846736
0.44968221769952277
0.48344179105098467
0.5815494112144339
0.4753441123796773
0.4690620930958017
0.43955681854390927
0.3973896214752298
0.3055676033736131
0.3225672914301561
0.34043220831749854
0.35565250254514513
0.43927966678565467
0.3204227889597654
0.3024960815316512
0.3255630786851369
0.4142627170275567
0.25098307090949057
0.322218558512806
0.2904082666155489
0.35239488444674893
