0.31892160644232775
0.27343205663561515
0.34432989587783325
0.3258509391675265
0.36082621526074754
0.41668995238105516
0.312993562012795
0.41466915071246757
0.32783516352847775
0.24806605515778438
0.2235153826479339
0.3683010385559221
0.28797709486988965
0.2594667125630423
0.3850767664161723
0.2631505070923516
0.35169625498354073
0.31788429615982317
0.47954753884102835
0.2714601588263569
0.2883647329033804
0.36939668269913606
0.3370742817876406
0.32069680019254587
0.32493043699995666
0.32138847970538353
0.30946870895997713
0.22386198021538573
0.20230889455076934
0.3106788059935546
0.3365215339575573
0.2547915565152996
0.34069450719762767
0.3041126112788397
0.3496252616568154
0.3425346483343794
0.3457887383389605
0.3907269412010709
0.28117593547168696
0.27900506744855846
0.27120171141848964
0.3482518139536306
0.28073333398941447
0.38665976072690017
0.2204402099809931
0.34000139328406964
0.3479696930650984
0.3223591173822996
0.2786157036421011
0.3027371934165036
0.20738802973157255
0.2737549634812157
0.2721223186286019
0.295608793509494
0.31539214902203383
0.25957044134347085
0.3720325423710261
0.3167202563879723
0.3037869071668678
0.344676533101961
0.3132970553026146
0.3363357566987101
0.4730969151801146
0.42567217026603715
0.40880227599945174
0.35393070150285577
0.3667414995674564
0.40917409537013827
0.30490822346497815
0.39820097803485816
0.4219442738089212
0.37632160506014317
0.3276822164323006
0.43215768437605373
0.40325831635547305
0.4481038184565721
0.3914368570664367
0.40921316133651686
0.4070223387001534
0.4349010408545382
0.5028799931966692
0.5239576358835263
0.34604112426034817
0.5348661818696032
0.5585467132787889
0.49313284651313116
0.5435326015855639
0.42060205951814644
0.6129965577752827
0.4532583611869175
0.66390750578627
0.5241552184973474
0.5715021579111326
0.5914761791293713
0.7158134936167118
0.5416258452247396
0.5902099121153939
0.6836087701984775
0.5970958376496769
0.5410946939877297
0.6318867048432424
0.7125916906780436
0.6504354818228351
0.6036477225997599
0.6430319340159738
0.6259747795135573
0.5937942365368474
0.6218925834032263
0.6271689549350509
0.6761574289999374
0.5570635362107235
0.5564951827702536
0.531673795658819
0.5075265398496844
0.5843265533837219
0.432465708846815
0.5013675952264117
0.5251493294452767
0.5075704247865604
0.5051339473784411
0.49601977108959167
0.4759082481908756
0.5855967309589406
0.5393662614162954
0.6030917899605913
0.39967109082437113
0.5449276352751079
0.5142768331884205
0.46963406428228543
0.4313722498144217
0.4893800949018208
0.484496410771926
0.519112177949401
0.519152351756673
0.5077163684741621
0.5326590844329304
0.4818203313440619
0.4523206373380462
0.4147506119489886
0.4849775443709916
0.45822856008828594
0.3939502826335983
0.4882005672762645
0.4494707016892502
0.4913558962377179
0.5547712997619679
0.5250908055023686
0.40654869016803163
0.39554574553139543
0.42316859420320874
0.4017942212728249
0.41490303661604966
0.3056503085080152
0.39820586497020716
0.39097851217811624
0.2233942024731243
0.3374661807008663
0.4144858405527905
0.27494815537750966
0.5424394029569816
0.3526145088753316
0.40088624573974907
0.4063403469552661
0.4209524876586298
0.4907896952631541
0.496928487738716
0.4009903784083245
0.5044873500201881
0.5534975472678144
0.46256649978617614
0.48499575361487957
0.4813285304868588
0.44996317021866905
0.48726708338797164
0.5268050415316965
0.4980069458633233
0.3945006114203289
0.43846432055038526
0.3348003392462773
0.37765002539783643
0.41503512858869174
0.43334814246433695
0.4067681179454089
0.2808015255176274
0.4603678824723252
0.4011368468191717
0.38721715076630026
0.4362897613280998
0.3721833431090465
0.4374892229018624
0.38705902026341044
0.28961334838882735
0.3687640904459165
0.3840449925642242
0.37185084562697196
0.36754914694313834
0.27433020516121864
0.3511878640780118
0.39342582810186155
0.4622229380883372
0.3351035459724234
0.35650091126848804
0.36843714070781625
0.3106063735299244
0.3638312089918404
0.3635260804368621
0.3634392512782052
0.3657871122298373
0.32221264740529415
0.38339692408612724
0.2867721438195915
0.31623846394165533
0.3838368449363564
0.31951915758632354
0.36083527934134313
0.32777701156883476
0.14298765943762726
0.36850664948314027
0.4307000256442398
0.28678095265940473
0.24439907510718634
0.319329515448867
0.2953004020062498
0.3077744424402233
0.33944301550445033
0.24959736985419395
0.3453222947412598
0.20110910460493586
0.2985935262762378
0.29587339589929273
0.23424762834303725
0.32558937487090267
0.33976438999367964
0.34143282312269907
0.26398803349748956
0.368329624537002
0.4180425925977188
0.3982435268997676
0.32999454311375187
0.3389799265295734
0.2799871641641614
0.38665570279402334
0.44509103337536937
0.491611324147638
0.5227460386299525
0.5052750091474109
0.5158622010180074
0.5700613311522095
0.6921567192602311
0.6643546535455698
0.6768668585500116
0.6824791884652335
0.7141721313110059
0.8191363261588052
0.8061674571428235
0.7825129389768355
0.775635483673571
0.7523087296524829
0.760234101092499
0.9203071534306364
0.9157840837979312
0.8277848859443813
0.7048892895723439
0.7995612019315537
0.8217286527977488
0.7728004083605146
0.8463319523487183
0.786205728883473
0.6785780971974313
0.6656773946779007
0.6965222434432303
0.669099112883308
0.5960897385208188
0.62511356552077
0.5677114377257682
0.49558724248604047
0.6317360145608488
0.4410771915419492
0.4383044345789363
0.5052897327718245
0.5420384602750572
0.49060837974348237
0.44506845409716145
0.5296370640476128
0.5130457752607965
0.4961937844538906
0.42992966154196255
0.43917083152675684
0.5837679247151943
0.5097142341344046
0.46296907764499273
0.4562932262383035
0.45447354398693596
0.5145615633028604
0.4938272374125189
0.3579860629488191
0.5987373813261705
0.49249993370628586
0.5385002777182224
0.44122896219386615
0.5439938895337162
0.2950580538672529
0.48145787507442506
0.3332204515302883
0.4361943442483951
0.47063411755305534
0.46597238631145194
0.43565923546678054
0.41181539037798887
0.42693826947319236
0.4063435072631524
0.5045589759995402
0.5864945091944482
0.5569800828510305
0.37278502070335234
0.4159514880716307
0.4857153715701725
0.454926164789896
0.4862529175361623
0.5965464744549809
0.5452053294132424
0.5629121161264352
0.5816500341799498
0.4741190834520283
0.5774797205739217
0.540894233750743
0.5809205271097102
0.5076041974958558
0.48088966848509007
0.4442707748393349
0.5270524663506112
0.526474906335699
0.4105748033335603
0.5739930627620846
0.4941791711288196
0.5907058863648895
0.5096944694566679
0.46454126456854183
0.6547969928334955
0.5677812434908969
0.6242215107528519
0.7024553585130362
0.71506654897516
0.7473837933232572
0.6926193317170573
0.6068689719886358
0.5717322395726301
0.6546065336013134
0.7855253739896859
0.5184681103992346
0.635068174248232
0.5505661156460215
0.640681973266864
0.5301733213174873
0.6327535917385088
0.6358596394284024
0.67422388832368
0.5524225078582803
0.6695931784195541
0.6687781354884317
0.7522984953643745
0.6215633429473321
0.6750414260906907
0.6015098553843468
0.44407884926032193
0.7167276809818475
0.625173236532235
0.6415032558330873
0.5765935462199481
0.5753828513941368
0.6924227470899924
0.5933996460863928
0.5206492308382659
0.5665840925257599
0.5841708259399636
0.5278599204166625
0.4728073479388102
0.476363514991896
0.41949547280592114
0.4495097522759739
0.5219664700545441
0.3836222341847477
0.5013787592126169
0.30564719491507364
0.4690145212274868
0.41908476385985804
0.3712554093528108
0.3950187987464267
0.299265320709465
0.43859069389892663
0.3822014042138322
0.4962218753868309
0.5901170675408027
0.48389028661367295
0.39541102111994025
0.3950822612003776
0.41469817252079394
0.6580487487292854
0.5182563444185941
0.5081435133208551
0.5235825786532837
0.5065447597717062
0.6744259542877702
0.6287035440898958
0.5787019073766568
0.6039416541778833
0.5743600671119118
0.5182190584295235
0.6618513284523865
0.676246216811841
0.5875879158508707
0.7141669327240432
0.6878353953164906
0.5561805388435163
0.5552916651760762
0.5687451593868428
0.5403010828974311
0.5201775670998972
0.5259783757727177
0.5062908924441529
0.547631133741684
0.5116417065374648
0.5095313865787352
0.543215855326511
0.5418761408092668
0.5538595159169275
0.4779193889953897
0.4851224513856812
0.4245875306787758
0.29948665163681765
0.505474642367852
0.2935758855543641
0.28900196403246936
0.35445479437804617
0.31337379044034847
0.33305140364465136
0.40451268412484986
0.41583964227631076
0.3469357536227604
0.2193035891654219
0.329859813878259
0.31202170140429114
0.2611652612777554
0.1816360244297982
0.1944320290322334
0.14271039126184104
0.23371526908642182
0.1729948179173979
0.17755792319032507
0.189447769554547
0.24751478526895646
0.12799073772416253
0.16250307791194712
0.17203020558552307
0.15212840887709814
0.19824097600110085
0.17395510981476336
0.26474144286874723
0.15781804640176816
0.23321744684109652
0.29242059830312156
0.343189438226975
0.27578285344555753
0.2925059842762754
0.24284640455454382
0.2507644047979878
0.2369486243097929
0.25986140423691007
0.23003183611712053
0.19789633703452095
0.28638187299424883
0.21382795637543392
0.23814331312709275
0.2489139783369266
0.10848894461279025
0.2846385999752418
0.2256382692225721
0.217474383070277
0.19514628669783737
0.21633181313540756
0.3887613327141579
0.2060586321509028
0.15074083306775596
0.26922943407295724
0.24768766414659268
0.22695161790483012
0.23451754086176918
0.16475159024291547
0.17615411993388583
0.26286092530856886
0.17252374243306845
0.2459531091734876
0.3634808994225609
0.28277869093731534
0.41016692911724223
0.39563637861776074
0.32332344344712594
0.4447298855057999
0.2881633997711007
0.3958940105309513
0.29441460539130704
0.38446009334291503
0.33394112548148297
0.3880529332043461
0.4726653915536692
0.4206159561803714
0.30603680984375137
0.33743240184696854
0.3314642754128214
0.31947187570488406
0.43783894467750484
0.35825900995066295
0.40239979927256986
0.37859086858910496
0.38944598219463755
0.5261772800877109
0.4668840054669677
0.5366327240149157
0.4476477030246598
0.42585465982601933
0.4021185371700262
0.5101426843994252
0.4497980213650201
0.4965940794333214
0.4230669289266845
0.46533834863490176
0.4546085009489801
0.48164085778653337
0.4194444518534389
0.47744412733928643
0.3312252667674133
0.46376453255016
0.37599251455018334
0.35955301582942656
0.3871103315438257
0.3624597271864716
0.30303302443572144
0.23043256712013097
0.3339684617020639
0.2823870927738713
0.27398419158917736
0.4715322199485684
0.42070013764047975
0.39283690168570895
0.3043755032533483
0.2264702494439181
0.28672395255390926
0.3370724843717462
0.31715238199412843
0.19512157891810988
0.34860880069273525
0.2776288456246453
0.32852930099991834
0.45473500725450844
0.2846350613766245
0.3370466115293811
0.3530895111106801
0.2309978237870477
0.21181890902675526
0.16549176481198796
0.22670686065049067
0.32449522405140424
0.3375625904940516
0.38828680254897463
0.27241598148166646
0.28405944954456763
0.3412425885128181
0.27406873492147266
0.21888816809723521
0.27004964407155746
0.2688129210786038
0.14523693827677342
0.24900949682954276
0.419693069022269
0.300953026510417
0.38961297454590926
0.45933106509879346
0.33756231313954643
0.3755116328684391
0.3519209530009766
0.3657713862942689
0.4632619315795614
0.6787955785979669
0.6929683826830757
0.7409052575014797
0.5924192030242693
0.4320495197543034
0.44936252113958086
0.483734360459356
0.39210231262209166
0.5702703712579859
0.4346768123720405
0.4007461049231116
0.41608317375052006
0.3937853581885085
0.3331226644457358
0.46601796240244575
0.30824926252071283
0.46331547423076586
0.37471266066682174
0.25629150853246496
0.42537902317590537
0.3083824867449405
0.49689559149188123
0.286498121543512
0.3955020610616447
0.4679155429460068
0.28255269519505244
0.22209448757103922
0.4381558570978127
0.48338429977584696
0.48876013945190133
0.37070994802565477
0.2927320782917634
0.34331768802532997
0.34998993868404804
0.2737902988160497
0.33321228003403786
0.4398407260043567
0.32743129330243986
0.3607049038365808
0.3638719553055204
0.36553841248870744
0.2969697770414353
0.41703072218681025
0.3132753289151111
0.394022646790426
0.45170403011861343
0.4161512086208087
0.37617560902243796
0.35779270272753727
0.3805704408356057
0.5033578318443699
0.34344510695576935
0.5260741339572412
0.447484536538323
0.4696086666345285
0.5014046656609837
0.5688688562459702
0.43202149785882216
0.34753675358426306
0.438496660910755
0.3066897686615442
0.399840897249634
0.47085274714446423
0.4162483538634213
0.5812442082935118
0.31181144382184556
0.33659032321706817
0.3373050150732394
0.44768353047236287
0.43563368056025914
0.39236049036892695
0.33989382039048904
0.4383810621249088
0.23544432555887432
0.4445612531849537
0.44955418508295325
0.35460258284601154
0.5526024251076355
0.44181945098988806
0.43246021916024713
0.38006313941506853
0.5487984931784569
0.42394388266128336
0.3826245661690958
0.2912041655340565
0.3874282140921846
0.49752714510980856
0.3479067758382154
0.431170282855436
0.5284113481476316
0.4162207473412766
0.33747598504133103
0.53017904485292
0.4754319539053399
0.5763273320259437
0.5246224870859684
0.5027493679622714
0.36135235720379244
0.6476067440921383
0.27619310339593295
0.5264057522463148
0.5224854461590651
0.3974322279903858
0.4904253073569953
0.5431677977520498
0.46722465045978323
0.4236565071715317
0.5149831569267351
0.4735718326500133
0.39652967677232465
0.411722841325446
0.45867521896029484
0.32338657918442515
0.40317583743608254
0.4105651810793024
0.4252063549538393
0.32569103179512693
0.3870142866354169
0.4835724995685925
0.6762891710978823
0.4607135307475366
0.5723301893825
0.4785231965326284
0.4610771514844708
0.5799992384277405
0.509608955076156
0.53831181617506
0.587075644009531
0.6127337271819507
0.5330145213442323
0.49775824176820405
0.45374925528019133
0.2974601128519334
0.5885487231167088
0.5145166470725469
0.46711818408575206
0.422014096138356
0.5330367408147612
0.47164233941003597
0.5141138875176758
0.4354223456867077
0.3705906805729436
0.574904365273782
0.5116901936794511
0.5473046707043356
0.5999924701086261
0.5971897610528618
0.48369693273776304
0.5450607213077794
0.5967237052895996
0.5373718069097437
0.5067679261246413
0.644068114963597
0.49706486495106184
0.6424292709998611
0.6258278866780815
0.668131427789164
0.6375870184814846
0.4463611143137841
0.525491028114085
0.5502112857524013
0.5096594415281456
0.5444032917999169
0.45840097494523
0.5678819269021569
0.4980080135805215
0.3835677072664968
0.5125902255048047
0.7350095664167078
0.4639061485104031
0.5666645008143156
0.5589553778922416
0.5537557820607175
0.5449044010049147
0.6548489743636423
0.5206728281931122
0.5232229122337331
0.6107040506879758
0.6138378780367162
0.5893244296777849
0.40183797729639215
0.5153933632383335
0.486581605372835
0.5580681919827266
0.4590473836025911
0.45584754897263624
0.38194803890930207
0.43079898576647613
0.6140660014510217
0.4110628662545477
0.4571673837403547
0.4091064296453129
0.6126119693922267
0.5319068960977824
0.323360392887444
0.5090666978608966
0.3313245753348435
0.48319498438530295
0.452185463019805
0.45737052008108925
0.3059363099338374
0.503756595416194
0.5201520802564847
0.33961998229228124
0.33310907779645005
0.3667629238288098
0.3245189840134315
0.4048800557461706
0.40290821268411303
0.46216732873983835
0.3791560216976049
0.43699482827299657
0.38051666929246575
0.3963118351800192
0.3460260758422261
0.3036058710306231
0.22610480528531313
0.37471889285129
0.3881779436096842
0.36354992145465886
0.3811067508253114
0.31700917554593305
0.32002432140779424
0.5566994092266729
0.35129362129088587
0.3903966453126732
0.38334759263251006
0.36932527384253677
0.41238954669439465
0.49733379941200573
0.3411553755613879
0.23303840497740413
0.27402109475030023
0.3714158928426725
0.36944537108426834
0.5103439551517848
0.3843812077684515
0.43906628784911317
0.34643463424473864
0.2607562025928754
0.47528173791163175
0.37649105987020803
0.2294900599899274
0.3990353009371853
0.34176205529714876
0.3598552013382973
0.43866080822166675
0.44136296270038483
0.5572768475164067
0.2669739109492771
0.29988117723817653
0.4368030174165587
0.2563857425630654
0.31484884069296837
0.33380659971880966
0.28740812237486957
0.27795221718995716
0.31632756335285006
0.322500407570117
0.42067618680748686
0.37403301652518106
0.42690586976904066
0.3689268760593417
0.2801752951694074
0.32151648125601684
0.3534350397013416
0.3044229661528365
0.3706424970283411
0.32729380101755734
0.28522174927997934
0.31232307905476653
0.31133848968057376
0.3185366475323781
0.30063699305925384
0.35501268000544256
0.33707712679803004
0.4092055296806454
0.3990994184223908
0.3514255308491195
0.23865040582006414
0.25322555392623264
0.2827896158645736
0.4071020258298612
0.3814924305950914
0.35248717946826147
0.3157017498292057
0.3370695604015219
0.3749425275497913
0.30790052907273024
0.423037059424103
0.3510340385637621
0.4231746946348591
0.4534846301974081
0.34392096498689495
0.5394807155746978
0.40635424067967935
0.34838118226329623
0.4981007906146063
0.43412114997967555
0.36076062148614885
0.3858920377996688
0.4167568371463142
0.35775653784620326
0.36976970227181694
0.2706448867536739
0.4525939702494842
0.3590918029172646
0.34438569779868655
0.384942439568985
0.30311369068441346
0.44348432868388454
0.4721184173264923
0.5385091160144697
0.3117789935579821
0.4331502431287062
0.6530644578178149
0.4214430972917349
0.3919262496588566
0.43649953025564003
0.44915237106035416
0.3019580370965023
0.505377779546425
0.5397464923743813
0.19732467956662975
0.35158449808647785
0.41709434506389315
0.3993497852890431
0.4119810690989556
0.32814101968638054
0.34790207332737355
0.41614292427163324
0.3460804085337085
0.4140739980609583
0.3876696170215911
0.36269986299697415
0.3691199215472031
0.3306821698788803
0.2554911069247781
0.3285879520824181
0.34492677801947136
0.33258102449060306
0.28072653825836935
0.3529028659619907
0.5045239447240973
0.4479667125394113
0.49484509240411545
0.2589634796882123
0.38914273666852306
0.45610687529582183
0.2234621268221843
0.4701628751646475
0.22524944159185384
0.39193497012087286
0.4036924572467132
0.39907872742426936
0.3436826812533351
0.3874586281874492
0.3571427819633457
0.332285710926382
0.32312195222507983
0.22224814930561057
0.3037003381804121
0.18141984271822237
0.30444220434705743
0.3503398358631751
0.43479050792684615
0.28655453182769763
0.3899844440587232
0.36193125902557466
0.3679672170173969
0.2504827245447718
0.2523958313648895
0.12618924044436777
0.37892233525057784
0.34242504987022
0.3357131378284129
0.36463842870420166
0.3434229155335726
0.2687569642379467
0.42584388662378164
0.26450708152274127
0.499846611510975
0.4396198632879107
0.2601399639013113
0.5502996762906327
0.44577241370939
0.434053711222322
0.3414623963853993
0.4901540929482671
0.51002250830534
0.570475383365378
0.3953652696197943
0.43653307849602685
0.4178951443680675
0.5077153212140825
0.4532039344843065
0.5513842156254452
0.4784601082506671
0.5774804235130253
0.34248870156359545
0.5364854092836273
0.4975956488256324
0.6389575862907837
0.6683874314547784
0.5214394175525141
0.4075360090652631
0.40874333781391436
0.3706193410045122
0.3703240657726179
0.39508463923985
0.4507652870582244
0.3375121300434198
0.4686490522258342
0.5262292634409815
0.4841372136817461
0.3693629352074759
0.412208166234258
0.46629035827158377
