0.18356897900246674
0.10187413513025691
0.22475181998676375
0.20023464292160517
0.24787918897779918
0.23541904819204618
0.21695144696468321
0.23158654713916127
0.2823325913001624
0.3
0.30259912159316527
0.25710246074243426
0.28081944528006736
0.2744660369412189
0.22896636784790325
0.30386258347873174
0.2583809638409241
0.26711389206425606
0.27585584501534205
0.2544792732085915
0.26324830034293967
0.19676914746405147
0.268732326574815
0.23837615065278864
0.19003369231694844
0.25897358763010647
0.34898622224896214
0.24953372239937427
0.2974490102881896
0.3303351182239336
0.28507009205222306
0.2909060826665062
0.16739967510980083
0.21537512785030982
0.15511401239395944
0.21514650141387398
0.22705613380663017
0.19987064556885867
0.25993923349978937
0.33204981649720233
0.35301726731243604
0.24467240238252813
0.24161301967390647
0.3438421274291559
0.28365922628000717
0.3167378617411708
0.29566813067805786
0.39796041152758554
0.30771313398712474
0.30169664881776065
0.3288009145057457
0.32585283677275734
0.37705312556404547
0.32600324890199145
0.35912399975934056
0.4163708561458396
0.3142109379700379
0.33235064075567056
0.4016605499067445
0.4077973647794958
0.3056675290295409
0.3750075206064617
0.43833102701401844
0.3692918596955658
0.40860959027736
0.4238012153300042
0.38192647855123035
0.4753624932314542
0.4365260814632092
0.3946212622585885
0.3738042235725889
0.42521508934480473
0.4044281330846519
0.5069490403706155
0.4651043860176885
0.4684134528608387
0.38150532458937486
0.46005053847542265
0.4663678479032549
0.4396546537512785
0.4520185307743216
0.48246194573130374
0.4737982070874195
0.5132964322242946
0.5016545334215751
0.4960291197882197
0.5596233680283977
0.5149208832200228
0.4611936706576018
0.5819445280067383
0.47710727393056973
0.5527946573611695
0.5292100354972624
0.5206666265567655
0.6294446784188676
0.569791227964623
0.6154262679742495
0.5888634859515071
0.5322483605077913
0.6621743577402082
0.557397268515733
0.5309247337705313
0.6126887672221887
0.6614222970940377
0.5597136153059382
0.6987245051440948
0.6000541483665243
0.6939413994344504
0.5652186992359063
0.6500812225497864
0.6326935804103242
0.5641658143312677
0.6640996329944047
0.6045965946693941
0.5872691173816256
0.6601588352084712
0.6668972985981589
0.6134709102942061
0.6202093736838938
0.6299560796582636
0.6397930329101739
0.6134709102942061
0.6082064857710126
0.6089886288430298
0.6188255820949401
0.6707478491065519
0.5872991998074724
0.5911196678900186
0.5498465796281812
0.6018290114914866
0.6417784730160639
0.558420070994525
0.6074243426989951
0.7316045965946694
0.6212020937368389
0.6341375368509716
0.505685578485049
0.5998134889597496
0.6218037422537753
0.6317309427832261
0.6387100655796883
0.6697551290536068
0.6616629565008122
0.5333012454124301
0.5944287347331688
0.5803802418627038
0.6054088201672583
0.5973768124661573
0.5592924613440827
0.6204801155165152
0.5673244690451837
0.6165393177305817
0.5965044221165994
0.5945490644365561
0.5896155465976776
0.6327838276878647
0.5857349136634378
0.6108537392455328
0.602942061247819
0.6852475783647193
0.6622946874435954
0.576168702244149
0.6044161001143131
0.6295950905481017
0.5765597737801575
0.6318512724866132
0.6781481258648697
0.6612718849648035
0.6865110402502858
0.6335358883340352
0.6557968834606822
0.6389507249864629
0.6251128090969256
0.596233680283978
0.624541243005836
0.6378075928042838
0.696167498947115
0.6523073220624511
0.5482822934841465
0.5074002767583178
0.6049575837795559
0.5640755670537272
0.5954515372119608
0.5245171770651585
0.5619397148186029
0.5151013777751037
0.48634257866554353
0.5808916431020997
0.606311292942663
0.49031345887732386
0.5187112688767223
0.6042957704109259
0.51239395944889
0.45956921966187353
0.49702183984116477
0.48941098610191924
0.4065339028939293
0.50718969977739
0.5386559172131641
0.5971963179110763
0.604626677095241
0.5067384633896876
0.5231935503278984
0.4915468383370435
0.5832079898923049
0.56660249082486
0.5740328500090247
0.6296552553997954
0.5769508453161662
0.512213464893809
0.5588111425305337
0.43992539558389987
0.5166054990674448
0.5572167739606522
0.6218639071054689
0.5932555201251429
0.49548763612297697
0.599272005294507
0.5857349136634378
0.506016485169364
0.5195535768004332
0.4819806269177546
0.5135671740569159
0.5331809157090428
0.5888334035256603
0.5603152638228747
0.5257505565248781
0.5122736297455026
0.5017748631249624
0.5243968473617712
0.4597797966428013
0.5816737861741171
0.45990012634618854
0.6119066241501714
0.5413031706876842
0.6391312195415438
0.5444618254016004
0.6423199566813068
0.6469225678358703
0.6425004512363877
0.6621442753143614
0.6366945430479514
0.7075085734913663
0.6760122736297455
0.6535707839480175
0.6642199626977919
0.6959268395403405
0.7065760182901148
0.7924613440827868
0.79110763491968
0.78069911557668
0.8334636905120029
0.835118223933578
0.7856326334155587
0.829432645448529
0.8821972203838517
0.8417664400457252
0.792250767101859
0.8210095662114193
0.8648095782443896
0.8694723542506466
0.8801816978521146
0.7825642259791828
0.8444136935202454
0.7829252150893448
0.8056675290295409
0.8163768726310089
0.8030202755550208
0.7957102460742433
0.743216412971542
0.7779916972504662
0.7436074845075507
0.7152397569339991
0.7470067986282414
0.7607243848143914
0.7173154443174297
0.6889176343180313
0.7026953853558751
0.6351904217556104
0.6880452439684736
0.6446363034715119
0.7185488237771493
0.5848926057397268
0.6437639131219541
0.561247819024126
0.6561879549966909
0.6669273810240057
0.6776668070513207
0.6763732627399073
0.6570302629204019
0.5324288550628723
0.6394019613741652
0.6892786234281932
0.7120510197942361
0.6926779375488838
0.6462908368930871
0.6841345286083869
0.6045965946693941
0.5732507069370074
0.6802238132483003
0.7210757475482822
0.5663618314180856
0.6222248962156308
0.66906323325913
0.6738162565429276
0.6093496179531918
0.6862402984176644
0.7421334456410564
0.7017327477287768
0.6793514228987425
0.6991155766801035
0.7429757535647674
0.7837976054389026
0.7433668251007761
0.8112628602370495
0.7618374345707237
0.787587991095602
0.7772697190301425
0.6736959268395403
0.7686360628121051
0.7252271223151435
0.6547139161301967
0.7496841345286084
0.7242945671138921
0.6658444136935202
0.7637927922507671
0.678268455568257
0.80028277480296
0.7447806991155766
0.6351603393297635
0.6729739486192167
0.5783948017568137
0.7424944347512182
0.7592202635220504
0.7278142109379699
0.6843451055893147
0.6709885085133265
0.6635882317550087
0.7765778232356656
0.799290054750015
0.677606642199627
0.7334095421454786
0.7320257505565249
0.8179411587750435
0.8315985801094999
0.8482943264544853
0.8168281090187112
0.764304193490163
0.729829733469707
0.8337645147704711
0.77218578906203
0.7888514529811684
0.7844293363816858
0.9063834907646953
0.7545574875157933
0.777209554178449
0.7547379820708742
0.7412911377173454
0.7759761747187293
0.8347271523975693
0.7701101016785993
0.8559352626195775
0.8003429396546538
0.7568136694543048
0.8245592924613441
0.8230852535948499
0.7343721797725768
0.7720353769327958
0.7705914204921486
0.7209554178448949
0.8097286565188617
0.8052463750676855
0.7165032188195656
0.6488478430900667
0.7315745141688226
0.6398231153360207
0.6864508753985921
0.6007159617351543
0.6473136393718789
0.6969496420191325
0.6653330124541242
0.6216834125503881
0.6381986643402924
0.6607003188737139
0.7103062390951206
0.6515853438421274
0.6138920642560616
0.5762288670958426
0.6288129474760844
0.5339630587810601
0.5594428734733169
0.5849226881655737
0.5832982371698454
0.5365802298297334
0.5800794176042356
0.6055291498706455
0.6490283376451477
0.6052584080380241
0.6517357559713615
0.6110041513747668
0.531135310751459
0.6377173455267433
0.6962276637988087
0.5892545574875158
0.6718007340111906
0.6039347813007641
0.5690993321701462
0.6426207809397749
0.5927742013115938
0.672251970398893
0.6615125443715781
0.593556344383611
0.7091330244870946
0.6471933096684916
0.5913001624450995
0.6496901510137777
0.6268575897960411
0.6611515552614162
0.5240057758257626
0.5492449311112448
0.59858010950003
0.5546597677636724
0.5528247397870164
0.5840502978160159
0.6062511280909693
0.5171469827326876
0.4340894049696168
0.5044221165994826
0.5205763792792251
0.5126647012815113
0.3573491366343782
0.43363816858191445
0.3745562842187594
0.4959689549365261
0.4519282834967811
0.3867998315384153
0.5141989049996992
0.4791528788881535
0.3778653510619096
0.41498706455688583
0.3949521689429035
0.38995848625233137
0.3638770230431382
0.42801275494855906
0.3929065639853198
0.28257926719210635
0.3226039347813007
0.3566572408399013
0.3214908850249684
0.2833223031105228
0.3414054509355634
0.3001835027976656
0.3221226159677516
0.3200168461584742
0.14339389928403826
0.3398110823656819
0.29553576800433184
0.35954515372119605
0.31830214788520544
0.3762709824920281
0.32290475903976895
0.42900547500150416
0.27335599542747124
0.34636905120028877
0.3350881415077312
0.3659527104265688
0.3365922628000722
0.34336080861560675
0.45839600505384753
0.3718789483183924
0.36959268395403405
0.33117742614764456
0.3860176884663979
0.3866795018350279
0.4114072558811142
0.4331267673425184
0.3826183743457072
0.3922748330425366
0.3748571084772276
0.42058239576439443
0.33993141206906924
0.4247638529571024
0.35617592202635223
0.3566873232657481
0.39034955778834
0.3938992840382648
0.3824077973647795
0.42199626977919497
0.3052162926418386
0.3658624631490283
0.3843932374706696
0.46005053847542265
0.3883039528307563
0.4188676974911257
0.404247638529571
0.35954515372119605
0.36297455026773356
0.4054810179892906
0.4780699115576679
0.41826604897418923
0.47879188977799164
0.4039468142711028
0.4163106912941459
0.3685397990493953
0.42301907225798685
0.3541303170687684
0.4145959930208772
0.4720233439624571
0.403074423921545
0.42136453883641173
0.38553636965284876
0.4218759400758077
0.3859876060405511
0.28995246976716205
0.5006918957944768
0.5279766560375428
0.34465435292702
0.37792551591360324
0.34796341977017026
0.4383611094398652
0.3151134107454425
0.4776788400216593
0.34841465615787254
0.3063895072498646
0.4448288309969316
0.38174598399614945
0.4509656458696829
0.3397208350881415
0.3788279886890079
0.3367125925034595
0.3517838878527164
0.36080861560676253
0.27051320618494673
0.44497924312616566
0.336622345225919
0.38168581914445576
0.2793303652006498
0.42662896335960526
0.3453161662956501
0.2730070392876481
0.3059683532880091
0.36902111786294445
0.34781300764093614
0.3326213825882919
0.2482100956621142
0.29616148246194574
0.31403044341495695
0.2596714999097527
0.20530954816196376
0.3554539438060285
0.25895553817459843
0.23765116418988025
0.20430479513868
0.23407436375669335
0.1104596594669394
0.22143072017327478
0.2060886829913964
0.1245532759761747
0.19939233499789422
0.14491005354671802
0.2167198122856627
0.300595632031767
0.18286204199506648
0.18244088803321099
0.1489621563082847
0.16055291498706456
0.16912339811082364
0.18675470789964502
0.11408158353889658
0.11359424824017807
0.19732868058480235
0.1427170447024848
0.11512544371578125
0.15671439744901028
0.08698333433608085
0.1857078394801757
0.20319776186751698
0.160510799590879
0.20806209012694782
0.2225106792611756
0.22792551591360324
0.25438902593105106
0.2748240178087961
0.19894109861019194
0.2404127308826184
0.2818753384272908
0.20598941098610188
0.21132001684615848
0.22867757655977375
0.27308525359484986
0.10089946453281991
0.09114373383069611
0.18967571144937126
0.10468985018951929
0.20619998796702965
0.16331448167980264
0.0933367426749293
0.14669093315684978
0.2090578184224776
0.24433547921304372
0.10512905360688284
0.10428975392575657
0.19067745623007037
0.1567294386619337
0.1979724444979243
0.2271704470248481
0.22928824980446422
0.195298116840142
0.21243005835990614
0.17239937428554236
0.0
0.21564887792551593
0.11241501714698272
0.1806449672101558
0.11048372540761686
0.16364538836411766
0.2137927922507671
0.08945610974068947
0.127549485590518
0.1866945430479514
0.2247728776848565
0.17560315263822873
0.1625203056374466
0.2065880512604536
0.3318693219421214
0.1563082847000782
0.22140966247518198
0.28950724986462906
0.3184826424402864
0.272251970398893
0.21999578846038143
0.2730100475302328
0.3621322423440226
0.31887371397629505
0.410956019493412
0.28947415919619757
0.2522080500571566
0.17883400517417725
0.2829402563022682
0.3238673966668672
0.3136393718789483
0.28837013416761925
0.3683593044943144
0.3491065519523494
0.3538896576619939
0.30151615426267975
0.37548883942001077
0.27495036399735273
0.35491246014078576
0.3897479092714036
0.33433608086156064
0.37515793273569575
0.3648697430960833
0.4147163227242645
0.2930930750255701
0.4091209915167559
0.3777149389326755
0.25608567474881166
0.30891643102099753
0.4098730521629264
0.39350821250225615
0.2086637386438842
0.40587208952529924
0.3533782564225979
0.3159256362433066
0.266452078695626
0.32525118825582094
0.27576860598038627
0.30747247458035015
0.3753083448649299
0.28368329222068467
0.2642620780939775
0.44338487455628417
0.30362192407195715
0.48270260513807833
0.33993141206906924
0.2843872209855003
0.3100595632031767
0.3507911677997714
0.3584020215390169
0.278779856807653
0.4067444798748571
0.32410805607364174
0.3768425485831177
0.3513627338908609
0.39507249864629085
0.4207027254677817
0.41026412369893506
0.4389326755309548
0.4495517718548824
0.4752120811022201
0.40457854521388603
0.4061729137837675
0.34158594549064436
0.4063233259130016
0.4109259370675651
0.38243787979062627
0.4171229167920101
0.3705553215811323
0.43231454184465434
0.43390891041453583
0.38135491246014075
0.35587509776788395
0.4386619336983334
0.5185006918957945
0.3455869081282714
0.35021960170868177
0.3127068166776969
0.380482522110583
0.32792852415618795
0.4829733469706997
0.4334275916009867
0.2816376872631009
0.3554539438060285
0.32097948378557245
0.2865020155225317
0.32422838577702906
0.3378858071114854
0.2914054509355634
0.43445039407977853
0.3308164370374827
0.287332290475904
0.2348444738583719
0.26058299741291135
0.33746465314963
0.34516575416641593
0.32877083207989893
0.3064195896757114
0.33818663136995364
0.267700499368269
0.20623608687804584
0.38243787979062627
0.3390590217195114
0.32272426448468805
0.3004061127489321
0.4044582155104987
0.36709584260874795
0.3658624631490283
0.36162084110462667
0.2821972203838517
0.290009626376271
0.21962577462246552
0.3537994103844534
0.3496179531917454
0.36649419409181155
0.32323566572408396
0.3040430780338126
0.29990373623729016
0.35292702003489557
0.17734492509475963
0.2604867336502016
0.44290355574273504
0.2884152578063895
0.31742975753564767
0.33445641056494796
0.40262318753384274
0.3805426869622766
0.286291438541604
0.25823055171169007
0.20913001624450991
0.3585825160940978
0.1410564947957403
0.34468443535286686
0.19036760724384813
0.28274171229167916
0.16154262679742495
0.26597376812466156
0.18993141206906924
0.21318211900607664
0.22742013115937665
0.27477287768485653
0.2740057758257626
0.3123759099933819
0.3627940557126526
0.29891101618434507
0.29522291077552487
0.37278142109379697
0.4804163407737199
0.4076168702244149
0.3498586125985199
0.3402322363275374
0.4479874857108477
0.3632152096745081
0.2844955177185488
0.30807412309728655
0.3437217977257686
0.26505625413633355
0.25862463149028336
0.27628602370495153
0.34811383189940437
0.35981589555381743
0.3594849888695024
0.3020576379279225
0.19349016304674807
0.25341736357619876
0.24418506708380963
0.23497984477468262
0.30702123819264787
0.22568136694543048
0.22257686059803858
0.31276698152939053
0.27060946994765656
0.2615757174658564
0.3698935082125022
0.2135220504181457
0.21661452379519885
0.3190241261055291
0.29810781541423503
0.3163467902051621
0.41282112989591474
0.376962878286505
0.4945550809217255
0.4136634378196257
0.4440767703507611
0.3782865050237651
0.3817159015703026
0.38216713795800494
0.35259611335058055
0.4192888514529811
0.42286866012875274
0.3633054569520486
0.2827176463510018
0.4037362372901751
0.3743457072378316
0.2758408038024186
0.2916761927681848
0.37976054389025926
0.44380602851813966
0.3303952830756272
0.3674568317189098
0.3835208471211118
0.28527164430539675
0.3705854040069791
0.4830335118223933
0.448107815414235
0.3259731664761446
0.4054509355634438
0.310510799590879
0.4020817038685999
0.38243787979062627
0.36884062330786355
0.3462487214969015
0.438060285181397
0.4456410564947957
0.47136153059382707
0.3978400818241983
0.3845135671740569
0.4224174237410504
0.42124420913302446
0.5555020756873834
0.44311413272366285
0.445099572829553
0.5223512424041874
0.40111906624150173
0.35512303712171345
0.5017447806991155
0.5431081162384934
0.5063173094278323
0.44849888695024365
0.5351663558149329
0.5978280488538595
0.6033632152096745
0.5006918957944768
0.4672402382528127
0.5391372360267132
0.5118524757836472
0.6530593827086216
0.5987906864809578
0.7010408519342999
0.5295710246074243
0.6319415197641537
0.4966909331568498
0.6382889116178329
0.7378316587449611
0.6629565008122255
0.5309848986222249
0.6066722820528246
0.6282413813849949
0.7251067926117561
0.7077191504722941
0.6332651465014139
0.6761927681848264
0.6770651585343842
0.6298658323807231
0.6940617291378376
0.5357078394801756
0.6902713434811383
0.6614222970940377
0.6296552553997954
0.5919018109620359
0.6024005775825763
0.7001684615847421
0.6837434570723783
0.7937248059683533
0.6781481258648697
0.7040490945189819
0.6458095180795379
0.8403224836050778
0.7401179231093195
0.7302508874315624
0.7866253534685037
0.6686119968714277
0.7612658684796342
0.844985259611335
0.8054268696227663
0.6997773900487335
0.8679682329583056
0.6963179110763491
0.8315985801094999
0.705222309127008
0.765477408098189
0.7054629685337825
0.7418326213825882
0.7361470428975393
0.7666807051320619
0.7431562481198484
0.7287166837133746
0.6421996269779194
0.8235064075567053
0.716112147283557
0.7862944467841886
0.6941218939895313
0.6441850670838095
0.8259731664761446
0.8183322303110522
0.666385897358763
0.82440888033211
0.7689368870705734
0.8609891101618433
0.6673184525600144
0.7475482822934841
0.8398712472173756
0.8601167198122857
0.7451116057998917
0.8377654774080981
0.8974490102881896
0.7947776908729919
0.9238613801816978
0.7672823536489982
0.8695024366764936
0.7191504722940858
0.7102761566692738
0.704560495758378
0.7230010228024788
0.7205041814571926
0.6188255820949401
0.6255941279104746
0.7257084411286926
0.6906022501654533
0.6465615787257084
0.7921605198243186
0.6220143192347031
0.7678840021659346
0.7634318031406052
0.5906383490764695
0.6165393177305817
0.687654172432465
0.5964743396907526
0.5054148366524276
0.5859454906443655
0.6064316226460501
0.7082907165633836
0.6177426147644546
0.6747187293183322
0.6265567655375729
0.5333914926899705
0.5637145779435653
0.5580289994585164
0.6909030744239215
0.6343781962577462
0.5869983755490042
0.7503459478972384
0.6370856145839601
0.6111846459298477
0.5583599061428314
0.7012213464893808
0.5253294025630226
0.6233680283978099
0.5951807953793393
0.46185548402623183
0.5362192407195716
0.6438541603994946
0.5440707538655918
0.45343240478912217
0.5494855905180194
0.6396426207809397
0.495307141567896
0.4774983454665784
0.4899223873413152
0.4904638710065579
0.4580650983695325
0.37169845376331145
0.4478972384333072
0.3588231755008724
0.4564105649479574
0.3857168642079297
0.33021478852054625
0.3200168461584742
0.4092112387942964
0.4294266289633596
