0.19912974683544304
0.2139723980309423
0.2683764064697609
0.2700465893108298
0.3331970815752461
0.29971431082981714
0.24865945850914206
0.180028129395218
0.2696290436005626
0.18782085091420536
0.2466112869198312
0.25272063994374117
0.3115813994374121
0.13749560478199718
0.24026459212376933
0.22002461322081576
0.36236374824191275
0.18390910689170184
0.37026635021097043
0.24890559071729956
0.2638581223628692
0.31392405063291134
0.17945235583684951
0.20755537974683544
0.2752768987341772
0.3077883263009845
0.20405239099859354
0.166306258790436
0.23839222925457101
0.213792194092827
0.14090189873417722
0.3624472573839662
0.2631417018284107
0.2385680379746835
0.2623989099859353
0.1894866385372714
0.25722573839662444
0.27223101265822786
0.14220288326300984
0.20556874120956398
0.24256768635724327
0.20046149789029533
0.25066367791842475
0.23933280590717299
0.27196729957805904
0.2650492264416315
0.23615945850914205
0.2512306610407876
0.1871923347398031
0.20222398030942332
0.230498417721519
0.20603902953586498
0.36178797468354423
0.26701828410689166
0.27329465541490855
0.3411612165963432
0.2903612869198312
0.2527030590717299
0.2722441983122363
0.25657524613220817
0.29370604781997184
0.18580344585091416
0.3327795358649789
0.23802303094233473
0.4553885372714486
0.2375791139240506
0.2923347398030942
0.4129746835443038
0.4281865330520394
0.20161744022503517
0.4145745428973277
0.30234704641350213
0.46259669479606186
0.2404272151898734
0.29518723628691984
0.2928138185654009
0.38280151195499296
0.21781821378340366
0.3121615682137834
0.2702619549929676
0.3953850210970464
0.3666842475386779
0.31601177918424755
0.4807049929676512
0.3597354078762306
0.40138888888888885
0.4738045007032348
0.3660381504922644
0.4121044303797468
0.43615066807313635
0.4470815752461322
0.46677215189873417
0.38982067510548524
0.3787842827004219
0.5259317862165963
0.50610935302391
0.46875
0.5455784106891701
0.49942862165963425
0.38295094936708857
0.5037798874824191
0.4971870604781997
0.574059423347398
0.39609704641350213
0.6180555555555556
0.4971870604781997
0.5697081575246132
0.45332278481012656
0.5214486638537271
0.5016701828410689
0.380898382559775
0.38752637130801687
0.4161348452883263
0.4623329817158931
0.5393372011251758
0.4097617791842475
0.35489627285513364
0.4802215189873418
0.517668776371308
0.5155590717299577
0.43441895218002813
0.5158227848101266
0.39069532348804503
0.467739099859353
0.4173215541490858
0.52514064697609
0.49665963431786214
0.5034282700421941
0.4398294655414908
0.6136163853727146
0.4401810829817159
0.47771624472573837
0.46694796061884664
0.5352056962025316
0.5068565400843882
0.4872978199718706
0.4018064345991561
0.5272503516174402
0.34069092827004216
0.3870385021097046
0.43783403656821374
0.5282172995780591
0.36359440928270037
0.49793424753867793
0.28938554852320675
0.432520218002813
0.417387482419128
0.2528217299578059
0.47068389592123766
0.49956047819971866
0.3789513009845288
0.4078542545710267
0.2740989803094233
0.35571378340365684
0.367057841068917
0.33001933895921237
0.3633087201125175
0.44497187060478194
0.30245253164556957
0.3797160689170182
0.5404799578059072
0.5210970464135021
0.6247802390998594
0.5614451476793249
0.34421589310829814
0.496264064697609
0.468090717299578
0.5366121659634318
0.4821114627285513
0.45393811533052036
0.41702707454289734
0.47239803094233473
0.49265998593530236
0.5084388185654009
0.4934950773558368
0.5621044303797468
0.47683720112517575
0.4927039381153305
0.5349419831223629
0.4672995780590717
0.4919567510548523
0.4111330872011251
0.5545007032348804
0.504439170182841
0.4148866033755274
0.2769426863572433
0.24013713080168778
0.3659194796061884
0.3686928621659634
0.3670270745428973
0.3609792545710267
0.42969848804500704
0.43684950773558373
0.35610056258790435
0.29294567510548525
0.40564785513361457
0.31613484528832625
0.4727496483825598
0.31733473980309423
0.31574806610407874
0.3581223628691983
0.4092958860759493
0.3066411744022503
0.4237561533052039
0.4485759493670886
0.37671853023909985
0.37957981715893113
0.5099331926863572
0.3633570675105485
0.5069004922644162
0.5713343881856541
0.37638888888888894
0.5375351617440225
0.43055995077355835
0.31921149789029535
0.48470464135021096
0.31624912095639945
0.45982770745428975
0.40561708860759493
0.38660337552742613
0.358764064697609
0.3573488045007032
0.36468442334739803
0.40723452883263006
0.4629483122362869
0.3912271448663854
0.3941983122362869
0.43238396624472575
0.400210970464135
0.2757471870604782
0.393068741209564
0.5191631504922644
0.5001758087201125
0.45050984528832627
0.49309950773558364
0.3071598101265823
0.5299753867791842
0.6033315752461322
0.549270393811533
0.5743231364275667
0.4455432489451477
0.7211234177215189
0.5396888185654009
0.5163502109704641
0.5722134317862165
0.5885196905766527
0.653173347398031
0.6475474683544304
0.7078059071729957
0.7417369901547116
0.7009493670886076
0.7699982419127989
0.8303006329113923
0.7895130098452883
0.8278832630098453
0.7562851617440225
0.8210267229254571
1.0
0.9812324191279888
0.8042809423347398
0.6316367791842475
0.8063027426160336
0.7963255977496484
0.8567158931082981
0.7720200421940928
0.8060829817158931
0.8708245428973277
0.6938730661040787
0.7543073136427567
0.7575597749648383
0.8091596343178621
0.7641526019690577
0.6751054852320675
0.7003779887482419
0.6157700421940928
0.7201564697609001
0.6619637834036568
0.44993846694796064
0.5763449367088607
0.6280327004219408
0.5654447960618847
0.5951564697609001
0.5721255274261603
0.7469233473980309
0.47776019690576654
0.4986814345991561
0.4625087904360056
0.5537974683544303
0.46492616033755274
0.5342387482419128
0.524481364275668
0.5410513361462728
0.3730661040787623
0.5127461322081575
0.5425457102672292
0.48444092827004215
0.6681170886075949
0.5748505625879043
0.5387658227848101
0.5026371308016877
0.5017141350210971
0.5447433192686357
0.48233122362869196
0.5473364978902954
0.5464574542897327
0.7784810126582278
0.5402162447257384
0.6360759493670886
0.6835443037974683
0.6167369901547116
0.6070675105485231
0.7600650492264416
0.6361199015471166
0.7539556962025316
0.6520305907172995
0.580872011251758
0.6415699718706047
0.6319444444444444
0.6618758790436006
0.603946905766526
0.6558983825597748
0.633131153305204
0.6455256680731364
0.7238484528832629
0.5428973277074542
0.7091244725738396
0.6116824894514767
0.49665963431786214
0.6892580872011251
0.5566543600562588
0.5999033052039381
0.6343178621659634
0.6423611111111112
0.6944004922644164
0.6277689873417722
0.5610935302390998
0.613132911392405
0.6607770745428974
0.6645130098452883
0.676995428973277
0.7246835443037974
0.6536568213783404
0.7321114627285513
0.6347573839662446
0.5505889592123769
0.7301775668073136
0.6547995780590716
0.7596255274261604
0.8117088607594937
0.6309335443037974
0.6302742616033755
0.6208684950773558
0.7916666666666666
0.5449630801687764
0.4652338255977496
0.7107946554149085
0.6794127988748242
0.7227936005625878
0.5815752461322081
0.7699982419127989
0.6024525316455696
0.6414381153305203
0.6892580872011251
0.6974771448663853
0.5475123066104078
0.7579553445850913
0.6871044303797469
0.7305291842475387
0.672907876230661
0.7295182841068917
0.6455256680731364
0.5791139240506329
0.6401195499296765
0.7012130801687763
0.5995956399437411
0.49806610407876223
0.559115682137834
0.5806522503516175
0.6021448663853727
0.5929149085794655
0.530942334739803
0.6492176511954993
0.5608737693389592
0.4769251054852321
0.542457805907173
0.3969848804500703
0.39217211673699015
0.46646448663853723
0.35184159634317863
0.5184599156118143
0.45653129395218
0.3858386075949367
0.34590365682137836
0.3938862517580872
0.3451784458509142
0.4327267932489451
0.3093134669479606
0.38808456399437413
0.4888361462728551
0.5676424050632911
0.4134713431786216
0.6064961322081576
0.5622362869198312
0.44330168776371304
0.6583597046413502
0.5657524613220816
0.6050017580872011
0.45090541490857944
0.5209651898734177
0.6305379746835443
0.43689785513361457
0.4234265119549929
0.3792325949367088
0.4141262306610408
0.4930116033755274
0.466376582278481
0.562851617440225
0.593398382559775
0.5668073136427567
0.47868319268635723
0.3905590717299578
0.3332366385372714
0.41653920534458505
0.3591991912798874
0.4161392405063291
0.2577223980309423
0.40261515471167364
0.31893020393811533
0.3143635724331927
0.358153129395218
0.3008570675105485
0.2699411040787623
0.34012394514767935
0.39273030942334736
0.22997538677918422
0.23424753867791845
0.1506197257383966
0.24720464135021095
0.21190664556962024
0.24257647679324895
0.23808895921237694
0.22042457805907173
0.30824982419127983
0.2246351969057665
0.2025931786216596
0.20253604078762308
0.101362517580872
0.14527074542897328
0.2287051687763713
0.1407700421940928
0.23304324894514766
0.057181786216596336
0.0
0.11866209563994375
0.18016438115330521
0.2548918776371308
0.162570323488045
0.03949323136427567
0.10544567510548522
0.2856496132208157
0.16698751758087202
0.2065576652601969
0.2197652953586498
0.1363132911392405
0.25501933895921236
0.12759757383966244
0.3254263361462728
0.4001977848101266
0.37388800984528836
0.14540260196905766
0.38720991561181434
0.21587552742616037
0.33462992264416314
0.34790787623066105
0.2776810829817159
0.46677215189873417
0.2163370253164557
0.38786480309423355
0.2605309423347398
0.29142492967651196
0.2959300281293952
0.3576037271448663
0.48523206751054854
0.42380889592123766
0.31849068213783405
0.4285073839662447
0.43307841068917013
0.38048962728551333
0.39386427566807314
0.40721694796061886
0.3063291139240506
0.3592519338959212
0.2715321729957806
0.33328498593530237
0.48290260196905765
0.5138888888888888
0.5141526019690577
0.3385460618846695
0.38711761603375533
0.3829553445850914
0.4183544303797468
0.3394866385372714
0.36610847398030943
0.3444180731364275
0.4369813642756681
0.4108825597749648
0.4111594585091421
0.38946905766526024
0.49081399437412093
0.4032129043600562
0.4870341068917018
0.48734177215189867
0.41733473980309427
0.4792106188466948
0.6069356540084389
0.40511163853727145
0.4010592475386779
0.5552478902953586
0.5819268635724332
0.5032085091420534
0.3672863924050633
0.2797600210970464
0.36362517580872017
0.5661919831223629
0.5225914205344585
0.408742088607595
0.510196905766526
0.41833245428973276
0.3528041490857946
0.4674753867791842
0.3756197257383966
0.3716420534458509
0.42920622362869193
0.4428621659634318
0.30703674402250347
0.426151547116737
0.4837376933895921
0.3699235232067511
0.39676072433192683
0.37085970464135015
0.283434423347398
0.305898382559775
0.43824718706047816
0.2673347398030942
0.41288238396624466
0.45297116736990156
0.3831487341772151
0.22545270745428972
0.24356540084388187
0.3407744374120956
0.2578146976090014
0.26276810829817154
0.3160733122362869
0.24189961322081574
0.3875175808720112
0.19029096343178623
0.14692774261603375
0.27499120956399437
0.2799622011251758
0.24102056962025314
0.25919479606188467
0.27740418424753865
0.19010636427566807
0.04567950070323487
0.1913721870604782
0.24034810126582276
0.20142844585091416
0.2152865682137834
0.2027514064697609
0.26054852320675104
0.22165963431786215
0.17840629395218002
0.17469233473980308
0.23691543600562587
0.12333421237693389
0.22512746132208158
0.10277338255977497
0.14305116033755272
0.2712376933895921
0.19285777074542895
0.2771097046413502
0.3569708157524613
0.3709124472573839
0.3233034458509142
0.266939170182841
0.3292501758087201
0.29486638537271453
0.3176336146272855
0.362381329113924
0.21374384669479604
0.3903612869198312
0.2417413853727145
0.2645393811533052
0.10274701125175807
0.20467211673699015
0.36374824191279886
0.12725474683544305
0.16327795358649788
0.2037051687763713
0.31445587201125175
0.35489627285513364
0.23711322081575245
0.14131504922644164
0.17738220815752462
0.12115418424753868
0.12207278481012658
0.1889284458509142
0.2382120253164557
0.15124384669479607
0.2488880098452883
0.1663370253164557
0.16290436005625877
0.08036656118143459
0.08134669479606188
0.1482638888888889
0.2855089662447257
0.06235495780590718
0.19962201125175807
0.13470903656821379
0.3379175457102672
0.18072696905766525
0.12902601969057664
0.22237605485232065
0.267387482419128
0.2552698663853727
0.27392317158931084
0.2881944444444444
0.3068653305203938
0.26401195499296765
0.24753867791842474
0.11240770042194093
0.39482243319268634
0.22454289732770744
0.3399613220815752
0.3894558720112517
0.23238836146272857
0.25553357946554145
0.20835970464135023
0.26228902953586497
0.32501318565400844
0.35698400140646974
0.27468793952180026
0.4297336497890295
0.30789820675105484
0.2959476090014065
0.20050105485232067
0.3380098452883263
0.29971431082981714
0.221875
0.33742967651195493
0.29916490857946554
0.37078938115330523
0.23584739803094232
0.28990857946554144
0.22091244725738396
0.25301511954992967
0.3378735935302391
0.3392317158931083
0.29664205344585093
0.3068081926863573
0.3037974683544304
0.3227760196905766
0.3153876582278481
0.2904316104078762
0.25229869901547114
0.16143196202531646
0.3298918776371308
0.17311884669479607
0.302043776371308
0.3518679676511955
0.30060654008438814
0.3021009142053446
0.22009493670886074
0.2875395569620253
0.16599419831223627
0.26422732067510546
0.30972222222222223
0.27172556258790437
0.33921853023909987
0.34079641350210965
0.223707805907173
0.3351881153305204
0.33240594233473975
0.3384186005625879
0.23456399437412095
0.39003604078762305
0.41805995077355834
0.36698312236286923
0.3378911744022503
0.4362737341772152
0.3852232770745429
0.3869330168776371
0.5073400140646976
0.27611199015471166
0.3657524613220816
0.36311093530239097
0.36488220815752453
0.31391526019690574
0.4167897327707454
0.2823400140646976
0.323707805907173
0.2815840365682138
0.3141877637130801
0.32042897327707454
0.3618495077355836
0.3988792194092826
0.43153129395218004
0.35431610407876224
0.3210618846694796
0.32298259493670883
0.26338783403656824
0.46312412095639943
0.3376142756680731
0.2736594585091421
0.29322696905766527
0.29082718002812935
0.26646888185654005
0.3651854781997187
0.3320631153305204
0.3121351969057665
0.2922248593530239
0.23276635021097045
0.2963915260196906
0.3336585794655415
0.22589222925457103
0.31592827004219404
0.41476353727144866
0.24990770042194088
0.2652601969057665
0.35535337552742613
0.3487605485232067
0.5003955696202531
0.326832805907173
0.40818829113924054
0.3181434599156118
0.4083201476793249
0.38862957102672296
0.3162095639943741
0.23501230661040787
0.31646009142053444
0.29243143459915605
0.39588168073136426
0.45099331926863573
0.42261779184247533
0.28437500000000004
0.32195411392405066
0.3507603727144867
0.2697037623066104
0.27216508438818565
0.270253164556962
0.23319268635724333
0.35437763713080167
0.2997670534458509
0.2847310126582278
0.3707981715893108
0.31623593530239097
0.3144338959212377
0.18079289732770742
0.4998681434599156
0.3926336146272855
0.4656293952180028
0.3540128340365682
0.31275492264416316
0.24513888888888885
0.2962113220815752
0.25500615330520393
0.3456663150492264
0.3000966947960619
0.2633350914205344
0.25735759493670884
0.3217211673699016
0.2937983473980309
0.23513097749648382
0.4094277426160337
0.37716684247538673
0.35810917721518987
0.3742352320675105
0.3859792545710267
0.5339750351617439
0.5721694796061885
0.39934950773558364
0.47710091420534456
0.33949982419127983
0.3381724683544304
0.42037623066104074
0.44106012658227844
0.41781381856540084
0.3989847046413502
0.38017317158931085
0.44048874824191275
0.2678885372714487
0.3326432841068917
0.20403041490857948
0.22487253867791843
0.39077883263009844
0.30617967651195493
0.3622450773558368
0.326032876230661
0.3030283052039381
0.17895130098452883
0.23949542897327708
0.3088519690576652
0.28153568917018285
0.302584388185654
0.35003076652601967
0.4238660337552742
0.46694796061884664
0.38700773558368495
0.48290260196905765
0.3985803445850914
0.3758306962025316
0.4366121659634317
0.3611682489451476
0.523074894514768
0.5048347398030942
0.3547204641350211
0.3409018987341772
0.30072960618846695
0.5111199015471167
0.3523118846694796
0.3605573136427566
0.30729606188466946
0.41667985232067506
0.25358210267229253
0.2575290084388186
0.31424050632911393
0.4193257735583685
0.4145525668073136
0.379039205344585
0.40948048523206754
0.29929676511954995
0.4484440928270042
0.3822740857946554
0.43479254571026715
0.43459036568213777
0.32453410689170187
0.3331707102672292
0.4253472222222222
0.24504658931082982
0.3240857946554149
0.4251274613220815
0.3459959563994374
0.23611990154711673
0.33724507735583686
0.3329113924050633
0.2934379395218003
0.32871395921237695
0.2585355133614627
0.3817686357243319
0.36878076652601965
0.2063818565400844
0.35606979606188466
0.2552610759493671
0.16327355836849508
0.33941631504922637
0.2694620253164557
0.35336234177215187
0.3757647679324894
0.38940312939521804
0.26681610407876233
0.3947872714486638
0.24589486638537272
0.43987341772151894
0.5327443741209563
0.35317774261603374
0.2791227144866385
0.31497450773558366
0.33767141350210966
0.3999560478199718
0.4271097046413502
0.4367176511954993
0.36723804500703233
0.3681170886075949
0.36462728551336143
0.44466420534458506
0.36653920534458506
0.34996483825597746
0.3466068917018284
0.4048127637130801
0.26087376933895917
0.3630977496483826
0.4301951476793248
0.2951432841068917
0.4370253164556962
0.37236286919831224
0.3736682489451477
0.4013713080168776
0.27528129395218
0.3689873417721519
0.45393811533052036
0.3455256680731364
0.37779975386779185
0.38813730661040785
0.4029008438818565
0.4616736990154712
0.5028568917018283
0.4210355133614627
0.378806258790436
0.46848628691983124
0.4614539381153305
0.40616649085794654
0.4168248945147679
0.5242176511954992
0.5129658931082981
0.5457102672292545
0.5389416315049227
0.4355133614627285
0.4156337904360056
0.3738132911392405
0.5122187060478199
0.3430291842475387
0.4507735583684951
0.3607507032348804
0.3542853375527426
0.3830256680731364
0.5128779887482419
0.304368846694796
0.38596606891701823
0.3313554852320675
0.44818037974683544
0.3672995780590717
0.3391789732770745
0.3067071026722925
0.3358122362869198
0.3297951828410689
0.4029316104078762
0.3750263713080169
0.3163897679324894
0.5039556962025316
0.4234089310829817
0.3605089662447257
0.2449103375527426
0.37548786919831223
0.40062412095639943
0.40382823488045
0.3147723277074543
0.47191455696202533
0.4400931786216596
0.42587464838255973
0.3501845991561181
0.31409985935302387
0.24729694092827004
0.36074191279887485
0.37314082278481014
0.3899832981715893
0.3365506329113924
0.4281997187060478
0.2913546061884669
0.23806258790436002
0.3254614978902953
0.3733517932489451
0.39931874120956395
0.18359265119549928
0.4118363220815753
0.1478595288326301
0.3498285864978903
0.31010460618846697
0.138581223628692
0.20005274261603376
0.32310566104078764
0.40225474683544304
0.29685302390998597
0.3101837201125176
0.29279184247538675
0.34577180028129395
0.4032085091420534
0.3552083333333333
0.33801863572433194
0.21101002109704636
0.3170007032348804
0.3702971167369901
0.5291402953586498
0.16939170182841068
0.28877900843881854
0.25878164556962024
0.4442246835443037
0.48905590717299574
0.2921896976090014
0.3371351969057665
0.3909282700421941
0.4227892053445851
0.49428621659634314
0.4866824894514768
0.30776635021097043
0.3090981012658228
0.45552039381153303
0.3866429324894514
0.48483649789029537
0.49081399437412093
0.3517712728551336
0.4457630098452883
0.3595771800281294
0.30423259493670884
0.25774437412095635
0.3519558720112517
0.3671193741209564
0.20653129395218003
0.2306039029535865
0.4041754571026723
0.08993934599156118
