0.24630502822572725
0.28459591247297134
0.3386214652620787
0.2611157746022374
0.2926635156660214
0.33245966916274
0.2914253048907999
0.253946235868111
0.3093722695177173
0.3330001641248988
0.2749487905567323
0.3393771694448853
0.3596312861521454
0.30746723031258105
0.358196218667474
0.3680696127248112
0.3602514315752845
0.2713803242722403
0.321716182478885
0.3452669070578936
0.3136428656976341
0.251235891264846
0.3368804629873058
0.2793161964517493
0.28407163979704775
0.27699170292443165
0.2510686587091765
0.2933651338594556
0.2596285846650914
0.2931953912936189
0.2506144366127041
0.2841463745532303
0.2798492765495261
0.2483328640155037
0.3167418815827317
0.27239212386737527
0.3037643865947154
0.2912815770197377
0.32137599594811483
0.27968861488923424
0.2716713001826987
0.2778129036794311
0.33480339004682536
0.36856516706911563
0.2844650173905196
0.2573354775628642
0.3063640524703325
0.32402012883368947
0.300777393214372
0.28274966295879755
0.3118653986341446
0.30889533157172855
0.3237921880297654
0.30062034684627714
0.32166388804885254
0.34425168743885537
0.3769216495689113
0.41340345700556186
0.38377171493896844
0.36612746507032184
0.3610009794085374
0.39867804084378533
0.38296288164339465
0.43711974444343626
0.4106650799245761
0.3759757009274462
0.43835197078248866
0.4860990639637597
0.4581760172558283
0.4265010909354589
0.3972115858727272
0.41643412878197406
0.3931184276876968
0.4638107985057962
0.4027597157290135
0.4522603774522622
0.45094288472293154
0.48595360279356314
0.4426869959417221
0.4911350231592714
0.47365607776888147
0.4407698949904496
0.49840709965771796
0.3795231297093914
0.5195044602058887
0.507201687107244
0.5899734949216457
0.5457852445124529
0.4871964938522064
0.6285862531636135
0.5633796853331225
0.6364644552879486
0.583851073929532
0.6045064634502196
0.6135733621662703
0.6248315976028425
0.6293245005188527
0.6410384389181008
0.6568363818624074
0.586464095811223
0.5893110685463232
0.6558193519016369
0.7016116589933756
0.6490104564329244
0.667313232932414
0.6554099326260167
0.6316334915842476
0.6496692941399633
0.647348733050928
0.6192335518682867
0.6334013639741872
0.5886898526400725
0.6377768953223116
0.6176424958560452
0.6091570549303451
0.5739044140665187
0.5667649181220697
0.5925996356971475
0.5300768789662654
0.5501801290662629
0.5131603540911
0.5802495995195294
0.5195623981545657
0.5727306360218212
0.5178357746781267
0.5329228614817639
0.47320008615917203
0.5308760751844844
0.567769572375029
0.5043516497426171
0.5693508854779092
0.5549053164214778
0.5478241050569936
0.550344269006533
0.578356269411246
0.5335494942985015
0.6060575745103987
0.5781887445530223
0.5510199616339512
0.5340846584621382
0.517939830445067
0.4760442696014145
0.49314641287845506
0.5035651444125067
0.4840836920987543
0.523853800983021
0.4445127431969621
0.45345662627522104
0.5630140913483249
0.4935810599360268
0.516014281981134
0.5100090782427917
0.38648177188549715
0.49703405011257584
0.508259820230855
0.4152031460263501
0.4566870227099306
0.5054588262156846
0.48386916507827293
0.48596265436248876
0.5206133889336495
0.5734245692028858
0.5699434593612227
0.5367882153884185
0.5788075710596061
0.5104212673461008
0.53300264863882
0.5429711287994187
0.6198011063909414
0.6079268792092618
0.5730611600581947
0.5689765084555336
0.5212474239014318
0.542268252529029
0.5049495754197827
0.5408319153229003
0.5475868616495543
0.5798394478209791
0.5164617041596863
0.5281736919890437
0.4860278952931102
0.4542291510041677
0.5079134488426404
0.4955337489816072
0.4356808433400415
0.4551738276306947
0.4893188016624652
0.43701653919818656
0.430953610889111
0.4361129326007791
0.3746072868789371
0.3714998163389089
0.40181336730797856
0.3724939132472057
0.4281748941093807
0.4282082832105651
0.3946284862593632
0.4141951544062081
0.47375974960498485
0.4885724735630105
0.42843622618775634
0.42862501760838156
0.42686848103080216
0.44070744394843786
0.44919131935395284
0.35383738227135675
0.4419528257203373
0.4542743342208869
0.3934462415537894
0.42545461855833255
0.4275554150954721
0.48037275129895946
0.4222350991560917
0.4929919771098573
0.4356232951737516
0.40492758877850027
0.41780886053495964
0.43505153627931953
0.3856382124070866
0.40881000441843995
0.4437819672646835
0.4067676405637808
0.40934270182281823
0.3184172269080615
0.39275367164859043
0.44334995965936463
0.3800772246330344
0.3723603973761313
0.387919642303105
0.41384712224159637
0.3367305046301121
0.35737767976293017
0.4440937633193949
0.41517871237629783
0.4981414629260848
0.43995246026013557
0.511294327030275
0.455699732301724
0.5238386535938135
0.48898357812955096
0.5625110809022488
0.5630020310320593
0.6004253076794769
0.6026440228552641
0.6049559433516507
0.7154254791109831
0.7203616783958758
0.6330944105795026
0.7193704027570865
0.7333734096054298
0.7411812896553014
0.8351570908104796
0.8764600560246167
0.7910387231756735
0.8985048258780424
0.9174749961344364
0.915414379912473
0.8506359309911457
0.90386471853555
0.8913944363023882
0.8835473855211147
0.8832402826035403
0.9507432587507934
0.9117029678713066
0.899354796541636
0.9040846229035896
0.8819048526104205
0.8088963603669773
0.807103963523461
0.7791924009241132
0.784163929331196
0.7365421489587372
0.69714004600463
0.7126865188727418
0.6602019872226155
0.6597353470045169
0.5979836984763865
0.60938850559328
0.5791198977440912
0.5768849227087257
0.5589165302691859
0.5408240858384952
0.6010629336276959
0.571216355285873
0.503768331722209
0.5319314547505781
0.580081914074828
0.5435411816010034
0.5961467177728036
0.5847481991035571
0.5523597589197444
0.5186944490393934
0.5214362915549835
0.5711576245031871
0.5074185826661121
0.5656924121689456
0.5196617288105024
0.5712462210382034
0.5380153710931802
0.5122717204426006
0.5602507664062595
0.5114455815999446
0.6147275916073021
0.5783630361761956
0.5611014227850099
0.572756084791969
0.6244653192190093
0.4767532675566177
0.6563384781477271
0.5768091496218865
0.515811610929617
0.5685631769963313
0.6546405108196511
0.6523876242370948
0.580395133683389
0.5626642517512815
0.6145868373556456
0.6663603603829352
0.6851375392742451
0.6075153612869897
0.6572349227885796
0.6166130588571439
0.6360661218625039
0.7068449953655424
0.5905856224891716
0.6600632205168283
0.570787868404208
0.5710739889851595
0.6317345211642532
0.6101133698349972
0.6657999994063187
0.6420644373340824
0.5970805340347547
0.5886810056019692
0.6356560795285557
0.6171639995611924
0.5959049246909648
0.6648594231628591
0.6485726161184728
0.660112389503874
0.6812015845981678
0.7306287062405041
0.7485513413618972
0.7856426929801862
0.6637123025008564
0.7416367643995477
0.7190987562882055
0.7747022470236141
0.7690065498200327
0.6693116736151508
0.7177162185524862
0.690123555281068
0.7166408484758972
0.7240583239458845
0.6787717980671002
0.7355319679840656
0.6901740813312336
0.7794613406724472
0.7272128739818552
0.6929045595109646
0.6743868658691553
0.6917573659858676
0.6672871146296226
0.7679009215369899
0.7625210083036567
0.6702281387559692
0.733924508112981
0.7469518446961031
0.6833402861976924
0.6886008856050062
0.6459079392659215
0.6256389389042348
0.6623571459947638
0.6182667077907243
0.5438034249634622
0.6061690051134486
0.5883867225577712
0.5224226715087981
0.591770585407706
0.5513917937469027
0.6207103749525253
0.5497574585095932
0.5362476131210309
0.47929978815922747
0.48631643827759474
0.50479002201157
0.5167309030758351
0.47277203641275467
0.47760717163811534
0.5400092520381403
0.42266919781901646
0.48492999562785977
0.4598707864655304
0.4597907057769277
0.46952560541500304
0.5514770372301867
0.5617633441823014
0.5581142526736611
0.48021930452591943
0.6091247155049393
0.500435570716672
0.5896493570410448
0.5307524468451146
0.602042607369333
0.5907152390453138
0.5949434554863566
0.5850728939410882
0.5948102655630039
0.5650405278755433
0.6095311789284894
0.600039027982072
0.5390144179845785
0.5543909100967794
0.5966627582546458
0.5627893441920963
0.5112128906733562
0.5354819429407325
0.5130664670487515
0.564893157443508
0.4708417235776864
0.5228575431822311
0.461982129082674
0.46193207271316017
0.4791002126008733
0.4727101198709194
0.42104570176178524
0.4686481803734891
0.3663403085880934
0.42093835927212897
0.41312916293993385
0.345259138185373
0.31927248356647303
0.26572004684756256
0.29454629884311434
0.3260815217323011
0.26880024935620234
0.28773199944579275
0.34840071027561925
0.2933470523428761
0.3059437585346881
0.263864856216477
0.2767681100840992
0.21704201111125726
0.2311061390301395
0.2047140931789171
0.180103812422433
0.244200269061513
0.18387030329135712
0.17747134976947204
0.21650684455130645
0.1832569498089556
0.1820700420435737
0.11028028272547054
0.12804017450623809
0.15621856368271725
0.1650855624119129
0.14903493057267067
0.24760911290876675
0.19363904238227486
0.22432908553774888
0.1610508970385552
0.2097478584528124
0.28180779673219425
0.2796084643501841
0.20933599044872453
0.16355195685782764
0.18933679926820296
0.20700074724251122
0.19540700027606728
0.2563545506675968
0.24621395518687322
0.24143523316205845
0.24088993284948007
0.3260057405620854
0.2803337646233271
0.2926922348968308
0.3460103046732254
0.33244891065233106
0.31628705832097576
0.32936681007134117
0.28636741335371246
0.26221136747912804
0.3200596194591546
0.2710179719024948
0.27218670101706727
0.21401111853478164
0.2449705596368217
0.2867687875607756
0.3101653836950283
0.24597841153572048
0.33106142171022857
0.3648464731662727
0.34934088368511446
0.4358329080745701
0.4098452162948695
0.38651150386488803
0.42942102460696163
0.4130290332894171
0.4414960606148926
0.42640793227777307
0.4405183162872902
0.4759024387357838
0.38632993293078266
0.36567304938520606
0.4166473097868739
0.447764462811267
0.43342124202288734
0.39201199108289075
0.4503823264006575
0.4690937394970365
0.43016891558386794
0.4551011003999085
0.4305453155019394
0.5398635111335368
0.5119539390755412
0.5362733395001141
0.5327312399511187
0.4843116878296824
0.5071762221845878
0.4401848423355764
0.5335202609932569
0.4517504120428903
0.49734073683980645
0.46697868182167257
0.4914735782606985
0.45648733324281066
0.4708881191645443
0.43528004712792445
0.4528327204530607
0.41008901254219193
0.4860398652241379
0.3788997168680349
0.37614289199071654
0.35413906996830513
0.4065232818310668
0.36244616685802505
0.4120539970902556
0.3828002864670441
0.4196103291553894
0.35378571786774504
0.4079857341497376
0.3692218066636292
0.39861550373602417
0.30904460599329747
0.4477702432492509
0.3622089804028271
0.40494025723327565
0.2963501836034484
0.36769686512542993
0.30690071762334986
0.30207549238364007
0.3278401356484121
0.30684402275326367
0.3226323446038645
0.2644839882999185
0.2916498433069139
0.33031886293166934
0.29578997130733387
0.34508582399042276
0.29276717564612575
0.24281995718052363
0.3218815443078345
0.250675947147859
0.32112769816531195
0.31311300501612493
0.31264513066053534
0.20986667534136916
0.2575513672987664
0.23194035118796985
0.23836625123106664
0.24619717054629714
0.28991372886688455
0.2123374515157163
0.29867489793066104
0.24231911643776066
0.22986915751972642
0.3051467083507004
0.3257157968908348
0.2943806226770335
0.3626921928592823
0.33473105976746953
0.3707481300643741
0.5467506858586821
0.5194015217324099
0.47955058649754173
0.4606664623452167
0.3836367570833027
0.3118203289773399
0.30269161412411577
0.3339570474015672
0.2834010002139941
0.30925812779778583
0.29210355138241706
0.31602655424860904
0.31833024379136043
0.31772059440073774
0.3062293385919815
0.2708075756931779
0.3062434392501304
0.39433148633470416
0.2556413599404668
0.29691237115751185
0.3519463139583445
0.2983196107845069
0.2486537419501456
0.26153880518984557
0.29835198425309034
0.27361422710174044
0.2815319479502114
0.337996862674464
0.23444716087055106
0.2625802957300895
0.32402325918135366
0.2984444317923731
0.2928717786367661
0.28324056488667854
0.3144886013526069
0.2605813717776579
0.2903494702185492
0.36846270424088245
0.3074613951727977
0.26455407489492044
0.2373455961250641
0.27994274041125244
0.30691097390517647
0.3247323334217061
0.3123290458768381
0.28376780760995846
0.447622379334133
0.3443411914926794
0.40279685641211904
0.4068186720118038
0.39761379014380904
0.40723105119882397
0.4371911146266544
0.36638325610849326
0.43178289324061936
0.34498185325417147
0.3633837382235047
0.38862317828595555
0.36747423978225247
0.3855442851745525
0.44722113474250647
0.4532588777697958
0.4431930482497297
0.37185296605953605
0.4234261457944148
0.43210051932211585
0.32990851190955406
0.35986152140520855
0.49615692390471844
0.3318089876852679
0.3030584681515367
0.4190082787406864
0.3909748046682559
0.4547002714401861
0.4641168579068077
0.44678862342664855
0.4705676306636884
0.42175123850149376
0.39779873710528246
0.4317737239270223
0.4060955347595935
0.382053954586072
0.4117508219573578
0.3503487684804183
0.31791799695855794
0.36055216684929414
0.37484753268373705
0.3849821903234866
0.37100878318263275
0.4008771215116538
0.45667892704199087
0.3120958648617107
0.3751143542592452
0.38887263815420603
0.39653116101941804
0.3450414828511432
0.3770742172687456
0.42301325262022443
0.38332495803228234
0.428803236577773
0.3567039009542994
0.46886764292793137
0.5221191742223767
0.45822556805564985
0.41297480419873506
0.5019407070221763
0.529542329897353
0.525279768675318
0.533528317692039
0.47642038788735414
0.4271609922814521
0.459657054576397
0.4640292720521605
0.47900450508237613
0.5360204536879134
0.39260260549157966
0.4503840734296057
0.46644391709874805
0.5343971851581301
0.4067979940619062
0.4710261403696203
0.44389867076799916
0.4904910658694487
0.4795224594261088
0.4621255107679251
0.47843874525326985
0.46858923823225757
0.3835551972343827
0.41910377622946404
0.43757172436543956
0.4119892395365574
0.4047384630937282
0.42054457799965783
0.41462041715367387
0.34681750219488705
0.42339873535081324
0.4445233289437464
0.3874827192819495
0.4211095125199652
0.4532487930517564
0.36936164490763224
0.40823662719051634
0.42534058404779074
0.4333091967364217
0.40344483631047573
0.35320155043173
0.28997524338238945
0.4328080220648323
0.461066958156228
0.47003127250665966
0.42098877565759873
0.47750442937074034
0.5070428287512526
0.4972433658919282
0.5014603275729868
0.48723467173829343
0.49802295140076946
0.5737093940992424
0.45392226937792335
0.4418545400437349
0.40070923000774966
0.3559806391315873
0.3340616789191953
0.4099395903272724
0.40259462570572535
0.408928360177513
0.3962016720154377
0.36370244255865086
0.4211430778991469
0.38704907744215944
0.4212798274447934
0.4744100311507108
0.4710072465654209
0.31972749248638604
0.43863843878494113
0.37612749952858565
0.2833740643716184
0.49136524108652924
0.38501613014774505
0.39584952200264256
0.39203442498905683
0.3391630562118727
0.37040160530211697
0.296566457104416
0.3039806521092846
0.4467352499666689
0.36553092905341394
0.4274880029462148
0.36575414562098146
0.4014882994596767
0.37842762536028574
0.45803987247622874
0.43836028059720245
0.4185014497068396
0.4869582611541526
0.45570460265265494
0.36628799560873326
0.48393892748468054
0.477588146792956
0.42399224872542934
0.41467291639494774
0.43228813627653373
0.3941876657750175
0.40342155350012543
0.34659939844883253
0.37968011259666085
0.3694546799173226
0.37856538035243154
0.3991809649951858
0.35748350573080034
0.38577848137663595
0.3576904954275528
0.3536500200284243
0.34827982044050065
0.32161290377620844
0.36974737401164937
0.35511270207709356
0.325373167676959
0.3082683359048562
0.33749672486122345
0.3453059339377639
0.4384823679552049
0.33126466533743976
0.3974322511157876
0.38398548106177066
0.3982740759141675
0.31519435885117664
0.35287719411995705
0.42343650651678844
0.3568077157671272
0.45046529020675924
0.45012240386319546
0.43957410471867275
0.36746160803983224
0.40752834740429383
0.4523886855266159
0.4624686838236458
0.3351216382254275
0.46479809608910166
0.41564101034381384
0.39373820172268037
0.35537528540359464
0.41836910280575446
0.37074687365051445
0.3476993442850026
0.39132769369917675
0.4087592431078734
0.37815248918111694
0.4545928098669101
0.36158595475335503
0.32986775098279764
0.3855892461068854
0.2977068441220439
0.3016460763688257
0.34477840712528135
0.31820832329607296
0.35387802898838727
0.328221812357003
0.4138473976679285
0.3635398137359298
0.296013704278269
0.41412283240841163
0.34625979417218133
0.26059054386480573
0.3087491034572798
0.42261874728293214
0.3685144742113531
0.3652216299764778
0.3557035682315658
0.33950338194372903
0.3328428963175084
0.33426980729106326
0.32852772826594523
0.3742407198891845
0.32481270931306017
0.41504479070145006
0.3361149137805075
0.381876865964254
0.3836812462222889
0.42685529614556555
0.35839673174915293
0.3944902150219936
0.41445439764914693
0.3632595129487809
0.4152628896536091
0.417528736754182
0.418726323122717
0.42329235638938323
0.46489715483091326
0.47614193476484296
0.4013354160228538
0.39232492192175783
0.5170250822230392
0.4192292087687395
0.5218561356768767
0.41782509637173865
0.38637326638048386
0.3969581310820426
0.38137479075651565
0.40697903112661343
0.4231394037247423
0.5225680659827031
0.40112025711487337
0.42314710465764593
0.42871387492647306
0.47047475735530997
0.4389779884448924
0.5171583337604203
0.4571959371454011
0.4774260513206872
0.4460144649933735
0.5144056614428585
0.4299608456301328
0.4723512577212799
0.46569560777267605
0.5589517168574729
0.45207929444116074
0.5369074901432408
0.5184677397086432
0.49181313130423726
0.5584918099906093
0.4948794106217268
0.5541544620663293
0.511138608128803
0.5645122515896595
0.5689607601387915
0.5068097412899323
0.5363905859090772
0.5289365559999015
0.44619754188003147
0.521627432375918
0.48574922818654054
0.4646996682610785
0.3828663536111571
0.46962435366678595
0.5392964188962273
0.47608568921466676
0.49022769658136905
0.40771355057687086
0.4672785038393622
0.3958017257010424
0.5254886205429399
0.4043360667447217
0.5658188372228116
0.5154848620408252
0.49789552121627456
0.5967400721089089
0.5416440219343851
0.4887657589379625
0.45439134442138873
0.4538173101250691
0.5436043256830969
0.5409294845652505
0.5022670343177748
0.5041456661441885
0.5060124675484143
0.40250751471990603
0.49061594090548954
0.4484420892970342
0.4466342077406194
0.4623331227015274
0.4985710972878461
0.38466389739058765
0.41130843359515656
0.3814166230745251
0.4548254131383873
0.4114734867800444
0.3985415477553251
0.3838138568591338
0.40299336178427647
0.4300429096871789
0.4767856191805375
0.4087659526074383
0.3616850789376897
0.42527890530733947
0.3861293622236706
0.35938579858444575
0.4201791892671588
0.42744467365176264
0.3200123195491761
0.3794591169922517
0.36792129430768683
0.3780727116338207
0.36497580312699074
0.4362060979571112
0.4180324483927262
0.4016573505511163
0.3262244920367282
0.4547097913343167
0.432699858266434
0.4389104725675648
0.3825807813733839
0.5066033607898337
0.4627066226287973
0.4663207876710087
0.4275301643019927
0.44655566213419096
0.4673125281702946
0.40854343490805034
0.39376570236952263
0.45113086195890995
0.4261091643836332
0.38290156980132334
0.485999903844073
0.40073528904621036
0.4009457517798314
0.3838951536161541
0.46298690363050365
0.3850634899472901
0.3491919418900463
0.32682554362801536
0.34125602667447025
0.33591795496802496
0.32918845274984443
0.30088525446858744
0.24248398436391316
0.33629687774651396
0.29293814562909526
