0.2263377469852184
0.255292343501191
0.2674834391906579
0.26290553497361163
0.23205051613944377
0.16555661954064974
0.19110226571119604
0.22413329941298782
0.24526830068998504
0.2966956909484145
0.12180815644650303
0.3373066936429836
0.22431890415308767
0.25999043763672236
0.27199340095380625
0.2931514776112675
0.2691916090175648
0.22121713519942168
0.21453618512910796
0.25188584659665897
0.219695804013782
0.3045636778774406
0.2677822527999983
0.224472963886102
0.10323581551261189
0.24166146221755397
0.20467090329189686
0.1483549942707075
0.2793996791946137
0.20095063352624373
0.21603859266713107
0.3542186385038458
0.2706495200260893
0.20158840359907326
0.16837392517413682
0.17333455173415738
0.15630480776856043
0.2375367708923689
0.2161878547403963
0.22089502035015401
0.22335051847852816
0.13854977030643106
0.23422679292970353
0.15232298024150637
0.1475806696339508
0.12680474855882912
0.20735202693288965
0.11779998192776991
0.2033112943717158
0.19277493019017633
0.2272714384797966
0.2376224301260157
0.2186742535071237
0.19449790022295138
0.23275279675124433
0.33371086324277693
0.22544740945022307
0.2583967634265694
0.19061362763265075
0.28171612142792535
0.2774040174356391
0.281124245919191
0.29867759484172396
0.28558302908438027
0.32870748988357257
0.23963299765213872
0.31846385466006055
0.30971406079776964
0.3735052949929101
0.3101402830801445
0.32132570446923664
0.30633794934072955
0.29383125241920754
0.32152923801275574
0.33678722098871083
0.3828845378906909
0.3761235535405389
0.3255958946822016
0.3516083575204669
0.3968993190240031
0.21802863354606533
0.39892172713533863
0.44388051053120275
0.3920242058867698
0.3619009352187352
0.4180488917563439
0.471941755637194
0.44435263828485827
0.418132640186266
0.4781346497835595
0.4759645035073563
0.5449434131722241
0.456804898363671
0.5167085625630223
0.5135284261201678
0.5918769660920438
0.5293628588221547
0.48816680909891136
0.47469147398552936
0.5235251556681932
0.5502087087354991
0.6280745309402092
0.5398515719885056
0.6186059362290179
0.5959164651275126
0.5878981350372889
0.5816093825940882
0.582059835648887
0.5209882439234164
0.5264475085737295
0.5270094010556731
0.5178943402331684
0.5251502505510267
0.47509899337346106
0.44585385053803145
0.5020842834949517
0.4782043788006429
0.5027048618911035
0.5182168400816775
0.3905720004813974
0.4582585676785345
0.4586517997799111
0.5041784575637204
0.40515148234960413
0.42725485126018803
0.41749125313304625
0.4558827282173197
0.4299732679574535
0.44625475343202725
0.48128559683346983
0.4612414239244815
0.5127027335021702
0.49998403378597006
0.3761465297238119
0.47158903077631664
0.40299995751125617
0.4458101228618551
0.46210368555687825
0.44634093587265944
0.4546085660190137
0.4107192551162785
0.3909150426338812
0.4881653657272186
0.41825314575606976
0.3961663452168772
0.4824711529807444
0.42829369431152314
0.39983716454456586
0.3655496931775175
0.4274152280933454
0.39723869591162
0.44336144611729983
0.4155582520656538
0.4778984590004087
0.41470777422976723
0.43187975930772193
0.3711740083430216
0.407213596821166
0.38183568529086126
0.42527301988745936
0.46158526909737446
0.43103745857562786
0.5502271306150388
0.47514951588825793
0.5001812974625277
0.4865761018872521
0.4604432622815916
0.42331226266132826
0.502674229783526
0.5652667465756296
0.47164268605629833
0.4723073114594776
0.4849849077946036
0.4571292249310792
0.3683875508770042
0.5198938685612261
0.5532706663871717
0.4582235126227771
0.4099952849560795
0.46322520000519807
0.40967610560400225
0.4337003989998154
0.5400627432651712
0.4247241259170601
0.4425937734369116
0.45655050149804915
0.4864973694672925
0.45997558122411886
0.3633891403059538
0.3531072555354655
0.40691863949323637
0.39046723508781567
0.45622224749908735
0.4315293767696137
0.47958181984265097
0.3093803167486736
0.4313719543569564
0.47855077345773606
0.4153273163494354
0.38642711897973764
0.46293277995893767
0.34804803333175055
0.37029192805428807
0.3911731034502513
0.3427515385060276
0.5021096512429001
0.43819803990490197
0.458386328929624
0.46009494600745376
0.457603809429699
0.3971050683406577
0.4779488290774331
0.4316407413858566
0.3636000701414627
0.48171360642995514
0.4099739260211802
0.4291078534726285
0.4173484287021577
0.3868023255022372
0.4211936616597559
0.3051202388295148
0.4084871858759747
0.2823258248720799
0.3692108560791872
0.4157633124086318
0.3884347179679708
0.322608821785942
0.38798112923815303
0.29995649562075544
0.2853304672166057
0.30996259579274926
0.5012354274693083
0.48309320140642603
0.4771892608488446
0.41490340464447584
0.49333172992701013
0.5454674601611543
0.5042745524957926
0.44364192486053367
0.5719158724261741
0.590972906379093
0.6237578650223007
0.6287853106336638
0.5559390963546194
0.6871630745128735
0.6260132494509634
0.6861970867670785
0.8336460946390473
0.7604462723174737
0.7462638391081224
0.8871619297277291
0.9205654279118801
0.8397926209508438
0.8543058684379036
0.9221196611011512
0.8955776998213658
0.8780245376163311
0.9238072140760052
0.88570299962013
0.8613317585109699
0.869613194788693
0.8939145184924635
0.9445948612953713
0.8838954374744359
0.8199959472859989
0.9723055951734845
0.8760797901109466
0.9326131151385488
0.9142186008074114
0.7673280182089849
0.82253982001155
0.7418834787940664
0.6358325711871011
0.6990975287280634
0.6449958955543071
0.6831140923273264
0.6800336632350652
0.6895207230039826
0.6225549859742067
0.5952583907939297
0.5901338045874484
0.541560998938935
0.5513126960314028
0.5399663959284374
0.5804902026776908
0.5659510926769811
0.6056582685016653
0.5518883406719817
0.5989902878633254
0.5719288766635214
0.4918391305957194
0.4680715772330877
0.5555925233528414
0.48183845493688143
0.5481300863232343
0.5630839319132803
0.5283852865565682
0.6069446567912994
0.5812667881806286
0.5504162020754387
0.6232738743434143
0.5837614623660025
0.6090528534455646
0.5744108846216582
0.5820319782091405
0.5915931345626035
0.579524178230437
0.7409315179515868
0.6080065460121165
0.578542026824273
0.6410498261365306
0.5085211255734607
0.6572992512441996
0.6115454528251962
0.5638117468094184
0.7781581565047233
0.6632624329311523
0.6502631760939227
0.6314058883755722
0.6194856919731315
0.6475043234001663
0.6943020602720115
0.6432596669646645
0.6591368284248624
0.6078642774534504
0.6763861240463116
0.6352951021649333
0.6438740136220713
0.535704873905434
0.6812188892569417
0.5949919173649179
0.6284801754561765
0.5820607138556605
0.6353871711065473
0.6343812126561572
0.5892313298894165
0.7296647111433252
0.5885061400393055
0.7082102557695706
0.6440068270964807
0.6376923070377754
0.6555791236126896
0.7651808778339112
0.6382455484883935
0.7705662566280038
0.7627447436017011
0.8018558262535895
0.8032776746527537
0.7195528341005637
0.7755549038225437
0.6647876111430523
0.7023049602617136
0.7493777259448259
0.7949210076121562
0.7930464738459347
0.7287344242487774
0.6626751490471234
0.7007717149565321
0.628889205048125
0.7348606416065393
0.7066985614483539
0.6075953861398425
0.6355971635248474
0.6941855808240777
0.6467619939687986
0.6613847002244817
0.7527919086229307
0.6546218523225595
0.6375250001994996
0.681927496242809
0.6339743182255468
0.5446667921183854
0.7076437325209567
0.714619629387477
0.6891081463239874
0.660293024625355
0.5454475150302764
0.578778026309283
0.5132387670373576
0.5884905380708275
0.4424845146020666
0.4959207032073471
0.455206574332126
0.5626013983104676
0.4502063921788437
0.46898982351477925
0.5293653112493002
0.431443060570468
0.4758115766948716
0.4326104401090772
0.48496504395135565
0.47638439278875155
0.4434885298463188
0.5024288471153271
0.46945129226369103
0.5379742492868784
0.47750381872694825
0.514752298121095
0.5431607383702169
0.5219412979249474
0.5707251014803197
0.45670661429752724
0.6091043626757959
0.6554603593816137
0.46576417576117046
0.628469722111014
0.45026901782100204
0.581222439771084
0.6317907894335338
0.5239398639426329
0.5185918675085672
0.5656160293840928
0.46186128528113524
0.5849942111450797
0.5788643799608126
0.5386309442651239
0.4806211144815008
0.5629194140104103
0.44429848392135635
0.5432845418711565
0.4582791556950679
0.5374149149247726
0.5059575853715461
0.5126399136520368
0.4077469082532714
0.3960685769986541
0.3232129340679126
0.36958392049429256
0.26064512627481157
0.2942374877441826
0.31142277493265413
0.24297439602466092
0.34030779179052356
0.24185113321646443
0.30656518053747717
0.2761768857632041
0.35848120645271886
0.21434115819526608
0.24685567659189273
0.2698575980066569
0.26032096203861255
0.20508398872357161
0.14994520455775592
0.19339656389876014
0.17575947033847636
0.19202617781578846
0.18492370431989363
0.14477259857559752
0.16021208308733248
0.19281773972914287
0.13033083507363757
0.14803686082572678
0.10805453923320872
0.24668965255877404
0.1340704919765831
0.08981394612697148
0.12836865593349525
0.108700883442645
0.11097527877640803
0.1346731772757988
0.22129678611328046
0.16405622314870297
0.17884636350567412
0.18637305003395316
0.2238068523272787
0.1545017348589494
0.12541315460829264
0.3140313750267665
0.23771464119895686
0.22459260083281235
0.25908282434022367
0.16105847803141984
0.2242181239747372
0.17299188050107145
0.2516653708525163
0.25426489338990993
0.26711704488553256
0.33327686411840146
0.2609830936011332
0.27639564128838406
0.17442449740861585
0.31335207718760577
0.3666587464198954
0.25892221692616213
0.30429620298670496
0.31179189704789123
0.3180566493840514
0.19448001221353212
0.30577337309042485
0.28750007909704095
0.4631609929150148
0.300496504590376
0.284858033085555
0.29593862594704706
0.40705927263114394
0.3963805091736712
0.5112528097072817
0.4563117202114207
0.3701259006044607
0.41717779920854076
0.370567124415693
0.3947243801567947
0.4630005448378491
0.5464204709844985
0.35352453398208883
0.36941159268994933
0.3638611753203732
0.4323256505870835
0.40897866684388623
0.38288224587989605
0.4874992149137915
0.3984233818306989
0.5061983645879711
0.4550767195960353
0.39986646620079563
0.5122744779777512
0.5010027124363307
0.4978508764789656
0.5622966522059899
0.541749253392948
0.4965846849739459
0.42810984628534055
0.45488626587046355
0.48747382060187183
0.46521399235870087
0.3985607261048898
0.3490036335134118
0.38269269542321926
0.36145908237641344
0.45138729381144505
0.5215159335555983
0.3846369495708867
0.4499593956789797
0.3238546800632768
0.2563285124710973
0.3355582695997522
0.34348117465808553
0.34204765538275606
0.3183511048500383
0.37615140930947716
0.283411122771417
0.3364489540245458
0.3452274339910806
0.41540556545529955
0.3113326886770593
0.30237657732949474
0.3457044428510244
0.223899499086898
0.2329895837688356
0.34202230006261636
0.22671844736879657
0.2818945487331232
0.24891563053962495
0.21410617135137566
0.19736075670339345
0.1516543014015606
0.2952055543319415
0.1770688151183758
0.224143558043301
0.1436105298788742
0.19439663139893798
0.3282379185977197
0.24309773333259488
0.31860216835963795
0.19573640084338695
0.25520546801311417
0.10762344089451606
0.2388981023781533
0.21473035871179338
0.2040089104439946
0.13307574190765792
0.15854500875678737
0.15424593440188603
0.15364722048210872
0.29936423892372394
0.20989634538874052
0.18552206385939596
0.23164945205939924
0.21386728388395387
0.3174297762465481
0.29723422455693793
0.47545466974500417
0.4365182339603267
0.49843924986128674
0.45635656545171055
0.35857870170970896
0.39519930852273955
0.30590077566219376
0.24311722197617253
0.27236933546053554
0.24285368948855726
0.19902398504020005
0.2070180530819741
0.2755202558338357
0.19744551407612948
0.2575720741757677
0.1530111999143165
0.279772304618971
0.3026918311648773
0.21825105756508967
0.2628176444602283
0.21436305036199943
0.1585246830571255
0.3046189607122415
0.2155249012153837
0.15285610557562662
0.20945761541816682
0.22261685532226325
0.15762141673397112
0.27310924802105585
0.09374114502882892
0.1260344127041974
0.14762058025328312
0.12124394426340564
0.14518250119293705
0.19572111007699722
0.23589866963205192
0.18034822498981895
0.27066561345619883
0.24181769163568267
0.27490361070767916
0.19820737228801544
0.15559017342695675
0.2294467415268512
0.1602519374548739
0.2041971976758832
0.35289588137764116
0.2670535698345739
0.30642601870567193
0.3373301348553286
0.22762123341910165
0.24151041739204748
0.2563961133479913
0.2721001080141297
0.30034107708504215
0.3021924350158093
0.29087389997004365
0.33222082901492606
0.2178917700703712
0.4024941564789139
0.29881399786898843
0.23490842672754417
0.28232594567713737
0.32110836721608177
0.22260178264326316
0.4044525240176823
0.3333846629485651
0.3056744051568944
0.29690064282027806
0.38540086593675316
0.27253621230039
0.32292900512472844
0.25082697710804286
0.3654201520652481
0.28233393694576836
0.3246491693450585
0.29864758134615166
0.28419024176385277
0.2638828947086534
0.32535606153739605
0.32904783927536846
0.3787206385003286
0.3324055283459946
0.21434206679572856
0.37177526883716494
0.3143028512682342
0.2645084135341676
0.30514401043008155
0.21471528986251073
0.3105398225196394
0.25673141738743066
0.3735773482917898
0.15211392386997724
0.3189219208364393
0.26109571701170675
0.2682818837069908
0.20993798772745176
0.19181229675121075
0.25987614107140966
0.2881937941703259
0.28713266099956003
0.30916683070818585
0.38043195875793057
0.20677557024202864
0.47025535411194375
0.30311236179253165
0.3466501747519545
0.39327070945271986
0.37634406382723096
0.4273075687287252
0.40688847915428267
0.4139055887553286
0.35086505228085024
0.25295769199397716
0.2299788270551404
0.3308676439013289
0.36488450200867906
0.4190078939848908
0.290506436760744
0.323478129760511
0.3899916981722603
0.3449201078022094
0.3877334005864256
0.29114076249083803
0.45477764278748656
0.3090726083389834
0.43724715635818345
0.2796451886377238
0.29370132540658667
0.2799200589287258
0.35187912152835643
0.23670995566028713
0.3216797638364566
0.31858219386759296
0.3135216639655574
0.31604304295836716
0.3124536527536823
0.30670780946504494
0.38778608783023194
0.39063692004920947
0.32418203717620575
0.3488670672726011
0.28946662034166615
0.31824706488754134
0.3048480122825722
0.22664450564375674
0.2696133957737661
0.314854326224137
0.20424700491585585
0.4132225781740685
0.39025975113443845
0.33198098366758944
0.4041607939776203
0.390794579603978
0.41929470584174305
0.38152473742831855
0.43618594062321514
0.3599627074130555
0.3341439404377714
0.3674866799670157
0.4529351830925511
0.26455760497810366
0.47200022875803377
0.37496795577094244
0.41064087938568833
0.4263879624280145
0.3195857559098418
0.3293390082618255
0.4441395742078944
0.38531821918888126
0.37483887435617763
0.4394624068499318
0.4786937410337005
0.36532036038577886
0.34968076345090504
0.40238088408141937
0.31385553099739344
0.41085529816887684
0.30180093345861403
0.3903616650030166
0.3805947721549432
0.4050970311454545
0.3966251829311351
0.29234706378569975
0.37450383631314205
0.35130442042502513
0.27060727433792325
0.18127548126375348
0.30659661378815134
0.4569032414712919
0.336436806442425
0.4466582144458606
0.3483203178313291
0.4668661910341897
0.4247464644336063
0.4253348809941142
0.391597513487806
0.497089420424957
0.3302481765737895
0.4237793511451198
0.4042750061952837
0.5185702424646252
0.4009611076720285
0.4299267095756688
0.43068405835158924
0.4146399791261251
0.390094844909484
0.5170616420482252
0.3149027940016621
0.3885370682929251
0.39943186892712096
0.3827695443355774
0.39622094502908206
0.3959421908789491
0.3105478689061645
0.34048147961388586
0.36675038260343873
0.433219686390099
0.36840641405638613
0.34298624196960054
0.2892816682304734
0.34089233667565844
0.354126789695892
0.3810797927274508
0.3047466806812298
0.3485158292244271
0.2884514673216709
0.40890012281223304
0.4063014691325969
0.388945994989377
0.39352764001434404
0.4433779038586674
0.5164200362505565
0.38917125936339575
0.42460100632105335
0.483472341086282
0.44101916943615976
0.4021446652324472
0.47306629143220347
0.47281161616114237
0.38144371108270536
0.3148814201045824
0.42790236308288837
0.38845256700438313
0.48242424579430276
0.3247379767190791
0.44401153182926245
0.42573829385488277
0.5254083390577557
0.30542781500131455
0.40677696069228286
0.46648850552057314
0.3156427911351092
0.3847920440222153
0.35281612426421594
0.34637818799413367
0.3891771595687586
0.32115061023846414
0.30721910678019904
0.3328938026201563
0.3963614652466445
0.4794337884978949
0.3036959540542266
0.37825047007892526
0.4642621422776571
0.37653105706518014
0.3056710365073977
0.295862308614488
0.43843958647279924
0.3561019793999246
0.4061700687863763
0.4027730108212135
0.26349261956214876
0.3484239956414774
0.3208825717503652
0.4105533233155216
0.4579743787088001
0.436830201410045
0.35974585766040296
0.4788372918906494
0.38026014680150794
0.45740979218959604
0.4538174883208649
0.3599903107585591
0.4772640974699659
0.3941704202586943
0.33002513750965373
0.4090867929083867
0.4841674037320043
0.3909281886270931
0.4625779687468465
0.49478482243761723
0.40857829682503516
0.49502133902834716
0.4590814059367868
0.4115444234947689
0.3839591535441559
0.35794203938264874
0.45895922847004317
0.4103187585665669
0.3518518791524947
0.36447021228105464
0.3833162088096871
0.3518346322265109
0.37239290193655517
0.3843220680441132
0.3528480421055581
0.3488948820034888
0.4889449624393586
0.4214964997577045
0.4164016308444339
0.30829078325694115
0.4195488891630714
0.4815198106188581
0.4015392436001211
0.48469488047695225
0.4222114239938998
0.4918125949716833
0.4849165977441509
0.4819259469906929
0.5579618189721129
0.5253154171592208
0.4728605637046423
0.41981912604039245
0.5491855848908057
0.4350208758108817
0.4766520679793412
0.4872439664992332
0.4644849584297102
0.41527763308717835
0.43906311065381365
0.3947104315186361
0.4738937064843927
0.4686792930351181
0.5062844621740796
0.47093412656643646
0.31023543854873714
0.3960238985575772
0.4143380853163491
0.3734591940183088
0.417284118735251
0.35640276557656997
0.38805212444617826
0.39232347221001235
0.40728414947154945
0.4230988224648111
0.4302916483253434
0.31574843467914515
0.3303465573027524
0.3145008947428458
0.31267871477218984
0.27619555357067727
0.32259711597299173
0.3859067470176992
0.4113917944240419
0.40734454114941443
0.4708752270140691
0.36741698485419544
0.3737939952946956
0.3533433647493894
0.3883840782150101
0.4641432241069588
0.30915235135379204
0.2788887891060808
0.2839134713322608
0.3478551233680888
0.3498195082565181
0.35796470511475853
0.40447626995538744
0.32247078701745147
0.3594251555638616
0.4836072179148275
0.21838347318066734
0.34302143585261513
0.2558557004370464
0.2886339790580641
0.2153611089876491
0.33505067791168325
0.2313177752880224
0.3106320433733785
0.2129477119943808
0.4157558148919537
0.28204005372216867
0.2372495420280976
0.2821991533445601
0.2735636817104433
0.21639768875107004
0.40725680166581935
0.2986386750003302
0.32790157109168994
0.4074022130332919
0.3352683074436167
0.3607197198121276
0.2965236768993045
0.3416460952792107
0.46759884892717296
0.328732775592966
0.2602565041019369
0.4270173831536326
0.3059129457345179
0.35874342957120553
0.38694730247837716
0.39680543391398587
0.41347774631474565
0.3445763380785045
0.3774119326637284
0.2660711440591923
0.2282607729340269
0.21998268014981331
0.3137197499988428
0.25435320652387655
0.2108241893928901
0.32158836226065274
0.0649004783601964
0.12457917528900053
0.25229560961704317
0.13306764395135928
0.2755025431090818
0.2490647218900942
0.14976376947883757
