0.16931708876079765
0.15221644298208384
0.1475195987474313
0.14595310936807598
0.25041127935467866
0.2428348494437343
0.20489440152965116
0.1752558898167834
0.11393830163115828
0.21590924495369132
0.22401364206458196
0.1798172374762475
0.17759282765647666
0.22870110905786287
0.21203057442911638
0.19115260720337632
0.23020506540470523
0.23062360702574314
0.21715817551793473
0.17389590685443235
0.17804764736399933
0.1517204560408422
0.17440432597165584
0.15167181598330262
0.16410969799557712
0.2440355231198501
0.19263742636808323
0.2062511402883939
0.1373535995988552
0.2028213237148151
0.15944591965101135
0.17739871807224883
0.21729101401582215
0.19632175117500683
0.20478762047771337
0.21492411754189442
0.2048919686492126
0.23751312765070456
0.14398353898520064
0.22584176094912845
0.12675838981262771
0.25637962352435956
0.15265281286002025
0.2220798924388067
0.256072335240678
0.2616061883740114
0.23208300674495785
0.1586348495813011
0.20304056469110604
0.20753841181070645
0.25186679877283535
0.26190225429006386
0.27308912573944305
0.2768074560979898
0.19016063039759845
0.22840641382307958
0.2266835573790291
0.2836243665435463
0.20811467046244056
0.27425737449507964
0.28809265942946805
0.3254115599336447
0.34057705412032935
0.3185475521161816
0.3262924751701945
0.24882215669329294
0.2888137843545156
0.2775047899672986
0.3170844110269196
0.33878926708360496
0.33428227206942723
0.4036936528223063
0.2982469060050147
0.3907863320957861
0.3380830982612759
0.358278409193498
0.31737390354239686
0.303695323617028
0.38152481111934156
0.3529386248558343
0.3366021408031804
0.33390250812374983
0.4393182590301575
0.40147959829804636
0.3877310836039912
0.3600142699194874
0.42957724172706185
0.4016086058125759
0.3758166923448486
0.4656590548850862
0.5029537222396633
0.37263248712360364
0.4506673263759303
0.4772858203186059
0.4928735948482148
0.46898841899570615
0.501443932269212
0.4339189174363578
0.5055735931114338
0.5253499946606883
0.5417995354712859
0.498779489408187
0.5216959708229976
0.5293080872258388
0.53419971112117
0.47459604051778087
0.478656602814078
0.5087573516991135
0.5541449315602271
0.47260609894412325
0.45620945589519335
0.49967190821038254
0.4497786104136124
0.4205488213992505
0.4760618241278308
0.49609697221763827
0.44949960314842274
0.4265398187981488
0.39708374912422967
0.4880903259066556
0.47950787160133324
0.4363895828911373
0.5431175632745693
0.47350413689181214
0.4256716109514413
0.4039070290275706
0.42777023912951395
0.4331089777301695
0.5066228302776976
0.49035802839023507
0.4436738261209446
0.43344496803262667
0.4514897198904808
0.46460632478296404
0.450348037027711
0.4678113336591756
0.5132872244171452
0.47042949686832036
0.4762025807647557
0.4543379949947464
0.5144194849854142
0.47004787680250487
0.47967098846164147
0.5114393687196812
0.44271841329986716
0.4942647556879433
0.47772435119911544
0.41481297196520317
0.4964274302709682
0.4350412007427003
0.4254258625252485
0.451263238612664
0.3392681723315436
0.34918118987148333
0.5077995318028377
0.3909381825785511
0.4307436303272675
0.43282055940510156
0.46707303599452693
0.39359811622893387
0.36956373232273704
0.4666927491803454
0.4234472715888032
0.47101463888512646
0.506152728158991
0.5015899990995106
0.5366831981462415
0.5657691695475926
0.48459016377844205
0.48023595401348007
0.5378451417336478
0.49386236005371764
0.5628067598494538
0.4963057736387493
0.502676203332682
0.47451618906241855
0.4058602188263729
0.427596116924678
0.5449964900402492
0.5036992383785711
0.467070932483415
0.44978578876421965
0.4270317970197183
0.34339507576176614
0.44058731660410155
0.4485809030102999
0.33064891867617857
0.38151670413547034
0.3387849038657362
0.3954859055068509
0.38051130131378025
0.34196372558196353
0.3861909392883864
0.28804971994550743
0.3670720706194616
0.34944378203479537
0.37557067537678546
0.389045813185767
0.43195921167112206
0.3320514111803639
0.38890955561393226
0.40073927759886774
0.3664774431993821
0.43837287826845117
0.3937121473037852
0.47648511512822744
0.41953167237845956
0.4250493146622314
0.417208676349956
0.38802171022022214
0.47226525574328515
0.42534824297668433
0.4450930711669202
0.4676525296902127
0.44016517107664765
0.4280340003240845
0.3970971250887521
0.4709762818775966
0.42799243204873255
0.4514405666972886
0.38312844578340255
0.4789904039700863
0.43152128069652823
0.4209218570670562
0.3882583324071457
0.2912914255927797
0.373546423896409
0.3787197803700077
0.4029278502223051
0.38418665941307467
0.432336339378229
0.43836551746986674
0.41995433997194437
0.44394145357329495
0.48123730681106447
0.4259096829778674
0.501716021872893
0.5165999784822587
0.4840660874378062
0.5009529823595218
0.519560061352503
0.4627680318127826
0.5539985076294265
0.6292918554890503
0.5374114798009798
0.6422516781287521
0.5844200676954792
0.6978806033611356
0.6619312571789095
0.6310802662766036
0.6968769237356564
0.6883551406336865
0.788200563347537
0.7844800218318522
0.7536016747383035
0.805500692333614
0.7852456208902991
0.7853479782752206
0.8813198201841342
0.8267137066808575
0.805493289290556
0.8022528391925998
0.7532698352849573
0.8502557165169988
0.7350224988792604
0.7361446872645064
0.7128957899914301
0.7103652877906192
0.7033488175473799
0.6686691360672711
0.6398679622326382
0.6797094489308738
0.6213492810328791
0.6892775968041855
0.6904740201359975
0.5078534472149572
0.635084944694418
0.5662082553955278
0.5536882019668729
0.5268975727426047
0.5770001827918942
0.5376302183603654
0.5936205296448157
0.5050927835949749
0.5267735411341088
0.5262695302878831
0.5651205307052265
0.526259601174339
0.5110304646851964
0.4793230979425795
0.5492565678835731
0.5744108414336778
0.5517041269296825
0.5152264506118828
0.587363999190878
0.46955422164156296
0.5026482293518385
0.5132258471521578
0.5351424801770531
0.5242452774891582
0.6001173578987908
0.5550428972853427
0.5434395498493099
0.6055135395830429
0.5727197131915505
0.6736323003193442
0.6435439811684798
0.6175435537942674
0.6238130181647225
0.5663659804394904
0.7102068713588144
0.6219910503621189
0.6649463439586304
0.6724096507929666
0.5889998360089027
0.6486672468164605
0.6421602661321586
0.6691716786171144
0.636296465639337
0.638281329622163
0.5555623414076833
0.6081558148142141
0.6269758982381647
0.6281025717598618
0.6684248318632695
0.6313683708347135
0.5278062980262201
0.5249270949232173
0.6042384108420069
0.5872859691200351
0.6516205644950733
0.6715876116275822
0.6380224279750356
0.6703858325907113
0.6467164426553627
0.5722067721960746
0.6075851659190389
0.6599256844622132
0.6558279532197195
0.6776674574656331
0.7082777574707517
0.7095786697851534
0.6987350468463698
0.6930927302878374
0.6645247654356979
0.7206740507560758
0.7963622481373883
0.7528373126347259
0.6189015855663531
0.6496444087203829
0.7557340712111136
0.6466924229177358
0.6762126874541194
0.7944704382402706
0.6746065898283446
0.7130263701238372
0.6369490159645707
0.686423068715365
0.6734500567434417
0.6941474836537675
0.6462094550927204
0.7381301329256464
0.6777217392640142
0.6461139257216053
0.6271087730995447
0.6732055105364996
0.7372838025574702
0.6868378312615868
0.5835051642865794
0.6836842544873576
0.7519482262737812
0.6730822170885602
0.6671526651648575
0.6223861031387644
0.5840833071335441
0.5795557157317215
0.4956352827677111
0.5338801462954205
0.5866256694273078
0.4840522722912537
0.5794630948668149
0.5706022097012226
0.5210657927582425
0.5041602338039589
0.4991005091175553
0.5077518707509411
0.4972883393961127
0.5027938294867458
0.4859956533474676
0.46100234499817694
0.466890365846885
0.5130696265158644
0.4527816685810426
0.4985283451532836
0.5402926981430601
0.4706275762178861
0.4807244286377636
0.5093789004273684
0.4658539689370712
0.5666409652512552
0.5189832517571723
0.5231674899371315
0.5669388117174132
0.47498420910750727
0.6190796502065882
0.6426420130517654
0.5899065500658056
0.5570542161675505
0.4942080882518578
0.5505477904506739
0.6129996599233902
0.539906995438342
0.541743170223619
0.6211787290305913
0.4979629369802447
0.4831847825432767
0.4954143764993707
0.49845835196456006
0.582159215924229
0.4817370036768741
0.49893066856493573
0.4540847124931124
0.4068808708712547
0.42848428032698943
0.4663905486101195
0.4728849417023399
0.30788985151898685
0.40710246715176934
0.3364694940734213
0.39935016111652427
0.345375961140587
0.31556189265329626
0.3405654181466323
0.32644515712966626
0.28577911280759005
0.2948367533110181
0.36413384035108426
0.2593205904894679
0.40711102581332215
0.27694661015040123
0.28732067739729794
0.27699251017521487
0.25570443659256425
0.22141211509595657
0.1703580494150287
0.25461166349852216
0.2356250762277737
0.2530229196617301
0.19278816423344422
0.25991045312270633
0.21525614980658395
0.1529889439506401
0.11562863602110023
0.1706372040142682
0.19496907106122302
0.288193986565111
0.17566197635696615
0.22931859479634067
0.29456259252442485
0.21255509897387204
0.2991004970804598
0.21056530545648994
0.22385382593637573
0.15474206579143987
0.32638962714179337
0.1691898482460433
0.21415152239739513
0.2640947671249036
0.22733975472640858
0.30509658215842206
0.2547805461963953
0.2808686574379592
0.2989349245150871
0.31400235657671655
0.408015786134974
0.28612649610637214
0.2874475073553819
0.3123820974226343
0.2583125277562527
0.36753179830940713
0.28598697361566094
0.3196879579004302
0.32613122245475473
0.3560966896898092
0.25381083974848434
0.2781206274032276
0.3335094120056501
0.4081498966328747
0.4080525063267834
0.3140378218726523
0.37577922648362794
0.3091215863585086
0.3656611512885797
0.4383286499669352
0.34550962259750323
0.4288959030254895
0.4340235334389656
0.39860253745413937
0.3882605864965913
0.39720753999081404
0.34462771057480057
0.3449816829223821
0.32436606653338357
0.3979520197931121
0.347118143347937
0.39227667974946107
0.3249626714763079
0.3438039717715206
0.35591722868916775
0.41623790654502163
0.3851317649838482
0.35546907225920066
0.39388194429358275
0.38884017092905
0.42009970750430947
0.4843524816965931
0.44599345548845415
0.3995486684134977
0.43689727387871735
0.39744821220184334
0.38337530924588226
0.4294532221556615
0.4539673216929269
0.339246284191585
0.28414141817277005
0.4083446205560691
0.30587245766367194
0.3062191229668988
0.34608290452135665
0.34915357023980587
0.34931401257211586
0.28260551454886484
0.21266874161738097
0.2528987412809155
0.2466775568295643
0.31107921320269916
0.33012355941043225
0.2805224615356044
0.21000354709132468
0.2442878245981946
0.2939479603571441
0.366203628794544
0.3308166940071141
0.30511703364236376
0.26139870122031506
0.21856045434647772
0.17670096486492173
0.1984422225774758
0.2710551075316737
0.2757130741601446
0.12021594292674184
0.17319662369786568
0.2454336552262862
0.20742767533477025
0.23174612520448015
0.30278363320699925
0.15094854650637918
0.1803800207599775
0.17496949370084458
0.21609351326078097
0.14136692755256214
0.12440755951383661
0.24148684951320554
0.15012065755328607
0.1965878359875798
0.13977877050698356
0.07806967582210067
0.085610355180872
0.045148072843229047
0.0795962277232768
0.076992048604187
0.0782018347055718
0.1380736484419499
0.17372017073874924
0.1484311773156463
0.11631001407824307
0.11807782738908118
0.21225316976563607
0.1711749515263295
0.10912056342319866
0.16254289382897663
0.20398742472014755
0.2931665961885167
0.3825105501990162
0.3428546862906481
0.23430290899342426
0.07664895050913763
0.11979219992767426
0.18894520092749836
0.16882746236988974
0.1674449755758733
0.13973170359466078
0.12559907394611358
0.22341282917085795
0.123123875974582
0.08941205661859988
0.11622787822288219
0.14440938951920917
0.1486921491712546
0.0635386042322772
0.11349077207020103
0.09621732558778714
0.14528612635889496
0.11772513667118936
0.08568968881184638
0.1542716573458468
0.026711507102258968
0.11480258942000056
0.08074428501916392
0.1156703163790078
0.08398474327941727
0.09285080188551359
0.13352864843077258
0.046111816448736964
0.1286080089445938
0.15769018549680158
0.23456463156256002
0.038773104130219824
0.1832208741006355
0.14873572933822515
0.1333858360413455
0.2206396044862599
0.16320892390142444
0.11870157191284755
0.10407922142231582
0.15328391413561415
0.1813209919094095
0.11327687223981517
0.2121316587478818
0.20423676671231783
0.19002777668711499
0.19096163898010493
0.18652155170313728
0.14102949344061405
0.1804756262513922
0.18904965878559807
0.15516730495563213
0.19069645078212177
0.2871497791049663
0.2784234181350538
0.26829836743165464
0.31019712053185167
0.2999021241747926
0.30505030468468286
0.23168989823438163
0.3139273631440985
0.3335204614861949
0.292125322993965
0.27067216948413997
0.2964448643301824
0.3725552901344137
0.25226582400883546
0.19426158027920215
0.34364734061294844
0.25372602527251265
0.33466966237494533
0.31406499891752115
0.37650934018431315
0.25453428657194926
0.24741187255421265
0.30952065802330603
0.243664540384427
0.21502115148117323
0.2665270351275121
0.18179666649260645
0.29407078240949297
0.3710773776029431
0.2376062287269413
0.18780193291680777
0.29444050040155184
0.21029869069072235
0.3205565321333993
0.2889278828371022
0.2597331686582232
0.24833269582964507
0.23678560306049462
0.14561411896284487
0.17377251060969667
0.38244220849980587
0.26181580703366475
0.333076478603862
0.2592910324039186
0.31115058416884633
0.4409967167962021
0.31118992082399766
0.330183698253171
0.2938638579498912
0.45673220700892564
0.3171373307075651
0.3591266558672902
0.3390917391189958
0.3477869706923663
0.45924224523014323
0.2676377018685413
0.28940825706925727
0.3384611906556142
0.2513672949017914
0.2848888510070664
0.3776307181864293
0.38537939222870204
0.3389445770276388
0.3913439547900447
0.3163526089458892
0.40999500804450567
0.44411952067826854
0.30921045090444155
0.32972745688441335
0.33766893080613175
0.45914576905548177
0.25081264050944657
0.25474386696510254
0.21425216185949975
0.31694678357628875
0.2818699640130966
0.2470329751303861
0.241021742972586
0.27982803165572717
0.2925995241908077
0.24075156506603293
0.40322970446809536
0.3613581133950577
0.35153501146877275
0.1870735571205181
0.23545176286990496
0.32295241051723456
0.25570249038909565
0.3294893388304265
0.2375107970855784
0.2895550551244524
0.2506951800316736
0.18463830734591272
0.33027743716937036
0.2723394732188667
0.39372932756370504
0.35280684789221
0.40379666949614845
0.4003549827757761
0.29867376429612885
0.41657683344024377
0.35792144408003895
0.33476564778002427
0.275102699800167
0.23075642454469256
0.23789070560250566
0.26668047322293637
0.26413508615608483
0.20390299066225176
0.25279055679534457
0.2535162886951783
0.2853423547275894
0.3612114033252993
0.37034151108768404
0.32435659689297347
0.3347584239177319
0.2855788797121002
0.2801668549058243
0.2530018554208401
0.24152138474288964
0.3082492127481555
0.20553303903589973
0.30686022342339697
0.26323017968116486
0.21511254527309276
0.24102517141254004
0.11895080333569702
0.10274400439434236
0.24649144845179738
0.14838389685378411
0.2436019602467467
0.2143023199323584
0.3175460669105458
0.3010014484523706
0.2845783249510248
0.27573675479559323
0.2618311181733834
0.25965801020275686
0.32572101726755753
0.33963983118489327
0.33738468018210865
0.2951678516919772
0.3627560247526248
0.37111558162472014
0.33467619221269845
0.3024191411142533
0.3566598363218671
0.3326044995007185
0.17318340857186798
0.27002788700422997
0.3986760663390705
0.22566033952978176
0.2616200873904603
0.258385338932226
0.22116716181736987
0.26465232095551156
0.12952573100564946
0.2873014957123006
0.17843294193093012
0.28145960942834747
0.2617100503041688
0.30276594322766925
0.3392194339595928
0.20943240810293712
0.2906284096893117
0.28167973166906535
0.33305916249672063
0.2683555372846456
0.37905709028205725
0.3729343279566303
0.26070378644037234
0.2580983122100457
0.4175947320854916
0.40142294152338853
0.3606649667612801
0.3713542693199253
0.45923052018193894
0.33654281488855736
0.31220921114091665
0.41886215421938316
0.4117823957935739
0.30601086741087635
0.4130523319608561
0.24503605176616008
0.38425106182945856
0.3816358571664482
0.3515907415017102
0.4002294331175694
0.3696407928915104
0.3521392414531893
0.4407245937179316
0.4355072523214255
0.4339228516177484
0.3855168164243762
0.4060747078324636
0.3534183527532764
0.4115424007551501
0.35610782474837166
0.2732268131118821
0.36361769874921396
0.41902621650756977
0.3734037756012543
0.43729382166263364
0.3217601276826315
0.4011282750286038
0.32655407404384335
0.3630879206083617
0.3522910317504763
0.41797029571532707
0.30603838778810283
0.387055750496
0.4103379694302482
0.37827964637764533
0.3743181935712853
0.39967433408637787
0.37275754704397884
0.5228701489143486
0.44964411077360755
0.4209728690170835
0.3841452732991025
0.44245366116573315
0.4478817443631571
0.40316291962389916
0.4909050225583769
0.5139995579519948
0.4371049974638986
0.47841946383451767
0.5063796926975356
0.4250209207587108
0.49898701375077675
0.5366823275776336
0.4049667122719737
0.5106495506810159
0.5407353357366638
0.5537921399944022
0.5292524280398065
0.559921426769549
0.43542712676420114
0.5806077905572883
0.5269709571823888
0.5584318418664973
0.45770341009198123
0.5247991518318539
0.5802703480079094
0.4693479730018264
0.5227076592440394
0.5328156467224794
0.4752149385056313
0.5634848810926978
0.5791973130451336
0.5298623399918916
0.5867409486916508
0.5772571962199622
0.5675236100464811
0.5256517993824283
0.5031616892034533
0.5559006531500019
0.5448867897977476
0.60948793324158
0.6090649973928224
0.594374834239163
0.6311157743328883
0.563732620683777
0.580206778157303
0.5818085679931679
0.5306306563386858
0.5431766257487575
0.5861583407700612
0.6357177277012948
0.7528041447044603
0.5380147348952936
0.6541032304755873
0.5539342285072929
0.6628684848718642
0.5227117659571334
0.6888385416795039
0.6521473340498654
0.6175165179617252
0.6218902762565022
0.6000348694023852
0.5014685064010694
0.597374281851115
0.5776071742006752
0.6583958035474925
0.5916657431539448
0.616422150342292
0.6344707494851707
0.5344834294762906
0.5744090735855739
0.649735894200579
0.5643599089284812
0.5781273711573651
0.6330534038355574
0.593043177119155
0.5988333377564884
0.597658456756075
0.6482978090938424
0.5912405567122313
0.6070401334535591
0.5889485550011294
0.503202451623916
0.6136296815059026
0.5981883266081316
0.5293626631879078
0.5621677264947192
0.5693000716092548
0.5562394436248075
0.5565480301035151
0.5447006240202306
0.5761709558755042
0.47969394240043417
0.5389739976380926
0.4478433683828718
0.48808400333622437
0.5097029121001413
0.40968427334547397
0.499682803042909
0.47090909745914683
0.4122040612128727
0.40949640793006153
0.5100430393230705
0.45665051789030525
0.4828848245412763
0.4003349049576727
0.47225957211335123
0.48740217094177496
0.3933818368481748
0.38284444363942394
0.4398597541371641
0.433125139479845
0.46301580212711524
0.3819178005085272
0.49185176729497054
0.47150771901681693
0.39661218134583787
0.42931062143569415
0.5946474812176887
0.36686054199372936
0.5650325394219179
0.47753258501958235
0.4069582029051931
0.4524438743191948
0.4410473205740502
0.41645838887831976
0.43886381906434047
0.4745418375910355
0.4813625272260473
0.48816681545854257
0.4019129317899637
0.34229644844348606
0.35340900508876816
0.31352164736938737
0.3615019668327576
0.3994856142091379
0.29922987530314143
0.2783015535476789
0.3198397856273525
0.2823900781774967
0.26503303502926645
0.23834592754390688
0.29040896450656023
0.29012730454063895
