0.3096082650074625
0.43997984144521335
0.41526622860576456
0.5456184218177589
0.32703378496249347
0.32168401465371865
0.33571747010137426
0.3303676997925995
0.34438177201449865
0.3390126184799674
0.2948188637553062
0.3475800042643097
0.2646585644783005
0.4918687367951774
0.40886976410614256
0.3259289410943769
0.3786125487003547
0.27626911670640225
0.44527146207671875
0.3428698804054971
0.35680641972437055
0.2156190033145316
0.2683026109205094
0.3984803551006959
0.4511445794809172
0.2517687193502743
0.22686127425326125
0.16320676086914385
0.5840941249442733
0.21024984978000041
0.2822585334651393
0.39297551898586963
0.5424589560194608
0.3624275551937353
0.45380008140954814
0.3318989746273575
0.5201294799480529
0.35944253842724505
0.3538214029578803
0.3675641100191894
0.32317652303696376
0.3563024558547034
0.46694190847240796
0.36436587776937834
0.4556221046306526
0.2948963966583319
0.21168420848597622
0.2447713748522029
0.2584559322362428
0.4077843034637824
0.3827024093349615
0.2413017774418019
0.44879920916438915
0.3461650287840903
0.35977205326510436
0.5672501017619352
0.5808958926944622
0.3618848248725553
0.4530441356050474
0.35031303909596634
0.40270589831559767
0.22248066523230794
0.449245023356787
0.09452036207865713
0.3600821848772073
0.3736310596809521
0.42596576922331414
0.4394952608013025
0.45306351883080387
0.5053400786958965
0.40255083250954626
0.4354829330697214
0.3132910779011843
0.40431470605338143
0.41778604795410057
0.547556744393402
0.4835339497199123
0.5551549688899227
0.43292434726987267
0.5045259832141264
0.4598282646197981
0.6089434203640169
0.409160512492489
0.5582756682367079
0.41662305440871467
0.6626349557093292
0.4822158903684751
0.6506755054176117
0.5865557946153399
0.5417417766664728
0.8265007462541916
0.5878932371925335
0.620650888720901
0.6534085402492683
0.6473415905875055
0.6800798588901165
0.7322013529491578
0.8617976003566514
0.5068519703048981
0.7915527902153475
0.6691477195634897
0.7793801244403094
0.8120408598398945
0.767207458665271
0.761082359326239
0.46424764009226416
0.7294877013432575
0.8397007229943207
0.6591072086216587
0.6141768913182531
0.39485569188424335
0.6019073094144327
0.7314260239189005
0.5508131263204822
0.5640712527378806
0.6548041325037312
0.6098544319745692
0.5261188967067899
0.558682715977593
0.45558333817913976
0.39126979511930376
0.5982632629722238
0.533910953460875
0.7021379698009343
0.4245314105173382
0.612141652613828
0.6058614874687445
0.5220871857494523
0.4576767265608342
0.3932856505979725
0.6196235777558101
0.6133627958364831
0.5683355624042953
0.4457172762691167
0.478203562636894
0.5494756837432886
0.5431761353724487
0.4011552402550832
0.6856234614564556
0.46606966331336863
0.7504991180632281
0.4534511833459325
0.5440096140799752
0.4989242309705181
0.4150336298966874
0.3893314725436607
0.5380201973212382
0.3184276327266384
0.5253048012250199
0.49952511096896746
0.29929638890504157
0.6224729119420055
0.46101064139094033
0.47397801942199225
0.4870035471303134
0.4999709251613654
0.3772557228974046
0.42898955244131726
0.5970033532980559
0.45490492527766474
0.3903200170572387
0.5195673664011164
0.590703804927216
0.5455021224632204
0.5971584191041074
0.5713205791707856
0.5260995134810335
0.4420926130526643
0.5131709019014945
0.42918338469888156
0.4808590645655251
0.5325347444321684
0.6229768758116726
0.4032292454110213
0.6099513481033514
0.6810102537264251
0.5581593688821693
0.6291988912794867
0.5064061561125002
0.3254055939989533
0.4158283421527011
0.583725843654901
0.6353627570700316
0.4155763602178675
0.4478300478765676
0.4412591343451377
0.47351282200383793
0.4475586827159776
0.363493632610339
0.35692271907890916
0.5053982283731658
0.42133317826752725
0.4341261072667713
0.5050687135353065
0.4597119652652594
0.3562443061774341
0.46595336395883
0.26551142641158343
0.39458432672365334
0.3492081952278498
0.28444883797561593
0.4522881898005466
0.3487623810354519
0.4778352813475218
0.47120621813882263
0.32891395786086725
0.45796747494718065
0.29627260568703845
0.34779321974763033
0.4574635110775135
0.3539183190866624
0.46353046073927623
0.20491946269698205
0.39210327382683025
0.30792192436665305
0.4175340660192669
0.294586265046229
0.3460874958810645
0.5719989920722607
0.13891376402860964
0.403578143474637
0.377546471283751
0.5646721327363299
0.4029384970246748
0.5125312554515322
0.17635440289973056
0.30532457211529146
0.29865674245507934
0.2919501463433545
0.49843965032660736
0.2010234343199395
0.5819619701110659
0.4201895679478979
0.35535267779263824
0.5812254075323215
0.2837510418483844
0.47085732007520686
0.4253648892248648
0.47678858715667466
0.4894458335756236
0.42457017696885113
0.43720804016204373
0.39177375898897093
0.5206722102692329
0.4945436219495648
0.5265840941249442
0.5198387315617066
0.5712430462677599
0.642049969956
0.6159213816363319
0.8223915023938284
0.8349905991355082
0.6731794305208272
0.6858172937140198
0.8535209629586555
0.7304374794053226
0.7043088910856544
0.852590568122347
0.787695528289818
0.8390998429958714
0.6966137504603516
1.0
0.7024674846387936
0.7926382508577078
0.805217964373631
0.7790893760539629
0.8692019925956078
0.804268186311566
0.6424570176968851
0.7907193115078212
0.6094667674594406
0.6027214048962027
0.6347037273943129
0.6472834409102363
0.6404993118954857
0.6143125738985482
0.6462755131709018
0.6589327595898509
0.6327460215929135
0.781027698629606
0.4834758000426431
0.3797755422457405
0.31482235273594233
0.46310402977263476
0.43693667500145367
0.2944118160144211
0.40390765831249636
0.41650675505417617
0.2546568199879824
0.5967707545889787
0.29923823922777226
0.3699288635614739
0.2662286057645713
0.35636060553197263
0.48522029036072184
0.6335019673974143
0.5104184838440814
0.3872962338392355
0.3805121048244849
0.3155395320889302
0.4444379833691923
0.3019325076079161
0.5277664708960865
0.42402744664767106
0.5917117326665503
0.6042720629567172
0.5780659417340234
0.4937682929193076
0.5838809094609525
0.6158438487333061
0.4927215987284604
0.5247426876780834
0.4985559496811459
0.5305188889534996
0.5043321509565623
0.6138279932546374
0.4131922234498264
0.387005485452889
0.5352871624895815
0.4703339729797833
0.4635498439650326
0.5924482952452947
0.31429900564051866
0.5207303599465023
0.5914791339574732
0.4296291988912795
0.461630904615146
0.6486790331646993
0.5643232346727143
0.654474617665872
0.667093097633308
0.42772964276714925
0.3821596790137814
0.569227190789091
0.48494892520013183
0.5750615417417767
0.5101471186834914
0.6390455699637534
0.5353840786183637
0.5479831753600434
0.7932197476304007
0.6895194898334981
0.7990347153573297
0.7341590587505572
0.5141594464150724
0.7982012366498032
0.5975848500707487
0.6877362330639065
0.6809714872749122
0.557965536624605
0.8032021088949624
0.7770541373495377
0.6540094202477176
0.6860305091973407
0.6793045298598592
0.6531759415401911
0.4526177046384059
0.7560039541780543
0.6911282975712818
0.5875055726774049
0.6583124963656452
0.6709891260103505
0.9550115330193251
0.638173324804714
0.5927196604058848
0.6828710433990424
0.831249636564517
0.9602450039735613
0.8178752107925801
0.40410149057006073
0.7656955670562695
0.5651954798317537
0.7910682095714369
0.571204279816247
0.7001802639995349
0.6159795313136012
0.5317594154019112
0.5832606462367467
0.5959566591072086
0.6086914384291834
0.5051074799868194
0.5566280940474113
0.35612800682289547
0.6014421119962784
0.30406466244112346
0.5687813765966933
0.5039832528929464
0.40041867767633893
0.37444515516272214
0.522881898005466
0.32242057723246303
0.5871566746137892
0.58052761140509
0.6708340602042993
0.5285417999263438
0.42501599116124905
0.689790854994088
0.31491926886472443
0.5409276811847027
0.6312728964354248
0.5665329224089474
0.6568393712081565
0.5921187804074354
0.6824833788839139
0.6371653970653796
0.6306138667597061
0.6240235700025198
0.6756411001918939
0.6303425015991162
0.6043883623112558
0.7141749529956775
0.9014556802543079
0.6041945300536915
0.69455912853017
0.6492992963889052
0.7590665038475704
0.6169099261499098
0.7073132910779012
0.6620728421623926
0.7718594328468144
0.45523444011552405
0.6232288577465062
0.5779884088309977
0.6102614797154543
0.4874881277742241
0.6554825454052063
0.6490666976798278
0.48754627745149354
0.5392413405438933
0.5715725611056193
0.5069876528851931
0.3842724506212324
0.35845399391366706
0.3714407551704755
0.4037913589579577
0.4361613459711965
0.4879339419666221
0.22955554263340505
0.43635517822876074
0.4299780969548953
0.6562191079839507
0.3785156325715725
0.4303076117927545
0.3076311759803066
0.39820898994010584
0.2562074780484968
0.1723149386520905
0.24353084840379136
0.15966156887829272
0.2502955941927856
0.32152894884766725
0.27644356573821016
0.3864239886801962
0.2445000096916129
0.2963501385900642
0.4063887112093194
0.400108546064236
0.2581651838498963
0.36824252292066445
0.2650656122191855
0.2588242135256149
0.17504797348374718
0.3238743191641953
0.25956077610435924
0.3114884379058363
0.30528580566377855
0.1827876955282898
0.38981605318757145
0.20918377236339672
0.1642495784148398
0.17747087670330097
0.2100754007481925
0.2620805954526952
0.35287162489581514
0.44366265433893504
0.6119865868077765
0.14063887112093193
0.4834370335911302
0.24475199162644648
0.2386656587389273
0.17439863542090675
0.5172413793103448
0.3754918493535694
0.2143397104146072
0.09200829602062376
0.12470585954914616
0.23498284584520554
0.20955205365276888
0.35862844294547497
0.35260025973522513
0.36599406873291856
0.6507336550948808
0.4508925975460836
0.44494194723885944
0.2645228818980055
0.5299180089550504
0.5627531933864434
0.49865286580992807
0.7059370820491947
0.33170514236979315
0.3064100327576515
0.4167975034405226
0.3915023938283809
0.5988835261964296
0.3797755422457405
0.3932856505979725
0.17421061813106936
0.3428117307282278
0.5113682619061464
0.46678684266635645
0.5578686204958229
0.47454013296892866
0.565660677249908
0.346649609428001
0.4571339962396542
0.4319745692078075
0.3680680738888566
0.5949293481421178
0.39532088930239767
0.3702196119478204
0.538911825706034
0.3781473512822004
0.7600744315869047
0.6962454691709794
0.516078385764959
0.4522688065747902
0.5047391986974472
0.6153980345409084
0.5128220038378787
0.41024597313484906
0.3271113178655191
0.14703533562055396
0.41278517570894147
0.44598864142970673
0.28532108313465526
0.35727161714252487
0.42922215115039447
0.1910643329262856
0.4762652400612509
0.3544222829563296
0.0
0.4402899730573162
0.2991219398732337
0.5649822643484329
0.46260006590296754
0.3020488069624547
0.3547517977941889
0.2717722083309104
0.34387780814483143
0.2414956096993662
0.2942373669826132
0.463297862030199
0.34160997073132915
0.2586691477195635
0.2920858289236495
0.2866972921633618
0.3395165823496346
0.33418619526661625
0.1737764338741253
0.478610610377779
0.6089628035897734
0.5067744374018724
0.30765055920606305
0.3411447733131748
0.23899517357678665
0.6213874512996452
0.30602236824252294
0.47525731232191665
0.5475761276191584
0.42606268535209624
0.4596344323622337
0.33819852299819736
0.21672384718264812
0.42478339245217184
0.36149716035742663
0.24006125099339032
0.4287763369579965
0.5399779031226377
0.6317962435308484
0.3553720610183947
0.6022755907038049
0.6747688550328546
0.4565137330154484
0.8003527747087671
0.775949293481421
0.8872477757748443
0.2813862883060999
0.6446860886588746
0.5428078540830765
0.6541451028280127
0.45537012269581906
0.3922777228586381
0.5230563470372739
0.4212362621387451
0.5907813378302417
0.5665329224089474
0.367816091954023
0.4017367370277761
0.4550406078579597
0.3145316043495959
0.5810897249520265
0.5568994592080013
0.47457889942044157
0.2759783683200558
0.678257835669012
0.6347424938458258
0.4555639549533833
0.2957686418173712
0.310441743714989
0.42205035762051524
0.417359616987459
0.3157915140237639
0.504952414180768
0.6360024035199937
0.45692078075633347
0.4135411215134423
0.3313950107576903
0.5012696012870462
0.41916225698280707
0.6084200732685934
0.35190246360799365
0.42489969180671044
0.6335988835261964
0.5321664631427961
0.45015603496733925
0.30999592952259114
0.6156500164757418
0.7662770638289624
0.39355701575856256
0.5248202205811091
0.7529995541858076
0.632319590626272
0.7054718846310403
0.44912872400224846
0.36723459518133
0.4985753329069023
0.5136360993196488
0.45118334593243004
0.42749704405807215
0.4813630284351922
0.4577154930123471
0.31778798627667615
0.5655249946696129
0.5807020604368979
0.5570932914655656
0.5335232889457463
0.6456552499466962
0.37012269581903817
0.26903917349925377
0.4587428039774379
0.47401678587350504
0.45052431625671147
0.5045841328913957
0.5780271752825105
0.6708922098815684
0.6280746641856138
0.21699521234323815
0.6587970770095559
0.6160182977651141
0.49572599872070705
0.5111356631970693
0.5653311624120486
0.6776957221220755
0.1891860983504875
0.5923126126649998
0.5496501327750964
0.44885735884165834
0.5419162256982807
0.5186757380163207
0.1853230214572309
0.7048516214068345
0.4490511910992227
0.7360198484231746
0.36395883002849333
0.1469830009110116
0.6278226822507802
0.4883991393847764
0.5428466205345893
0.8105095850051365
0.6323777403035413
0.7062472136612975
0.3536857203775852
0.4857436374561454
0.5015021999961233
0.30406466244112346
0.5330774747533484
0.6651741582834215
0.5065612219185517
0.4448644143358338
0.5382527960303154
0.6510437867069838
0.4924890000193832
0.43085034211393464
0.38861429319067275
0.38516407900602817
0.478649376829292
0.37832180031400825
0.72382779942238
0.4103041228121184
0.5038475703126514
0.46172782074392815
0.5553100346959741
0.571378728848055
0.41299839119226217
0.6035548836037293
0.6584287957201838
0.7908549940881162
0.6906824833788839
0.7068480936597468
0.7230137039406098
0.409703242813669
0.3289914907638929
0.3645984764784555
0.5746738772266481
0.6296834719233975
0.5102828012637863
0.5265647108991879
0.4459498749781938
0.44288732530867786
0.6336764164292221
0.727568761993371
0.4725630439417728
0.27574576961097863
0.5441259134345138
0.3279447965730457
0.6157469326045241
0.6128006822895465
0.609893198426082
0.43255606598050045
0.6041169971506658
0.7369308600337268
0.8309976546296834
0.7506348006435231
0.6121222693880716
0.4736485045841329
0.5871760578395457
0.7394700626078191
0.6591847415246845
0.5595355779108758
0.5955883778178364
0.6704076292376576
0.6289662925704095
0.6456746331724526
0.3716539706537962
0.46595336395883
0.5990192087767247
0.6933186020817584
0.6132077300304316
0.6106491442305829
0.5305576554050125
0.48925200131805935
0.4479657304568626
0.7362136806807389
0.5399003702196119
0.6537380550871276
0.37991122482603557
0.7651528367350895
0.7433467077591053
0.7990928650345992
0.5253435676765328
0.42606268535209624
0.7919986044077455
0.6346068112655309
0.7098137272004806
0.7269097323176522
0.7052392859219632
0.7223546742648911
0.5650404140257022
0.582194568820143
0.5993681068403403
0.7909906766684112
0.7694365296272605
0.6897327053168189
0.6100482642321335
0.43346707759105274
0.5670368862786145
0.40987769184547695
0.485317206489504
0.5026458103157527
0.5005911883855712
0.47919210715047195
0.49655947742823364
0.39764687639316937
0.5119691419045957
0.5487585043903006
0.3529879242503537
0.4867321819697234
0.6980481091663275
0.5023162954778934
0.6361187028745324
0.47919210715047195
0.5548836037293327
0.47552867748250666
0.6481556860692756
0.4331375627531934
0.3926072376964974
0.2551607838576496
0.40848209959101395
0.3873737667422612
0.34690159136283466
0.4421119962784207
0.4598282646197981
0.32247872690973234
0.3595976042332965
0.5711848965904907
0.3951270570448334
0.4323040840456669
0.3532011397336745
0.33224787269097317
0.5051656296640886
0.42610145180360914
0.5215056889767595
0.4230970518113625
0.6736058614874686
0.42017018472214146
0.5931654745982826
0.5142175960923416
0.7454013296892869
0.3369579965497858
0.37434823903394
0.35360818747455947
0.39103719641022655
0.07957783334302494
0.5434668837587951
0.25141982128665846
0.36643988292531643
0.38456319900757885
0.6546878331491927
0.6340834641701072
0.3033474830881355
0.5153805896377276
0.24283305227655982
0.2610532844876044
0.4343587059758485
0.5107673819076971
0.3933438002752418
0.21780930782500824
0.2361070729390785
0.2738074470353356
0.3696768816266403
0.4267992479308407
0.464557771704367
0.40540016669574147
0.6176464887286541
0.3065457153379465
0.3443623887887422
0.42096489697815515
0.5169700141497547
0.3222267449748988
0.4570176968851157
0.32048225465682
0.39716229574925854
0.3575429823031148
0.20166308076990175
0.37531740032176153
0.5102052683607605
0.4900467135740729
0.48929076776957225
0.4110213021651063
0.15830861972049387
0.40958694345913044
0.3507394700626078
0.17561008703068365
0.4657013820239964
0.42627590083541694
0.2512066058033378
0.502568277412727
0.366284817119265
0.210637514295129
0.4620573355817875
0.13198426082068576
0.5966350720086836
0.49919559613110814
0.4599251807485802
0.3431412455660871
0.4008063421914675
0.4391269795119304
0.43868116531953244
0.39946889961427384
0.5928941094376926
0.514954158671086
0.3789032970867011
0.43666530984086377
0.3587835087515264
0.3196875424008063
0.3387412533193774
0.2996646701944138
0.3187571475644977
0.43476575371673354
0.2794479657304568
0.569944370142079
0.6666085169893974
0.37564691515962084
0.45296660270202166
0.4527921536702138
0.5107479986819407
0.4330600298501676
0.3941385125312554
0.626601539028125
0.4326529821092826
0.5488554205190828
0.7619739877110349
0.4711480684615533
0.3547905642457018
0.5097982206198756
0.6454614176891318
0.2771607450911981
0.5678897482118974
0.781124614758388
0.3934794828555368
0.5873505068713535
0.7424550793743095
0.5874474230001356
0.5099920528774399
0.27749025992905735
0.355120079083561
0.4521718904460081
0.4329049640441162
0.4718264813630284
0.530131224438371
0.35585664166230546
0.49171367098912605
0.5112907290031207
0.6471865247814542
0.3372875113876451
0.2793704328274311
0.24085596324940392
0.49308988001783255
0.47399740264774864
0.3579887964955128
0.31951309336899847
0.4942722567889748
0.5139849973832645
0.30111841212614604
0.5146827935104961
0.5925839778255897
0.4572696788199492
0.4382741175786474
0.2448489077552286
0.5166211160861391
0.4201314182706286
0.43994107499370044
0.3822565951425636
0.3827024093349615
0.5964024732996065
0.4612044736485046
0.3453896997538331
0.3265104378670698
0.42394991374464536
0.3275765152836735
0.2699695683355624
0.25112907290031206
0.36799054098583084
0.5624042953228277
0.44668643755693827
0.2340718342346533
0.31222500048458063
0.4679110697602295
0.3328487526894226
0.3722548506522455
0.3729138803279642
0.5092554902986955
0.4324010001744491
0.278013607024481
0.25932817739528213
0.3957085538175263
0.45457541043980537
0.3583764610106414
0.475412378127968
0.3792521951503169
0.5738403985191215
0.5939795700800528
0.5172219960845884
0.5179973251148456
0.5381752631272897
0.7909712934426546
0.5397840708650734
0.5406175495725998
0.5608342540365567
0.5229012812312225
0.5237541431645054
0.4858405535849276
0.7192921245953752
0.6813979182415538
0.5659901920877672
0.6056482719854238
0.4127076428059157
0.6462173634936326
0.47269872652206774
0.45422651237618966
0.4551569072124983
0.591789265569576
0.4958229148494892
0.5549223701808456
0.555891531468667
0.4211781124614758
0.4802969510185885
0.4037525925064449
0.5985927778100831
0.4445155162722181
