0.2595064684365086
0.3747524784062222
0.3019798668991808
0.32261376847536716
0.36783321084507087
0.38092013844709016
0.38098838266862833
0.2922603650043628
0.35585527128847627
0.35788455220087495
0.4047844211507605
0.36706622811654666
0.3456770951382411
0.2786100989709739
0.36612453251321686
0.2727827033665386
0.27571861002069564
0.39173338894657533
0.31685721559563107
0.42879568858149564
0.3286805025640611
0.2790689408248102
0.21967433905671463
0.3367992222277829
0.3595188533131219
0.3360023355901153
0.3378244435889944
0.3089112128798276
0.2585537667653302
0.22907427646749742
0.2624865857180324
0.35161162035953547
0.3280964350094471
0.2802945700387159
0.31638551305906265
0.2677764342460355
0.2654989275597354
0.29775302014281924
0.23088390031516248
0.35556758473064487
0.19824003177894928
0.3461106278037639
0.26975673384991367
0.28839887928354335
0.32424011255899
0.289841148798855
0.26544644313738325
0.3500646101335177
0.29861272772767916
0.3388306826025065
0.31296880128822085
0.32277812058519567
0.2529928295939304
0.4237688474657263
0.2990899207620719
0.3643558152670384
0.3824455265903579
0.4338120010991602
0.34011740195455376
0.3610578080797583
0.38402889092060283
0.33616518614752416
0.40372522822561463
0.35454055083724595
0.3504743649239007
0.3819196637843304
0.43482305097410656
0.3634574986472856
0.3789367443042109
0.37614984211945146
0.3983525468378901
0.3979359770570225
0.41987940182403605
0.376549586857098
0.5206264483809445
0.4371325484760188
0.46097763932907543
0.42491438624362277
0.3654730916687414
0.4483068007590358
0.3540598460627446
0.452297128609467
0.4765072003773292
0.48616832267300447
0.5195941885397556
0.5328681667345274
0.46451706850017505
0.5991883988842386
0.46677051063050035
0.5782372542995988
0.4975192412264921
0.5781576799992464
0.5587784144009617
0.6008912826437107
0.5510699306109624
0.6834033457457118
0.480134871787045
0.6335034447866295
0.5739472664598373
0.5584995591997977
0.5965027323581382
0.6469094827581974
0.6716964212652216
0.5994972455275905
0.6771411950278198
0.6253812067581036
0.6665150802002142
0.66999710851261
0.6490129696405266
0.5579445691730988
0.6218515856023441
0.5535478418122807
0.6530000878277218
0.6165776676550708
0.56093866199876
0.5785366558352854
0.4522516026867726
0.457032422545693
0.4715285270393081
0.5175103801909298
0.5149661194296231
0.49164338461295376
0.4802004553142494
0.5201814211719373
0.4811174764395078
0.5716394454975586
0.5128410827924187
0.5748965722718543
0.5290291195793871
0.4982427068420118
0.5424917890780289
0.5356594998763745
0.41394408279525025
0.4799048529714146
0.5134177430442406
0.3726128738721067
0.5534550028775534
0.5280547707404551
0.4353293052834991
0.473094354578945
0.45952874718164577
0.3867332721423607
0.5122620454339107
0.44175854950989
0.39975442461268
0.38798310128896063
0.46968471758824826
0.4511680324803997
0.38254839476497626
0.4391076595368329
0.46398422832755226
0.4705447536926263
0.4203794395917846
0.4229175157203384
0.4277971904272495
0.3969403243555044
0.39752415961140586
0.34149284374281913
0.3539728344011125
0.41272179859204383
0.4408367807415402
0.46346008198992195
0.5533546065729593
0.42258592042530885
0.36615187376140956
0.5646541764569752
0.44504391392007603
0.4806339260053317
0.4669587501837886
0.4585550565603984
0.5805217029481582
0.47844538746398413
0.4609814323460836
0.47675663937791424
0.4709504245721464
0.5472571680966101
0.4568252777393445
0.41931634050785277
0.4092445023431301
0.35871007525014953
0.4272848342331077
0.47602074342609907
0.4290952631670604
0.44227938512818366
0.5063341393415688
0.33021830692503473
0.3449069695790721
0.2749490202560376
0.3346902989764328
0.32623056790530824
0.3153647593893647
0.3088877042265636
0.3247605273045629
0.36096607858976315
0.3464222463984514
0.2987540289118028
0.4203136078640056
0.3642882809425956
0.26806699905065584
0.3518536938270373
0.3635281517147759
0.37139262687832175
0.3158416831180618
0.34845278295707227
0.36009588460486336
0.3090159556635385
0.34404476447439003
0.4117531589951078
0.3734959546446424
0.3562544516683207
0.32294587378479533
0.3846483673610719
0.345985449121168
0.3681238095965493
0.2645132760558099
0.36272017456908046
0.277339573813582
0.33565515047703837
0.2891626570884325
0.2300985067460925
0.23067268636685617
0.21307436717188655
0.22373543813105973
0.2837028286733339
0.3071044133472744
0.28730029860415807
0.34910596805900945
0.37041625324669436
0.26104725001310125
0.32851979212828697
0.2965755907412505
0.3306085263966568
0.35331570970108983
0.27879508744218784
0.40191443922563586
0.4426449705332819
0.48807198124552464
0.3341611323763663
0.4846769456330968
0.4930437136878615
0.5072012240949736
0.500942150323393
0.4692147075847184
0.5984838267659114
0.6367512965425863
0.5959356342834641
0.6374179251407778
0.6653803317563411
0.6849840256615957
0.740574676583823
0.813350290924895
0.6921826658300416
0.8275823286605892
0.8236215545887264
0.795493253156252
0.8184312007997804
0.846943553499184
0.9607215970365993
0.7866428351725493
0.9136092975700667
0.7791488844689906
0.833190472611076
0.7925417480221171
0.913931537577333
0.9084601384016797
0.7904769335039303
0.8982499988486538
0.8267395256724308
0.7554247718933208
0.742173234920626
0.5957969728652479
0.6425267032379812
0.6392416714356374
0.5411421523137971
0.6380112389005408
0.6587796200702901
0.643565584638778
0.5598771469244687
0.5207073217327228
0.4418597154609681
0.4832210841578547
0.5220227208047022
0.5506970319044044
0.5112909980834404
0.47920153511649294
0.420167450017398
0.5211530304482084
0.48250418339499973
0.5547157958126182
0.3826413557907429
0.44970849457284956
0.5093993343266852
0.40524597790020245
0.529730267957626
0.5219010481883745
0.45306849373588615
0.5248219481092429
0.4152402337190805
0.5504189083197438
0.5015524319476445
0.49573393467307286
0.497239053309321
0.5049423648942819
0.5418269529165478
0.5663951307149802
0.502803907927022
0.4937251292295295
0.46557468115733014
0.5029047537829667
0.46572098576694965
0.5458283951386644
0.4868979144357255
0.5386634695545508
0.5453745937092243
0.5646630011012073
0.5326363083281616
0.5470146990428515
0.5667401153912347
0.5943012970663211
0.5369819465455369
0.48497667908955583
0.4772589781285382
0.6084275410853732
0.5589326060531229
0.5851144310423044
0.4878998563229393
0.5697232780280799
0.5842521757994483
0.544673053050466
0.6066717095119023
0.5695147539777663
0.640678224411587
0.5935536062799235
0.5900991688809587
0.6700816417467035
0.5478830092937467
0.5890785334412129
0.6177774644526401
0.6402833968881484
0.5198716322806355
0.6556567860221157
0.691448772257659
0.6334353546703192
0.6267455840584818
0.6420542925732919
0.7004816089589291
0.7467994673449051
0.8177631628224151
0.7110734775500591
0.7456443635550174
0.649294164503204
0.7258794474159815
0.7098416860395532
0.673920324611532
0.7441836594376257
0.6285608837887612
0.7459905134484606
0.5956951260868878
0.5685052675670617
0.7312942620298701
0.6549319583345743
0.6500046239858218
0.7006079598390649
0.6374295938685424
0.6578700877393303
0.6016267237574118
0.6584468754133794
0.6437992613789334
0.5353043542501865
0.6462524875363354
0.5955676031716045
0.5723896861727248
0.53637886599957
0.6127898985043855
0.6507064641546195
0.525466224700012
0.6603569602350795
0.5506420985745575
0.4957065896397966
0.5411942910118489
0.5152487144230132
0.5619872131443061
0.4378394395221024
0.468920984749194
0.4302857931515346
0.4061042003180574
0.44739897028192577
0.3874895484903401
0.4373896423836749
0.4944854503217826
0.4529434137505949
0.4556668262817026
0.5208886655066907
0.45786817495533283
0.5214537685851646
0.5211763579812716
0.5447438922951975
0.43950092815107267
0.5913775762036924
0.4729153123647464
0.4336726156338683
0.49689072569412895
0.5069718143388905
0.6125194893517598
0.5094315106241951
0.49301500812113613
0.61237241766039
0.5818231540067591
0.5801893191951982
0.5496445959572788
0.4960806982421206
0.5073575473300997
0.5741093192468567
0.5618317371012123
0.5024294758001611
0.5174948327262098
0.5529104587346441
0.5945617001756893
0.5369347553668073
0.4435567426039151
0.48097969122238726
0.5187892033563661
0.45493987135546043
0.4736347230739819
0.3978280727910251
0.3835462034640322
0.446492125227118
0.41901034863571335
0.3243056550780707
0.3871157677297306
0.36561363794373447
0.2798546063236698
0.28230293111625654
0.27082976019278265
0.24564651202470072
0.3940552007883087
0.2675110278896275
0.27505290138476546
0.27896171980479617
0.26876122231532434
0.2271504562712441
0.2938487165404864
0.2204851437802435
0.2226402259230147
0.2912794798239088
0.10635763355084342
0.22492275590445404
0.16902207408167513
0.2545010550471175
0.12036831080376091
0.18664041264178471
0.1409406157333576
0.14718125136687482
0.14887545972044833
0.14261811903298874
0.22375573950419925
0.1693428451127714
0.18399626155352672
0.07423015829601665
0.21083191669905343
0.10766399713725325
0.19042871971534983
0.1993147816454231
0.3125780082372016
0.2222437399123842
0.2322777262106034
0.2103593242054072
0.28898114665114344
0.26847653477625383
0.32222907606496315
0.32477789000028123
0.30666739975697593
0.2790334135443342
0.21057202627076577
0.3510064108278067
0.3118856180425823
0.25530760288509624
0.22063667217398758
0.3764254445491034
0.365263181705418
0.3532309607411769
0.2628398852257562
0.20970332765398622
0.26268281606503324
0.22281771914226406
0.34103411176446957
0.39288985171493024
0.2605146105025713
0.3204606705403955
0.30485284043758415
0.28150275496306787
0.3288014800096717
0.45684263575523887
0.4767051812675436
0.2902245412705122
0.44686605808441754
0.44292447710002314
0.49303506114727885
0.4549444069418031
0.4147959247491572
0.4060426712745707
0.3778024079002505
0.3891817107235958
0.4000845663533933
0.4909007020220072
0.3129585056203133
0.29141023468691263
0.5070741004389661
0.42454505783537594
0.4794020015942075
0.38282660386212525
0.4941117374667975
0.4830125802151559
0.5320157034667737
0.5875755029437525
0.5224723225744627
0.41052586823828485
0.4330293784495416
0.5369418965168417
0.46262095216445875
0.4621117092547966
0.44890604835241144
0.47097593059684395
0.49482428671129947
0.46143567924355056
0.5152863995854574
0.3835945410370325
0.4863530079942351
0.43428672923352774
0.4319568478261233
0.4554507006772291
0.44521349052087983
0.4827805971440054
0.39198306948622164
0.3995542018538732
0.46117227737117394
0.4480290595465586
0.3498401705693098
0.30778251365610615
0.4576826351776548
0.4280979625766518
0.2941516275565358
0.3642845379008456
0.3590420141190273
0.43658629233933377
0.4040777513507948
0.32447776005624296
0.3241585112092876
0.3532367452778527
0.30853539372477706
0.26742120419475945
0.3329391979640433
0.2769375154503369
0.252798273808959
0.3477373581177113
0.2962102674950323
0.3155681421748981
0.2896589607693353
0.26975025070433417
0.2791035771046646
0.2883109225810437
0.2957517233933161
0.2536669979709249
0.30952976216646894
0.277001317675751
0.29885929046715987
0.30192313877956234
0.21284567647646568
0.28473333471769446
0.3749909808321171
0.3307043276106868
0.20683088163313781
0.24942086060405289
0.218367297634833
0.22539949127604203
0.3078687652319124
0.3303419877718804
0.26897172257997826
0.4480964998054762
0.49369040016361665
0.4171157725720756
0.5267193871937624
0.5142555406293361
0.5499737338253936
0.5542190351360885
0.4985861370359209
0.4219474114719135
0.4092989721949302
0.3164627561144008
0.442620749361893
0.3099969924945765
0.47764134250794266
0.312205170193024
0.27594673019874516
0.29272100275918894
0.2780361115853728
0.22881734778474705
0.32085984267309564
0.2519874286491359
0.3155502570032131
0.37510919669047854
0.2839946401236776
0.22968891216277199
0.27259717865875066
0.29269403376299163
0.2206069327708613
0.2515468455945412
0.3363803095341174
0.2684319796704617
0.3024266376132401
0.2680970192579793
0.3897064048519506
0.28012489100003113
0.33060637527263703
0.36191534552054083
0.3426781800673553
0.3706411735610745
0.27936756579200467
0.31337984758065085
0.32468388127793646
0.3508464814924589
0.310020561816877
0.38481233266043513
0.33611398997261455
0.2310158882620081
0.24350371775102717
0.36267804650698665
0.3801920491229439
0.45349602089273533
0.3903686448577304
0.41653776887886884
0.4310170452162845
0.3946585149682223
0.46179672939098787
0.38368566905483104
0.40288570031079857
0.4175085547167079
0.35060346066622283
0.41319724967768534
0.44414870600710665
0.44360456437370166
0.5523953411036298
0.4058232929984663
0.434669636496957
0.432211603616824
0.3127775264032937
0.46069769428550483
0.4356919942768587
0.4153003646995538
0.5283330846615931
0.5116155755774019
0.34018825013241616
0.5085997361967598
0.3274124642433903
0.372845939427667
0.38677803335974215
0.40864085492840385
0.37348311232681053
0.40152339193371644
0.45219497062799957
0.38023187651937373
0.40156826810949947
0.3569043782812235
0.4705703203236835
0.4771169306138263
0.4291103442827986
0.41766807317445165
0.448565357275465
0.40914860828936966
0.33896560293160516
0.37054271292884877
0.4205473533854339
0.3531146833599456
0.39740406056161226
0.4162762427999224
0.31511038381201656
0.5101514281671153
0.43829080813606464
0.4142121563135024
0.45537122101970773
0.3685864024020229
0.4061471618244993
0.4679366562068155
0.506525278589907
0.5363452841459266
0.5202974435175995
0.5362444393332896
0.5700517572108046
0.6059852945590642
0.579886147717549
0.49410139403528536
0.5509096232217432
0.5146180631071348
0.703155826365712
0.5437314979564428
0.5107706106990068
0.45358209040346253
0.5159790356198011
0.4935466767686212
0.5319150056081828
0.5362937290623007
0.5180953626525611
0.6081284527045543
0.4784219641286651
0.5258295533670683
0.4775438596184158
0.5322244642149051
0.4903991642386838
0.4561131766702667
0.48355505689400546
0.5165743020891349
0.5109064232436278
0.49290960750526847
0.5376856809337974
0.4924841896980596
0.491472063004907
0.4376278170181909
0.3639800174926144
0.457236462820005
0.4291387397270435
0.38467802309033117
0.4241516746987938
0.35918292174921307
0.4675388325323724
0.39471284231141535
0.4965818613430337
0.5328384041251004
0.41252847472999965
0.44615448306966193
0.5143601304951755
0.5670708986175753
0.5058696219136943
0.5153206921068166
0.5972159204258384
0.5496793687397663
0.5233280536291006
0.4781894947484653
0.5574332489802293
0.5366626988309435
0.43310474149508105
0.47206011746816623
0.4234213930343472
0.4868386368901863
0.5522782040440428
0.5561104077662387
0.42732075048761237
0.49333046339450803
0.49242629176490704
0.4870053752914322
0.507360560114555
0.3877699842002452
0.5280449657936559
0.4475155173283193
0.4695071493291861
0.4426892498391502
0.4886808270623951
0.42176866771203386
0.48826342365197145
0.4971215304700392
0.5153889176013048
0.4481390437261742
0.5821882586197085
0.43257619870971975
0.46256830992207415
0.441706992130819
0.423016166228713
0.44164666103909855
0.4416927399667778
0.4450225913678949
0.3845432226534173
0.39183513326954256
0.48899356008445266
0.5207764308117914
0.4504691174445814
0.5038848214696242
0.48279462525871414
0.48695555230451093
0.6140599998913818
0.5208717455547751
0.503670210196029
0.43871874883710177
0.5195675205719409
0.4298458694743623
0.3700262270326398
0.4459466539191164
0.4489777493478423
0.4617615285835833
0.5914981089315705
0.4589480010750442
0.42058327069105056
0.47826109011464796
0.5064830819621657
0.38225191664124825
0.40550529112335276
0.4176304313649977
0.5577470753305906
0.44475178115875746
0.3199569131600045
0.4294416780384395
0.33257856482143705
0.42746045918607883
0.34974428326826823
0.4598639276623654
0.42721248078692076
0.4343042717831576
0.4342614931070556
0.3656021653509187
0.3863220132944587
0.43466708240235313
0.4165777636696333
0.3689679722639774
0.47582432491610155
0.511119164894658
0.40481735145423314
0.45614491956239944
0.4695470707705877
0.34382697992893485
0.38009586893702146
0.3788754595766148
0.38611142614051663
0.45045807757606815
0.4106057021449247
0.41991184318196106
0.3148601482566944
0.4474870510395086
0.36899002079662335
0.41547228071365433
0.4134675140169386
0.3582106410409668
0.3476754775308916
0.3767345745480002
0.3827414061235277
0.327981837720884
0.27497140939651465
0.38161423313319814
0.3639223395520558
0.3182449771423028
0.36462216452915636
0.38784716191256197
0.4128508742799763
0.3169901360801616
0.40901390046586067
0.3596111147576033
0.35353802561288106
0.44509947714767745
0.4335262341184909
0.3503476442958272
0.4225513713447032
0.334202257245133
0.38051549154553455
0.33011654377342803
0.3144566968078746
0.3965644778902866
0.46529678292184695
0.40193146787479433
0.3848182108903813
0.2810965179421513
0.3651218986467619
0.34733764535998746
0.4139378011186041
0.4230138508712825
0.333116309213739
0.4165137077099196
0.3585404212586826
0.34179270603081585
0.41799803103054023
0.45035685917158763
0.4025328253866886
0.40163933308060024
0.3791874045324496
0.40384123343997286
0.38855501791104363
0.4117565921306441
0.3765224466688422
0.4870825021760958
0.3750263822394248
0.4822312303560419
0.3946047171995244
0.477631432129356
0.392055370786508
0.4481735783531515
0.48204308735250734
0.4820112296616383
0.38707136700798844
0.3029600057908689
0.396188976500974
0.3797054886592586
0.29691083525942197
0.2843491525604189
0.279521445744607
0.3345241458098782
0.510035641148016
0.4789080752464272
0.42230406656167085
0.4456449278381167
0.31136207506455726
0.4874886982579869
0.4630832901415317
0.5495530777198125
0.4727503688641166
0.4798298584797297
0.4530925797380557
0.5575362178604704
0.49655115386520987
0.3308358178224364
0.442937106937996
0.5422859343470211
0.5291203414854009
0.48457002194730237
0.4001148967415529
0.4340687768720023
0.45617683041667634
0.5837382802969969
0.43060951330641406
0.3357702602462511
0.40216461984177426
0.45334577643223245
0.42797194140605027
0.3405064600951275
0.34481244123189253
0.3746575148981137
0.3738711627690683
0.5104983558961846
0.3350307004271926
0.3852187328903598
0.41467722101795956
0.40892489709774366
0.3423609659772566
0.3620567372764334
0.3615270937214891
0.3564129096993973
0.35349420793544445
0.45382980317476684
0.4118732974453118
0.531358329441759
0.4731659736747961
0.42824229739506126
0.43315110041786714
0.45305092268524405
0.3153601924543719
0.37608572690436803
0.3631611247293056
0.3717753560870459
0.38370829026041475
0.326753230355509
0.35636833990887207
0.3346885739121891
0.31332582675095433
0.21352688988381616
0.31107253886276043
0.32029130634470226
0.3137599384691309
0.2529576405798217
0.20799106487761526
0.3096871189905179
0.2916543470840487
0.27355443506003585
0.2744610508005627
0.30340193205893745
0.2333574305852178
0.2978813811609652
0.396088446778675
0.3267151967495459
0.3431126927671452
0.3539621136565507
0.3287879551806542
0.25951847099683
0.3440727772039901
0.40255392768079196
0.34176832624084774
0.4187244349552158
0.3935243507185636
0.3870167340062939
0.4234952478213617
0.3924147741478877
0.3052093316509278
0.4027046233914981
0.4068104877307246
0.41283668195228307
0.4579441289092312
0.4842664209904824
0.397074128653989
0.46320906122782873
0.367367592781683
0.38765445883188115
0.4330599975170599
0.42155237387834815
0.3637253636618609
0.3368944249147049
0.32140706622986936
0.3996969502288203
0.30563577945008713
0.3386273281677109
0.43038021259741477
0.25677034233116997
0.1931449379457763
0.3667337762595444
0.33276448564216365
0.3077318530649757
0.43780191727995965
