0.41484807151958175
0.30001972749230915
0.36552856570607783
0.40734723933258093
0.4285814670913958
0.41158321639941264
0.4621819334184582
0.4135229692689459
0.411275793400273
0.4880892408592325
0.3951764801787624
0.40413397408023044
0.39937024499932383
0.4073206080044628
0.3001395776935744
0.410806100960497
0.4698699586717876
0.3959864355405751
0.29908977387499514
0.3971345820726325
0.30452395909392993
0.36010968758829165
0.3871795101158528
0.31916188026450015
0.34384731968696297
0.36272271546073154
0.2805176994513629
0.3424089188960489
0.33586355347914965
0.2406255440810412
0.2232534495844181
0.28227688652753236
0.2662627168853825
0.35190131939471114
0.4033088714961093
0.38242427010500774
0.2817253979627533
0.4312735568918911
0.32377014219758793
0.3899968373725234
0.36557390936803813
0.3917945881757218
0.2964388130699358
0.3444456463082955
0.3730524775643054
0.39074713820506557
0.4131182426581382
0.28071598163698896
0.28575851693138626
0.3310086603854774
0.4070985335753428
0.35295016946182556
0.31111864154930646
0.345187651169635
0.3744706578280861
0.44525134102964625
0.39967424148788094
0.385409911541554
0.4328928771444139
0.5074585564549068
0.4213350582103392
0.38777869885738003
0.32119145821654405
0.42699549517294033
0.36663610262900437
0.412743801596931
0.4195314412525494
0.3163399857553269
0.44989588181363793
0.531382026516689
0.48148406356265533
0.47939464734983667
0.37949689427031896
0.4385083609316957
0.44762108093437114
0.48250531417048864
0.5225767305520661
0.48621030145687233
0.4688615268554879
0.44161005639700657
0.4048232982129221
0.5393218076140969
0.5010655593918849
0.6111239479928482
0.48285611048553956
0.439645053530042
0.5234265143468758
0.5143421610197765
0.5666866083689603
0.5509795320568945
0.5856785586356148
0.6392269371077103
0.5892052870345665
0.6548852366303454
0.5760361061163733
0.6890065539902143
0.5516463340609091
0.662107912424669
0.5870802551892673
0.6950037616247615
0.7021352451836569
0.6685206972253221
0.7214246286756547
0.584272764395612
0.6646257210483021
0.8227775843847113
0.5948385715421617
0.7865571754178099
0.6554119424341178
0.6218817068121987
0.6155641702604897
0.6201162507219629
0.5861264429366942
0.4548077982122898
0.5542561282575217
0.614073958975782
0.4633623049308974
0.580176933102313
0.4811628703003734
0.5200224336808803
0.5168073365903565
0.4701779652727906
0.4721902652260117
0.5269941811982762
0.4117678095658785
0.5247248573839353
0.47614161568338204
0.5125143553420749
0.5020360729999473
0.4976085226645965
0.45216092730801394
0.4634292279146903
0.5669383220113116
0.4820367736794976
0.5913170081796473
0.521242565052169
0.5459340745046865
0.47027540365699233
0.5459565758001141
0.3713908921662529
0.49623566730133556
0.4296589228425227
0.596816158306873
0.5246567740078079
0.48274050159452625
0.3842091107355044
0.527664375804873
0.35610356379184366
0.387603450501787
0.4875442420061283
0.4759401475015074
0.46870174983804386
0.4907953750272357
0.4718063819146804
0.4566744458267123
0.47636896652581406
0.39997937103617054
0.4135613785613371
0.5395688095621753
0.46062159498095057
0.5355380004465652
0.5747492347161718
0.5978685449149929
0.5457455124733315
0.5790857252842776
0.6023656028142619
0.5990924323339333
0.4692396014492558
0.4281913256205741
0.6174116674161473
0.49188173913278965
0.4836560154805076
0.460090645476955
0.6535733735723686
0.4336799563950155
0.4070941021839653
0.45181024013595605
0.364805941941683
0.4382349705268555
0.29693496128801183
0.5158797085721137
0.4774219184443785
0.6012133964113071
0.5477635731146838
0.45059043529380916
0.39323950719344364
0.435696864716725
0.4290286765984773
0.3595974004317375
0.47007594398367347
0.4080055856304174
0.3281021134343636
0.4025664216743474
0.35634209870781297
0.441068130481107
0.4291717894908089
0.44749603353742995
0.342202325170545
0.29425628458721304
0.3571818911119462
0.4965840661926715
0.36488953131859636
0.538876128810164
0.44532455612158883
0.34730990472581047
0.45443690930277025
0.40998305467875673
0.27479690705428583
0.2764149972626362
0.39929479919891775
0.4014163086913325
0.37608415043226634
0.4080547523775571
0.32298439897062103
0.36724004890600775
0.4137910201126837
0.4775664514510613
0.4042385386308293
0.3980370692062364
0.2580977672316936
0.4058944084639843
0.3890533931613241
0.3028441152180722
0.36338396690628416
0.29365582525411155
0.32184279645378777
0.29280609639585214
0.19617357491897242
0.3199639995908859
0.37471665914367625
0.31832746099896747
0.4386848537840081
0.44764987944628326
0.3871447188077229
0.3105167421049835
0.5005521725829611
0.4242804371333239
0.5122771854085141
0.4223117313990807
0.475389887134577
0.446660732363459
0.36834871900973165
0.4929848420448442
0.4887817088456549
0.591559598731461
0.6002474049315433
0.6070004670127211
0.7439181954709446
0.6161398880495491
0.664411084524103
0.7296030443587078
0.8096751521542465
0.7452991895103616
0.7543132397579259
0.7933929295498358
0.731678956806932
0.8195874983261783
0.854300620233054
0.9417180372936421
0.7522603783861759
0.8641735815296652
0.8521745463488393
0.7802237940254784
0.8410226714728556
0.7271683496790776
0.8817147485282012
0.765745102200838
0.6916582937741625
0.7786235611800132
0.799531913783196
0.7030900417767713
0.5454449279047137
0.6152370044009055
0.6117313707520938
0.5985877836408823
0.5422643595445459
0.444339783700293
0.5253651158222379
0.508314673445379
0.4457978292036858
0.4926999123325602
0.42546474185419914
0.4673525343007777
0.418517625004068
0.45244499251205894
0.3789688630226461
0.3928972098632339
0.4777017323335804
0.468656013648385
0.39865853390198747
0.48318601397048666
0.3760999005235328
0.5846732947473199
0.3460799265816884
0.5081220886594342
0.6346301176197702
0.41109269392931824
0.5040507874894177
0.5578370964161855
0.4736706194795145
0.4622628336430277
0.43962504930431356
0.34830132717791884
0.4910903247729324
0.4932820925129653
0.4531497977141453
0.32761846269114625
0.4889581411571464
0.5049500484881297
0.5534085965139763
0.480841299779129
0.5726904042550813
0.5759274472607407
0.5350736685146502
0.5457086054495305
0.4826558197094841
0.5465585337351514
0.44087659826765857
0.3975795075466312
0.6145117940561079
0.4940553229905816
0.675721435660115
0.5303513709914291
0.4759705601848176
0.5437411932050694
0.5560800543479418
0.685338337585822
0.5189897488438184
0.5154991786487586
0.5195642990290489
0.4798483100651422
0.4305308299037006
0.573954811259672
0.5229313877508595
0.5534061636591687
0.5368649831960607
0.5850063269864556
0.7043008319883135
0.6689285125516846
0.5059533856586427
0.6604752404306753
0.6193420592104832
0.6682932396247451
0.6592027495586881
0.5901802504209044
0.835008500384081
0.6310520552099661
0.6642426010014271
0.6941231143059674
0.7153856373523573
0.5551623204727506
0.5537873761172282
0.7322509627444844
0.6605595921501608
0.7031273588224676
0.715363573291816
0.7458647047015852
0.6174231595624582
0.7623826423683108
0.7523727473128623
0.6299199444726586
0.6020603021514077
0.721680847358198
0.6877968001943621
0.7408522957768613
0.5545859226216037
0.8171276527164569
0.6579835396015618
0.6666675398656393
0.6057225402429732
0.6800736769539423
0.6544254885547023
0.5960997078810663
0.7550429503618779
0.49213609407193304
0.7140247851546586
0.527976644325392
0.7069663806877231
0.57273690201683
0.40243364547528754
0.39986428903251603
0.5014381863452584
0.5498598300880184
0.5718024722519199
0.3637289601702157
0.38180953334576584
0.4273179471744385
0.5314304149467707
0.5704871814395629
0.5379846562521586
0.48987811624447086
0.3948395063112031
0.5870569029956041
0.3249559886033471
0.5438633127328611
0.4912112982381008
0.4609293797608413
0.5613461760441363
0.6137460159444446
0.5128598490126663
0.5620609026801942
0.6146259406861048
0.45343196014661613
0.4983799382666825
0.5661312758777948
0.6068406890559486
0.6613508031803227
0.6068743169494089
0.5554231798745793
0.5417684657739218
0.6015837600403691
0.8229431465661448
0.5508460399234836
0.5748282860373958
0.5540168335789261
0.5672504392792921
0.5402847670012506
0.5904867131306591
0.5133222363817771
0.5008977635908632
0.587018006987204
0.5859320347473721
0.6197181108240998
0.5361580086841828
0.41478804710925055
0.5080126297007276
0.43802795356489194
0.47119644415321044
0.2006430826537003
0.49098749278991616
0.37957396138681865
0.4320728190223015
0.3011717608781662
0.3657636537097307
0.33751228549035284
0.4067887277262838
0.4299711292247018
0.24920843316586366
0.24832227844219806
0.3414400327974626
0.4350531032405973
0.3927919447658447
0.367466543415933
0.22987779348231424
0.16961512913907031
0.242749850277414
0.37267503545583214
0.2672242031551784
0.14848001943188888
0.2860038830649736
0.4104756786123538
0.20382712437553027
0.23585730059758428
0.2590363592939852
0.29622175315661864
0.2116326768242866
0.20110239485169148
0.12649137587737957
0.29789159614676863
0.3297214420504891
0.34349500890573054
0.2518201332258881
0.2451996408021663
0.2506618435824631
0.29840231451597327
0.13540496812885255
0.25656625537420685
0.39604693102529853
0.26686970054160086
0.10303345293000668
0.37287529766691613
0.254899237355099
0.3192813854311032
0.225039696743076
0.34853982723027305
0.21954788689645785
0.21019847294900734
0.417563912602435
0.2449721573535629
0.4091506115299312
0.34335537139012734
0.32630023917208456
0.3437761189169848
0.3456030944448712
0.32180365597808097
0.4303914341744214
0.3161728959473893
0.1960448702894766
0.3787059186126455
0.4095004490913964
0.23251189373142678
0.39954701340343834
0.3999871653319734
0.38539989009646325
0.43249755814044527
0.4730712064653574
0.4938884182923797
0.4204074682380857
0.4055569394743629
0.3291112760303993
0.311134206770838
0.41539984244398653
0.2696693770677863
0.29926132251667953
0.3837778438474078
0.2106095445620912
0.317155613185752
0.40546491994523015
0.4459701604770517
0.34868911537674335
0.44343481610605584
0.41323686282002137
0.4114493096508263
0.4451510096526134
0.4494673337343684
0.5907518888443942
0.5796405290847915
0.4631862079336184
0.3594082951575743
0.5952628887477068
0.55073796943646
0.44787338566615825
0.40389144771753455
0.34911435314229305
0.4482696045367385
0.5552589311835212
0.43019957904651374
0.4257038571181883
0.4685949004512068
0.49660621725337273
0.3987141492201295
0.48014494775105593
0.39128493568470757
0.3711015369263976
0.2774868650398695
0.47184160870224295
0.3948608691285126
0.43481752887668096
0.37661023484931555
0.33226121755436394
0.4259862821003234
0.39967584809437146
0.200002975373648
0.39294213745781703
0.5234970863043124
0.3936076301643199
0.35941053373394183
0.4144218242566079
0.38595328998490686
0.34632994485184865
0.25504520470891995
0.22999991440767514
0.3723553282674548
0.3249744085151775
0.31844921641163554
0.2058535485813074
0.2775840997764659
0.27284869720088595
0.2251596425853262
0.40270394916784985
0.33700120638114006
0.29231677703960746
0.3232416067540448
0.3634442079644521
0.4640039567628073
0.3425521407531269
0.4544522333589092
0.3995822264076082
0.2863294570786159
0.339535242160103
0.25767702628924893
0.22610258519349766
0.5597354999130774
0.3811439567450696
0.4215348751364564
0.29450823493299316
0.46575771692988693
0.44618968547902305
0.41254602576089716
0.4293860004938294
0.48984338416327666
0.5187336706111898
0.6762881748709633
0.6965600906378722
0.742643166634555
0.6253331358726609
0.5728851021843171
0.4483322705432994
0.42234544396331136
0.3928742152258232
0.3271408654878064
0.44853661159746777
0.5527199813764587
0.5845761879627168
0.5192349999898566
0.5096798744945406
0.3718542363423634
0.42456973016018335
0.49558943242991194
0.4269035617016502
0.4027890584601392
0.44239127570672704
0.4065453709668913
0.5125469690317528
0.37944705789177235
0.4190020151741228
0.29263020640966386
0.41715794493723846
0.44735479074547363
0.33581856390900267
0.4292760053891852
0.3831550974291377
0.6551679958299325
0.4128189091187389
0.3471472612286427
0.3670657795128151
0.52678483010587
0.49126514469970395
0.39180379528498965
0.6587207906846931
0.49945451226120985
0.44291221217137106
0.4313876247686053
0.43686473957944433
0.5912158999173297
0.5016713258591399
0.49957480657384334
0.45187718403422555
0.32582291428165344
0.41607175264946245
0.45963901782644345
0.5298633211646606
0.40353123089351484
0.4930204236145915
0.532945839444495
0.5501805806299833
0.4249997892886909
0.4723276199177451
0.3486507376521618
0.49781132988226817
0.4864626081603974
0.46604227129529213
0.3428739639627386
0.549135173551636
0.41699470143413214
0.5117284900734959
0.41313055487748457
0.5389634053171627
0.40462119205735736
0.3601716803196918
0.5720037345965345
0.4991278642642316
0.5210573902037846
0.5023812989573613
0.4808461283462234
0.37935021113801365
0.4451754756368622
0.5296098839563337
0.4877916654663408
0.42030883626998794
0.41908821246267575
0.6101849867806298
0.5481577100979312
0.50096925932791
0.43027453475056127
0.6034702103089286
0.5958441287128409
0.6681251542457278
0.3820459260413774
0.59330873425881
0.4644829638646928
0.5403493653825991
0.40241534562719505
0.412965479191643
0.48653812154690923
0.4809944631902238
0.5765193003736016
0.5576673711666382
0.46613005583656353
0.3787336953902224
0.646881337921802
0.4425072065846908
0.5248116118012904
0.6543870984973993
0.5828193476154472
0.5748686568836241
0.582230591944234
0.5818087224934653
0.7123764592400974
0.5487396089038313
0.6412745078418687
0.587158217355481
0.4317674430651003
0.6384153083322427
0.45684828367558583
0.5244387115778352
0.5171514093480518
0.32279923173464004
0.5191220512082558
0.6134998779572438
0.4409880544785996
0.48529245476137745
0.6684268184060047
0.6375084917560938
0.5653225820289535
0.5041540014613906
0.4455646896795784
0.497577461874702
0.4303845998348458
0.6770676629633545
0.7075362096357247
0.7361291727252587
0.40831754524475294
0.3906238105868636
0.4981764346897134
0.4234261566329735
0.5335134900722585
0.5842830595048087
0.5950583451356588
0.6030011607261393
0.5641736912458358
0.5008367676380843
0.6323448274037042
0.5101716989100759
0.540102955329377
0.569341739253939
0.5284190621417492
0.654526498566371
0.5262677894020308
0.4563138608094559
0.586057229714313
0.701283839971499
0.6127525725109413
0.7111633594830478
0.5690413293963893
0.7042072912783854
0.5567558810928448
0.6390601319828352
0.5584548086117955
0.6806350977702992
0.48895160061567583
0.6887979323672322
0.6760619866845051
0.48745015535213043
0.48518388410559554
0.5796953021182178
0.5317438694555264
0.571576901762712
0.5451605580700186
0.4172451854265054
0.4363827042735508
0.6769251241563502
0.5099547774475921
0.5689091189728758
0.5087228961090517
0.605311708784379
0.6227121568513709
0.726487645173644
0.5906505216541051
0.5445263376239978
0.562680760850971
0.5581512780370146
0.6497149639601676
0.6215669555266621
0.44965431934564787
0.6930763362120046
0.5674381741435173
0.3275484419888655
0.6622592296344192
0.4864084820737219
0.48152048643008055
0.6631998146786634
0.45139738516592176
0.43445028891161264
0.5958585395169241
0.5370115132000324
0.6047782464408759
0.4276946694436488
0.4154560143418738
0.537031427535141
0.5933429384634059
0.5749752394055605
0.4654343687906236
0.3332219466652653
0.5251732207042981
0.5512615351229346
0.40209412165692004
0.31459637602706303
0.3332843110548536
0.35943513877948247
0.4876550067329136
0.49487115456959907
0.45412851605055415
0.5285146046646284
0.4642607963653305
0.2926132751710119
0.32113366830582385
0.4392123358562003
0.3924584410086864
0.36057915693456943
0.44986251895104423
0.5224680370242025
0.3868423281983723
0.3819671144364154
0.4439519375145064
0.455063761985751
0.46861577423912354
0.5071106472442848
0.5124180490060788
0.5544321489896491
0.6126300315210031
0.4692718821528898
0.3779384779956841
0.5655652158829206
0.4206241261458001
0.43561837469091397
0.5128641781878918
0.34581114550677383
0.45726376409864394
0.4741989456988427
0.43381927128334713
0.5742899868179204
0.37700856854502807
0.38714300617585545
0.36862289706767365
0.4323319107834751
0.4670060213055252
0.39481432420060963
0.369783790786414
0.7152826030204447
0.27390913441989556
0.5035860434821119
0.45385593051536527
0.4521729182104398
0.44822181192128213
0.27424473827999063
0.3720189056796658
0.3173803272168693
0.3604425941056516
0.4470729203375047
0.5126571841917619
0.43199219705933206
0.4810393017695219
0.4145259256481079
0.35111308707442646
0.4629101563197659
0.2927528797237377
0.2331038650328079
0.35610573629795855
0.2702584338010155
0.3666889823010581
0.32633228974739026
0.3235489894852154
0.36805627473989755
0.31286690376717496
0.27750643367004973
0.4226295880695918
0.33645085137771147
0.4134880614038091
0.3627412437546324
0.23031731283564683
0.37627848430456445
0.3705487359353796
0.47160422151367987
0.4362920200491999
0.3830790805630017
0.36721234889606225
0.4663806134415244
0.36230473798225604
0.33828303120996395
0.4690296473966024
0.41844056895616516
0.2919155509373174
0.4421972902512611
0.47301189664555543
0.3876943760299593
0.5088472240290798
0.37085115514928807
0.4541991047567004
0.38660314597430623
0.288506675067334
0.40108149565802753
0.47691349947224015
0.5124315089584668
0.43756593634591373
0.4986225552845859
0.4103198128012287
0.5020106908521617
0.39242448914670247
0.4139508606256151
0.4399488884103161
0.5170845701201174
0.4937904566882363
0.5385612644193181
0.46603176817873604
0.4405831059864217
0.5609688862290263
0.4466462001064598
0.6657481381014598
0.548516264626475
0.43924547834477007
0.4306889294159446
0.47446921476490783
0.65183031475659
0.5599552656858233
0.5367632362671951
0.44916406836133704
0.5826435149774358
0.576423586258846
0.3903295746935931
0.44945820963092875
0.5969159684694035
0.40365716349718694
0.3993802712686078
0.4734516907851249
0.4807654608610677
0.5409490670486917
0.4630203036848589
0.43006555280348674
0.5445031916652061
0.3787670945923746
0.16586757194843854
0.28148557033103827
0.32517491195444675
0.3482384766323334
0.4138821932350402
0.33748686573920766
0.41894855630446665
0.3466994608130662
0.6016969474692047
0.37588661598833406
0.2754884214723709
0.4275270996932545
0.3081891798308089
0.38835294197257075
0.2789809411724079
0.4686948158385412
0.4546144438716796
0.4302043966429678
0.3859258455015993
0.34950349605993414
0.4784454881441617
0.4143225545649461
0.4379163893097902
0.3862974315807279
0.42364186852499547
0.22786478820005632
0.4679762537267298
0.4712831566129379
0.31230336579076245
0.42879364752315857
0.3815370026217176
0.3361510363006106
0.3963394097520449
0.14038820223959922
0.3569306574530195
0.4593466156765116
0.38854277722464686
0.44583353975786344
0.3164478046636881
0.3659746780616815
0.48062992658119147
0.37082956700090025
0.30497779272895803
0.34824837380391516
0.47612433815464444
0.3327210269845196
0.3819994578170799
0.5794244788128979
0.5128968304603567
0.6325044377039308
0.6001064308787711
0.5813164273806677
0.4082404703213169
0.37844109537864873
0.5070643247309369
0.4175049840423032
0.4731510739491384
0.5055242148331904
0.6521330780053864
0.3795787858543716
0.5887568394737575
0.5927291391688534
0.5685337680689772
0.5204537096609979
0.499616102699293
0.5186444598420605
0.5566881931935542
0.5529760019826647
0.42138908943225295
0.39608975551974107
0.5367407243901742
0.3953800547335193
0.4570251320902704
0.587318639464856
0.3400694951211224
0.3687741943328438
0.30804114340302075
0.5474527157149341
0.35372426134197626
