0.3236674921865073
0.2842394791004364
0.3252991906976651
0.35878592557623645
0.35890221684100587
0.3143761156138226
0.417203963486525
0.33899664394342377
0.3168649229832534
0.28333704443648744
0.30991714374031193
0.235213043795845
0.32369158230758366
0.2817063146848716
0.33180781934079095
0.35415107138168345
0.33564377444340965
0.31363199046195755
0.25969395413918767
0.3865708531495454
0.32269483179800174
0.3789547577901933
0.30653049746363004
0.316139594399211
0.30053075064158763
0.25685617273585826
0.29818793562717916
0.3235613272039835
0.19503984449900819
0.33127283543390895
0.425854295940093
0.2496850844721794
0.3908910242143412
0.27346135342925054
0.23918741960537104
0.28088444752938
0.32559817632146665
0.270710161154905
0.22065264487907804
0.32307601214581194
0.29485866821027595
0.27810339857947936
0.3114489289563113
0.2931345130570162
0.29153094825077286
0.30626832367552415
0.355304352721458
0.21614176384297307
0.26743843642194015
0.3416202940569494
0.26889636953228846
0.2173816386284419
0.34199188641899203
0.3007507697555425
0.2154250468832117
0.4043279910865225
0.34743234220281183
0.32439319718129744
0.36450202310696045
0.345096077082909
0.3152936594304797
0.2708082976745652
0.3026070837298407
0.30668528143313284
0.3476763889824732
0.35152706488990665
0.3632761959117973
0.3948163053625484
0.3921430176131031
0.33160785740098764
0.3338834482848542
0.4215421888612779
0.3948937648311941
0.5215084491731143
0.3767331799005995
0.5243015456142153
0.5038721169764415
0.4965245280205065
0.4215335557996122
0.4847723038571596
0.5076258288515734
0.5535726657981781
0.5820138246703238
0.5090764869169708
0.6156972231878115
0.5744871479240057
0.607049940110511
0.588789989742412
0.643088095789047
0.632442278114332
0.6358168969128697
0.669505090063431
0.5521316118243921
0.6799298478127265
0.7465854284071668
0.6680274250701645
0.6715558584014947
0.7484745056054274
0.7348964711860686
0.7341059039948561
0.6576436086201249
0.6882455792585518
0.668653912848109
0.7146801205611764
0.7325111111955896
0.6339988127029079
0.74519614801209
0.6876685259961234
0.6409500722599342
0.7278947127602788
0.6342889664171444
0.5806387492658487
0.5738502573283468
0.5965882148525046
0.5689623242401669
0.5689405825477831
0.5539405056026517
0.6402800264789638
0.5035809380681644
0.45016677404956257
0.48195694286900337
0.5698345767272951
0.4645207762231657
0.5652022216408464
0.47828228554836877
0.5395937446005618
0.5125149243267577
0.5531579599798775
0.5228857198224017
0.522775911965836
0.48823114517748667
0.5304305142618133
0.4558237810220833
0.5366724477002488
0.45446809056725823
0.45869998741196427
0.5536329748713674
0.5165911477115559
0.5116749690928957
0.5192361723430552
0.39350010155883264
0.5273346960371752
0.49544328538088617
0.442853211042175
0.45557815174062344
0.39920436816270055
0.4747283521037973
0.4751717788881502
0.5598583180657553
0.46824737012587553
0.3487171272354797
0.39855046413037776
0.38723271626995304
0.3850507500821321
0.4041784484229755
0.3505700608242215
0.26526897975871166
0.33429580899345834
0.45206691892856343
0.49929351079594725
0.4230602670351722
0.4222760509162462
0.4080157802944786
0.422637043273427
0.3894009935005074
0.35429947721690414
0.5826898229917064
0.531618378032433
0.5175737146242236
0.5793934021190056
0.5850823902441031
0.5242552221453591
0.4888027865245982
0.48083647116577566
0.5185329974149568
0.5218346888659778
0.4957142159400192
0.4193212653327904
0.46478480495390573
0.5435240903106733
0.41405019034750973
0.5285762936875892
0.425764906475423
0.4022442123233954
0.42792606346902506
0.4284586252545657
0.4898460944783189
0.38922027582263663
0.4460659928004084
0.3241115102101444
0.40740056554917625
0.40879420535587513
0.29107166894497477
0.3649183781604498
0.30553811703816736
0.46885245003325404
0.4189403669574244
0.3261335226190937
0.3516436276764756
0.2381458153358315
0.3715166361259764
0.30487718065693636
0.41364748218411085
0.3987664064244997
0.36807372603001387
0.2889951192079617
0.3073129711867986
0.2825808293268548
0.32335608218253364
0.34910555779558416
0.35249456713367544
0.37708177461688575
0.3574966042256759
0.36855982297840983
0.3074626267233762
0.34783526808470344
0.37011485467958494
0.23974878426069146
0.36585806863022063
0.3084899613398714
0.3287327244330302
0.16346121310852804
0.3339437736902075
0.3421316192976322
0.25128259072639586
0.28910837462514427
0.2967336554466201
0.28153943779095736
0.3342965353300875
0.33138534353713744
0.34206512243791076
0.4065637634274924
0.2521196951192275
0.337002404256994
0.34882916001111225
0.28931307557411584
0.3854735711631053
0.4818682174303799
0.45141232538331344
0.4278804446193878
0.5919863905063963
0.43730705948918386
0.542371556435959
0.5042825693001882
0.6134624177365654
0.4867914607623773
0.558131101862914
0.6240658214977133
0.6794558818548544
0.6102507300775594
0.7202754640382767
0.6229675770572758
0.8052269026293026
0.7467139054433478
0.7684512316981484
0.7520746007502075
0.8654606003663936
0.8741908428727543
0.7510410845172762
0.858997146087574
0.7860117722727564
0.8756602965561209
0.8504766113732685
0.8751544598601133
0.8458353556034914
0.8692772720320883
0.7868158468306179
0.8137430364739279
0.7953434728679094
0.7296118274481274
0.6882721546669689
0.7433271277076434
0.5864004797500519
0.5770615289084299
0.6410148318882105
0.5413779958791107
0.46330573307848966
0.4428138675947454
0.4455129594774504
0.5061212714902963
0.4642769101738377
0.5820025222413425
0.4777689490787341
0.6018449120076246
0.6482291347411602
0.5339303649562751
0.4561741088444373
0.47752527904280784
0.4473238765409703
0.49592465952007925
0.34509961590134264
0.4304868396844582
0.4392235883710186
0.4800314718239781
0.4920145015045515
0.4599155245914968
0.40411491983555337
0.579960264178021
0.23160652244245428
0.4004415042490622
0.4518010360587662
0.4564201129140062
0.37703760434178674
0.503269058874082
0.4901793434630307
0.40970373527921383
0.5309540589335051
0.5469964432337343
0.45438223146378554
0.5244439185617393
0.5467617509239994
0.44037543797628886
0.404632749469259
0.5313012585187414
0.410568899577046
0.4833527079369153
0.5888642744482487
0.577290462712708
0.5480269566409406
0.5448021304648106
0.5104596826324698
0.4212279132821686
0.5689317679683882
0.5666652278888393
0.5766743262466909
0.6878061551749375
0.5917572951918667
0.6531007698872526
0.58152014399329
0.573759120662837
0.5041876457492733
0.6158379973700063
0.5502068171823479
0.5857750963752263
0.6955511421440839
0.63009681788995
0.632505262008025
0.6941712355058436
0.6719137152727355
0.7291810919675492
0.6054323290301532
0.6828078644339496
0.8079242438143595
0.6023082397457384
0.6612022704053503
0.6726892688472703
0.7412148132990163
0.7066459436278849
0.8579459801887093
0.7343875100088311
0.7205775519905374
0.7142536206862389
0.6847021583297451
0.8323737093383465
0.6585644117033547
0.755742863469665
0.7435643181960587
0.7910936028899961
0.793357713149283
0.8494643671850592
0.7530067686604245
0.6889595169232994
0.6825010391268191
0.6984243805782997
0.645177354997134
0.7485381578735066
0.6730729929337571
0.6636526036124509
0.7814314621894916
0.7718353800406883
0.6136794819734165
0.688776016602561
0.688355300485739
0.6790946585538147
0.5093376753671144
0.6762983339763442
0.5848208175142708
0.520583676531773
0.5757505320516952
0.5002958754020981
0.514476133529957
0.4734705019196604
0.6222808600735259
0.5256615456108805
0.5332410142180135
0.555547995829719
0.5851649792935107
0.45068671263807597
0.45172256633558133
0.3966465693094673
0.5310634339615591
0.6130281637765023
0.6380063882783604
0.3687470591351718
0.5833734643992065
0.631940379276935
0.5420099857339407
0.5571947270504309
0.5792749136966061
0.5780849693995807
0.5359773485687073
0.5639971619410729
0.5714174964225743
0.5167282829558953
0.6449181116226035
0.6784256572960692
0.7522578924370626
0.5658985547581407
0.7408715352912729
0.6538884037020747
0.7526842481200249
0.6037345374099417
0.6529844817202379
0.6438208636700469
0.6270219949861019
0.6693057248989852
0.5033561112576449
0.6455407737426533
0.6941134269545175
0.596189705707064
0.680896359821791
0.43599964133190783
0.655723892633244
0.7123638608222895
0.5112135467852895
0.5996392015399038
0.534539551839929
0.5418842660623424
0.43315409367678037
0.5077315127922284
0.36732266717549183
0.29710064051000074
0.411196801860221
0.32588719208747935
0.3699513138816276
0.29008864992806266
0.4003315271727657
0.34299214307882697
0.3080531517551923
0.397264757603377
0.3109730663501744
0.3999041116795521
0.3827368440449759
0.25911213431929225
0.3429796485613768
0.1670481136638584
0.290088902207769
0.09835893931803821
0.11647199452755067
0.20305479281206248
0.271703910891691
0.17703965091110418
0.1761817127336936
0.29643362474777696
0.2956051171500159
0.16961024408344305
0.2550714002363226
0.3183738617079101
0.250191244457029
0.16153473587622097
0.23496889821055617
0.3974185904203188
0.2349196736872065
0.28286876823539375
0.35188490994626076
0.32843139007698186
0.2846832499138833
0.174765898831166
0.30017238147560876
0.2479884398031976
0.17185251691531112
0.1427387423394492
0.1975018910921675
0.225166510352992
0.42668207244260214
0.2539707767018257
0.2258884605983204
0.3954370940768542
0.25818521283963825
0.2065013426120589
0.20803176557101138
0.43258999620433497
0.1432939712149286
0.24540012855212628
0.17400234931243314
0.1760006644140276
0.1726052577838096
0.24849591036201318
0.2601736650326334
0.2835293807323833
0.23295369985556424
0.16493506221490853
0.4322634307200009
0.34153165517614587
0.4223890384795742
0.4534400401484863
0.39398377327990053
0.5206888768090112
0.4338912040902423
0.4015686724935774
0.35306290275480706
0.46269976327557044
0.3671851014171534
0.42812586351597226
0.2831431560926744
0.3243295252324935
0.26710266547653055
0.25307139039147153
0.4278928212136812
0.3146913463430057
0.4866814626591885
0.36428666392256126
0.38662167857413854
0.4280742354569129
0.4478035062631374
0.49260984289205056
0.4484283392318012
0.4612438777770944
0.37604116035961266
0.5195156568600765
0.4835307508963113
0.3559705239025365
0.48164260059806785
0.47284468513310146
0.42963535233835193
0.42474380178887483
0.44991480525312993
0.4126757339939032
0.40996749221894957
0.4109825361197085
0.34496320192091384
0.39278833518359535
0.4737692661452826
0.38938737282868596
0.45813392296767075
0.5306667751616706
0.37239682100434934
0.37715729600702597
0.4300198087074921
0.47358633372945436
0.40265317418484536
0.3007690477766537
0.27543155603673497
0.41144178372686774
0.24915544566496162
0.27193380042355686
0.23697931290454055
0.34864608633619243
0.2612677343867962
0.26928430726419994
0.349576199063025
0.2822973416591651
0.41724044729028553
0.3953563135696876
0.24354847568134486
0.3801326959046638
0.3072324311371546
0.33264432303060343
0.22797123158716334
0.15378590262553105
0.3881409552806197
0.3092313072528046
0.23711100753277817
0.3124411217192545
0.3639577180619621
0.2859399641391575
0.2010408647218252
0.34542396440463624
0.27393632966082854
0.15643843665421497
0.18572508027250745
0.2823039472135823
0.3119810761411248
0.4008387383013138
0.25709765555430725
0.3288976827205994
0.37259926222389506
0.26743418262152074
0.4299131969167942
0.43038864432588475
0.5743029276433487
0.564915542062155
0.7034574476500572
0.7405207232390285
0.7805041309608696
0.4488311505177768
0.4053947037431873
0.42797039340901866
0.49872593942651383
0.3459821372534853
0.4068149711785424
0.36299518196881636
0.49090283048453454
0.31007802239719284
0.40176154143424364
0.4862321071807909
0.37652925968997625
0.4160426667354616
0.35850386567399106
0.3468645232453378
0.391011014549453
0.37217543602335457
0.32219306419478005
0.3409494283996254
0.39861615500418607
0.3394186071785815
0.3081727304549638
0.4437831530587537
0.3345680841113573
0.5089519144741095
0.3219238619578525
0.39648152284591065
0.3048429024919697
0.3345432530173065
0.34014900771321216
0.3382184510681532
0.4079164567787398
0.47372921805922175
0.30336218511027657
0.4317152217158927
0.4165297211541532
0.4234850360350272
0.3555579580437525
0.3836072952638698
0.3148949518836863
0.2832074607470845
0.39133910240117753
0.3659773454240185
0.42937119310679117
0.42974378339588015
0.4283488550834512
0.5190014172919715
0.4252163013970528
0.27859514864095797
0.39857132224426456
0.4235421301030215
0.43189453766745345
0.6504563500657943
0.4049434871897575
0.2961138923807668
0.3743769584998441
0.46876963382525794
0.3541182612405265
0.4637435901652216
0.520980206376572
0.41884398299136905
0.3610785096087166
0.347464547518117
0.3973741155497196
0.5081384935699595
0.4388283079822325
0.3391589004498811
0.3107667296734036
0.42937304061645065
0.4968708493605615
0.43150499941898246
0.5272046802124185
0.4249408966260838
0.49645910745901123
0.3682628298715186
0.4273338694940221
0.35392493962095734
0.4257720459049027
0.4388268886699146
0.4713448683325909
0.390952173835208
0.575230575285989
0.44945256014174473
0.4485047978735903
0.4588443796132371
0.4010281121588064
0.40726346152158865
0.37364817927646693
0.43217596445204165
0.28884704095947306
0.3760263039862335
0.4920739614980213
0.39054849927621504
0.4022155910110168
0.4864399523681877
0.4346637272940738
0.5101478319251576
0.4325106002394047
0.5516310825313522
0.47520596147185235
0.41290436882985804
0.5777284540018053
0.4394068651406926
0.3868850751963288
0.4975439938634021
0.3677347203111076
0.3891962243189018
0.44719455491185545
0.5584408996872964
0.6056546696875464
0.4995706526254772
0.5339029024445705
0.4267078877807162
0.4870339520081118
0.3460666762971232
0.5129967461508762
0.4697656504382772
0.3743744977436744
0.4396815399400771
0.5992169729497925
0.526508140787155
0.516301965840272
0.3589716030974468
0.5968057919965526
0.47290166778879394
0.434772718544554
0.5546131414165784
0.5880011515015985
0.39934670949450335
0.5351073713675265
0.48847188019497734
0.5967228465828259
0.5500505655885193
0.6035134865078423
0.4608141120322633
0.5673505178603983
0.5676455641109391
0.37803989924646986
0.5312653176059055
0.6637646641256566
0.4422708388587624
0.45802230904036256
0.37594794882876015
0.561153122953705
0.4650871872909855
0.420449276114525
0.44490783941325157
0.4571811623963292
0.6390783476495001
0.5086218979196844
0.5686370941073824
0.5754440496989413
0.7001188260587201
0.5053314818562362
0.6010105324589718
0.5290526214180808
0.540693173555637
0.5308400995627012
0.47690116143574457
0.5527112625840346
0.5292006495316718
0.40292398559680465
0.6510080824425533
0.4915540311982491
0.561492302860066
0.6630128043758965
0.510677573083834
0.4046485979859548
0.509935422511961
0.5287812874698791
0.4592297022201643
0.45541629960673324
0.5869103032901514
0.6124952130827698
0.4934064599440832
0.48353778234743006
0.5421324658839359
0.436071336351479
0.5477745391715176
0.5717416711103409
0.5151325231246175
0.42504866801640323
0.46271105836409243
0.5602795939648468
0.4652250557049801
0.3666017618591645
0.4134886429275264
0.44278551666021576
0.6131739446427014
0.4025382892407622
0.46461682020378425
0.49033029623443025
0.42196406716022716
0.4168531407449041
0.4746900397451874
0.561007641504756
0.42910121694612013
0.40261337189405233
0.41987211048432116
0.44612031487197096
0.3985855123354937
0.3685430753400175
0.4147820252323511
0.3247254326981389
0.3644436344139125
0.5541645871494512
0.22918481816837477
0.34793349890684466
0.3209454752399439
0.3743150729507353
0.34598759102479926
0.39923654926297775
0.36422573459299856
0.27408677598960124
0.30782414507512235
0.26054686622936757
0.4556846585003296
0.46807019570925157
0.42662896108393633
0.46968289068809493
0.32737519849370167
0.5152313242417906
0.42157206541663916
0.43020682438287117
0.39033989108059275
0.4619190072917181
0.33203890656850044
0.40115980684654295
0.4778636214203015
0.43310755476076923
0.41124646471428233
0.3464421585390119
0.367926162008258
0.5601771600908756
0.4149189440421463
0.4395757553263347
0.37936478603181695
0.404176135883352
0.4782622925870318
0.30161862888561897
0.45811060170398815
0.48352974833217666
0.33550533220173906
0.37966080712206784
0.5507945702352535
0.4581823004554076
0.3339659977544762
0.42371679174810933
0.21317173649181692
0.29969130995109433
0.3214383144521444
0.44732803773049673
0.3890885593750416
0.33944929084056424
0.39995203867031753
0.4990650253925073
0.5808770270777259
0.3674710099555394
0.279667640768516
0.4590725194619094
0.309215300842755
0.3001196490173881
0.27984334874263084
0.5856213556703531
0.3835244663983226
0.26803946507677273
0.1804514171004718
0.37296644783935995
0.3805354249929025
0.3767432300750079
0.3456429288377024
0.43293657900985905
0.46300245233075865
0.3756827423708192
0.44670772928527663
0.3748195282399445
0.5163272824173685
0.4476457846853424
0.34709376891753785
0.40683998149628975
0.3097366483127729
0.2915452166356869
0.4770179026694982
0.3955047920308178
0.4272618453255865
0.3654736406074037
0.4309781090456958
0.49829602920169097
0.539085519198209
0.5788929112374802
0.4658773265543686
0.41008510989810976
0.4248544860789495
0.44473307634583975
0.26854176525733026
0.5101818172392686
0.4014594100786012
0.5452758683113088
0.5013904785393277
0.4153575849556561
0.5075383838548491
0.5931714767937574
0.49281324330709425
0.5630658305195572
0.5406663303829011
0.4147946288318145
0.3999557393458386
0.4719569042370768
0.6306766756239771
0.42847403662536615
0.5605813822338033
0.3477330355737821
0.5554058712476674
0.4760784014545497
0.45230998420173674
0.75040753823278
0.5751116703963575
0.5627611663108383
0.5505629041201148
0.5859936263229222
0.6215346334630878
0.49326050703061547
0.5331676083137811
0.5439106358399367
0.5641948353937218
0.6036753672450739
0.4760214704758009
0.6062482709240427
0.46860190857256645
0.5245652344524971
0.5596854943725686
0.4762369022485101
0.42579706365520137
0.39349070742277636
0.422817632212529
0.49923529673329636
0.4720237918154605
0.522076084774825
0.4905004070745518
0.4356471703700102
0.5418743868414684
0.46576288895636014
0.5368863907381141
0.5795993000572072
0.5085453820468442
0.5816733260866245
0.5836067010025823
0.3534606902462294
0.3774703431102783
0.5216269466775104
0.39204831168700927
0.5308241914181177
0.4287684131115436
0.40474241443658665
0.564644170159195
0.36695939613196926
0.5325954810130298
0.3987445605248291
0.47219115947591983
0.4908281490993962
0.5170324412675651
0.37910953932435165
0.3804392299518996
0.43247162501731706
0.4398717122959921
0.3164941630678732
0.6223735748965866
0.5381459812186792
0.4048346856049837
0.5524351210555005
0.39665762792871384
0.41428050857652277
0.38998463435829567
0.37580716884858284
0.46555389605534964
0.4483366328693294
0.4479493498153448
0.41965361263512746
0.46289134517293484
0.41533090185988863
0.392385475982035
0.533800915139136
0.5231813536557965
0.5707684723548626
0.4527350946863561
0.5432032921690517
0.42520568920872814
0.4320410041799454
0.5878589747912161
0.37241865934210056
0.46779503367096165
0.5764748188567386
0.6577230845715176
0.6435879437757972
0.5263570708200964
0.5807206939151559
0.5334478957541879
0.5597645653100525
0.6425619313464828
0.5429758160631591
0.45331291666991147
0.6007862856967828
0.47499160197391127
0.6270583127060078
0.46218733462264144
0.3633466059065004
0.4936725172253321
0.47558426348682475
0.465200242268476
0.4152150873392071
0.406732400639487
0.3850306444507684
0.19507142871193567
0.4679849221012507
0.4881232814982427
