0.2207706511276563
0.1792107806296399
0.14150266956853005
0.13832995537099846
0.31926290214727915
0.2010169565652741
0.1940423563099991
0.23695264445920183
0.18779667467326225
0.19236584348736152
0.14317918239116767
0.20531374000086702
0.1600402209620882
0.17232441789134587
0.2190903018912369
0.10095944872268521
0.25133535972709287
0.2483161020808325
0.2990181466208292
0.3074812754234345
0.0743117185944454
0.17870437401044503
0.09134155937176423
0.12670178519842507
0.16596364384115558
0.17448815526426945
0.1753551847789516
0.17245101954614458
0.20786495516575032
0.22411216753158614
0.2557664176450481
0.1953083728579863
0.16938572493450282
0.13196918132080823
0.18285153730854858
0.14929058954554228
0.16561453018701366
0.25100542814185983
0.0640262932454948
0.2760418644817523
0.21184715267123738
0.2550835359918914
0.16789335997339064
0.11140600345047055
0.29278781063921944
0.1058815676047082
0.17986680738632416
0.31524617691775614
0.18208425455219268
0.2100171832973286
0.17662503774072058
0.19695803078415144
0.2479900069093812
0.2299780442039269
0.2963326569735836
0.38575178939929816
0.3140760707143134
0.22316840974126842
0.22055964836965844
0.2562766606780248
0.249854504007326
0.27413133041842613
0.26768231885125493
0.33797309216101734
0.29322899822412407
0.2714688592538712
0.2766211629628009
0.22418889580722173
0.2523865371033004
0.3342517707926913
0.28185403136114806
0.23719050211367218
0.28456253949108434
0.2552178104742536
0.2872633747934571
0.20806828509618466
0.3898183880079843
0.32598046267917485
0.36574489152731854
0.36715669179901333
0.364743587530274
0.29712295821263013
0.37529756184394925
0.34989666619478776
0.45879710780437816
0.4257272210054396
0.35816797430830416
0.37117725344231817
0.445599844395057
0.45473050919569197
0.3488416524047984
0.4079262610579832
0.4939002939076599
0.47241637672969505
0.5506792178779951
0.4678894084671954
0.5270085448444162
0.45568961264113683
0.491828630465499
0.4973147021734435
0.3991408734977083
0.5197193586590353
0.4637844457206914
0.48465453669357145
0.6128674852806394
0.5570093006179312
0.4819690470463258
0.5258576207098823
0.5237092289920859
0.5484157337467453
0.41586763758626655
0.498158713205435
0.4154839962080886
0.46708376157302167
0.595450166711361
0.4974681587247147
0.4877236677189949
0.5355253834399665
0.5219444786524674
0.4930562828756684
0.4795521063638048
0.49286446218657937
0.5330317144818099
0.515691124188167
0.4906777063309651
0.3850995990563957
0.4789766442965379
0.4386559354500362
0.5249368814022554
0.5114710690282095
0.4711887243195257
0.46155932572725933
0.37141894751057025
0.511394340752574
0.46347753261814906
0.5421623792824448
0.4750635022391229
0.4424539850939979
0.49044752150405835
0.4885676787509864
0.3447597081409851
0.4695390663933605
0.498350533894524
0.5234023158895436
0.5215224731364716
0.46600956571412344
0.46804286501846654
0.46236497262143306
0.4337453258093586
0.4319422113319223
0.4301390968544859
0.42837434651486744
0.48031938912016064
0.4094991907085127
0.36940866668891786
0.3868259852581964
0.4579914609102045
0.4063916955452714
0.3854448762967558
0.41444816448700816
0.5163049503932516
0.3688216953803056
0.5398221668755594
0.38084117975862053
0.42515175893817275
0.5615746330182486
0.4678510443293776
0.5851302136383744
0.453042487131709
0.47824772567799984
0.45745436298075537
0.5402058082537373
0.48872113530225764
0.5369448565392249
0.5392083406704747
0.41866821964696554
0.5014580290577653
0.4078111686445298
0.3793833425215443
0.40846335898743225
0.4030923796929411
0.336273560855689
0.4383106582096761
0.4252284872138083
0.45438523195533187
0.39146804593414947
0.38226065285787886
0.35771527748205423
0.3293641796347044
0.4122230444935761
0.39921760177334387
0.363197512776217
0.3962251990235559
0.41774748033933845
0.43159693409156213
0.5145402000536331
0.2905358357493149
0.4080029893336187
0.45254375334007774
0.49328646770257517
0.4342824237388077
0.37528988901638566
0.45058718231137024
0.3800738970022646
0.35562826838476613
0.3925806059308655
0.4947443049396513
0.420432969986584
0.3576270399650733
0.4482853340423026
0.45074063886264143
0.4301390968544859
0.3443338662112076
0.3467853346177646
0.44130306095946403
0.3977214003984499
0.34647074868765876
0.3834883052680483
0.4741427629314958
0.3807260873451671
0.4100362886379618
0.36266425126054963
0.31909026352709907
0.3407775106354981
0.3931177038603146
0.3918133231745096
0.39426862799484846
0.38529141974548464
0.422312812739656
0.41713365413425374
0.4350113423573458
0.3416215216674896
0.3249484673718762
0.4272617865181514
0.3645440940136216
0.5243614193349884
0.37727331494156563
0.38364176181931947
0.470574898114441
0.5728536895366801
0.514003102124184
0.4589889284934671
0.515307482809989
0.502455496641028
0.5510628592561732
0.7301082904518184
0.5945677915415517
0.512698721438379
0.7723088420513918
0.7518607565945077
0.7391238628389999
0.7224738270260772
0.7672447758594431
0.6508863458580734
0.8683342790093306
0.7749559675608196
0.7775647289324297
0.7571166434755453
0.8210696612178082
0.8198420088076388
0.7456841304058427
0.8288575811948204
0.704826323629892
0.7573084641646344
0.763715275180206
0.7433055538611395
0.7420395373131523
0.6678816589113562
0.6666923706390047
0.6577535265274587
0.6296326135070155
0.6898259457431345
0.6923963429769268
0.5837491046769336
0.7282668118365643
0.5735826081552183
0.5838641970903871
0.5788001308984383
0.4663164788166658
0.5111257917878494
0.4369679133860533
0.5086321228296928
0.5764599184915529
0.5790686798631628
0.5318040620716404
0.4653190112334032
0.4141796155222836
0.5050258938748202
0.5191438965917683
0.6752092092345549
0.5742347984981208
0.5154225752234424
0.38375685423277284
0.5436585806573389
0.5500653916729105
0.49512794631782925
0.5437736730707923
0.5156143959125313
0.5719329502290531
0.5745033474628453
0.5502572123619994
0.5796825060682474
0.4825445091135927
0.5541703544194145
0.6258345638630538
0.5516383213234399
0.6002456839385852
0.5644903074924011
0.5402058082537373
0.5504490330510885
0.5299625834563864
0.613136034245364
0.6118700176973768
0.6144020507933512
0.5517534137368934
0.6501957913773532
0.6335841197022483
0.6706438768342374
0.6923963429769268
0.6258729280008717
0.5018033062981254
0.7192128753115647
0.6258345638630538
0.6705671485586018
0.6117165611461057
0.6948132836594477
0.5553980068295838
0.5809485226162348
0.625642743173965
0.5629557419796893
0.5462673420289489
0.583327099160938
0.4553826995385945
0.680388367839957
0.6061921253003433
0.635502326593138
0.7837797192589123
0.6289420590262952
0.6851838850671813
0.6531114658515055
0.7131513415363534
0.6465511982846627
0.725696414602772
0.7013351870884728
0.6270622162732233
0.6717180726931357
0.6242999983503421
0.6612446630688779
0.6905165002238548
0.6852989774806347
0.6992251595084941
0.8128980998626181
0.6963862133099773
0.6105656370115718
0.7088545581007604
0.6038519128934579
0.6867951788555288
0.6661552727095555
0.7606077800169647
0.6594031844536237
0.7116551401614594
0.6488146824159126
0.6780481554330717
0.7264253332213101
0.7211310822024545
0.6236861721452573
0.6874090050606134
0.7741503206666459
0.7419628090375167
0.6828820367981138
0.7082023677578578
0.6453235458744933
0.7051332367324343
0.7534720503828549
0.6559887761878401
0.5853987626030989
0.5646437640436722
0.5400523517024662
0.653571835505319
0.5714342164374219
0.5161131297041627
0.46083040710872125
0.5628022854284181
0.4652422829577676
0.5173791462521499
0.4159827299997199
0.4987341752727019
0.6160133445816985
0.5606922578484395
0.4861123739306476
0.4422621644049089
0.4981203490676172
0.46957743053117834
0.6520372699926072
0.40481876589474186
0.41460162103827936
0.5625337364636935
0.4764062470627457
0.5782630329689892
0.5304613172480177
0.4098061038110551
0.53076823035056
0.6019337060025681
0.6193510245718467
0.6175862742322282
0.5966010908458947
0.5679430798960025
0.5699763792003456
0.5221362993415563
0.5816774412347728
0.6028544453101953
0.6163586218220587
0.4802426608445251
0.5359090248181444
0.47652133947619907
0.6856058905831771
0.5034529642242906
0.44782496438848907
0.46896360432609363
0.48618910220628325
0.38836055077090814
0.4363157230431508
0.5072510138682522
0.40554768451327994
0.37287294833386464
0.409269005881606
0.4610222277978102
0.3631054388454543
0.46466682089050065
0.3782707825248283
0.429947276165397
0.3319997959027868
0.38368012595713724
0.37393947136519934
0.3565336620372661
0.3352799296862082
0.3025054467484667
0.34645540303253164
0.35198367529207575
0.34220465656232
0.3861354307774761
0.3993326941867973
0.25525617461207145
0.39883396039516594
0.3007867333742295
0.27943709067862704
0.25036474704030265
0.19063562087177902
0.2382685343863522
0.2514120880027284
0.22234358077818586
0.16636646728824245
0.21779743044677727
0.23857161107511277
0.16338173736601805
0.1841367359254447
0.15112823174701462
0.19100391659482982
0.20405539628044336
0.15183413188286202
0.23387584060621475
0.1509440838854892
0.20227530028569776
0.16156327723345462
0.27425793207322485
0.12222852672887027
0.15433547366858216
0.21712222162118408
0.1686452970746194
0.2352492767400918
0.14838519589304233
0.31471291540208873
0.36594054863018927
0.24451421602308906
0.3571014512769695
0.4044734886543817
0.3174866425663153
0.37633339356502965
0.316239808087237
0.2714803684952165
0.3264101410227342
0.2816276829480231
0.2713652760817632
0.3761339000483771
0.36968488848120595
0.2480859172539257
0.37205195578456385
0.3194854141466224
0.41655819206698685
0.4714189091464325
0.35746974700002027
0.42760706375851154
0.4440652788823452
0.39530445971592887
0.36951992268858946
0.3552254449376793
0.37934497838372655
0.3189828439412093
0.38521469146984905
0.3517036170860059
0.2951548779425773
0.29614467269827643
0.40455021693001725
0.2559275470238828
0.46021658090363654
0.35373307997656717
0.3546614921117578
0.2865229469335736
0.21832685554866277
0.34582623117231975
0.3467086063421291
0.4434898168150783
0.3868259852581964
0.41068847898086436
0.4114557617372202
0.33172741052428045
0.4207782472269442
0.5673676178287357
0.44533129543033245
0.3655645800795748
0.37781041287101474
0.41690346930734695
0.42146880170766443
0.5564722026884821
0.42668632445088445
0.4159060017240844
0.4012125369398692
0.4939770221832955
0.39100767628033595
0.44533129543033245
0.34241565932031787
0.3468467172382731
0.43182711891846887
0.29817797200261953
0.22584622656095044
0.27626821289487724
0.24611400057009106
0.2888401408577684
0.3890894693894462
0.27067472160104283
0.22129240340197828
0.26397250672427425
0.22991666158341842
0.23420960860522955
0.29220083933060714
0.22358274242970058
0.10123950692875511
0.23209190819768735
0.19029418004520063
0.2136502671486737
0.27541269262154044
0.2565989194356942
0.21091874053604678
0.22655979952436142
0.1885294297055821
0.22716595290188257
0.17376690947329493
0.07432322783579075
0.2050029904845429
0.13622760061858338
0.055877750372995326
0.10984841945506811
0.048661456049468255
0.1754472587097143
0.14498229686860398
0.06457873683007104
0.08007784850845986
0.09561916073844827
0.17631428822439646
0.10737776897960218
0.14201674901528852
0.09996965396698612
0.07703940879329056
0.1500118353365168
0.015804490215418472
0.14246560942775668
0.16936654286559394
0.22695111373010293
0.08886707248251649
0.04284928917007244
0.08889009096520717
0.2039825044185896
0.29987750330794777
0.2115632580513857
0.253733118340705
0.2191631937530907
0.1653805089463251
0.14995428912979009
0.06547262124122563
0.019327852632604683
0.13431323014147545
0.1265176373368997
0.15707850952255448
0.09555010529037623
0.2104852257787057
0.11825016563716503
0.13341934573032083
0.03732485332431009
0.1714036785837188
0.20188398607995625
0.10192238858191183
0.10169220375500507
0.047744553155622975
0.1319001258727362
0.19685828402582523
0.10451580429839474
0.13109447897856252
0.11546492923159317
0.20723194689175672
0.14554241328074377
0.3217028613124908
0.11420658551116952
0.15223695532994885
0.06365416110866219
0.09015610751319439
0.07060190646746471
0.04337487785817622
0.08903203827513301
0.12316461169162446
0.0
0.18374158530592138
0.16030493351303096
0.07164157460232694
0.04051674959075056
0.18585928571346366
0.06647008882448828
0.2693473224325472
0.2612064523876113
0.22236276284709477
0.2602435125283847
0.1293220558113804
0.29761401917669794
0.3239663454437407
0.1584903097942493
0.25387122923684907
0.30705543349365705
0.1722438532019285
0.1410116086044623
0.26706465623238845
0.24348605712957216
0.22757644917653297
0.3267630910906579
0.3530348526682834
0.3447827266236758
0.27129622063369113
0.404972222446013
0.21256072563464834
0.29251542526071306
0.36479729732321897
0.3641757982905708
0.3328668254174689
0.347579472270593
0.41985750791931714
0.2695890165007993
0.39169823076105625
0.3296749291510284
0.2753129458632142
0.2900064106474293
0.3545579089396497
0.3232067355149484
0.3148625355395782
0.4292950858224945
0.29048979878393355
0.2629596934858845
0.5192973531430396
0.3498276107467157
0.28775443575752485
0.19115353673231922
0.28636565396852065
0.33554847865093274
0.33867515588308295
0.33414435120680147
0.3295982008753928
0.2866955855537537
0.30133150413124216
0.3543353969403065
0.3996396072893396
0.3030425446779158
0.30615771266872066
0.3207974676599909
0.2625261787285434
0.3193626489056054
0.4682730498453733
0.26805445098808756
0.4246530251465414
0.2858055375563809
0.4807413946361564
0.41095702794558886
0.42177571481020687
0.4440652788823452
0.3014197416482231
0.3927724266199545
0.3920818721392342
0.4949744897665581
0.34462543365862286
0.39764467212281435
0.3854448762967558
0.30416277750219534
0.3686797480703798
0.3526473748763236
0.4018263631449539
0.48937332564516006
0.3697731259981869
0.44583002922196374
0.48734002634081697
0.44448728439834095
0.4131054196633854
0.40861681553870344
0.41563745275935976
0.29606027159507725
0.3990257810842549
0.30245557336930357
0.321004634004207
0.35107060881201224
0.31592522215713104
0.43040764581921054
0.26866444077939045
0.18366102061650402
0.31734085884260765
0.28989899106153955
0.3507138223303068
0.23121336944165985
0.31505051981488535
0.26079595611296086
0.267924012919507
0.30575105280785203
0.30522162770596645
0.39296424730904345
0.23131311619998612
0.2960372531123866
0.21498150273095115
0.2874091585171647
0.29845419379490756
0.31334331568199353
0.343597274765106
0.32015295014465195
0.20080595380727623
0.21190853529174586
0.280568832744252
0.2917097783665394
0.31435996533416505
0.25646464495333193
0.39039385007525124
0.09466773012056696
0.2171298944487476
0.32041766269559474
0.24724574263571597
0.36590985731993503
0.25440065433873454
0.3846008652647643
0.2577920441218276
0.28444361066384916
0.2765866352387649
0.22271187650123667
0.22640250655930846
0.16488561156847556
0.24534288139995344
0.2030464194558354
0.09171369150859682
0.21058497253703198
0.283438470253023
0.1913453574214082
0.09927142665870226
0.23740534128545182
0.12619921499301198
0.10324978775040752
0.08414828353092783
0.13796549606172942
0.16495466701654762
0.24566897657140468
0.268863934296043
0.2613867638353549
0.20406306910800695
0.21965425471715846
0.25445820054546125
0.2739395097293371
0.20520248400119545
0.2784357866815826
0.3210084704179888
0.20247863021613205
0.2681196700223778
0.42588067755671083
0.3534491853567155
0.3271006955034545
0.27009158670621236
0.2744842804863498
0.19451039879137622
0.25267810455071565
0.18427484682158873
0.27319140904189015
0.26622831802796054
0.2401100130016063
0.12579255513214338
0.32225530489706705
0.1657948416347573
0.1589928799996624
0.09467156653434874
0.14931744444201472
0.20399785007371668
0.1781442575983052
0.09861539990201798
0.19559610389161977
0.20437765503811287
0.24004479396731607
0.12613399595872174
0.10816423380486695
0.21684216341511417
0.19511271575511557
0.31920535594055244
0.3512624295011012
0.1953735918922766
0.20449274745156623
0.27120031028914665
0.2880613488600672
0.23208423537012376
0.32576562350739524
0.30439679874288395
0.40197981969622504
0.2848042335593365
0.3517995274305503
0.2116706776372755
0.2902634503708086
0.3458799409652647
0.3248180293032958
0.2961216542155857
0.2674751525070388
0.3040975584679051
0.390624034902158
0.4350113423573458
0.2914757571258509
0.2860855957624508
0.4226964541178339
0.27161080656379705
0.28938874802856285
0.34941711447206536
0.24836597545999559
0.44659731197831964
0.3226427826890268
0.43274785822609596
0.32806747177646284
0.36155552767761534
0.42196753549929583
0.290585709128478
0.30504898908578637
0.36177420326317683
0.45308085126952685
0.40635333140745356
0.3788462445920952
0.4741427629314958
0.3892045618028996
0.43478115753043906
0.3768129452877521
0.3649622631158355
0.341648376563962
0.5485691902980165
0.5484157337467453
0.5559734688968508
0.46769758777810644
0.4485155188692094
0.6174328176809569
0.5792221364144341
0.5602318881946259
0.4223895410152915
0.5110106993743961
0.5727769612610446
0.508056660762426
0.5162665862554338
0.6281747762699393
0.4983888980323417
0.6717948009687713
0.4501268126575567
0.6428682410541544
0.5325713448279963
0.6602088313477974
0.5539401695925077
0.5359473889559623
0.644632991393773
0.7380496669801017
0.6589044506619924
0.656564238255107
0.6121002025242835
0.6943529140056343
0.669224403734979
0.6364997941764006
0.6729073609654873
0.5137729172972773
0.6961560284830706
0.6714111595905934
0.6429449693297901
0.6030462659992841
0.6054632066818051
0.6386098217563794
0.7869639426977891
0.7819382406436581
0.5621500950855156
0.7529733165912237
0.6714495237284112
0.8931558761774434
0.8578608693850728
0.8955728168599644
0.9065065961380356
0.7449168476494868
0.8864805161971472
0.748062706950546
0.85912688593306
0.7784854682400567
0.9089235368205568
0.8744725410601776
0.8171181550225755
0.6524592755086029
0.8868641575753252
0.9909460634750006
0.8457378018346499
0.892465321696723
0.762794535872579
0.8327707232522353
0.8145861219266011
0.784969007531264
0.7785238323778745
0.9217755229895178
0.8119389964171733
0.7789458378938702
0.9378500967351735
0.966469743547248
0.6115247404570167
0.9894498621001067
0.6922812505634733
0.7942147647453524
0.8732448886500083
0.864152587987191
0.8168112419200331
0.7197116091031961
0.8030385164434449
0.9977365158687502
0.8779636776015969
1.0
0.9648968138967184
0.9835801490139842
0.8834881134473592
0.8832579286204525
0.7450319400629403
0.8102509743531903
0.8909307561840114
0.7876161330406918
0.8762372913997961
0.7156450104945099
0.7891890626912212
0.7592650351933419
0.7832042571916454
0.6959642077939815
0.704826323629892
0.7099671180974764
0.6883681085060583
0.5671757971396466
0.7070130794855062
0.6819996616283045
0.7760301634197179
0.7129595208472643
0.5962941777433524
0.694583098832541
0.6818078409392155
0.718982690484658
0.7525129469374101
0.7324868669965215
0.6281747762699393
0.688981934711143
0.5082484814515149
0.7535104145206727
0.6498121499991751
0.6689942189080722
0.592457763961573
0.8114402626255419
0.6508096175824379
0.5363310303341402
0.621537780427461
0.7337528835445088
0.6005909611789454
0.6977673222714178
0.6723318988982203
0.6240314493856175
0.6372670769327565
0.7926418350948228
0.6067292232297924
0.6588277223863569
0.49244245667058373
0.47583078499547876
0.5054095352529981
0.7116551401614594
0.5037598773268329
0.62207487835691
0.6024708039320172
0.4180927575796986
0.4065067879587248
0.31072304506903814
0.4260724982457998
0.3958799217831958
0.3082677402486993
0.4740660346558602
0.3331046830719393
0.33429013493050913
