0.21032153984848245
0.26842962658357983
0.21580970155155235
0.1473642589400098
0.3161149508912332
0.2476473658405428
0.35315608837996426
0.2846726873013112
0.32688566593385743
0.3374665886409287
0.22145602353424962
0.21618928622265807
0.21092254891106646
0.23727205149698707
0.24775807803628197
0.24245970866876493
0.3003621870403467
0.12106853084916254
0.28971800022142435
0.36340487449981806
0.24734686130925082
0.17867366789504485
0.2840084141268762
0.2627674885729198
0.32063833488857607
0.25193350941844467
0.23066095180856283
0.1145238584781818
0.18813165261676182
0.27753965869011654
0.22463504515475985
0.31402723520015186
0.22942730162746927
0.2871716197194237
0.20258750217470387
0.2603160042386955
0.3338289022094991
0.3282616603666155
0.4017745583374192
0.2854793047274108
0.12171856959843105
0.24263368497635504
0.1737548831986335
0.19977224919733658
0.13086814177487466
0.2042956331946795
0.23028136713745712
0.28788334097774687
0.25057333101364926
0.2922960127793506
0.2549701867872902
0.15436601451911366
0.1486532652189729
0.26945766840115776
0.35858098597118315
0.19467948819333517
0.33126670567953564
0.24638208360352382
0.2564252613598621
0.2822370189950496
0.26063232479795023
0.28645989846110054
0.2173438562639379
0.3696363895171367
0.30055197937589956
0.3104844449364987
0.47860882218039763
0.3303651920856597
0.26123333386053427
0.3502143071788951
0.1544925427428156
0.27511980641181777
0.44314928748794036
0.2948582093093141
0.30471159473009946
0.36199724801113453
0.4034985053853575
0.5872965663403293
0.42314201211507746
0.3222357537128126
0.5692662944628086
0.4208961361443687
0.5730146930899773
0.3455327629019248
0.576715643633258
0.6181061888117418
0.4538725544466763
0.5743116073829219
0.568222436617268
0.6411501415534504
0.6983092666107834
0.6921884637892041
0.6228035491166749
0.4743226786024958
0.8477074667468012
0.8099229759438215
0.7563066411501416
0.5602986066079365
0.6964587913391431
0.6586426684802379
0.7314754772486437
0.6303794265108261
0.7822765590649565
0.6811488762712132
0.8330301927973809
0.7002704540781629
0.6781596469862559
0.6718964999130119
0.6339538488304047
0.64345928163601
0.6055482626093283
0.5201258955825834
0.561231752257738
0.49160959716576785
0.43785091812042326
0.4947411707023898
0.5832634792098312
0.45034558021098586
0.5704841286159394
0.5166305534028184
0.541904566087273
0.37732297910702706
0.41833393961440524
0.36446454837332154
0.2947474971135749
0.4622866813228526
0.5190345896531545
0.5283818621791324
0.39538488304047326
0.4679804513894381
0.5089439638129281
0.37591535261834347
0.4010470210511332
0.5526436490739716
0.5777595014787986
0.4763471301817262
0.4698151106331156
0.5106679108608665
0.567384187135243
0.3867967798567068
0.42768121214038307
0.4053015325731096
0.41449064481946
0.4395274170844734
0.3063564616382242
0.5211855694560869
0.4512629098328246
0.3338921663213501
0.42216141838138765
0.44711911050658737
0.25065241115346293
0.3547218751482753
0.18985559966470023
0.29386179954766156
0.3662833915890364
0.3753776076676104
0.28957565596975976
0.5675265313869076
0.3235484840337198
0.33262688408433105
0.5314818036598289
0.5247125436917773
0.34403024024546475
0.5586853717557373
0.4411406519366726
0.386907492052446
0.4433707118794186
0.5472820155946037
0.4297689278314645
0.6918405111740238
0.3528872159045977
0.5516630553402819
0.4341183355212172
0.41142233539468903
0.4203900232495611
0.31866133139323394
0.5015420627263669
0.32070159900042705
0.5510778623056607
0.3701741344678698
0.410758062220254
0.4354468818700871
0.38111882581808404
0.389975801477217
0.28818384550903886
0.42356904487007135
0.4166574406503551
0.42551441630948805
0.32369082828538437
0.2850839040283423
0.4204374713334494
0.2711499833931707
0.24834327107090326
0.27296882660888544
0.26596232622139276
0.4013475255824252
0.31526088538124536
0.22915842915210277
0.380280576336059
0.4048903158460785
0.3978521834026603
0.24845398326664245
0.35212804656238633
0.2659939582773182
0.3696522055450994
0.2835023012320686
0.29224856469546234
0.17446660445695666
0.15157448558369052
0.3342875670204185
0.2006737627912126
0.33586916981669224
0.2180713935502238
0.3216821927341168
0.2513166843278979
0.32323216347446504
0.3319309788539706
0.32481376627073877
0.3176491056036187
0.24725196514147438
0.35078368418555367
0.21712243187245955
0.1941101111866766
0.3451373622028564
0.27467695762886113
0.12517753491388173
0.22868394831322064
0.14244547424359846
0.19849115093235487
0.17546301421860916
0.2790105492906511
0.33504673636262994
0.3436348395463963
0.25737422303762636
0.1710503424170054
0.35361475319088365
0.2672908725702627
0.1335094184446518
0.4109478545558069
0.4036882977209104
0.36481250098850176
0.46826513989276736
0.3819728913280719
0.4062821263067994
0.44645483733215247
0.5182754203109431
0.6217122431872459
0.5827889983709491
0.49643348569440277
0.5840542806079683
0.6874752874563083
0.6326885665933858
0.7993736852926757
0.7288025685229411
0.8480396033340187
0.7141569266294463
0.8333781454125612
1.0
0.7712686036028912
0.7165135147958943
0.7407753016907334
0.670204184920999
0.8209941955177377
0.6713271229063534
0.7588530216521423
0.9096904803327692
0.7283439037120218
0.6260616508769988
0.6187388299302514
0.7378809685735525
0.5723346038875796
0.691524190614769
0.5734259098170086
0.5344077688329354
0.5586379236718491
0.5354358106505133
0.4015056858620526
0.5839593844401917
0.35513309187530645
0.4109953026396951
0.34032928970218423
0.4436395843547852
0.2938934316035871
0.3655716703307132
0.31072168535593975
0.42978474385942717
0.4381988707356035
0.20935676214275548
0.31266705679535645
0.46340961930820695
0.28203141063153403
0.2745662454331219
0.3304126401695478
0.2597308112040742
0.25226564600566215
0.2132158729656634
0.5063185031711137
0.5304695778702136
0.19091527353820362
0.37324244389264083
0.25511253103895487
0.3899916175051798
0.4458380122416057
0.3751087351922438
0.30442690622677027
0.3443940088886077
0.22621664795103358
0.04482578645199045
0.41694212915368434
0.4727252597782593
0.4494440666171098
0.5052904613535357
0.32384898856501176
0.4112799911430244
0.4038148259446122
0.3488857608300252
0.3414205956316131
0.2548752906195138
0.3739383491230013
0.4455533237382764
0.5329843263162889
0.44643902130418966
0.4231736441710029
0.4157084789725909
0.5031394815506034
0.5589384282031411
0.3142486595916302
0.44912774605785505
0.36253499296186753
0.4025337276796306
0.5690606860992931
0.6248754487797935
0.6015468075347558
0.48338526262514436
0.586648109193857
0.31027883657298305
0.6191658626852453
0.65911714931912
0.5884036882977209
0.5809068910433833
0.510209246049947
0.8506808800037959
0.6533917471966091
0.7408543818305471
0.6068451769022728
0.5994274597877489
0.7659227861514859
0.6477296091859491
0.6876967118477866
0.6644629667705253
0.4988375219447388
0.4913723567463268
0.49972321951065213
0.6504183339396143
0.6271529568064277
0.5722397077198033
0.7387666661394657
0.7787654008572287
0.6289718000221425
0.8429468423300173
0.487560694007307
0.7489996362313569
0.615022063359008
0.8290129216948456
0.8374112325430592
0.6559539437265725
0.6801524665095607
0.8308950290224113
0.586236892466826
0.5787717272684139
0.4448416024799532
0.40580764546791726
0.42997453619498
0.5333006468755437
0.3360589621522451
0.4235532288421086
0.47938380755057175
0.48781375045471087
0.4961962452749617
0.3781137805051639
0.5288563430180145
0.42658990621095416
0.4033561611336929
0.42757049994464397
0.4676641308301834
0.4918942856690971
0.46869217264776125
0.3505780758220381
0.40650355069827765
0.35166938175146695
0.34429911272083136
0.32109699969949546
0.535151122147184
0.43290050136808644
0.3780821484492385
0.4181757793347779
0.4899172821737549
0.5774589969475066
0.6017524158982713
0.34135733151976216
0.5238268461258639
0.5322567890300031
0.5565660240087305
0.4227307953880463
0.5735840700966359
0.5662770651778513
0.5747386401379158
0.6307115630980435
0.5759881063469721
0.6319135812232116
0.7037183481740396
0.6014993594508675
0.3728154111376469
0.5552849257437488
0.5164091290113401
0.430037800306831
0.6284024230154839
0.589479178199187
0.5506191974947412
0.46426368481819474
0.48863618390877317
0.41815996330681515
0.5374444462017809
0.46692077751593464
0.5071409366251759
0.38918500007908013
0.4610846631976846
0.5487687222231008
0.41502838977019313
0.47108039287013465
0.4638841001470891
0.3617916396476189
0.37042719091527354
0.33161465829471587
0.22953801382320846
0.3963496607462002
0.27848862036788086
0.397867999430623
0.37485567874484005
0.2570104543944834
0.3764056494851883
0.1794961013491072
0.28309108450503745
0.18103025606149273
0.3004728992360859
0.21429136286712958
0.3020545020323596
0.2633526816075411
0.3511316368007339
0.24916570452496564
0.1788634602305977
0.09268350546443767
0.1963085390734971
0.2051022506207791
0.2138485140841729
0.3017381814731048
0.24723614911351163
0.034577000332136586
0.09085517263194523
0.14709222325905075
0.12425704208645041
0.0856153225678903
0.2051338826767046
0.11911841460135703
0.4126401695478198
0.0735255507931738
0.38287440492194796
0.2493871289164439
0.14754930646717385
0.12479320543438721
0.10204659401837822
0.19001375994432762
0.13566039824758414
0.2711025353092824
0.3116548310057412
0.17824663514005093
0.18713524285510938
0.10118778370000159
0.015251237604188084
0.2614547582520126
0.2229427301627469
0.2951903458965316
0.14603254938554733
0.20244515792303924
0.35380454552643653
0.1255397219542284
0.30855488952504473
0.14357473864013792
0.358233033356003
0.16165562180713935
0.21818210574596297
0.16394894586173628
0.25207585367010926
0.1821057459629589
0.365160453603682
0.2635266579151312
0.33591661790058047
0.3133945940816424
0.5597450456292407
0.2841823904344663
0.34075632245717813
0.5396903221724897
0.20089518718269095
0.27336422730795396
0.18765717177787972
0.27591060780995463
0.11113922849415599
0.42084868806048054
0.06625650434149967
0.31273032090720737
0.1796226295728091
0.3470352855583848
0.3246714220190742
0.20741139070333878
0.4222721305771269
0.41574011102851627
0.2352634159457194
0.323659196229459
0.4911034842709602
0.46881870087146316
0.41487022949056573
0.5349455137836684
0.40193271861704655
0.33224729941322534
0.4523067676783653
0.17702880098692014
0.3129517452986857
0.4963544055545891
0.28434055071409364
0.29375108735192246
0.334856944027077
0.29685102883261905
0.417021209293498
0.17347019469530423
0.1354974931595679
0.28732977999905107
0.4708115203947681
0.08492099894032613
0.12607904850775775
0.40449491514700997
0.2717035443718665
0.31288848118683477
0.2117607983930916
0.14226675312761955
0.29420975216284184
0.4145380929033483
0.2976418302307559
0.13330381008113623
0.2853053284198207
0.2632894174956902
0.14644218450978222
0.29848007971278095
0.21327913707751436
0.15969443433975994
0.042899394246129034
0.1000490296866845
0.14143957486516837
0.024680911635851774
0.28747212425071567
0.17074983788571338
0.1805083271387224
0.33269014819618203
0.32666424154237905
0.39973429073022604
0.2198111566261249
0.3719929776835846
0.14459645404653076
0.2177708890189318
0.29090420231862973
0.1584607841586664
0.1367263985322726
0.1150536954149335
0.12498616097553261
0.32471887010296235
0.35049899568222437
0.29721479747576196
0.11740712037578883
0.1590459771932877
0.24813766270738769
0.4954054438768248
0.36310436996852613
0.5313236433802015
0.7311907887453145
0.851946162240815
0.7671564363325795
0.6349344425640945
0.5975928005440714
0.386306482989862
0.2857481772027773
0.5489585145586539
0.3060717731348949
0.3637053790311101
0.3897227450298132
0.5106520948329036
0.3943568412228953
0.4362218672402613
0.43067044142534044
0.5674632672750566
0.3405032660097743
0.3666155281762538
0.28203141063153403
0.2290951650402518
0.17615891944896958
0.09162383159093426
0.4341183355212172
0.1914530184889367
0.4390845683015167
0.32296329099909854
0.30175399750106763
0.5019849115093236
0.24355101459819384
0.20657314122131368
0.35940341942524556
0.3382573900390656
0.4753032723361855
0.5649010707450931
0.4172742657409019
0.26966327676467333
0.2960444114065194
0.46478561374096505
0.31722207284862486
0.5334271750992455
0.4017112942255682
0.28582725734259096
0.34391952804972564
0.16478719534376138
0.6341436411659576
0.4708589684786563
0.40248627959574235
0.3024973508153162
0.43978047353187716
0.45051955651857595
0.38221013174751295
0.2506682271814257
0.4670631217675993
0.5411453967450616
0.44126718016037453
0.40465307542663737
0.44715074256251286
0.39475224192196373
0.3265693453746027
0.4165625444825787
0.34839546396318033
0.4858525629873314
0.6549733499928828
0.4445094658927357
0.5661979850380375
0.38739778891929083
0.12954275863159725
0.28291710819744725
0.3730368355291252
0.43154032296329103
0.3951634586489949
0.5011466620272985
0.27500909421607855
0.47592009742673225
0.47123855314976204
0.41912474101254216
0.6358992202698214
0.4256567605611527
0.262878200768659
0.5904123238489886
0.3802014961962453
0.48634285985417625
0.5134198997263827
0.44561658785012737
0.377813275973872
0.3733057080044918
0.21065367643569996
0.45923418792604426
0.3598779002641277
0.33960175241589824
0.33517326458633173
0.40984073259841525
0.3738118208992994
0.35361475319088365
0.3808657693706803
0.4555965014946146
0.32473468613092504
0.47856137409650945
0.2844670789377956
0.45415724295000554
0.22846252392174232
0.5405127556265519
0.47300994828158854
0.37389090103911304
0.685988580827811
0.4603729419393614
0.5510936783336233
0.37295775538931153
0.4162620399512867
0.5702943362803866
0.5187182690938997
0.6095180856279755
0.4156452148607399
0.4273965236370539
0.4866117323295428
0.29278630964619545
0.4627295301058092
0.31638382336659976
0.29658215635725244
0.41914055704050485
0.4942666898635077
0.39543233112436144
0.5654862637797143
0.5773957328356556
0.4944248501431351
0.5538140351432141
0.3917946446929318
0.4512154617489364
0.5422841507583785
0.5384724880193589
0.42396444556913976
0.4518164708115204
0.5113321840353013
0.4601357015199204
0.5354832587344015
0.5792145760513705
0.4648014297689279
0.5876445189555095
0.48909484871969255
0.5012573742230376
0.529251743717083
0.4149334936024167
0.5536716908915494
0.29702500514020913
0.5306910022616921
0.4006199882961393
0.6343176174735478
0.44099830768500803
0.6272953010580923
0.3707435114745283
0.5254400809780632
0.5377923988169612
0.6608727284229838
0.6890885223085074
0.5591440365666567
0.8720799658373796
0.6156388884495547
0.6755500023724043
0.5614848087051418
0.4474512470938049
0.6339222167744792
0.26684802378730604
0.5482626093282933
0.5133566356145318
0.39940215414300856
0.34871178452243506
0.6301896341752732
0.5162667847596755
0.5447198190646402
0.4624606576304427
0.316969016401221
0.44034985053853576
0.3739699811789267
0.5448305312603793
0.5101143498821706
0.8866148955351354
0.5355939709301407
0.5483733215240324
0.41880842045328737
0.621411738655954
0.6025906653802965
0.5205212962816519
0.4542995872016702
0.6095022696000126
0.7963528239517929
0.3663941037847755
0.6165562180713936
0.5820298290287377
0.3735429484239329
0.38649627532541475
0.27293719455296
0.5231625729514291
0.6310595157132238
0.4068356872854952
0.35660398247584096
0.3696522055450994
0.44598035649327034
0.37998007180476695
0.3298116311069638
0.3587233302228478
0.5616429689847692
0.3691777247062173
0.3665048159805147
0.5852879307890617
0.37703829060369787
0.4851408417290082
0.35600297341325704
0.32177708890189316
0.39827921615765416
0.41153304759042814
0.36153858320021515
0.35900801872617716
0.24578107454093978
0.36981036582472676
0.3040631375836273
0.14342290477169564
0.3782086766729404
0.29667705252502885
0.16772897654483054
0.35510145981938096
0.5266737311591567
0.39775728723488385
0.3637528271149984
0.28231609913486333
0.42230376263305236
0.2618185268951556
0.35438973856105777
0.41536052635741055
0.46051528619102594
0.36334161038796725
0.6299523937558321
0.2006737627912126
0.49893241811251526
0.40182200642130733
0.431239818431999
0.4764894744333908
0.363594666835371
0.47214006674363795
0.5332531987916556
0.3571417274265741
0.18103025606149273
0.30543913201638545
0.1609913486327044
0.3645119964572097
0.5364164043842029
0.3920160690844101
0.5323042371138912
0.35628766191658623
0.322631154411881
0.41551868663703795
0.4767741629367201
0.5380612712923277
0.3779239881696111
0.5024910244041312
0.27910544545842764
0.34044000189792334
0.022189887231720627
0.2258845113638161
0.6510193430021984
0.14301326964746072
0.39419868094326793
0.3765005456529647
0.29556993056763725
0.1355702468881965
0.465876919670394
0.33752985275277964
0.5096873171271767
0.4288199661537002
0.0
0.20383696838376011
0.17043351732645864
0.31102218988723174
0.27765037088585576
0.10195011624780555
0.4481787843800908
0.22504626188179103
0.16008983503882834
0.31655779967418984
0.37814541256108947
0.4239328135132143
0.24829582298701508
0.4364432916317396
0.0552200800291015
0.19594477043035416
0.39992408306577887
0.22435035665143058
0.2227529378271941
0.3160516867793822
0.21958973223464662
0.2654720293545479
0.12156357252439623
0.23072421592041376
0.2608221171335031
0.2592879624211176
0.21032153984848245
0.2246192291267971
0.5710693216505607
0.3955904914039888
0.3308396729245418
0.2819206984357948
0.21718569598431053
0.1840985654862638
0.4673319942429659
0.4816929476331314
0.2904771695636358
0.4155661347209262
0.3350625523905926
0.33365492590190904
0.4745915510778623
0.40993562876619166
0.5192560140446328
0.2489917282173755
0.37414395748651685
0.6258244104575578
0.11835608205355308
0.3542473943093932
0.2105429642399608
0.28827874167681533
0.5558226706944819
0.4437819286064498
0.42663735429484245
0.40950859601119777
0.3765638097648157
0.37525107944390845
0.4372182770019138
0.499185474559919
0.3397440966675629
0.5757034178436428
0.19483764847296253
0.41498094168630495
0.5402438831511854
0.3333702373985798
0.28465687127334843
0.47319974061714143
0.2663419108924985
0.17019627690701758
0.24804276653961124
0.24680911635851774
0.19812738228921192
0.5764784032138168
0.3696363895171367
0.5740269188795927
0.256488525471713
0.11293118446233413
0.15917250541698957
0.3161149508912332
0.37817704461701485
0.29789488667815966
0.5813813718822656
0.16896262672592405
0.46826513989276736
0.32473468613092504
0.32353266800575703
0.4646907175731887
0.27371217992313407
0.3199740617141411
0.42950005535609787
0.3966817973334177
0.09498790073860851
0.39430939313900704
0.17169879956347764
0.2970408211681718
0.3275024910244041
0.1839720372625619
0.2618659749790438
0.2606955889098012
0.30695747070080825
0.32158729656634033
0.1938728707672355
0.20850269663276766
0.27059642241447485
0.2694102203172696
0.12587344014424218
0.44099830768500803
0.36073196577411554
0.18556945608679834
0.15274329005013682
0.30970945956632456
0.21361127366473182
0.24404131146503868
0.3219194331535578
0.33653344299112725
0.28788334097774687
0.2075853670109289
0.33289575655969766
0.30004586648109194
0.25137994843974887
0.5506508295506667
0.3754566878074241
0.4533031774400177
0.4678697391936989
0.3875559491989182
0.46538662280354914
0.4008730447435431
0.5103199582456862
0.572318787859617
0.428709253957961
0.4116121277302418
0.3945150015025227
0.3616018473120661
0.42356904487007135
0.27992787891248994
0.468407484144432
0.4512787258607874
0.41833393961440524
0.4802695051164851
0.38402897496322774
0.30360447277270786
0.4446043620605122
0.49069226754392903
0.2837079095955842
0.37722808293925064
0.249323864804593
0.2953643222041217
0.2939725117434008
0.4823414047796037
0.5125500181884322
0.4953105477090483
