0.30089388174971027
0.20860742292026369
0.2243336662548111
0.39246206593438754
0.3648112363250015
0.3075266029768535
0.21515452214566472
0.32285388559870337
0.33324537339457194
0.22816009253668368
0.28239595249958027
0.2824525600449823
0.34362204049260014
0.31566040791702105
0.36656902706212413
0.25370178645851
0.3684447277577374
0.29499640887011486
0.283868624898251
0.33586246456539715
0.33084495267815295
0.34496902208910435
0.22862315789674106
0.19227444189562412
0.2596497585045164
0.3330070243830296
0.24257231592594677
0.21905592496934348
0.23673592835275103
0.2781974108302405
0.33102822756261513
0.23682308445459838
0.27059931198555043
0.22256527591660155
0.2807353663179163
0.1533259622553467
0.25813543935998057
0.23783166964110217
0.16356816352397774
0.2258933176509983
0.19670044557912755
0.23804758365302817
0.2732737466390555
0.2896055298911583
0.30432946273988504
0.29215987987838776
0.21799797492345224
0.2535776188246929
0.19983110698750486
0.3201675373708365
0.3767253602787439
0.24599423904720974
0.19959072358246965
0.29348901976964636
0.3014668547011558
0.28912519356896205
0.24296327054126496
0.32531751090114
0.4108484154988979
0.3271308310178793
0.31685296834135396
0.3157714172856927
0.2668952838819924
0.3345199633610959
0.31664253271364967
0.3391638041910068
0.33721794659402426
0.34976598879445636
0.20572939508812027
0.3613975543774412
0.33731680428745037
0.3079941392416922
0.37704411197285564
0.30274800032511434
0.3309008836343512
0.361074935505326
0.2829156832894264
0.39862584465544104
0.3399234269209756
0.33671371192631694
0.45050020215167347
0.3759561928308843
0.32484412924255623
0.3809883156239752
0.4319777378736781
0.41925324935639846
0.427032037524068
0.41718956592795103
0.4767422562686202
0.3744085545225422
0.5407159485842354
0.4160356231629936
0.5154828292963096
0.5040282976851609
0.5436546357570846
0.5078574921452695
0.5158251216578755
0.5790909095902439
0.4735091186141953
0.5272320060644834
0.6291843897782396
0.5484141331176225
0.665091592261101
0.6332774074163057
0.6469254727595435
0.635594553923361
0.5672795139043643
0.5416665752800705
0.5682923599986726
0.49381900610946144
0.5013189656550113
0.506227887505109
0.49938980660942217
0.5273550299846229
0.5040649401899971
0.5139743342250924
0.4460040195855247
0.40038375780060326
0.46246043211655774
0.4102415733800452
0.48021906213676185
0.4820228581798982
0.46305001414525804
0.3933189789484199
0.5068123498904289
0.48467151835468286
0.3149416010375598
0.39480195417016517
0.48694661228308955
0.4315246927234336
0.45759974036105466
0.38288149098708707
0.423611309878948
0.44955930060772453
0.4235699296627502
0.4229410624971488
0.45462249571228786
0.4344865592659747
0.4799445168723617
0.3102148346887187
0.47880290372546075
0.4121447788609378
0.4706215019354615
0.43816278831903643
0.3936413772753842
0.3603549071699971
0.4154436024454722
0.40156779668753056
0.3500668907373965
0.44960623526063304
0.34184089922784183
0.36175790348688364
0.36868644453724314
0.335386400500727
0.21497517598684313
0.35394541997892076
0.3602709759931879
0.3778707129433266
0.4421959996378569
0.3153297724557672
0.34238485405314917
0.38136558299054646
0.4574948602977035
0.40551475532073433
0.44853236682683384
0.4004542280045759
0.4757379435814614
0.4492935333914705
0.4834402730909895
0.27593614394236715
0.4462095866443219
0.4602586708368183
0.4386422951133122
0.43007888961620416
0.49340411952040075
0.41762771236199403
0.47065662284188503
0.47705105948995274
0.38448846939603054
0.42004582097427096
0.4481189142159608
0.4448408769310046
0.36560618889278024
0.3500474432613293
0.3298923555893913
0.3681037188399952
0.28221407873372134
0.40433184182739457
0.2657131763190415
0.2906325062765822
0.3198822132944159
0.28306354709114134
0.4229490540990947
0.2588807444865591
0.25861246713458813
0.25094975638832984
0.24524493794381766
0.3432235195962436
0.31666070318182105
0.3895036080248716
0.3071729850267908
0.3165010433656945
0.3072436414459981
0.3628699845757071
0.27571206954948685
0.24121483558763263
0.27235888916895445
0.3613554644842482
0.25088896241028924
0.3230391677597682
0.2325402819611762
0.29241013716591674
0.37497732003918716
0.27877536882450277
0.32726434772079765
0.35181708536916567
0.23933454735479306
0.3305741408495101
0.36442771735651275
0.3275233407711069
0.2931123348577129
0.3268982952109593
0.27671641686355386
0.31355368254097854
0.3213005705059448
0.2774521753341574
0.21516715582878593
0.3216029829802466
0.2775654204172951
0.3974966295100323
0.24984101226063787
0.32237053867641646
0.264979042616988
0.34178666568897564
0.31997117926147756
0.3577690967806486
0.36865593750190306
0.40126167278763225
0.4071595757235886
0.393542930458783
0.4144506930687118
0.5174507804062438
0.45876455144084666
0.5271081421864012
0.5669458668120714
0.6007999055739441
0.513760242124562
0.6174811008005128
0.64955923124682
0.6744030772470044
0.558508357582024
0.7913007173437868
0.8231303088955776
0.6678078165389096
0.7782931495667154
0.8417568153701014
0.826790139579981
0.9306899579045589
0.9721669849245377
0.8225061720416816
0.7991692123073332
0.9310799368848779
0.8761220780284813
0.8330822736607078
0.8160619799725228
0.722752956531858
0.751904475147418
0.7618290678974007
0.7744736642487957
0.6781204784788051
0.7567019902670163
0.6249043173784751
0.6412796995378851
0.6857540204044451
0.6664683195970534
0.6098731932668953
0.5514471189441268
0.5534643335070871
0.5108200408103061
0.5661045732566904
0.4590595853324338
0.5742758230523743
0.5148945237048741
0.5706358815699011
0.43106789164781
0.5667542561807631
0.5158533185131634
0.6110553460946467
0.6040469154263569
0.5544586516556345
0.48879416447851226
0.535182628911864
0.6499779586241607
0.554454530881105
0.5120202501642102
0.5049036612069648
0.5281369389915033
0.5100170324055502
0.48356700294015686
0.48130618349751986
0.5160850460596584
0.5222807231170348
0.4656563115668266
0.5916747085210073
0.579623442208013
0.5260265876622803
0.5155485714549084
0.45425944172291033
0.6007966086118967
0.665787053366798
0.4908448830184341
0.5178622026876805
0.6146132594121072
0.6044206936675169
0.6342969574584979
0.7434852996739326
0.6622136568932402
0.6110271750030687
0.5694269970766705
0.667809240950424
0.6446576011003934
0.6500861664487629
0.6679596634177458
0.5716832846348752
0.6257376119382214
0.6654803087881784
0.687266343951557
0.6584950542883893
0.7131161746708141
0.6256203124225106
0.6508127946991831
0.6847634844104002
0.6277678962913007
0.6809916327199004
0.6873923347704401
0.6438445004685236
0.6517142690334365
0.7575929459673365
0.6236523779881551
0.7046130759531322
0.7112739291818406
0.592444724209039
0.6678582793386991
0.7929605814301435
0.7190108815179342
0.7357011196280349
0.6983290315968834
0.6857420156517604
0.7517354203760531
0.7595760988265887
0.705660457259877
0.7321557419044189
0.6454047338799326
0.6903169263544466
0.7381945228554296
0.751588858680869
0.7625296279583547
0.7782105023419145
0.7740756839595466
0.7372214078168993
0.7129841435674635
0.7321550184913479
0.6730856256975963
0.7843397434181163
0.6676252411009524
0.7624123533929684
0.7527613217317589
0.6367097698981137
0.6590623206479246
0.7097302135415352
0.6831064304507051
0.6212331335203032
0.6176295659745196
0.6000890158338428
0.6426126848220167
0.6829609485220149
0.612045994348428
0.5662557510648077
0.5430538898977574
0.5912670882464902
0.5384113305467657
0.5707283546638767
0.497778947789939
0.5369213334587473
0.5222981687531215
0.46793113268275466
0.4866810418457268
0.5046708937504104
0.47441211126545113
0.4397424838947046
0.5287598799857713
0.5847314017446894
0.44196213090704256
0.48733040941981465
0.4606294717549541
0.5098894023615032
0.504188306416767
0.5153821469124238
0.4528475761514927
0.48538195682166585
0.44999569010540746
0.5654528556535027
0.5620302443598495
0.44541829262691
0.5381048093869021
0.5760166747411567
0.6009981465313852
0.5882279635072537
0.5856546699328263
0.4467046902039665
0.5718232757006818
0.5170053222507714
0.4867800982551123
0.49485078827483714
0.5624783980463078
0.4067095525256401
0.4028217613920178
0.39686281720036765
0.47569690960131605
0.3822327720911193
0.5236564933136119
0.4540195005014751
0.5411584127333312
0.5185266364803403
0.4439258450141305
0.45632640199733243
0.34324135647181764
0.4890121800875917
0.3384887997071659
0.3458922073698585
0.32544059772474176
0.2511443779213495
0.3320999559357455
0.2818235668006723
0.2633713545350813
0.351284989011672
0.2788702904863343
0.3123069356456915
0.23569671220395896
0.34741010296563496
0.29809644151073506
0.23257797357254956
0.31709949871030496
0.26072283033600646
0.2638555294963936
0.1274048535422666
0.22031750760131175
0.2058020335568861
0.210364972476721
0.1297914588961698
0.1315804748947385
0.07677440236555685
0.25599719132991683
0.1379720003864946
0.022773989355031426
0.12472045939581465
0.23444462071974062
0.1387780527529169
0.21625842601827475
0.16795855313057415
0.14994903306355487
0.2324273439724694
0.18426637409072402
0.25323761310390086
0.17463466938484024
0.3075864041416798
0.23637166126976092
0.23881567671095655
0.1906003271243514
0.25687787201977036
0.29290094690511254
0.2589214214548193
0.3624629169978458
0.38108768561594114
0.3559848796415625
0.4085247792697847
0.25418732720976805
0.43774181362772185
0.29803925579547574
0.3008843401232775
0.3948491883225742
0.32465373416788595
0.5097460113236119
0.3947111826315719
0.5403424030165618
0.28674012713141733
0.43001861443185235
0.42909885813156456
0.2416515468306835
0.43668981659036743
0.38064992859055063
0.4352289079815692
0.46167292404559807
0.46024111490251296
0.4457819173359446
0.4406913556884659
0.4840678139857682
0.5277736710643082
0.5775984590817
0.49252142376312685
0.5025719561171278
0.5096049306313396
0.4988505695042966
0.4572984458372203
0.5099613499511635
0.5890106264537533
0.490737031610443
0.47604382429327713
0.5122924707897671
0.5309552596384637
0.5382784043827628
0.6432409126759295
0.6384484947091544
0.5810514451880329
0.5994174530390146
0.5923027543534409
0.5356391613367024
0.740157769305442
0.643968787179619
0.6470490005972277
0.5882045028851248
0.5636697862185436
0.6537077915129408
0.5441635725109877
0.5952119919116495
0.45109920315691554
0.5034783966130891
0.6533364376656358
0.5675390639304814
0.6695855159829238
0.5167817143444169
0.46632407164655076
0.5065999691066803
0.4673946971193117
0.4702485023279113
0.5439377162041671
0.3828480996656361
0.447370340987309
0.4554526568151822
0.4993438849825349
0.5183569732390351
0.5021830500867606
0.43140191948038015
0.39583064092893144
0.46231378801824025
0.4280863916950409
0.2941480179692799
0.33061504934660807
0.3928602015040337
0.32032814867145976
0.3251257830147599
0.40969761641816976
0.45925827756899285
0.29629724807840496
0.3397808515075553
0.43996758379817086
0.31926195274274893
0.28210710883335655
0.3732736553964153
0.2738202298073402
0.307945362136479
0.4139019987319637
0.342671670714924
0.4045378429097783
0.2872808797633852
0.3024258571491302
0.32669812271617216
0.2924530484607719
0.19745125324628476
0.22542993987123358
0.17378012848259464
0.2260141078139963
0.2928263757808657
0.24529316259890332
0.3901495703276607
0.2380404709549525
0.27484761914748446
0.36502987159452993
0.3850147412722064
0.37313894325506075
0.35670106123725703
0.41918443952235324
0.4672219374663177
0.4107008071880065
0.47576703110750096
0.42758957550904375
0.41140683357680846
0.37119297503530546
0.3712414144113869
0.3035385979179687
0.25897218879844963
0.2182513822135674
0.2760970601588083
0.317975953644139
0.22011460876043287
0.3388279599364656
0.23638239811255132
0.2686921792711216
0.22659006728278272
0.2102828221472165
0.24962265762295177
0.22024069664148252
0.2752934533180055
0.25039381858921095
0.17089264291296655
0.18990158255439596
0.1537750221721423
0.32880275200087117
0.26739359824977876
0.2849566711534275
0.1947248825554165
0.1787468677255841
0.2667538906700856
0.25933167083198594
0.3328190026233063
0.21782558859420972
0.313446394864181
0.3970222323954959
0.2592279910037776
0.2960707242373276
0.2924999464157795
0.19327089279524165
0.32336949402082693
0.1976516802303964
0.26792382249545843
0.22383817086095337
0.23857407831185035
0.39277892223559896
0.3300947219374058
0.3085814307819318
0.27079967666644134
0.3375461368271505
0.27671647779825687
0.3465744129665162
0.3814124894326861
0.3771766220545863
0.327935292272513
0.31021005285368947
0.29764167501571825
0.3177814642329492
0.3053648621875662
0.37408016179911846
0.412197814023768
0.37221387749003204
0.3659403884537637
0.5037903257008752
0.38971022370747094
0.3596488414026574
0.3663073595843051
0.37096014180094206
0.3698994713749576
0.42338265901548927
0.3560645167295253
0.36473919747544437
0.35453567758322985
0.43705250607753365
0.4467373810459319
0.32449411551224894
0.4142426368315891
0.27702292055027466
0.2917991457479199
0.4587222912413824
0.4320831725235153
0.34036152161339006
0.43019130666410665
0.3506568586872104
0.32134136247021855
0.516179001806216
0.31796529744498014
0.33464436124995117
0.3762579933765112
0.27487671845917794
0.17416145979893222
0.2740006218255115
0.37223315087723274
0.2536381906433592
0.3908333978883063
0.32488517423751495
0.45187353348686304
0.3572138637085729
0.35249024017406416
0.34916131926133553
0.36382780016646604
0.4002902457721983
0.5105631534678158
0.43989850612659703
0.4434759314792264
0.45435665989938967
0.43187142906948733
0.5872178219248138
0.368594437881313
0.37139792906304975
0.3788646708331884
0.4151719052498721
0.4933394254417127
0.5054613810199192
0.4180396740021235
0.4177883069405425
0.3342598188613837
0.40614116856643145
0.32070723231754605
0.42622897105964935
0.4181852405095443
0.5381644229156093
0.4297344247088386
0.48642243696102583
0.26433403783057585
0.4605655685159475
0.3658984061453649
0.2866615752903411
0.2997386518319727
0.40218237422962627
0.3310567079106094
0.3743063382240523
0.2703257321596568
0.3290540745174639
0.2812260906896069
0.32536371044015533
0.34615914632244527
0.3521835204758719
0.3432027248178392
0.38024904650398633
0.38721783975062135
0.35183155978002223
0.19791931178410982
0.31865078775900424
0.3526375876739843
0.34394886088802934
0.3849349796009294
0.31698536640768316
0.29105999833173757
0.4134349480394524
0.290429725770139
0.3455720113357572
0.43001602431267594
0.4240719498115247
0.4387869057365138
0.3841990746772268
0.35876719764884624
0.3616192335095797
0.302127738772045
0.3267011040914797
0.31419961313876676
0.35197013162579505
0.4164388045090306
0.37978356068823726
0.40455110480645884
0.41070622982092597
0.37963518124706075
0.351519241390559
0.26160255709938457
0.2764180666305124
0.40637340537258443
0.3399750962639108
0.38153986434136455
0.27343628481480753
0.3479048218780625
0.3156185660840626
0.2894761870539979
0.2725902309507746
0.23754615574338545
0.18618238594391184
0.2744060943469535
0.20270220779820602
0.27378518167802696
0.29000101515146126
0.26538899325543097
0.32552680952571755
0.25557869200163263
0.3840107052163122
0.3538607539184255
0.27670377474310315
0.28895751647955914
0.5061399717749117
0.2725016877999533
0.3407037056294495
0.3213155995592344
0.40295850120825066
0.46020236249861807
0.3634170603280794
0.4138291275288452
0.4460416188699268
0.4366108079691693
0.4466400436847635
0.4343904440940659
0.222732339824222
0.3771489849006583
0.4449847459519376
0.34107365541642287
0.3089088966889
0.3583130056185043
0.18691894157376304
0.3057328171327639
0.3334611509971782
0.3265915884776799
0.2625495363993001
0.3032220328270291
0.26853002803562603
0.31371759561804785
0.3031321240328791
0.26260663268861034
0.28152270424239834
0.21809282684463607
0.19953520731185082
0.2480765034034939
0.35839107192247605
0.38852190169012807
0.36656893557708453
0.30693851326023935
0.45851461358858325
0.4119248221344853
0.3630267868776894
0.3719415272137346
0.3806971330940658
0.47810844696771715
0.44062225185940757
0.47199861417364264
0.36155869586742284
0.4154038351747058
0.3464335039034398
0.28464532852979163
0.3875251443879265
0.4538967774096957
0.384904596441058
0.3247573837081396
0.4043857274600216
0.4159025922209519
0.3675564871312002
0.3994534299757828
0.3040891572984413
0.3949708739443536
0.4177342130612153
0.29763395149945804
0.3414542346579894
0.2955809985990083
0.3460046472203893
0.4110799065910526
0.34332211583313815
0.2831556943358573
0.298548127836709
0.37436980007974857
0.29374383181787517
0.3456804587116734
0.4300572213301355
0.36699589919856124
0.3817361237694305
0.22773421800058763
0.2827815588769415
0.26109960852360814
0.4169588079766565
0.363380714056203
0.3449300434605529
0.29319432901975057
0.39168207088589657
0.3356844826216333
0.29229769487406837
0.3493752640371765
0.2879509757545354
0.4389062196021871
0.3297933148947272
0.44495711073907757
0.3260730871480825
0.3484287440734652
0.37946995690830226
0.4061057934290818
0.39769596917907074
0.3643070232283777
0.4892297529686639
0.3938796069758931
0.5224124216916368
0.4502637469289682
0.5138748952427725
0.3909412712877175
0.48393723147841583
0.5751663563004568
0.5479213267047355
0.45601404873515844
0.508525984998158
0.5102292984156381
0.4199750230323213
0.402827473264047
0.4168610862817616
0.4793189671586889
0.43757941877630757
0.47068907289405654
0.48283894543451955
0.5111168790378479
0.32524755252426174
0.4631787827057926
0.37462240015254733
0.376802544284057
0.40607920213318105
0.39370274000620975
0.45614436097785716
0.384601428290391
0.5518563129051086
0.3951330616463335
0.5045652851920468
0.5349678424552529
0.533449799695451
0.5419997195255384
0.5894971485159037
0.47469039390493306
0.6050040063999008
0.5271651108139057
0.4896989328154411
0.4812419255615686
0.5011167371880999
0.580377837575786
0.4952801296328365
0.5255972112132331
0.5545834063273615
0.5528783162862202
0.5446785805105485
0.43834960813601387
0.45138180748477225
0.4608122261888946
0.41913801330878253
0.5734094231528097
0.5630977019283034
0.5695767560644316
0.47337292066361253
0.5153396019314228
0.5056038853562521
0.4497039709562275
0.41596752650127194
0.5509969002947275
0.5682606132435315
0.3936633624509256
0.4591059395572493
0.44307484233536537
0.5411971879968821
0.5581306462057434
0.5849455235167733
0.46487732792874653
0.5626340088390342
0.5544458010089581
0.6257205227581942
0.5043348986697549
0.46761416250735754
0.5249086826881068
0.5505696969885282
0.3661220900578574
0.4635525890263776
0.46651694404681743
0.45895012668935314
0.3385984266302953
0.4616131511592771
0.4012604921212196
0.3981061839086696
0.5269278779503807
0.40776959095679216
0.4677569298145505
0.35741950048308435
0.3267259536922964
0.3678002908642123
0.46255151187142607
0.3528084594166307
0.41369009330556716
0.3672676465869805
0.370736233634794
0.48100900980137207
0.4148954348154785
0.4092244917289343
0.44425976134122547
0.491354905434319
0.40319869588996504
0.47872815750626785
0.48911122120509243
0.43847705154089306
0.4639567427468407
0.5517468398476525
0.5684197457817889
0.49397106594854956
0.439582045502415
0.5209416725675652
0.45839292129020204
0.5103625517914673
0.545048224695518
0.47448542987774445
0.4705922810932699
0.4970878458431486
0.4420244462027446
0.4273366753699518
0.5677953276191703
0.4577464341883741
0.45248088293633737
0.38673198891923977
0.4309220611624498
0.4168383482259985
0.32292690778756833
0.45281150684711163
0.3148273269430886
0.37051836536395144
0.3268893279025038
0.25391968030920664
0.368099563612011
0.28687534852849494
0.35061023593621254
0.3690803821620584
