0.3051595752949772
0.36316010384441993
0.3745083712904379
0.41694778242417646
0.35052155393536155
0.3929454194972562
0.41980816764344675
0.3533974847264757
0.3802446873008224
0.3760007461874485
0.4028013120462636
0.3985418253610459
0.269917763924946
0.26564273166788444
0.3390644674864365
0.27259160228208995
0.33045222068493785
0.2017815225333064
0.38402226125888045
0.33303278561101873
0.26652882926298443
0.35543395463802135
0.27336888087428296
0.3000917188738788
0.4356491053523404
0.41571968224851147
0.11594975671180065
0.32922412050927297
0.32480917810561666
0.35148537938968083
0.45590498546489033
0.24938206351920658
0.2604971473875667
0.2560511138402226
0.2671817432804266
0.4337214544437017
0.3048953005736316
0.28487260403873954
0.29594105119156805
0.2759028090848322
0.2714101388219566
0.34464532777838236
0.40231939931910393
0.3200833242650831
0.20674055995149784
0.21776237038879476
0.3531487555769739
0.34860944859856674
0.204159995025417
0.3705753416139413
0.241655914312808
0.37699566278545554
0.2636062617563387
0.33676372285354517
0.4565112627668009
0.32756074432197985
0.307413683212337
0.3338722464905871
0.3914530446002456
0.30907705939963004
0.2578233090304227
0.4086464470595551
0.43507391919411753
0.29048455547437313
0.3324886905964836
0.40552178711893916
0.4475103766692058
0.42725449655665587
0.4692275405350786
0.4489716604225287
0.3354423492468171
0.5017644224042782
0.5125841404076049
0.44566045361978646
0.47201019789512966
0.29626750820028913
0.49364963390178307
0.5666205481368632
0.5463180313087818
0.4638176815334152
0.44349961913348984
0.4698027266933014
0.5116669516688171
0.5379700592286287
0.5331664775288759
0.5594540395168436
0.6790150325679729
0.7052870489840969
0.5916644643773221
0.6334354159217747
0.6130551712344738
0.7481306449857759
0.7122048284546146
0.5518988916007275
0.686927728636498
0.6354407946896327
0.5839383151709236
0.6256781755716885
0.6052512941688559
0.8335691078396319
0.7353677305019665
0.6527585617236931
0.6322850436053291
0.6429337603183733
0.6535358403158861
0.7419124162482318
0.7991356662054815
0.5610396878449174
0.5871717941144465
0.5511216130085345
0.670558241484913
0.6655836584948778
0.5362445007539602
0.5623455158798016
0.6506754550966157
0.4902296080961338
0.7805897989957561
0.60458283457957
0.5529404449142662
0.5323891989366829
0.5118690441027873
0.5223933962410807
0.4085531736284919
0.5745176986335443
0.4451319041770952
0.6421720272980241
0.4350117369067421
0.5854151444960903
0.4093615433643727
0.4820370917344195
0.5080759245728854
0.4719169244640664
0.5756680709499898
0.523916862281779
0.5499401495484011
0.5759478912431794
0.6330467766256782
0.45691544763474123
0.49846876117337974
0.555521009840347
0.550406516703717
0.3743062788564678
0.5246164130147528
0.4417740606588214
0.5920841948171063
0.5869697016804764
0.34862499417041054
0.4678284390691312
0.47824397220451753
0.5041584404682325
0.40570833398106554
0.245107031262145
0.34874935874516144
0.5456495717194957
0.43168498453215604
0.550857338287189
0.4523916862281779
0.49382063519206554
0.5508107015716572
0.39014721656536133
0.43157616552924893
0.4885506863369969
0.43673729538141065
0.46260512692959416
0.659427612044709
0.3588384348718268
0.6023442722340542
0.6126665319383774
0.4519719557883937
0.6021888165156155
0.503676527741073
0.545074385561273
0.46210766863059055
0.5811867489545602
0.4671133427643136
0.44631336763722856
0.39437561210689137
0.48239463988682824
0.36832123369658154
0.5029303402925677
0.4821148195936388
0.46126820775102206
0.4559827133241096
0.35740824226219164
0.39875946336685997
0.5955353117664433
0.5747197910675144
0.42947751333032785
0.4708442800068401
0.4344210051766754
0.33581544297106963
0.4859856669827599
0.3562889610894337
0.3043201144154088
0.36117027064840584
0.557961664619833
0.35052155393536155
0.4695539975437996
0.32429617423476925
0.3655852130520621
0.4690565392447962
0.41707214699892736
0.3806333265969189
0.3908312217264912
0.2766645421051814
0.38012032272607144
0.343681502324063
0.33831828003793124
0.36404620143952
0.24986397624636625
0.41551758981454134
0.20801529684269435
0.37365336483902556
0.4304724299283349
0.19192562998429896
0.37306263310895893
0.3365927215632627
0.26904721190168984
0.29472849658774697
0.39816873163679334
0.3305765852596888
0.1853032163788145
0.36642467393163053
0.22115130505075628
0.2934537596965504
0.22589270446313367
0.36039299205621284
0.33946865235437684
0.2096942186018313
0.3441789606230665
0.22998118985806895
0.3178292163477234
0.2657826418144792
0.5246785953021281
0.3016151849145771
0.4205543550919521
0.39958337867458454
0.44081023520450197
0.43538483063099476
0.5543240008083697
0.3157150185769584
0.4657608780138977
0.507018825687503
0.4860012125546039
0.5272125235126774
0.5218026645110141
0.5785595473129479
0.5575885708955804
0.6765432866447993
0.5933900228519906
0.5568734745907628
0.8312372720630529
0.7791906975298087
0.5405817152983973
0.9393411786652572
0.8406112518849006
0.7730191055077962
0.7831081816344615
0.7932438944766583
0.9432742083417539
1.0
0.8080432788720133
0.7715111850389417
0.905995927060177
0.853918261383245
0.9884185489763241
0.8119607629766662
0.9308843875821973
0.6145630917033283
0.9044880065913224
0.6347723351003467
0.613816904254823
0.6394670977971925
0.5718594058482441
0.7063286022976356
0.6542509366207037
0.4000808369735881
0.5345966701385111
0.6846269840036066
0.6325648638985185
0.2851368787600852
0.559516221804219
0.4919085298552707
0.5175898145413279
0.4033454070607987
0.41343448318746406
0.5790103688964199
0.43369036330001404
0.4438260761422109
0.45396178898440775
0.4485519299827444
0.5519144371725714
0.43770112083572993
0.5566558365849488
0.5045781709080168
0.43700157010275625
0.4626984003606573
0.48834859390302676
0.34305967945030863
0.47754442147154386
0.5032412517294449
0.48227027531207745
0.5079826511418223
0.3626626455454164
0.35728387768744074
0.5850575963436815
0.3309185878402537
0.35664650924184244
0.39787336577175997
0.43911576787352125
0.4337214544437017
0.3040092029785315
0.43852503614345456
0.3709484353381939
0.6764811043574239
0.36019089962224266
0.52581342204673
0.442706794969453
0.5461625755903432
0.3387069193340277
0.6287095620812413
0.46789062135650666
0.49361854275809536
0.5659987252631088
0.45183204564179896
0.5708489436783931
0.5344256688482286
0.4513501329146393
0.6014426290671102
0.4562003513299237
0.5596872230945016
0.4921883501484602
0.517916271550049
0.6058886626144543
0.4295707867613911
0.5641332566418457
0.4811043574237879
0.6312279447199465
0.7192158813561957
0.6672470346821707
0.6308703965675377
0.7654639575916801
0.6668739409579182
0.8170752561132962
0.7340308113233946
0.8375954109471918
0.645747508822112
0.7181898736145009
0.7439955228753089
0.84757566807095
0.4847575668070951
0.6038521927029086
0.6763101030671413
0.6399645560961961
0.5258911499059493
0.5828190339981656
0.4998523170674834
0.8055248962333079
0.6137391763956037
0.6706981516315078
0.7276571268674118
0.7379793865717351
0.6084070452531597
0.5410169913100253
0.6912649431809349
0.5616615107186719
0.5720148615666827
0.7378394764251404
0.623843798094113
0.7740917499650225
0.6290049279462745
0.7482083728449952
0.6031060052544033
0.6290515646618061
0.5927837455500801
0.3700001554557184
0.5980226032614611
0.7949849985231706
0.5566402910131049
0.6292536570957763
0.4997590436364202
0.4324622631243491
0.5050600836351766
0.5154911623424068
0.40158875744244255
0.4275654079935331
0.37582974489716603
0.603914374990284
0.4744974893901473
0.6403998321078241
0.41769396987268176
0.49035397267088476
0.3920126851866246
0.5113094035164083
0.5373637819267182
0.7033127613599266
0.5272747058000529
0.49114679683492163
0.7814914421627
0.5433021903710727
0.6471155191443717
0.6576243257108214
0.6059819360455174
0.6010073530554821
0.7670185147760661
0.6221337851912884
0.6015980847855488
0.6899124784305192
0.4828765526139879
0.6799788580222925
0.5351407651530462
0.7011830180173177
0.5097082096164908
0.5203102896140035
0.6864147247656506
0.7281234940227277
0.8631367854866542
0.7338598100331121
0.6979029023582632
0.6308237598520062
0.6259269047211903
0.7920779765883688
0.4452096320363145
0.6735274457070903
0.6997528254076827
0.5239013167099352
0.5501888786979029
0.5453542058544623
0.44726164751970404
0.36471466102880595
0.4220933667044942
0.4794720723801826
0.47468403625227357
0.45435042828050426
0.4495779377244392
0.24272855877003438
0.455609619599857
0.3886859328120385
0.4927324451629953
0.2392774418206974
0.45218959379420776
0.38529699815007695
0.3028588306620859
0.32922412050927297
0.34009047522813124
0.41313911732243075
0.26853420803084244
0.38825065680041043
0.1659334338613646
0.2079220234116312
0.34321513516874724
0.10537254962923812
0.14736735740824225
0.14276742269964401
0.29359366984314517
0.16465869697016805
0.19114835139210595
0.0
0.2597198687953737
0.3017861862048596
0.17285121333188244
0.2926609355325136
0.25703048486638586
0.3147045564071074
0.3412719386882647
0.2590358636342438
0.3322555070188257
0.3122172649120898
0.12117773252289085
0.22551961073888102
0.22105803161969315
0.24768759618822578
0.4142428529233448
0.09890403718500784
0.1877594167301444
0.3543457646089512
0.4587187339686291
0.2833335924261974
0.23231302563464798
0.3212181510096849
0.2857276104901519
0.25028370668615046
0.3081287795171545
0.17941144464999143
0.3927277814914422
0.2484804203522627
0.21308315326379282
0.17768588617532297
0.43768557526388613
0.30901487711225456
0.2581342204672999
0.11394904161549584
0.3739642762759028
0.323099165202792
0.30332519781740175
0.6255538109969375
0.5280830755359336
0.4617034837626502
0.2865048890823449
0.34450541763178755
0.4491426617128111
0.3983552784989196
0.42529575450432944
0.5299951808727285
0.4481477451148041
0.30411802198143856
0.33110513470238
0.40474450852674615
0.3695493338722465
0.28774853482985374
0.439146859017209
0.5905607287764081
0.4621543053461222
0.33377897305952403
0.6251029894134655
0.24801405319694686
0.5860214217980008
0.44214715438307395
0.500334229794643
0.48084008270244216
0.2747835279120742
0.30194164192329814
0.42235764142583987
0.5272747058000529
0.461174934319959
0.4106673713992569
0.1580362833646836
0.4184712484648748
0.38350925738803304
0.5040185303216379
0.5468310351796292
0.340898844964012
0.21272560511138405
0.39549489327964926
0.28286722527088154
0.4189997979075661
0.39969219767749153
0.4425668848228582
0.3610925427891865
0.46618060845368203
0.21373606728123495
0.3188396785175743
0.2996098061467191
0.3114710774635845
0.27671117882071294
0.38187697234442775
0.33160259300138356
0.3279649291899202
0.38652509832574194
0.28962954902296084
0.30158409377088935
0.266917468559081
0.3877065617858753
0.4774045113249491
0.2406765432866448
0.25267772475010497
0.1869821381379514
0.23012110000466365
0.3198812318311129
0.3163990237380882
0.43728139039594577
0.4182847016027484
0.3215601535902498
0.5202014706110965
0.345795700094828
0.2646478150698774
0.21460661930449113
0.2889610894336748
0.3011332721874174
0.2511231675657189
0.32550872883859033
0.3532731201517248
0.3965830833087195
0.39327187650597734
0.20342935314875557
0.23124038117742163
0.39896155580083015
0.3957125312854633
0.5790103688964199
0.42032117151429416
0.5103766692057767
0.3983552784989196
0.8459900197428762
0.8427876319430411
0.6530850187324141
0.681020411335831
0.4136054844777465
0.5503909711318731
0.4229172820122188
0.3731714521118659
0.4322757162622227
0.4447432648809987
0.42613521538389787
0.3453604240831999
0.43560246863680885
0.38593436659567526
0.3984796430736705
0.4732072069271068
0.39249459791378427
0.5760722558179302
0.3399350195096926
0.49245262486980584
0.45843891367543954
0.40889517620905685
0.42153372611811524
0.5430068245060394
0.5712220374026459
0.36626921821319197
0.4566978096289272
0.48495965924106516
0.26450790492328263
0.47933216223358777
0.3521849301226546
0.36494784460646384
0.5953643104761609
0.48379374135277564
0.29451085858193293
0.2762448116653971
0.5999813453137873
0.4418362429461967
0.48578357454878984
0.3743062788564678
0.5581948481974909
0.26018623595068946
0.3508324653722387
0.42594866852177155
0.3300635813888414
0.48293873490136335
0.40263031075598116
0.4000808369735881
0.397531363191195
0.3328151476052047
0.5479347707805432
0.6231597929329831
0.30976106456075986
0.3539260341691669
0.7556547017582042
0.5355604955928304
0.47095309900974713
0.46852798980210486
0.5593918572294683
0.2771775459760287
0.44580036376638116
0.4278918650022541
0.6276369176240149
0.3765759323456713
0.529699815007695
0.5118534985309435
0.38518817914716996
0.39844855192998274
0.567195734295086
0.39394033609526324
0.3917017737497474
0.42056990066379596
0.29398230913924167
0.4317005301039999
0.6626921821319197
0.6294402039579027
0.456278079189143
0.4230571921588136
0.4831097361916458
0.48099553842088083
0.46335131437809934
0.2902669174685591
0.3037293826853421
0.41049637010897444
0.5172789031044507
0.42196900212974336
0.5287670806970635
0.511231675657189
0.7424254201190792
0.47617641114928416
0.4431265254092372
0.36345546970945325
0.5946958508868749
0.31296345236059514
0.4665226110342469
0.49571719495701655
0.44719946523232856
0.5075318295583504
0.396862903601909
0.5193931008752157
0.5486654126572047
0.6245744399707743
0.6227866992087304
0.6676512195501112
0.6658790243599111
0.508666656302952
0.6157601007353055
0.39639653644659323
0.39468652354376854
0.5639933464952509
0.515677709204533
0.4518165000699551
0.6211699597369689
0.5417942699022184
0.26035723724097193
0.47637850358325434
0.42814059415175587
0.48873723319912327
0.30062026831657007
0.6255071742814059
0.6084225908250036
0.42033671708613807
0.5898300868997466
0.6660500256501936
0.36919178571983774
0.46098838745783266
0.47507267554837
0.5358092247423322
0.5188179147169929
0.5018576958353413
0.3760784740466678
0.3746793725807203
0.4043869603743374
0.5740202403345407
0.5882133474279851
0.5868608826775693
0.5078116498515397
0.45985356071323086
0.3652743016151849
0.5038941657468871
0.33161813857322736
0.36145009094159525
0.6089355946958509
0.5299640897290407
0.4976448458656552
0.34097657282323135
0.3708707074789746
0.33859810033112064
0.6327980474761764
0.5694498422124458
0.6304817572714412
0.6915292179022805
0.7836833677926842
0.658215057440888
0.7504002984749795
0.5316741026318653
0.7171483203009622
0.49845321560153594
0.6839585244143206
0.6984780885164862
0.6352697933993502
0.5254403283224773
0.32236852332613053
0.4768293251667263
0.5846845026194288
0.506008363517652
0.3806955088842943
0.6129463522315669
0.5343013042734777
0.3002005378767858
0.6257714490027515
0.5782486358760707
0.655105943072116
0.6853420803084243
0.7000326457008722
0.6836631585492873
0.5740202403345407
0.6509397298179614
0.5879490727066395
0.6182629378021671
0.508666656302952
0.5389960669703234
0.5537799057938347
0.5841404076048937
0.4745907628212104
0.6604225286427162
0.5819795731185972
0.6590234271767688
0.5028837035770362
0.5799431032070514
0.36163663780372163
0.39207486747400006
0.4536197864038429
0.6706359693441324
0.623392976510641
0.45178540892626734
0.48228582088392125
0.5438773765292956
0.5277566185272126
0.41837797503381163
0.4022883081754162
0.4950176442240429
0.6499448132199542
0.4628849472227836
0.3069162249133334
0.39969219767749153
0.6168482907643758
0.6163663780372162
0.4138075769117167
0.47553904270368585
0.31963250268161114
0.428016229577005
0.5830522175758236
0.42717676869743654
0.2713168653908934
0.41083837268953943
0.581451023675906
0.3789854959814697
0.3475212585694965
0.3160725667293672
0.30018499230494194
0.3775708489436784
0.2839709608717957
0.2059166446437732
0.42324373902093987
0.4540395168436271
0.3760162917592924
0.32909975593452206
0.4842756540799353
0.34410123276384724
0.5459449375845291
0.4057860618402848
0.5609930511293858
0.343121861737684
0.15635736160554667
0.4825967323207984
0.6689415020131516
0.24900896979495393
0.4664604287468715
0.45072831004088487
0.2951015903119996
0.31047616086557744
0.4502308517418813
0.3412719386882647
0.3255709111259658
0.4498111213020971
0.37195889750804484
0.5583813950596174
0.2784522828672253
0.35607132308361966
0.35596250408071267
0.40252149175307417
0.3868826464781507
0.2468947720241889
0.38672719075971207
0.44884729584777777
0.2311626533182023
0.24664604287468714
0.2932361216907364
0.33984174607862955
0.49526637337354457
0.35532513563511436
0.386400733750991
0.46411304739844855
0.38636964260730333
0.19982278048098
0.16873163679325945
0.4019307600230075
0.3086573289598458
0.13768091159233292
0.26206725014379656
0.24655276944362398
0.32431171980661305
0.40208621574144604
0.5109363097921557
0.324436084381364
0.15349231271472322
0.34009047522813124
0.38678937304708755
0.35576041164674244
0.27811028028666035
0.49582601395992354
0.2938113078489592
0.2783434638643183
0.4649680538498609
0.40287903990548296
0.30969888227338443
0.6673403081132341
0.4187044320425327
0.30999424813841775
0.3878153807887823
0.5278343463864319
0.37248744695073605
0.45032412517294457
0.4193573460599748
0.35728387768744074
0.34186267041833135
0.326441463149222
0.3110047103082687
0.46658479332162234
0.3579057005611952
0.21811991854120352
0.3892455733984175
0.5914779175151959
0.7004212849969687
0.40519533011021813
0.49859312574813064
0.5142786077385857
0.39003839756245434
0.48345173877221076
0.1882257838854602
0.5148227027531207
0.4683103517962908
0.4684502619428856
0.4219534565578995
0.4065477948606339
0.7020380244687301
0.5778133598644427
0.609044413698758
0.5314409190542074
0.32948839523061857
0.5161596219316928
0.4541016991310025
0.2987703452671507
0.40772925832076734
0.3456713355200771
0.2991434389914033
0.5635425249117788
0.45484788657950787
0.5482301366455765
0.45506552458532196
0.45518988916007275
0.3620097315279743
0.4864831252817635
0.4399552287530897
0.48668521771573364
0.3002316290204735
0.3780527616708381
0.4403283224773423
0.48704276586814244
0.30057363160103845
0.3317425031479783
0.34735025727921404
0.4717770143174717
0.14538840611251885
0.160989942015017
0.518584731139335
0.5186313678548665
0.4409501453510967
0.3477078054316228
0.2544654655121489
0.47211901689803665
0.4254978469382996
0.3011488177592613
0.5032412517294449
0.5343323954171655
0.3944067032505791
0.6431203071804996
0.22335877625258446
0.26996440064047755
0.33211559687223097
0.48752467859530213
0.2698244904938828
0.3630357392696691
0.3629580114104498
0.4250625709266716
0.5026971567149097
0.33160259300138356
0.3936760613739177
0.31583938315170923
0.42453402148398034
0.30002953658650333
0.22214622164876335
0.5018110591198097
0.26847202574346696
0.11283597867147543
0.37691793492623626
0.2990035288448086
0.4853327529653178
0.37629611205248187
0.29833506925552256
0.36026862748146193
0.4222021857074013
0.40639233914219536
0.23511122856654285
0.5768184432664355
0.607598675517279
0.6539244796119825
0.5447790196962397
0.3423290375736472
0.4663360641721206
0.5281452578233091
0.40340758934817417
0.6828236976697188
0.6046761080106332
0.6353319756867256
0.5727144122996565
0.49452018592503927
0.5562361061451645
0.6179209352216022
0.5396956177032972
0.46143920904130464
0.6318964043092326
0.38262315979293304
0.41313911732243075
0.39700281374850377
0.5363066830413358
0.5512304320114416
0.4417740606588214
0.48775786217296
0.4559827133241096
0.4708287344349962
0.31465791969157586
0.42274628072193643
0.5619102398681736
0.42122281468123807
0.4204299905172012
0.4662583363129013
