0.22779104607234357
0.11392157714186461
0.24756611229319556
0.17277780190194972
0.3107256068435451
0.17949107646880022
0.19590082070432932
0.23402231968387685
0.2547744148682096
0.2147379391202397
0.2788788049850189
0.22581961874158668
0.24224239002996223
0.2934039689087672
0.22294064006252987
0.3218724217291241
0.28180989187546135
0.21139432888966084
0.21479873203352295
0.309357766294672
0.16078422858135397
0.26837465803986277
0.16322897216553045
0.23174258543575493
0.23950670893221593
0.2906552607581745
0.1811368274783968
0.2670676104042729
0.21400842416084068
0.2521386078422858
0.3207086716748448
0.30673498632159457
0.20591862434321945
0.17892657084545574
0.25619002127751966
0.22920231013070477
0.2499804594207304
0.17957358113682748
0.21338312562421297
0.21680055582092145
0.24627643406140087
0.2670676104042729
0.24009726866125322
0.13062660124191236
0.29038169264839986
0.23302357896565204
0.08881844630683053
0.2051630552781276
0.1608363367927396
0.07739372096052803
0.2545399279169743
0.19719484128707282
0.25710191497676843
0.23450432063919405
0.22055668939163664
0.2153328412002258
0.24919883624994577
0.1874896869164966
0.2517564809587911
0.211767771071258
0.23261539797646444
0.25780971818142345
0.256910851535021
0.2777280819835859
0.3463545963784793
0.2542750445090972
0.257774979373833
0.2612358330800295
0.2386816622519432
0.32465586868730734
0.3454948108906162
0.2968995614225542
0.26563897694211647
0.2908289547961266
0.23352294932476442
0.32819922706153115
0.33172955838290846
0.2917972990577099
0.4255677623865561
0.372617134916844
0.27624734031004383
0.4143644969386426
0.40050805506101
0.3996786660297885
0.4466107950844587
0.35461374788310396
0.47974293282383085
0.4441790785531287
0.4216509618307352
0.459898388987798
0.47644274610274
0.5407963871640107
0.5443571149420297
0.5435320682617569
0.5557340744278954
0.5158712927178775
0.5585131790351296
0.6445351513309306
0.5786616874375787
0.5561683095227757
0.6117938251769508
0.6153979764644578
0.6276434061400842
0.6051500282252813
0.5305484389248339
0.6470537148812366
0.5029745103999306
0.515263363585045
0.6490946198271744
0.604889487168353
0.5303747448868817
0.6251248425897782
0.4854314125667637
0.5280732988840158
0.449216205653741
0.5136132702244995
0.4607668591775587
0.4383169047722437
0.4549481089061618
0.3847409787659039
0.4491727821442529
0.3963654522558513
0.4564245082287551
0.4036215206913023
0.40726041078639974
0.415241651830301
0.4405749272656216
0.4746189587042425
0.426145295062747
0.41677884406617743
0.550696947327283
0.5630726475313734
0.5319814147379391
0.56602544617656
0.4958964783533806
0.42574579877545704
0.4033783490381692
0.48955664596812715
0.45850883668418085
0.43175995483955015
0.35730600547136215
0.39575318077206995
0.4081158539233141
0.3814407920448131
0.4242042641886317
0.46701984454383605
0.46202614095271183
0.47005949020799864
0.42604542099092446
0.386330279213166
0.32490772504233795
0.40248382474271566
0.37581310521516353
0.45768379000390813
0.40936645099656954
0.3392809066828781
0.39078987363758744
0.33374440922315346
0.3027573928524903
0.4150723001432976
0.410152416518303
0.48773285856962956
0.3352208085457467
0.4084762690520648
0.39919232272352256
0.3725823961092536
0.324265057101915
0.4453080897998176
0.5533023578965652
0.4311997915671545
0.4219853228537931
0.408428503191628
0.45134395761865476
0.468148855790525
0.4676277736766686
0.4541230622258891
0.41448608276520915
0.44439619610056885
0.43086977289504536
0.3174432237613444
0.32999261800338703
0.39461548482348346
0.3984845195188676
0.20692170741239307
0.24554257675105307
0.28847540058187504
0.24894263754396628
0.30057319032524205
0.26973815623778713
0.22150332189847582
0.27314690173259804
0.35956837031568895
0.20279213166008078
0.22405228190542362
0.24532111685266403
0.23623691866776672
0.33133440444656737
0.30051239741195884
0.31311824221633594
0.2909896217812324
0.21675713231143343
0.30320031264926833
0.3201702201571931
0.35451387381128147
0.3628121064744453
0.23215945112684008
0.30560163272395674
0.2748317339007339
0.31789048590907115
0.24805245559946154
0.2520387337704633
0.303760475921664
0.39894915107038953
0.30307872682270187
0.22458204872117762
0.3240957054149117
0.21955794867341177
0.3668808893134743
0.23626731512440835
0.17951278822354425
0.1965478309957011
0.24402275391897177
0.33054409657388517
0.20868035954665853
0.23007946502236312
0.20809848451951887
0.19477180945764036
0.2553085240349125
0.1421208042033957
0.23737027226540447
0.21976203916800555
0.30633983238525336
0.35818316036302056
0.15821355681966218
0.2665204741847236
0.40088583959355595
0.3963046593425681
0.435146988579617
0.4305831777324243
0.4607668591775587
0.3780407312518998
0.42994050979200144
0.4948977376351557
0.6553476051934517
0.6073646272091711
0.633245038864041
0.589647835338052
0.6676364583785662
0.5979851491597551
0.7368101089930089
0.7192670111598419
0.8754179512788224
0.8188371184159103
0.8707716357636025
0.9140648747231752
0.8791957966042816
0.8269573146901733
0.8007729384688871
0.9005167397629077
0.8352946285118764
0.8004255503929828
0.9783750922749577
1.0
0.9304355378001651
0.9042945850883669
0.8217030700421208
0.8693820834599854
0.7650788136697209
0.8214859524946807
0.773676668548352
0.6954275044509097
0.6129228364236398
0.6432758695557774
0.6128359894046637
0.7343783924616788
0.5215597724608103
0.551956229102436
0.582352685744062
0.595379738590473
0.5866950366928656
0.6127491423856877
0.6561726518737245
0.46515263363585047
0.49989144122627993
0.6215206913022711
0.4347996005037127
0.4826088844500413
0.5434452212427809
0.5217768900082504
0.5739719484128708
0.47848365104867774
0.5350210604021017
0.504668027269964
0.6306830518042469
0.4918146684615051
0.5744061835077511
0.5832211559338226
0.5789656520039951
0.6008076772764775
0.47496634678014676
0.5054930739502367
0.5099656954275045
0.5839159320856312
0.5710191497676842
0.671066915628121
0.5886925181293152
0.4585956837031569
0.6541751704372748
0.5457466672456468
0.545920361283599
0.5938599157583916
0.6071040861522429
0.6550870641365236
0.7160536714577272
0.7510095965955969
0.5862173780884972
0.5734074427895263
0.5432281036953407
0.5912110816796214
0.6609492379174086
0.669851057362456
0.6657692474705805
0.6052368752442573
0.6749750314820444
0.6535238177949542
0.6060619219245299
0.6584306743671023
0.693473446523948
0.6893916366320726
0.5985496547830996
0.5988536193495159
0.5427070215814842
0.6645968127144036
0.6302053931998784
0.6739762907638196
0.6178296929957879
0.5487428894003213
0.6358938729428113
0.657996439272222
0.649659125450519
0.6543922879847149
0.7242172912414782
0.7072386990316558
0.8075035824395328
0.6776238655608147
0.8213556819662166
0.778322984063572
0.7613878153632377
0.7400668722046116
0.65803986278171
0.6671587997741977
0.7848365104867776
0.6463155152199401
0.7770637022884189
0.6602544617656
0.7736332450388641
0.70029093751357
0.6877415432715273
0.7273437839246168
0.7147943896825742
0.8151895436189153
0.6637283425246429
0.7337270398193583
0.6908246124451779
0.6783186417126232
0.5876503539016024
0.6533501237570021
0.6365452255851318
0.6588214859524947
0.6723696209127622
0.5600764253766989
0.6040644404880803
0.561205436623388
0.5010204524729689
0.6840071214555561
0.4067045898649529
0.5288983455642885
0.6294237700290938
0.6604281558035521
0.5221242780841547
0.45325459203612833
0.5017152286247775
0.4806114030135916
0.5942073038342959
0.3864431803378349
0.4913370098571367
0.5788788049850189
0.47097138390724735
0.4413131269269182
0.355165226453602
0.46441443397455384
0.3869859742064354
0.3182335316340267
0.46228668200964
0.4108993008814973
0.4507360284858222
0.45147422814711885
0.486994658908333
0.4443527725910808
0.5406661166355465
0.5371053888575275
0.5074905553866864
0.5516956880455078
0.6046289461114248
0.4664987624299796
0.6062790394719701
0.4854748360762517
0.5341091667028529
0.47852707455816584
0.5879108949585305
0.5496982066090582
0.5809197099309567
0.5731469017325981
0.461114247253463
0.5227756307264754
0.5236875244257241
0.45946415389291767
0.37351165921229756
0.44826088844500417
0.48825394068348604
0.3806287724173868
0.3251335272916757
0.32173346649876244
0.4095271179816753
0.38009032089973516
0.3550002171175475
0.30389074645012815
0.370007381996613
0.33191627947370705
0.3676538277823614
0.27312953232880277
0.330591862434322
0.29253549871900647
0.2284293716618177
0.19039037735029746
0.1827521820313518
0.20551912805592945
0.25435320682617574
0.16421034347996008
0.2260845021494637
0.25322853793043554
0.1283989752051761
0.1338486256459247
0.09585739719484129
0.08829736419297408
0.15456163967171827
0.1383082200703461
0.11340483737895697
0.0494029267445395
0.1200442919796778
0.056081462503799556
0.07461027400234488
0.09314777020278779
0.05960745147422815
0.0
0.08806287724173868
0.05452690086412784
0.051391723479091586
0.04394893395284207
0.15807894394024927
0.1636545225585132
0.1301619696903904
0.12707455816579097
0.24559902731338745
0.3684571627078901
0.1569586173954579
0.2190412089105042
0.19862347474922926
0.08268704676711973
0.16216075383212472
0.2546745407963871
0.16047157931304007
0.2877415432715272
0.23697946068001216
0.29044682791263193
0.22667506187850103
0.3365886490946199
0.3466542185939468
0.22211993573320596
0.21917582178991704
0.25096183073516
0.2046115767076295
0.32762603673628904
0.3681184593338834
0.2957444960701724
0.18861869816318555
0.39851491597550914
0.2957444960701724
0.35367580007816235
0.3768552694428764
0.4391419514525164
0.3494420079030787
0.36396282947587827
0.35680229276130093
0.45820487211776456
0.4293152112553737
0.3787528768075036
0.5279430283555517
0.529462851187633
0.4876025880411655
0.46311172868991274
0.4864301532849885
0.3837813192062183
0.4592036128359894
0.46515263363585047
0.48412870728212254
0.5248599591819011
0.49172782144252897
0.4542533327543532
0.4559034261148986
0.5704546441443398
0.5678058100655695
0.5651135524773112
0.5668070693473447
0.5858699900125928
0.5007164879065527
0.597941725650267
0.5779669112857702
0.5101828129749446
0.607451474228147
0.5049719918363803
0.49368187936949065
0.46506578661687437
0.5884319770723869
0.49463719657822747
0.5181293152112554
0.532980155456164
0.4652829041643146
0.5061878501020453
0.5470927960397759
0.5141777758478441
0.4986321594511269
0.491771244952017
0.38943940249250947
0.5476138781536324
0.5103999305223849
0.503582439532763
0.3752138607842285
0.48564853011420384
0.4311259716010248
0.463415693256329
0.5044509097225238
0.48899214034478267
0.5430544096573885
0.5450084675843502
0.4514308046376308
0.37524425724087024
0.32511615788788056
0.38789786790568415
0.41593642798210956
0.36583872508576143
0.32877241738677326
0.34382734812627563
0.27637326848755916
0.3782925876069304
0.28045942073038344
0.2955490902774762
0.2238047679013418
0.2779842806895653
0.3061313995397108
0.28650831560206697
0.31901515480481135
0.3819184506491815
0.28415910373876413
0.45130053410916676
0.24501280993529898
0.31663554648486697
0.2363020539319988
0.23846888705545183
0.14511268400712146
0.26019801120326547
0.20161101220200614
0.18210517173998003
0.27985149159755096
0.16917365061444267
0.20180207564375352
0.26917799296539147
0.2193234617221764
0.3648834078770246
0.24556863085674585
0.3303573754830866
0.2588258283034435
0.3523166442311868
0.502236310738634
0.5480046897390247
0.3549263971514178
0.4397498805853489
0.2684180815493508
0.2534065743193365
0.2905076208259152
0.13655825263797822
0.16499630900169351
0.3454296756263841
0.2175604672369621
0.28510573624560337
0.10515437057622996
0.137978201398237
0.2316123149072908
0.21235398844934647
0.2234964609839767
0.12175083590255766
0.19805028442398714
0.1267228277389379
0.30291805983759607
0.2055538668635199
0.30360415128750706
0.2019149767684224
0.31735637674236833
0.2156845716270789
0.22692691823353162
0.25120934473924184
0.049693864258109344
0.2607147509661731
0.2155456163967172
0.16604715793130403
0.2511659212297538
0.2928742020930132
0.28682530722132965
0.23302357896565204
0.21831169395110514
0.22966259933127794
0.21062573277172264
0.21765599895783577
0.13350123757002041
0.2187155325893439
0.2691953623691867
0.35876937774110906
0.2833427417603891
0.2166094923791741
0.3800338703374006
0.24818706847887448
0.34215120066003735
0.2146684615050589
0.27391549785053626
0.37225237743714445
0.22308393764384035
0.23025315906031527
0.30256632941074296
0.2489643492987103
0.44721872421729125
0.29376872638846674
0.36612532024838246
0.24308480611403013
0.28940466368491896
0.3791610577966912
0.329970906248643
0.27644708845368887
0.4878197055886057
0.2519388596986408
0.28529245733640196
0.2708932215901689
0.3520343914195145
0.372395675018455
0.3971079942680968
0.28287811020886705
0.2902383950670893
0.23247644274610274
0.4092144687133614
0.25160015632463417
0.3154587693777411
0.2924747058057232
0.30858482782578484
0.33339267879630036
0.2453080897998176
0.41777758478440224
0.2602370923618047
0.371931043466933
0.2925745798775457
0.38257848799339966
0.27718963046593426
0.21522862477745452
0.20539319987841417
0.21727821442528986
0.3333883364453516
0.18897042859003865
0.20523253289330848
0.23018368144513437
0.3246298145816145
0.18894003213339705
0.23129532328802815
0.25194754440053846
0.35946415389291764
0.1760475921663989
0.43992357462330106
0.4605931651396066
0.3032784749663468
0.31097312084762685
0.45329801554561644
0.36981631855486563
0.47739806331147683
0.42436058882278865
0.4494767467106692
0.522384819141083
0.49107646880020844
0.286065395805289
0.39807199617873124
0.3494246384992835
0.37026358070259235
0.3520343914195145
0.307764123496461
0.31126840071214557
0.28438490598810195
0.3530505015415346
0.33053106952103867
0.377506622085197
0.2768465847409788
0.3976638151895436
0.23623691866776672
0.3700985713665379
0.19132398280429025
0.26876112727430634
0.44174736202179865
0.2716878718138
0.2666507447131877
0.31373485605106605
0.15239914889921402
0.2950410352164662
0.2987363758738982
0.311125103130835
0.3191845064918147
0.2360675669807634
0.32231534152590213
0.1610577966911286
0.27772373963263713
0.29018194450475493
0.25054496504407486
0.21526336358504494
0.15828303443484304
0.2315819184506492
0.1702766077554388
0.2609709496721525
0.34298927439315646
0.3598853619349515
0.24651960571453385
0.4154196882192019
0.3889270050805506
0.3667853575926007
0.33597637761083854
0.23569412479916627
0.3525467888314734
0.20886708063745713
0.3170610968778497
0.2776195232098658
0.22082591515046246
0.2856268183594598
0.23319727300360418
0.2024925094446133
0.3281210647444527
0.31046506578661687
0.21031742585435756
0.21874158669503668
0.36612966259933133
0.2529897086282514
0.3743497329454167
0.17873116505275954
0.2914325415780103
0.17834035346736724
0.19987407182248468
0.24313257197446703
0.3254852577185288
0.14730557123626734
0.24704937253028791
0.2252203743106518
0.1730079465022363
0.22068261756915197
0.16415389291762564
0.16842676625124842
0.30298319510182814
0.2508315602066959
0.19000825046680273
0.3072343566807069
0.33327977767163147
0.2985496547830996
0.3029093751356985
0.3984714924660211
0.2812714403578097
0.3681749098962179
0.2987667723305398
0.1902861609275262
0.32499457206131405
0.2773329280472448
0.37298189239654345
0.3557471014807417
0.36891745190846326
0.2735420556689392
0.3518737244344088
0.3650831560206696
0.3392201137695949
0.31337444092231537
0.18332537235659388
0.13578965652003996
0.15340657431933652
0.22314038820617482
0.22341395631594949
0.16724564679317383
0.24136523513830388
0.30680880628772417
0.3114724912067393
0.14680185852620606
0.21228451083416564
0.20830257501411265
0.33894654565982024
0.3002561987059794
0.13564635893872945
0.2619870597941726
0.30584046202614096
0.28456728472795173
0.30238829302184206
0.35496547830995706
0.29899257457987755
0.37330756871770376
0.30867601719570975
0.34827825784879934
0.24459594424421383
0.3015893004472622
0.2630683051804247
0.33311911068652567
0.35541708280863255
0.2604846063658865
0.3305744930305267
0.24001042164227712
0.24064874723175125
0.22393503842980592
0.3939511051283165
0.307785835251205
0.19123713578531418
0.2397107994268097
0.3142515958139737
0.3366972078683399
0.2940205827434973
0.25136132702244995
0.3476703287159668
0.3310868904424856
0.31017847062399584
0.31099917495331975
0.24235094880368235
0.30832862911980546
0.09207086716748449
0.2188718572235008
0.3500282252811672
0.3769855399713405
0.3127621694385341
0.21815971166789702
0.31897607364627206
0.315593382257154
0.38169699075079255
0.3262321420817231
0.27078032046550005
0.18928742020930134
0.3162447348994746
0.25648964349298714
0.14464371010465069
0.28467150115072304
0.26838768509270916
0.29119805462677495
0.27059794172565027
0.21961439923574624
0.28589170176733686
0.4216639888835816
0.3880932736983803
0.3371705241217595
0.3513960658300404
0.30050371271006127
0.3408137565678058
0.43324503886404103
0.3563420035607278
0.1491814668461505
0.48916583438273487
0.2994094402709627
0.3919145425333275
0.29336923010117677
0.3989317816665943
0.3438447175300708
0.36259064657605633
0.48556168309522774
0.5303747448868817
0.43194233357939993
0.20757306005471363
0.32626688088931355
0.34510399930522384
0.32053063528594383
0.3089973511659212
0.3713014025793565
0.31203265447913503
0.2788353814755309
0.3151330930565809
0.2342003560727778
0.3139476312475574
0.2373876416691997
0.3909852794302836
0.30577532676190894
0.32479048156672025
0.3177689000825047
0.384584654131747
0.40364757479699515
0.23600677406748014
0.47223066568240046
0.3697424985887359
0.4887315992878544
0.4948543141256676
0.40111164184289383
0.44635025402753054
0.4568587433236354
0.419597029831951
0.3823657127969083
0.48847105823092624
0.42519432020495895
0.32287984714924667
0.3725606843545096
0.3614616353293673
0.324330192366147
0.4174779625689349
0.4064310217551783
0.43883798688610015
0.3670111598419384
0.34732728299101134
0.4188501454687568
0.3644535151330931
0.33179469364714054
0.31217160970949676
0.2665161318337748
0.27732424334534717
0.31854618090234055
0.3250466802726997
0.3836684180815494
0.3598071996178731
0.32293195536063224
0.3468669937904381
0.2622606279039472
0.3166225194320205
0.327582613226801
0.36460983976725003
0.38862738286508325
0.4517347692040471
0.3715793130400799
0.35656780581006553
0.36762777367666855
0.32225020626167006
0.32031786008945246
0.25760562768682965
0.3512353988449347
0.3840939684745321
0.3431455990273134
0.2718181423422641
0.17011159841938425
0.3159364279821095
0.18386816622519433
0.2689348213122585
0.2888835815710626
0.27411090364323243
0.35922966694168224
0.2619870597941726
0.2820052976681575
0.28901819445047555
0.3264362325763168
0.20321333970211475
0.24935081853315386
0.2781449476746711
0.21576707629510614
0.2923574623301055
0.2690954882973642
0.40651352642320554
0.30512397411958836
0.3904728820183248
0.24569455903426118
0.2702852924573364
0.3556906509184072
0.29346910417299926
0.40496330713448264
0.4339702114724912
0.3500890181944505
0.3443961961005689
0.33437405011072996
0.502410004776586
0.3447870076859612
0.3261366103608494
0.4638499283512093
0.3583698814538191
0.491771244952017
0.5079247904815667
0.3894871683529463
0.34924225975943374
0.4305962047852708
0.3382734812627557
0.3588735941638803
0.25790524990229713
0.3480177167918711
0.3556428850579704
0.25473533370967044
0.34925094446133137
0.317851404750532
0.31253202483824744
0.3245950757740241
0.3801076903035303
0.22285813539450258
0.2740631377827956
0.1602761735203439
0.19415085327196147
0.21501584958096318
0.16208259151504625
