0.3311861790548563
0.371556637378295
0.3674008549038233
0.3335609118974115
0.31450368083590596
0.2212805746853479
0.42488423177392537
0.22775172168131086
0.2829345761101876
0.2787342673949181
0.4080681548325813
0.2851163619092852
0.28090121111374966
0.2618291379719781
0.16851697933982426
0.2830236285917834
0.45685407266682493
0.25964735217288054
0.3147708382806934
0.34016563761576823
0.365575279031109
0.3019027546900973
0.1937336737117074
0.23394086915222037
0.17029802897174068
0.3292270244597482
0.2952089764901448
0.27606269294704344
0.36076644502493466
0.3267335549750653
0.20367786748990735
0.19931429589171218
0.26916112562336736
0.13121437900736166
0.36434338636903346
0.3451228924246022
0.31104547613393485
0.42538886250296837
0.3616272856803609
0.4314295891712182
0.24891652814058418
0.2890198290192353
0.37366421277606265
0.22080562811683685
0.15701436713369746
0.3009973877938732
0.20750712419852765
0.3069490619805271
0.49544348135834715
0.3425403704583234
0.2044941819045357
0.3187633578722393
0.29945381144621225
0.36918190453573974
0.33498575160294464
0.18206779862265496
0.4744270957017335
0.3659908572785562
0.2724412253621467
0.3421099501306103
0.45633459985751595
0.4072963666587508
0.2543190453573973
0.4130105675611493
0.4381678936119686
0.49296485395393014
0.34000237473284256
0.36510033246259793
0.4644532177630017
0.4598670149608169
0.3662134884825457
0.4655515317026834
0.3718831631441462
0.42665043932557584
0.46656079316076937
0.4767869864640228
0.47220078366183804
0.4378858940869152
0.34420268344811206
0.47315067679886014
0.5575724293516979
0.49355853716456893
0.5631233673711707
0.6326733554975064
0.5538025409641415
0.5046158869627166
0.5890079553550226
0.6288737829494182
0.6687247684635479
0.6640049869389694
0.5851193303253384
0.7140079553550225
0.709317857990976
0.6601015198290192
0.7889456186179055
0.7100302778437425
0.5717466160056993
0.6857486345286156
0.8442917359297079
0.8544140346710994
0.671559605794348
0.7410502255996199
0.8550225599620043
0.7909196152932794
0.7861553075279031
0.8110900023747328
0.8656791735929708
0.7273658275943955
0.7374139159344573
0.732619924008549
0.6981862977914984
0.7082343861315602
0.5847037520778913
0.6689473996675375
0.5751306103063405
0.6445321776300166
0.5358139396817857
0.5310051056756114
0.5113393493232011
0.4619894324388506
0.5314206839230586
0.5117400854903823
0.6850213725955829
0.6356566136309665
0.5269235336024696
0.6111374970315839
0.5172019710282593
0.5272055331275232
0.5520363334124911
0.5620250534314889
0.6462241747803371
0.6710549750653051
0.48808180954642594
0.5722364046544763
0.552526122061268
0.5179737592020898
0.5131055568748515
0.5824032296366659
0.5330087865115174
0.5429232961291854
0.671618974115412
0.6667359297079077
0.5579286392780812
0.5085045119924008
0.6519977440037995
0.5283780574685347
0.5531198052719069
0.38492935169793396
0.4839260270719543
0.5531940156732367
0.42951496081690804
0.4542863927808121
0.27123901686060314
0.29598076466397527
0.39496259795772976
0.4790578247447162
0.6670624554737591
0.261369033483733
0.4938850629304202
0.4295594870577059
0.46912847304678224
0.4493142958917122
0.5482812871052006
0.4691136309665162
0.5383222512467347
0.5481922346236049
0.4986938969365946
0.6421426027071954
0.6965388268819758
0.48377760626929467
0.6420535502255995
0.47381857041082875
0.49853063405366893
0.4193036095939206
0.5478953930182854
0.5429084540489195
0.4933655901211113
0.4586944906198053
0.4982337924483496
0.6267958917121823
0.48823023034908575
0.6316195677986227
0.4633697459035858
0.5622328425552126
0.5720879838518167
0.5373723581097125
0.5620547375920208
0.46797079078603654
0.5520363334124911
0.502478627404417
0.3787105200664925
0.29949833768701023
0.3538351935407266
0.40815720731417715
0.5070203039658039
0.20517691759677037
0.2743558537164569
0.4325872714319639
0.23459392068392304
0.37798325813345995
0.4323052719069104
0.3382213251009261
0.4074002612206127
0.35782771313227263
0.24890168606031818
0.3774341011636191
0.4169288767513654
0.3970404891949655
0.18421990026122062
0.31275231536452147
0.4412995725480883
0.3174869389693659
0.2234029921633816
0.3370933270007124
0.3617460223224887
0.38635419140346705
0.3071123248634528
0.22785561624317263
0.2970048682023272
0.4107100451199239
0.22752909047732128
0.3115501068629779
0.44005283780574683
0.18270600807409165
0.2815245784849204
0.41008667774875324
0.4495369270957017
0.3257688197577773
0.4542863927808121
0.16722571835668487
0.2957729755402517
0.2758697459035858
0.43407147945856084
0.26579197340299215
0.3200991450961766
0.537669199715032
0.17639812396105436
0.43850926145808594
0.4779743528853004
0.4432438850629304
0.43818273569223465
0.6260834718594158
0.5320143671336974
0.7050433388743765
0.6257866302540964
0.5762140821657563
0.660220256471147
0.6551887912609831
0.8430895274281642
0.6599530990263596
0.6549216338161957
0.7388981239610544
0.7487087390168605
0.7585193540726668
0.8128562099263832
0.8523213013535977
0.9363571598195203
0.8719276893849441
0.8669110662550462
0.8173682023272382
0.9904268582284493
0.8666735929707907
0.861627285680361
0.8120844217525528
1.0
0.802051175492757
0.9751098313939681
0.8068154832581333
0.8166557824744716
0.7967970790786036
0.7769235336024697
0.6977261933032533
0.7223937307052956
0.6134677036333411
0.5639396817857991
0.6776597007836618
0.5390643552600333
0.5489343386369033
0.5587746378532416
0.5240886962716694
0.430049275706483
0.603152457848492
0.5091130372833056
0.5189681785799097
0.5881916409403942
0.4644383756827356
0.5039776775112799
0.4693214200902398
0.4198230824032296
0.42970790786036567
0.35052540964141526
0.5533275943956304
0.5038440987888861
0.4840447637140821
0.4642157444787461
0.44443125148420803
0.5136992400854903
0.43451674186654
0.3998901686060318
0.38009083353122775
0.44937366421277597
0.42957432913797194
0.45433091902161005
0.4790726668249821
0.3405812158632153
0.5879541676561387
0.5384855141296604
0.4445351460460698
0.48413381619567797
0.4495220850154357
0.38524103538351934
0.543620873901686
0.37544526240797904
0.385389456186179
0.5585816908097838
0.4349471621942531
0.5488007599145096
0.261903348373308
0.49449358822132505
0.44509914509617665
0.5737948230824031
0.5095582996912847
0.48986285917834244
0.49983673711707427
0.5246675374020423
0.5346710995013061
0.5298177392543337
0.4507688197577772
0.5349530990263595
0.4410769413440988
0.4659374257895986
0.47597067204939447
0.5601697933982426
0.48115055806221796
0.5654090477321301
0.5308863690334836
0.6151597007836618
0.8032830681548325
0.7391355972453099
0.6601163619092852
0.6108258133459985
0.7692947043457611
0.8090269532177629
0.7745933270007123
0.7994983376870101
0.661184991688435
0.8642098076466397
0.6961826169555926
0.7804856328663026
0.790607931607694
0.7265049869389693
0.7069282830681548
0.8951407029209214
0.5935793160769414
0.5443332937544525
0.6880491569698409
0.7575546188553788
0.5895867964853954
0.5997387793873189
0.6544170030871527
0.6942679886012824
0.734133816195678
0.6997744003799573
0.7099560674424126
0.7646788173830443
0.7006352410353835
0.6366213488482545
0.6765317026834481
0.7015851341724056
0.6969395630491569
0.7665340774162906
0.5244597482783186
0.519829019235336
0.6636636190928521
0.6442056518641652
0.6990026122061268
0.6498753265257659
0.48205592495844213
0.5219959629541676
0.41355972453099027
0.5574091664687721
0.5974085727855616
0.429589171218238
0.4398747328425551
0.568956304915697
0.5050463072904298
0.5599026359534552
0.4663233198765139
0.5805924958442176
0.47218594158157207
0.3638090714794585
0.5671010448824507
0.3103182142009024
0.42458739016860597
0.6724352885300404
0.6531405841842792
0.5299661600569936
0.6591071004511992
0.5656168368558537
0.5463518166706245
0.6161541201614817
0.6265584184279268
0.69637556399905
0.6919971503205888
0.7024608169080977
0.772292804559487
0.5897945856091189
0.6299720968890999
0.6404654476371408
0.6212597957729755
0.7505046307290429
0.6571034196152933
0.6379571360721918
0.90078069342199
0.7035442887675136
0.6843831631441463
0.5910561624317264
0.586766801234861
0.9090328900498693
0.7563375682735691
0.5591160056993588
0.6142543338874377
0.56548325813346
0.6354488245072428
0.4382717881738304
0.4637259558299691
0.355645927333175
0.3959718594158157
0.4511398717644265
0.35790192353360245
0.383415459510805
0.3644027546900973
0.4047732130135359
0.31157979102350986
0.3371230111612444
0.46657563524103535
0.49214853953930177
0.47319520303965795
0.3206483020660175
0.3610781287105201
0.37183863690334834
0.35292982664450245
0.21528437425789598
0.3893226074566611
0.340759320826407
0.27735395393018286
0.18424958442175257
0.23961054381382096
0.2504304203277131
0.03864729280455948
0.12372061268107339
0.16425730230349084
0.2938435051056756
0.11178906435526002
0.182038114462123
0.0
0.010896610068867251
0.30380254096414155
0.3147559962004274
0.16241688435051055
0.21788173830444074
0.12493469484682973
0.23978864877701256
0.38436535264782706
0.12818956304915696
0.21339943006411777
0.298607812871052
0.2057260745666112
0.2909641415340774
0.10904921633816195
0.14978627404417003
0.2944223462360484
0.33516385656613623
0.27204048919496554
0.3424958442175255
0.17549275706483022
0.40921099501306096
0.24222274994063167
0.20884291142246494
0.39807943481358343
0.24594811208739012
0.22744003799572549
0.09019680598432675
0.26461944906198054
0.21645689859890763
0.19796366658750889
0.550552125385894
0.3539836143433864
0.26132450724293516
0.25771788173830446
0.2096295416765614
0.2950902398480171
0.2618291379719781
0.4512437663262883
0.4476965091427214
0.3550967703633341
0.5000148420802659
0.5410383519354073
0.34458857753502725
0.5340328900498694
0.41182320113987175
0.42319223462360483
0.39004986938969366
0.29758370933270006
0.33868142958917125
0.4836737117074329
0.4060644739966754
0.2542448349560674
0.3250415578247447
0.3365144858703396
0.2589497744003799
0.3743321063880313
0.38583471859415813
0.32315661363096654
0.661184991688435
0.5836796485395392
0.3725955829969128
0.48806696746616
0.3808774637853241
0.5557320113987176
0.5970078366183804
0.5047197815245784
0.2788530040370458
0.4389248397055331
0.39117786748990735
0.3286333412491094
0.45903585846592254
0.23325813345998572
0.42304381382094514
0.47925077178817377
0.3574121348848254
0.3542804559487058
0.3957047019710282
0.5410531940156732
0.2559665162669199
0.2380521253858941
0.2943629779149845
0.46942531465210163
0.36248812633578725
0.4188435051056756
0.16351519829019237
0.5315691047257183
0.3653229636665875
0.3029862265495132
0.16645393018285443
0.3416201614818333
0.24962894799335078
0.21703573972928042
0.19928461173118023
0.4190067679886012
0.22318036095939206
0.3538945618617905
0.2026240797910235
0.12554915696984087
0.2563078841130373
0.1198883875563999
0.324878294941819
0.23303550225599617
0.36382391355972454
0.07906227736879601
0.22470909522678698
0.31103063405366893
0.47156257421040126
0.513357872239373
0.3473937307052956
0.18142958917121824
0.22326941344098786
0.3838755639990501
0.27732426976965086
0.33403585846592254
0.22751424839705534
0.22491688435051058
0.34104132035146045
0.35328603657088575
0.3358614343386369
0.19971503205889335
0.49400379957254803
0.35788708145333653
0.5483109712657327
0.5161036570885775
0.4839260270719543
0.5704850391830918
0.7758103775825219
0.9217525528378057
0.8747773687960103
0.7090803847067204
0.5136992400854903
0.5261369033483733
0.508905248159582
0.6697785561624316
0.4299305390643552
0.42757064830206604
0.4252255996200427
0.33384291142246497
0.3611968653526478
0.40342258370933265
0.4011220612681073
0.36916706245547376
0.4707907860365708
0.5279031109000237
0.3178728330562811
0.5234356447399666
0.3431192115886963
0.47450130610306335
0.53167299928758
0.4701377345048681
0.3937603894561862
0.3916082878176205
0.41915518879126096
0.6099798147708382
0.3407147945856091
0.44251662312989787
0.39591249109475185
0.43836084065542624
0.3472601519829019
0.37489610543813817
0.32833649964379
0.25210757539776774
0.33915637615768224
0.5449566611256234
0.5429826644502493
0.33323438613156015
0.5539064355260033
0.5074507242935169
0.41646877226312035
0.34034374257895983
0.23456423652339112
0.39594217525528375
0.5424780337212063
0.3922019710282593
0.4645719544051294
0.4033780574685348
0.46092080265970076
0.3997417478033721
0.442486938969366
0.4852321301353598
0.33504511992400854
0.3481358347185941
0.42060971265732605
0.31497862740441696
0.4616925908335312
0.38577535027309423
0.3544140346710995
0.5308418427926858
0.33623248634528613
0.3939533364996438
0.3923207076703871
0.4649133222512467
0.5375059368321063
0.4617074329137972
0.4304351697933982
0.4288767513654714
0.5757391355972452
0.39609059605794344
0.4242460223224887
0.5117846117311802
0.45090239848017094
0.5087865115174542
0.4479339824269769
0.4910056993588221
0.2669199715032059
0.324848610781287
0.44216041320351457
0.48526181429589166
0.587761220612681
0.3785917834243648
0.34752730942768933
0.46489848017098073
0.28544288767513654
0.40284374257895983
0.5054173592970791
0.4744270957017335
0.38406851104250767
0.41247625267157445
0.42604191403467107
0.3950961766801235
0.37900736167181187
0.3184071479458561
0.39140049869389687
0.3605141296604132
0.40383816195677985
0.5362295179292329
0.43116243172643076
0.5190572310615056
0.5921247922108763
0.5019294704345761
0.48597423414865826
0.3958085965328901
0.4540786036570886
0.5717317739254334
0.4074002612206127
0.3915043932557587
0.4052926858228449
0.2855170980764664
0.3438613156019948
0.387378294941819
0.4309101163619093
0.3705622180004749
0.45863512229874137
0.39830206601757295
0.33798385181667057
0.42610128235573497
0.42518107337924477
0.5133133459985751
0.5420921396342911
0.4521491332225125
0.5403259320826407
0.34651804796960334
0.4495517691759677
0.41902161006886723
0.4181904535739729
0.6400053431488958
0.4165578247447162
0.46029743528853
0.4743528853004037
0.34000237473284256
0.4579672286867727
0.45722512467347415
0.3525884587983852
0.440913678461173
0.32146461648064595
0.3059101163619093
0.5278437425789598
0.7201080503443362
0.46712479221087627
0.525825219662788
0.4064503680835906
0.39097007836618375
0.4942264307765376
0.4194075041557825
0.47816729992875795
0.6705206601757302
0.4918220137734505
0.6099946568511042
0.6984831393968179
0.5791824982189504
0.40054322013773447
0.5632717881738304
0.6072785561624316
0.44351104250771783
0.4430064117786749
0.6948319876513891
0.47171099501306096
0.4118825694609356
0.5301591071004511
0.4555034433626217
0.4847423414865827
0.4991540014248397
0.6323171455711232
0.4537966041320351
0.5869745903585847
0.6607990976015198
0.7197815245784849
0.5709896699121348
0.5112651389218712
0.4960668487295179
0.5105675611493706
0.5102410353835193
0.509914509617668
0.5392869864640227
0.6280277843742578
0.6425730230349085
0.5977647827119449
0.5677986226549513
0.5823735454761338
0.6563316314414629
0.5076585134172406
0.6113007599145095
0.6556043695084303
0.328841130372833
0.6551591071004511
0.5065305153170268
0.41727024459748274
0.6842347423414866
0.3872150320588934
0.43156316789361193
0.43139990501068626
0.5796574447874614
0.43108822132510094
0.46062396105438136
0.47533246259795764
0.2822518404179529
0.4008697459035858
0.5046604132035145
0.5193985989076229
0.3263476608881501
0.22236404654476372
0.3261695559249584
0.5042003087152694
0.47444193778199945
0.2072251246734742
0.37042863927808123
0.3406999525053431
0.38518166706245544
0.22188909997625264
0.4148064592733317
0.2515287342673949
0.23665696984089288
0.266341130372833
0.5928668962241748
0.4889723343623842
0.3553936119686535
0.266355972453099
0.5187010211351223
0.6374525053431488
0.41486582759439555
0.23679054856328663
0.2813613156019948
0.44466872476846353
0.2666231298978865
0.3260508192828307
0.4596889099976252
0.4894472809308952
0.20752196627879363
0.32633281880788406
0.44515851341724055
0.3561802422227499
0.4750207789123724
0.5344781524578484
0.3861612443600095
0.25268641652814056
0.41605319401567314
0.2677511279981002
0.3717644265020185
0.35704108287817615
0.41652814058418425
0.37213547850866774
0.5206898598907622
0.31303431488957484
0.37253621467584896
0.3133014723343624
0.3728182142009024
0.3135983139396818
0.31374673474234144
0.3732634766088815
0.4921633816195677
0.3290489194965566
0.43310674424127277
0.1809546426027072
0.40374910947518405
0.43359653289004985
0.3892335549750653
0.49329137971978143
0.5379957254808835
0.3897381857041083
0.30086380907147947
0.5236731180242222
0.4644829019235336
0.30138328188078833
0.3609297079078604
0.3314236523391118
0.22770719544051293
0.37630610306340534
0.31711588696271664
0.42118855378769887
0.5549453811446212
0.15438731892662075
0.4217228686772738
0.3773747328425552
0.3627107575397768
0.36288886250296837
0.37790904773213013
0.24450843030159106
0.5712123011161243
0.4971651626691997
0.4082907860365709
0.2897174067917359
0.5273687960104487
0.2752166943718831
0.2605378769888388
0.43880610306340534
0.3944431251484208
0.5578544288767513
0.45412312989788645
0.4097453099026359
0.4989462123011161
0.38035799097601514
0.2766118499168843
0.3509706720493944
0.2620517691759677
0.42544823082403227
0.6630550938019473
0.2030693421990026
0.4851876038945618
0.5149905010686298
0.2776359534552363
0.3964764901448587
0.4262645452386606
0.36700011873664207
0.4116302540964141
0.4859297079078604
0.5898984801709807
0.307988007599145
0.47132510092614577
0.3971740679173593
0.5753383994300642
0.5011873664212776
0.3824952505343149
0.48643433863690333
0.6497417478033721
0.4716664687722631
0.29357634766088814
0.6052748753265257
0.5756055568748515
0.5162372358109711
0.18969662787936353
0.35294466872476843
0.4716664687722631
0.5013061030634053
0.4419080978389931
0.3824804084540489
0.30822548088340057
0.32299335074804075
0.3822874614105912
0.42672464972690566
0.3524251959154595
0.5155841842792686
0.5451496081690809
0.5153467109950131
0.38163440987888864
0.45569639040607934
0.4703900498693897
0.3663173830444074
0.6184546426027071
0.41048741391593435
0.35091130372833057
0.3210193540726668
0.3207967228686773
0.30571716931845166
0.37967525528378054
0.5130016623129897
0.2900884587983852
0.3937010211351223
0.27466753740204225
0.21498753265257656
0.5411867727380669
0.5408454048919495
0.3030159107100451
0.49560674424127277
0.5249050106862978
0.3018730705295654
0.30145749228211827
0.2565156732367609
0.315438731892662
0.3001365471384469
0.38871408216575637
0.2695024934694847
0.46194490619805273
0.5653199952505342
0.1640346710995013
0.41580087865115173
0.22228983614343384
0.5333798385181666
0.32498218950368085
0.3392009023984801
0.33856269294704344
0.382435882213251
0.3520689859890762
0.30684516741866535
0.41002730942768933
0.21635300403704583
0.3046485395393018
0.5561921158869627
0.317932201377345
0.3616421277606269
0.37565305153170264
0.5380550938019472
0.537194253146521
0.40271016385656616
0.6838043220137734
0.3563435051056756
0.5037995725480884
0.6363987176442649
0.4127582521966278
0.42657622892424596
0.45522144383756824
0.572874614105913
0.5717911422464972
0.5409789836143433
0.3914153407741629
0.5683626217050582
0.6117014960816908
0.5956423652339111
0.5498842317739254
0.4743974115412016
0.5473313939681784
0.44211588696271664
0.55951674186654
0.5432943481358347
0.6309665162669199
0.48112087390168595
0.5093505105675612
0.3891445024934695
0.5212241747803372
0.28222215625742103
0.3251899786274044
0.42749643790073616
0.42587865115174545
0.4094039420565186
0.43741094751840415
