0.30942581009906833
0.3251124428170898
0.3218953764780404
0.3443095754742866
0.3659172926587149
0.359989046133627
0.3749373172299154
0.3244044812321356
0.3453618805561616
0.38083694580215577
0.33433995498695107
0.3321146346376176
0.37420851917534637
0.3191662388321686
0.3328270609363448
0.2811003990922085
0.29891624060066
0.36530579834500637
0.35316094345730026
0.3550651221786161
0.29770703640656987
0.4100115022407408
0.3307341572509306
0.28969063171405385
0.2847858620570867
0.3273660356901467
0.3107182393819935
0.38806552382126486
0.3599266865470336
0.37513984472543815
0.2914589072309104
0.3076314431333807
0.24421063854263414
0.30051971855895226
0.3511765082000667
0.27621382537881667
0.32156916727028745
0.31912304341648756
0.22105543160652674
0.25708232248537155
0.29624509442481906
0.31383841974158505
0.3131559830887016
0.326768476726983
0.3022474351942357
0.2831945261236448
0.30739986104174044
0.2626474002132212
0.2850467820971808
0.3322169672245489
0.38564717166407975
0.3216973373653468
0.34792591844879583
0.3329457255790563
0.38946639757647644
0.3850041865932997
0.29682162738169143
0.3049635958817659
0.4031574964569825
0.3248019393347701
0.32484209769599975
0.44312678531269445
0.4157103132652118
0.4763369884853702
0.4021010993538305
0.4623929048213511
0.4143846806551827
0.46178708108195005
0.3657248668798179
0.4032846910705624
0.41541275191110716
0.440440625039673
0.4186248512124562
0.464703445623291
0.44494462919404953
0.4449808031641848
0.5273760668990912
0.4570852982664685
0.4570452571496271
0.4566949060090497
0.5146234861853503
0.502913758562926
0.5632129814344603
0.5398796924427359
0.6112248380695626
0.5308727266608827
0.528216994705985
0.5443784744778356
0.5857538683272984
0.6394803149618202
0.5926101851754362
0.6685403445979285
0.6120003787967581
0.6339959771293737
0.6222858347605292
0.6311343966510063
0.6327671118124255
0.6100025449939989
0.639082445872185
0.6604256958959435
0.6211027883381358
0.6789069169048997
0.5847210189473229
0.6249079602074308
0.7064244947029448
0.6983429496925881
0.6320569893265872
0.6684345908489878
0.6543769473243407
0.5959835872003102
0.6289700725695497
0.6478012187039968
0.5515235235704726
0.5407093894217084
0.6149191371904276
0.6285098766913825
0.588358400764361
0.6004903907914494
0.5681102979019974
0.5422963119336323
0.5533685185106816
0.5328519294448528
0.5802223812590933
0.5688797646184053
0.6021778250058037
0.5158450705583775
0.5499633347818523
0.573893165130567
0.5545453854358704
0.5639331095358824
0.5360890327768432
0.5371857476881859
0.5593700172233432
0.5874513751722408
0.48505201912109547
0.531423582711714
0.5038562348049931
0.5524586856505819
0.5846727793396579
0.5707916241269325
0.5547366677438579
0.49264282836414514
0.49863361824142893
0.5722303918559213
0.5095774137433812
0.5042388056998123
0.4924989902016035
0.42269621523009737
0.4932652550807674
0.4290680575448811
0.5476484496796232
0.4340703183265695
0.39226676856574527
0.4358003397631931
0.40557956949837887
0.37151798177743
0.45334744495188845
0.43813914533150483
0.4563063298013821
0.49514954018336665
0.46206447776495174
0.49912960949422625
0.5326078921386619
0.5334431174382245
0.4761429391215921
0.4898427826229574
0.5049289175410311
0.5355754254550172
0.5876849669981087
0.4889811128713237
0.5078668929567965
0.5695530140122004
0.5464369446439041
0.4928515315246115
0.5548069004584988
0.4880435161527826
0.5185142169885448
0.5656539666983865
0.5932385145577106
0.4011763255192452
0.5076616154893138
0.5328123412753141
0.51404702560727
0.4558177929447102
0.4694941924522887
0.4866029720704285
0.4236045102231193
0.4277619881059756
0.4579932947021652
0.4559392411064468
0.38178194056474424
0.38852590505774576
0.4519954797879602
0.4419811145172687
0.4107272994177904
0.4213977629711743
0.4919321523627372
0.43314640100695556
0.4492157343931948
0.4279646630320212
0.36384194690862165
0.4367801451336923
0.38699942143145505
0.4078444388593483
0.4410194134105766
0.4280375983206926
0.4026589325460773
0.47471674870586505
0.4947038758257165
0.4585181518343723
0.3891359854208586
0.4906340734920885
0.4146935146448661
0.3687885625671271
0.373331560047783
0.3778909096220846
0.39395887890130316
0.4792620279968094
0.3285939002571189
0.342306420228926
0.40484164126283123
0.4585372905996484
0.28564191580745074
0.3092765596510502
0.35252032123763666
0.3850303850832268
0.3928963466033165
0.3246711346263714
0.375573138960254
0.3411202051073978
0.385399954692563
0.29652471542745035
0.39304912258783886
0.3602566803568701
0.4756506648512006
0.4376774480544012
0.4321639665798452
0.5061979731202779
0.508213057271682
0.5544876353498089
0.5763966097678593
0.5929064223713428
0.5311051770583693
0.5660693774910842
0.6949099262892326
0.6453456456807728
0.6479215706091144
0.6002032154354187
0.6505319538376685
0.6959402590710053
0.7114213702769663
0.7788139069384903
0.8185283674405697
0.7728112984110226
0.8807265999653142
0.7928081080317204
0.7963286709375572
0.8574784483030329
0.8968401140324311
0.834151961180126
0.8664567254639081
0.8207464542803038
0.9616177961548749
0.923274712775342
0.8733399858750447
0.8620597639246705
0.7723162821102405
0.8420839514519555
0.7597345969167744
0.7023289547815191
0.7285845861605048
0.6909055648897621
0.6491588237933135
0.672557623387714
0.5981174163557327
0.6045593299278665
0.6489824258415057
0.6376347724059803
0.611788157022122
0.6024427396392822
0.48247683550079873
0.4885107177583712
0.5237288214397648
0.5551778092665597
0.5002053322925635
0.5659778809460866
0.4913272173123518
0.468318172727913
0.5594613550182471
0.5030161484325723
0.5262546782827852
0.5455100338091667
0.45750410732885693
0.46502142691357
0.5240561148527049
0.44688384603057923
0.4776279557876518
0.48098493924137153
0.524419270033213
0.46504345579956763
0.551052114376105
0.5219559504726172
0.6563481456169061
0.5323846230634351
0.5344122612995231
0.5421793888282578
0.5029878114116175
0.5805645806092847
0.5820911071848082
0.4720104059289105
0.5144472999877914
0.5655279882449177
0.5679261718617454
0.5918807838977863
0.5692338748172752
0.6312632526689448
0.5292036588090113
0.5379955260557625
0.5167459224100701
0.5384310883835789
0.6068173168959864
0.6528125531164941
0.5927665768676
0.5960330669474889
0.606618184147349
0.56275386719672
0.5470553813530167
0.5347186353517197
0.5641506124760196
0.6290949362696475
0.609193055150689
0.6323045158663654
0.602934678127326
0.6995803835080483
0.6023562603152872
0.5191129565589949
0.5840572459896722
0.5931016638541652
0.6439286891798249
0.654785318385873
0.6359510496312101
0.6034583662653124
0.6582433345886016
0.6412079080070312
0.7540945436445117
0.7187409060649186
0.7110566819709159
0.6809174863565302
0.709696975838567
0.6929366495046153
0.6527065278627863
0.6430551628935333
0.6913515457371053
0.694423711960721
0.7136436136735962
0.6951106771458898
0.7209765376173718
0.7788342998811332
0.604379851514396
0.7503757372123118
0.688745062337413
0.5571903652033817
0.6167568436626266
0.6011131649053534
0.6760238001033648
0.7172444357722314
0.7026956521313354
0.6490557369706019
0.6317357682885061
0.630772817303173
0.6788702343167519
0.6326949002225438
0.6248084486041331
0.6911700648850507
0.6174796995679741
0.5727566573857835
0.6085806535712379
0.5117054932941237
0.5034162268285459
0.514961024704262
0.588565609774798
0.49439297196569704
0.5025012741407338
0.5403860885685813
0.5023892772267368
0.6271172255117282
0.5149351807970189
0.48959707915523787
0.5617819718293366
0.4454880992766895
0.4344332641099525
0.425851919801453
0.4928778470506512
0.5016189574269975
0.4906095004672477
0.533698602431785
0.5722466703875253
0.529357921110335
0.5328442563701203
0.5277754594630257
0.5846085581135383
0.5064038672046365
0.5064988314645112
0.561948560616912
0.5476395166482408
0.5904300155836756
0.6168531773588131
0.6292686689561524
0.5765253191771427
0.5610215250777781
0.6765181554516599
0.5872815728004706
0.6007764953882888
0.6014061399499092
0.6021051654210622
0.5339534950728367
0.5640681456889549
0.6299473988524928
0.470702522304205
0.5712849153919635
0.5029342451715865
0.43578632754927815
0.4621564375054824
0.5365967626454232
0.5077561293337775
0.4466969780244109
0.4560943603420104
0.4425002200194227
0.44507274523226026
0.45269239420109403
0.38675763634244686
0.35087340832396874
0.3468913794310764
0.39892286883705075
0.28720407341164444
0.291548813283297
0.46331362171211055
0.2951263910243783
0.30880243092704196
0.2787240898332404
0.3153498520447585
0.30749246986960593
0.21850187808347965
0.2831446473952706
0.2237842641783659
0.22552831168371706
0.19997930649175305
0.19038632283578016
0.2838440757078457
0.1972236407187554
0.22082147266753305
0.20690330617555608
0.052445637375304985
0.23911049940084048
0.15587912351876912
0.17684440833576415
0.16863469481864332
0.1464484673855575
0.19784672546320256
0.26183721593570763
0.182311687765547
0.2047575201870947
0.30998028684413464
0.14500072220942595
0.22481671303460943
0.2587761683121645
0.24465458104483076
0.2813604429125375
0.2736970672656454
0.3215157434548202
0.18270246191674736
0.26659435846368695
0.28020401031774866
0.2814548006708355
0.3877766863054001
0.32516116601184797
0.35435306996904137
0.3308022451313446
0.2492614891321219
0.31413851481997723
0.40910371888740776
0.22269135148311478
0.33480294773289676
0.3196826160963573
0.2778335575406633
0.3641088063503076
0.32167105653801464
0.321552554628621
0.27952805064705005
0.3497623680679923
0.3743582568794092
0.3813046978693823
0.32826070524233947
0.377577706181274
0.30860617083027747
0.34360755743058913
0.46112007994876497
0.4744884808334149
0.402756400103362
0.4014707244979739
0.41811949296087597
0.29019900214149585
0.3522094872597879
0.4170576174919723
0.3838308250365133
0.34494151856394917
0.4723347073752007
0.3980990224710249
0.3684972811423347
0.3303398960447115
0.38929063970704825
0.406258829003666
0.4532778035800305
0.42741203336561145
0.40531398079809344
0.5095970327699288
0.3651328516086257
0.4458666025811293
0.45856105868077884
0.5100414886714736
0.4254320913894467
0.41459189946549074
0.4947415602292992
0.5337377642138134
0.5192334483071113
0.47326138593124506
0.4296464565781344
0.5268845721281198
0.44271285552257555
0.4559424729099153
0.3799653959160707
0.44483361821171186
0.33277670667438697
0.4165841824569777
0.369478114597763
0.4129210015045794
0.37434735653142875
0.46269337454974035
0.3227295192792865
0.32624841575472924
0.3703442821557307
0.450341856215693
0.31936987530548266
0.42720476828322507
0.33967054129697416
0.34102995909691414
0.2353313468625917
0.3286682570396177
0.25637019582998066
0.29491949543911306
0.3632228305266109
0.3082396243805463
0.28978149424908517
0.3048210530061824
0.3894899860999062
0.329574015610853
0.2882310798345563
0.28097956372899974
0.29709918175832456
0.22523426836764598
0.26494498937028577
0.3702689784263984
0.2678469219328168
0.32827565201950093
0.23735541019812345
0.26591577582850096
0.2987043405137653
0.3189168347384306
0.32275782980315465
0.2019687204319416
0.3762988475235511
0.22751219456279057
0.18072587311914767
0.20624655768881472
0.27103501891197057
0.3154682091346557
0.3232404939231474
0.3042573551313213
0.4520560878114277
0.3268265236532544
0.3881411555707581
0.5387336680167473
0.5536877308038696
0.682036134700229
0.5885290287765259
0.5268137809627842
0.37735390842560185
0.39706461343846344
0.38946314727801556
0.3622973598168072
0.3312625736211754
0.33430152570629157
0.3688271956263519
0.40271078944937244
0.38833635723462917
0.34905934543278705
0.32052855832779
0.35896632279240415
0.27022654680215097
0.3454975676672069
0.2968849605245335
0.40465625946080236
0.37812152385373476
0.3527751485933794
0.2967641022184574
0.39502893806297795
0.3304354282496647
0.41963778370018456
0.33497637612473397
0.40188238823513067
0.29034102473107687
0.3579299070039872
0.3675832901904225
0.3329082352646254
0.39566721150856987
0.413898767733945
0.374774328502778
0.40748202928854305
0.2948795994224979
0.38524750924049067
0.3868495878001535
0.37445999931816837
0.36966299832207183
0.30048280988053916
0.36730118444575943
0.4102031175006671
0.3122045222444308
0.4450300410049281
0.37295037074967313
0.4014347948550063
0.3884705330915713
0.4085603393791508
0.4991858065208247
0.41447320409757976
0.3709960589116876
0.3734102382054377
0.42514502266049164
0.5113555572277113
0.360243677708869
0.4098650618765912
0.4788543860355141
0.5202555820782896
0.5288639996505439
0.5257003469475784
0.369878630874259
0.42753176664093784
0.38152409098794127
0.43867098118628806
0.518528540509648
0.42889630345153257
0.4927633790652651
0.3965348710967949
0.3154309259528284
0.31518830741143783
0.46252030840327935
0.4849893966812181
0.48814291676263816
0.6140506673253557
0.5024170531365817
0.5130700754370393
0.42186524575679585
0.4291118197276969
0.45860809785898077
0.45645796973617586
0.4417544785725838
0.37846995477986567
0.45087301946601616
0.47910328535967694
0.41802964660506914
0.4623680453523101
0.45693442837594306
0.39996218744993584
0.471328072710297
0.5159695815078935
0.3075543995758254
0.3666739443117347
0.431796181821066
0.37853156210602623
0.4927715133581059
0.47288457045308124
0.5440727189569551
0.46259920256664777
0.47983754232712095
0.480772243655992
0.559379446057101
0.4888573408341297
0.5278309163080128
0.4937660753725988
0.6073270134744965
0.6070723961568096
0.6089117961976456
0.6130471899141774
0.6299214498907931
0.5235624640782846
0.4836224931362382
0.507742640759553
0.5500067953391563
0.5201611633270387
0.6244348259919784
0.4674908633176523
0.5638826498546904
0.6093603252257218
0.5527678891990543
0.6330412900760235
0.5896332442671939
0.5210170524525842
0.5365837570482606
0.535582591609828
0.601330325097779
0.5193075049967506
0.4957368518097493
0.5687530840545281
0.5039531866941025
0.5370236080668841
0.5259476876839311
0.47733338658362734
0.591960042223349
0.5340836136423375
0.4888157563686296
0.548698047510874
0.6135027497060807
0.5783292995477013
0.4992482442858538
0.5098295913004623
0.618548552506105
0.5257998426121762
0.42082154208414013
0.5336138712368937
0.5346455049990192
0.5383526571546958
0.54356664309394
0.5315471385591739
0.6461854444207816
0.5413921846810018
0.5670150585534917
0.6500421019355896
0.6552021753093983
0.5861847954434031
0.7209418063789531
0.5743403766775197
0.5193936024879366
0.5243011438513222
0.5425465439552671
0.5397133938309454
0.5226025436296863
0.5936507943695183
0.5852944252195905
0.5942138935339636
0.5342841357288772
0.599387184632239
0.5356468731703306
0.5379232153068231
0.6094611017647572
0.617958988864155
0.6098099945791784
0.6243176319983865
0.6843518743943406
0.5274148466513733
0.6094342985956931
0.6426703537674826
0.548788591058699
0.5925878961338897
0.6325040078137252
0.4908225344830306
0.6162887413522995
0.685673669800269
0.5275308387376852
0.5368782512782551
0.5440856637905462
0.5044581615195127
0.5394355380318703
0.6110498233184334
0.5828624646752538
0.5787322520998537
0.5761835656218993
0.5590110807149695
0.545801168061136
0.6050081494668306
0.6071862136214988
0.5382313852391347
0.5975640569047421
0.6034594628498917
0.5170160277467272
0.5682568936045033
0.5158525559409008
0.5068365990752731
0.5459854107817
0.5148823426300398
0.5021526501003643
0.4621835137996207
0.49248427380252613
0.5171321469726289
0.5456265091926447
0.5245460939436398
0.4911150257756636
0.5085041555135593
0.4537543916280641
0.45160394485373806
0.5201995154949095
0.484542294063672
0.5217128236779355
0.4889518638627713
0.5256266897341993
0.42004569228015637
0.45636190781948144
0.5364779999217139
0.5208820183941999
0.5242288407180338
0.4866028404418166
0.5320689760202993
0.4873936441940313
0.5398112794489334
0.6132286398196564
0.4334423738456564
0.5609764815039983
0.5216993624605558
0.48499325410742145
0.5390557737500162
0.5210591856878648
0.4839008385671212
0.459207051831462
0.40392928059403876
0.446806523586287
0.47514096644045234
0.5696405951399353
0.4012426890375247
0.41429554914907457
0.44492748877906746
0.5135438796805589
0.5096077103180938
0.5258568549228562
0.4800531481325759
0.5140718177230993
0.43716232859931536
0.39583874224201393
0.399214804763121
0.5156844799007726
0.372575636653099
0.31962233371022297
0.412641143580185
0.44951416896885354
0.40748653847733035
0.3854701643544363
0.4842013845470753
0.409694830995713
0.4275798911191864
0.43426088383988165
0.43872109617353716
0.42790220657677364
0.29023439398767503
0.35293890739449774
0.3415973286380647
0.43480188531558206
0.3645711004948473
0.3978610405507952
0.35450937783618663
0.385971439494549
0.4020958204850436
0.3744055035557851
0.4737502968559149
0.46226248036623874
0.37769693215418665
0.41808953392491505
0.4155786878757062
0.4455774344359674
0.4922727985946193
0.3806830032163011
0.4793655712248663
0.3969264935346457
0.46635531676526104
0.519478872631806
0.4468009257306107
0.5208020690501323
0.4077403147972277
0.42128806446214206
0.4940754362751642
0.3233817986047798
0.4591883243704463
0.42558481676994775
0.46271594664562593
0.3459815997482237
0.4539000259194702
0.44150184600993203
0.3951096420058323
0.44224522382625625
0.5057813374676665
0.4120590544830662
0.45402224992130186
0.44982790545759593
0.3922867814600747
0.41931446790948884
0.37726045555247245
0.38691142962148006
0.44780432535408454
0.3857255682485061
0.4773137041297658
0.4255245399773029
0.45600027687086014
0.49155684116885195
0.5009939621648399
0.5210963091625672
0.41637061251174273
0.48229265752278616
0.4660234411394225
0.40447440155701186
0.45253467158076277
0.44176306923733044
0.4475380170815064
0.5100307124609602
0.5001087455397948
0.3964203391665733
0.4518247627443106
0.37520588398879096
0.46516189469751157
0.3997084167556211
0.4669075835096267
0.33355639707917567
0.41757098431912576
0.45036769353617107
0.3904446051281073
0.3817570779161199
0.35551956132595
0.4378745228758395
0.4168590148371274
0.3308482434621607
0.4066832266435424
0.44328507673682516
0.3591116074747092
0.3440802533005484
0.4187041258896163
0.4545303687750153
0.35598255325295913
0.32665232406967565
0.43820814122702945
0.36026825704347676
0.47143151588035276
0.40501387051547993
0.4354061063553888
0.3416072004497234
0.3330268771438387
0.46563744557324765
0.38014667673853453
0.3701806815229114
0.3056617735545023
0.3837594245510857
0.37784064437306375
0.3378174758838083
0.3615439888558516
0.4202853151263272
0.34419771211264855
0.38132870138761904
0.3527633484536479
0.37654401270975835
0.3755858147354251
0.24949958391237465
0.3189932909474596
0.3793625970704904
0.35409939488267694
0.28875932897496825
0.32045197574371337
0.416881246297245
0.3956498210098145
0.3761153016719618
0.3322782210154904
0.31004192953430876
0.4954432565885539
0.38195805058899224
0.44336180746506243
0.3380105032523063
0.45750191151098274
0.4373089703866644
0.34424021022874424
0.4463568217331336
0.46823383321683654
0.4705266464594547
0.5308584113692576
0.4401159460051467
0.40835440693691033
0.46980456340408505
0.5402573268489999
0.5605561640304554
0.4391930643751343
0.42086204958833
0.4921942028377845
0.4577134908776877
0.4883816386128807
0.40127477830433006
0.5555937725954916
0.42078235752517923
0.49723100863804137
0.2952192596037301
0.32879765709940023
0.3851740121422225
0.27700135752732125
0.38984111165335733
0.4424108757536211
0.4028703799491903
0.28713015523837837
0.36497391416457386
0.39395924106730484
