0.3394641502813356
0.35425175294443706
0.3082472099291602
0.281483348973145
0.2241570066361438
0.3606493609612953
0.30172162302932276
0.3381586226891895
0.38345157431337906
0.3594233956133385
0.28378274527172165
0.31051067808123745
0.29109766031563084
0.2351069166537528
0.23161015607000981
0.3445850156125916
0.36984595857128155
0.3250540798402538
0.3783482373982155
0.2237755281614389
0.21332938937363605
0.3136431266153029
0.29389096481362337
0.28630203328852044
0.29457021445421333
0.2891387547983315
0.3722354338313868
0.2405916872856042
0.31750816251398845
0.26439720030229186
0.3076500088081259
0.22484464160522108
0.2138344130248004
0.27584899940524465
0.3430893341926987
0.32038017469515434
0.31250141171482637
0.31583210917065474
0.2416532834825043
0.33517913123938997
0.3169649507449711
0.3010545723434724
0.3390336440230938
0.25043227780437344
0.3213574325237212
0.2980786774476088
0.3248276413246388
0.2683203704788116
0.39412064872087216
0.3076109311145682
0.36498132657975196
0.3741687218512729
0.341334893795987
0.3050739780093762
0.3555674652608004
0.23832671618859727
0.33363624192041197
0.3162317094266808
0.34920370369430764
0.4283169678392592
0.3133778289393496
0.44758307655810986
0.3767860353507755
0.33029641787721287
0.37413456333656575
0.3049706271474704
0.38727472134437746
0.2903924815173938
0.417988275495521
0.4480347489812164
0.3748400779391756
0.36869190185668643
0.45311889322705834
0.4246419625142317
0.42193546575391505
0.41137496003585566
0.4027984127607477
0.4724517306491005
0.5105268936121767
0.4453859863307479
0.4665069874911147
0.46877671047736813
0.5761679363851901
0.4388274837372249
0.598288876511857
0.623109351122517
0.508386279540239
0.591313155985284
0.6498003235785439
0.6590163919261824
0.6324572960584647
0.5660835544519106
0.704904299725727
0.4771009816380052
0.6206263080987897
0.6584704647955069
0.7190888750768814
0.5321615100507846
0.7484630249930073
0.7631127966002431
0.681240704667575
0.7052816742957815
0.6397546650756425
0.6649468114221648
0.6647132145664174
0.6495666904538959
0.7771805039426911
0.6722082533105018
0.6604147363919513
0.6670646344141915
0.6068404579328264
0.6017159946818216
0.6115749533909225
0.6039921789237546
0.6408419354344754
0.5688922030575768
0.5113656313260154
0.4721463976860778
0.46330317937679366
0.426829482731623
0.5006659422552711
0.41007544862754025
0.4087146455264105
0.5456332120700589
0.546781968304503
0.44245024463804905
0.4377271057684562
0.5143438950752519
0.43156115399954886
0.4940085630979415
0.45829789946351585
0.4729621134649138
0.5605776519907986
0.5121070722695327
0.5139738807573371
0.4635620079418854
0.5129868614058659
0.5399088262050328
0.45535469255329264
0.5087978684543474
0.4734506939760569
0.44345788191887103
0.63877293912678
0.5346549019638107
0.3861107161327927
0.5376925393597118
0.4279618295562527
0.4383631353449776
0.35837422789587325
0.5867040203924863
0.5022283505790823
0.35713042553241336
0.4024829665296451
0.46004516818209307
0.3772058161165654
0.4485249484318088
0.2960681059827413
0.3063812255605725
0.4118980523607342
0.4893904969585482
0.4477200786692125
0.490101224673518
0.5316016654257414
0.4154963779530021
0.5138180290618501
0.4974374298127135
0.5219684737346011
0.5908641685107776
0.5706973582567428
0.5781897448888103
0.6573922646022445
0.46222575857683557
0.4981515045279064
0.6092632766693806
0.46306629615655504
0.4601454410055662
0.42881011706071126
0.4433657741361351
0.4836217642588029
0.40569871513617484
0.4027041403567241
0.39038531629978557
0.5568124856412192
0.5198425539589495
0.5082663834967719
0.4258365724514821
0.6028137808707914
0.3876412478571678
0.37403448267626777
0.3564793419068797
0.3302967099579419
0.42097404334641675
0.35922132075089125
0.3278240194553872
0.3308009426012457
0.373748463225666
0.34913583735266784
0.38345505153261294
0.4229921249700754
0.31064834596369073
0.4069284256187564
0.37255761981883884
0.3796264135551331
0.43426769117135455
0.3972207414045958
0.36183860075296925
0.40946811728730326
0.2247721351237355
0.327563740897139
0.29716792707237055
0.3633091361493441
0.36741776260957026
0.2903235281478017
0.30781132382604237
0.191597247873075
0.3306185163168852
0.25648297918906815
0.26729172953366953
0.30649467630587723
0.3699910240361567
0.2262475697006719
0.3676819093703264
0.3361730152945771
0.17551900040719554
0.2899991223086918
0.2146244198725882
0.418491929792136
0.32562384776522535
0.32151384675748695
0.3382233337556329
0.3531729775214663
0.39986446257873437
0.369374800691318
0.42518042563909497
0.4044865468708064
0.473826462050531
0.4956193264075599
0.43109659146168355
0.4635863396812419
0.42412003669505816
0.43489732185483926
0.3792653711334648
0.45446268077569596
0.5824224008687708
0.6864478075471891
0.5323875069205488
0.606460908773425
0.5632392154862274
0.5690531902706195
0.685556591892754
0.7275233673288678
0.6063628933362388
0.7373183951489922
0.8504540414318037
0.6847280260475118
0.7606085003379974
0.7464848014018124
0.737571565007032
0.8473104573801287
0.9360181574098295
0.8126531286369264
0.8671874858843962
0.8350423734430719
0.7987025800833293
0.8310304224635319
0.740664020818958
0.7227572463989793
0.6742262900760592
0.7285247302321899
0.6892014919028516
0.6746993097041016
0.6249187510054492
0.7242770784919645
0.5146290326856787
0.5098559168956418
0.4936087379170671
0.46935686025490686
0.4353856762958731
0.5690202909814666
0.41061756829570273
0.5694721826791493
0.3922000384535006
0.48823547795300704
0.5183753139681743
0.40979509912501444
0.512941640103263
0.44955909140240563
0.399061660112073
0.39950743172406233
0.5175156381014375
0.392054553226866
0.34527827812982137
0.41161805827561737
0.39431054477383565
0.29483576339764295
0.3497419009359375
0.3807532032349271
0.4496586639214056
0.41469189894477054
0.39073675966923205
0.42574382347723705
0.4461685764640322
0.485355868548467
0.4561378892580268
0.43899576562789766
0.44655522929731606
0.536585087918026
0.5313121261025104
0.42792185911609504
0.3503986487570503
0.45794159678676405
0.5172795222567562
0.5682803205471421
0.4921070892305619
0.6251177756732527
0.42884833750188506
0.4550414722349547
0.4412027819758905
0.4629261509379253
0.5862070834154243
0.4194761468356936
0.509473555742888
0.5346197135019578
0.4489054145634842
0.4046222839077485
0.5844337701410067
0.4688583085720995
0.4297726438174534
0.5374681894328924
0.5147820666970795
0.5182936665540532
0.5230561444350896
0.4498108147145882
0.5421701910133363
0.5532233921762224
0.48840914238552935
0.4628230884795208
0.5836389011165957
0.5394130210200551
0.5179194370367467
0.6811712518828645
0.7628122152281509
0.6270821619274267
0.7739036933967989
0.6852934554885293
0.7818733343504994
0.7066397079707312
0.6731123066872525
0.679979865225776
0.6813452698948954
0.6674177271542869
0.697764020739105
0.7205706485565738
0.6852479171132984
0.6472732544570097
0.8053065224891313
0.757271640576439
0.7757231312573891
0.6796871874379254
0.6331266504854818
0.7800432096791821
0.7252865167678251
0.5607202757654702
0.6329963496168642
0.8569127986444182
0.7479179043808974
0.7145054926408273
0.7370708370061323
0.6385938398058285
0.5976065277124203
0.6406764150631279
0.538761415323991
0.7355624393900826
0.505244381378018
0.557573609488847
0.5499585143797732
0.5148020205993167
0.44364756852059317
0.4906073003922687
0.5064070477611393
0.47504385517276204
0.5946963373922641
0.5647205792015721
0.5287353967336383
0.4956364879403865
0.5787901222208804
0.4405645637806035
0.5217210157948713
0.5235539706177892
0.46143258891461714
0.5218581466701967
0.5074113135484257
0.5020069825215087
0.44869126372459406
0.5443627685874223
0.5207320555787682
0.46036047679284686
0.5889157001293116
0.5822714271716682
0.6284134252273208
0.5859258217226511
0.5352222670550939
0.7305653558295231
0.5729598965792948
0.6205206925414953
0.5698966933270786
0.7323836934657241
0.6573435105968713
0.7236437999962524
0.64329722469054
0.6149200815784548
0.6368849182106522
0.7666860810675191
0.6608507381032149
0.714424998542599
0.6854666594970829
0.6339126956597712
0.7554101097304293
0.5666449134812178
0.614816212018917
0.6592230616406849
0.5400738188846241
0.7331878411436112
0.25221077519343826
0.5487912887569368
0.42794294471787453
0.49123925704457927
0.49375106771063315
0.5871356952754252
0.5086964367078206
0.337442473675022
0.3694305953395477
0.3785791765747375
0.34633111622340335
0.3900640337847586
0.44649530905134055
0.33059926749595003
0.36607241655021816
0.3514572587071424
0.5358744122294072
0.29746549716514137
0.33106027657417514
0.28040009784264086
0.24332267348294281
0.18438394825362409
0.2108475132105968
0.2183787113374481
0.31181305399867004
0.27788582012431584
0.306752574037748
0.255727311199546
0.07336528553207644
0.2373225671828164
0.19897316931593959
0.1752091544597628
0.33794208413778304
0.24089693450603178
0.336551440452358
0.1858435905961566
0.2914506272369546
0.28648672178145257
0.29236819313370166
0.179313272039418
0.2605656206926723
0.23730018443105508
0.2919413464091565
0.30897407361690266
0.2680781517479358
0.18286161834134604
0.26573274445222045
0.1940511044260469
0.3345217306121099
0.17650259432963838
0.23681621789894267
0.17613461487355206
0.24790583256212728
0.26397261979447617
0.27382527397230044
0.19161183124366765
0.1860579298332117
0.15211992477518
0.13193724610341953
0.20078394486779588
0.2900222135014449
0.21331028957979367
0.15785231752676357
0.155957603197649
0.14478124807446197
0.16535612135361155
0.20061165229798164
0.37510639138099705
0.20550982385643105
0.25955429892594184
0.38394591388054966
0.25545884589105616
0.4915244558132753
0.3153859293505147
0.41790052398247446
0.4186334006063054
0.33777919688773184
0.3579586453694853
0.31546804044388865
0.31091260257866893
0.2712142982566903
0.2687484484569085
0.29426732718088866
0.3632969612200083
0.2969160748386027
0.4277550304554155
0.395889226321109
0.4576641326415446
0.38619590319717784
0.4471928820672726
0.4724208241702109
0.364033347659536
0.45540861951718714
0.48226279106583175
0.4698146687740177
0.4156840180484773
0.44433553771450696
0.4388707782215332
0.38545810912089784
0.6402221618866056
0.46802156235142833
0.4963680774621584
0.4233710120292388
0.3695897863929839
0.46084206764801533
0.40012732667558437
0.39745816624225583
0.4090149213413663
0.3808333823257066
0.3565952673809946
0.5269743611685999
0.31541946362605866
0.4250340510248977
0.430528957745859
0.3782039753107712
0.324281842889085
0.3649944650493535
0.43350640752525127
0.2922291296018712
0.2464065167260006
0.4078238595679571
0.318279722099736
0.32855550125364996
0.18408231666754132
0.24093653320211358
0.2774375194573894
0.3723468878514242
0.31652511929532745
0.2689702626435339
0.18636191104347755
0.2000348285791804
0.3171959726279293
0.2024072680287137
0.33522393036190573
0.2947679673145954
0.17256667745007742
0.38100925072310127
0.418079598514753
0.2816161610404363
0.2409795134505795
0.2507016368661145
0.23487620086524674
0.19954691048210355
0.21562986139014179
0.253960270315417
0.20532070657906265
0.3107870232693038
0.448864168451249
0.2807185288311622
0.22824072780083102
0.35710011495224814
0.34442276614456235
0.374453604590683
0.36160664786577046
0.4294524124158494
0.4533775371400794
0.522035035391061
0.44474590584425716
0.6840882166960246
0.7336570323210168
0.7638906250446935
0.7174826450236136
0.524423635089083
0.4201529819351909
0.5069793329482357
0.4921285935546318
0.3543055616005625
0.3869492205758621
0.4866767781986424
0.5085818783678739
0.43675981305564476
0.37746379354765836
0.3766034135040463
0.49666174098664484
0.41438762218886505
0.37375221816079557
0.2979919840170861
0.41361751670930613
0.4503192690727441
0.3189167257555311
0.46842665820764684
0.2538106292460425
0.36434964301846906
0.3772110486578963
0.5284406183635022
0.434704407197655
0.4987013223486421
0.4710081539240579
0.3858119769024696
0.4911242849291715
0.4715171118860901
0.4204769470480627
0.41180570679977135
0.4443170330469469
0.5262332060522823
0.43087074009914694
0.38274123566255364
0.4690681673539717
0.4266709230169066
0.32272351782791653
0.4253278150431864
0.4898042058815689
0.29373954342454534
0.42760530929983337
0.5731366765277024
0.4749343425022858
0.40068708504497375
0.486208588324022
0.39149503936040314
0.4623426439940761
0.5597572621422512
0.3677477278475503
0.4681860449312516
0.47413803981036595
0.49968513355172306
0.4709435462667
0.40206140174755944
0.45035240151372713
0.5259292026037781
0.36834065304204
0.35084264014259187
0.47656653925975423
0.476723813673825
0.37920696008227917
0.5131823578576675
0.45604647181965446
0.38765244748389943
0.38867542802290256
0.5786790238386003
0.3333118709847973
0.5209048902083719
0.3477516383864048
0.44379490146527656
0.3165537115764946
0.4824683588809108
0.4255531661318374
0.4241943879427203
0.589951731190819
0.5185994993058285
0.3626847747141375
0.500642478344405
0.4851922804494928
0.42865206079475077
0.36000994574226897
0.4461440818061623
0.38976070061129164
0.40402990922747173
0.3109602088307714
0.5435547920252342
0.3476427793978834
0.3634440113906713
0.2865367891489583
0.30605113466913303
0.44467145342615433
0.40014343122110574
0.41275587725546303
0.5744649530222228
0.3929203684102389
0.5243103388175099
0.5656577455825891
0.5127012820135268
0.44611094766965936
0.42614773094009223
0.6354206220897441
0.4634394150334804
0.4328156580605971
0.5375560464745263
0.595067033069999
0.4880173733815143
0.4020820248678349
0.4912270743511767
0.4178832957274316
0.5964833524732991
0.33270639602243945
0.5795765014780335
0.5604352820841615
0.5040559666372001
0.44799686309448417
0.48653537168785216
0.5018317435023252
0.5193483126610012
0.48923818459452345
0.5940511205228258
0.4491703510914443
0.5639413229466785
0.5418792996915001
0.3920856618196639
0.5517220075548224
0.4665631494551534
0.5066643180954875
0.5323512974362679
0.4725882765744228
0.4642288456283978
0.5527808284016693
0.5230661424517391
0.5594585381056663
0.548513033262531
0.4138409193323287
0.5637486884434899
0.43906434978955955
0.561150891166847
0.586521593138369
0.5552222489636839
0.521244792394421
0.38835930606788177
0.7201972769410773
0.5321680454253304
0.6057970244302275
0.5622729672631408
0.6031174081587756
0.5804339402313413
0.8668146703073116
0.6957111645719449
0.615508272188275
0.6280927950199766
0.6008761178961497
0.5542486107035248
0.4891191230805578
0.4358272890118413
0.4701916325428034
0.4929315652901589
0.5757107214656192
0.48012330992339136
0.4882627492017399
0.4863559818130161
0.49912270553336513
0.5892496109848193
0.46795644682448784
0.610371059304942
0.4597276812480977
0.6869297902618271
0.5642432235128971
0.5475911896427179
0.571103351609076
0.6066068205385993
0.6640595843586774
0.6685939257733786
0.6442744293958044
0.6932907809843483
0.7114771061581628
0.6438463029291592
0.6981736864768828
0.554856075971697
0.6975093133946556
0.46521066853009996
0.4941141726157359
0.509277809580113
0.5713183533602916
0.6309213299268186
0.5879743731471732
0.4561000467333308
0.44741587330931243
0.4493409250609276
0.5182690859652423
0.6174462716446415
0.5378231836321701
0.34774684961317837
0.43247793504391885
0.46440605570696103
0.45374818593203986
0.49597161643748644
0.3351039319916281
0.40466577485783306
0.4203111307470254
0.3686811663028178
0.3941163785371421
0.487385918622476
0.4774587281314346
0.4306984619004441
0.4444501163523836
0.2872867314719455
0.3467160099391367
0.4084054479572859
0.3744794976526915
0.543695363933651
0.4453994235452383
0.4617824908453478
0.42375700075173395
0.5354382555483737
0.4457642201535451
0.3642840582106185
0.3464265727429556
0.4343501781702479
0.344398397088479
0.28687111457010317
0.3807714698759862
0.538922934163566
0.47507996262518537
0.3630695461879371
0.3989578394643518
0.49732777982499465
0.5059429162264656
0.4791266303642829
0.4102903174776519
0.518686225568552
0.46829129745719644
0.36683588917017196
0.32718988180681263
0.38578618142132415
0.2663362626285086
0.3495267802180483
0.45322451709806716
0.49402092300171707
0.5560525095679592
0.407808533552896
0.46098470941704994
0.4913850367460138
0.42437459238240216
0.35847282078051934
0.4205577198805587
0.2932521191931937
0.4571935990221472
0.3373480176996738
0.2606561474131369
0.4336395798875782
0.2719836201812976
0.2528153521693504
0.2768731750636356
0.3729466699877034
0.42204744818821033
0.3655169710355862
0.40814094896775
0.2742929578048429
0.20273542458412944
0.32183288310615393
0.3059184640930638
0.41746470231308985
0.38618429375768704
0.3266874438945204
0.21437475076263776
0.2486184556270672
0.32276251313271864
0.3185679844832243
0.4369840004828367
0.2836122468999452
0.4481007884086622
0.30856962558221035
0.32791310534590246
0.4078003561836617
0.2851939563986095
0.3667806491074008
0.3787252603515123
0.2740085907836748
0.2902124508755401
0.44472522198755415
0.35087776850409186
0.48007918412715567
0.283808826472889
0.26236068253602807
0.2949302678468631
0.336451995079723
0.3850220926270361
0.32755440682667947
0.35510919959063686
0.3762466191052057
0.4182428584943322
0.31321951879220705
0.4184844116516816
0.366259533418691
0.3913539884786052
0.3339237820319663
0.3660701058454544
0.45357815021288894
0.35322399185633535
0.4870211391560839
0.35252409413210833
0.49539698200628224
0.42482054814655085
0.5164438948546289
0.2984738865204621
0.3326442430806003
0.42611664001857485
0.2250429407447873
0.48879200168135384
0.5509998737841775
0.3836909611541246
0.4816876375493986
0.4887247014311853
0.4592906025567436
0.5358394718546569
0.44119275011060455
0.5439716463855423
0.5007971062384338
0.5216138523122436
0.4784654604575256
0.39809199839902365
0.45952882734155587
0.48268386931532625
0.3877989934523214
0.525045283553033
0.3558303071918558
0.3592016104168838
0.40930788378282235
0.29716403585559464
0.4370271563092636
0.42927741887240684
0.30295214289499806
0.2705502441445121
0.36252488200947397
0.3064707953542777
0.39451778539720195
0.3241154248184988
0.2797603242896992
0.4417061349550861
0.3784186021683166
0.2833658759106074
0.26588879588150777
0.4546671375532165
0.41417986034925103
0.2902803272366063
0.3916473793828265
0.2879725714335057
0.28559547717465844
0.4519667478418629
0.4805130005363949
0.33524590819600325
0.36967679139282894
0.41407428806430446
0.4051867210124847
0.3493507978279197
0.3546278251679388
0.4129437368648194
0.2894539692719541
0.4686315322296364
0.409712057368318
0.3052286423360888
0.5221249956051431
0.3604712857150341
0.45074150626312803
0.2938619319800915
0.4617817239293418
0.3642639823232826
0.41858029027019367
0.30395213649340524
0.24914084727679414
0.3585511082951754
0.40877905095988976
0.3378288641305671
0.514335953488472
0.30377054396630815
0.32850773022383256
0.38467346304776906
0.3587609683797728
0.2431257473168153
0.43316406823371095
0.47667405335625945
0.4992635415946392
0.5104523456849129
0.5112196962034128
0.43681527249929325
0.4663323492998531
0.41356957368501057
0.4057707971117879
0.3640200169950625
0.44204269446022765
0.4552313582917295
0.4479669215510258
0.5049607700685224
0.5450401365978318
0.4700409866080746
0.5393651055692599
0.4138978117849891
0.6019845947385905
0.5412140780032664
0.5321153440156925
0.4925064017195691
0.3474093434279824
0.3436102863372159
0.4619702208341602
0.3482832236124401
0.48852539570149417
0.3485098394252628
0.3490074689292779
0.41857087737110166
0.47436943749264426
0.3648325353999485
0.3838022378271161
