0.3116900049599681
0.2556428344289873
0.2843358887035078
0.2679179945918334
0.3335154406155665
0.3870582563350454
0.3582753851431481
0.32375720887746784
0.3009626460402183
0.2139579762703906
0.3577910109154842
0.2929421717805133
0.29028426389785145
0.3138699880385414
0.3579293830899857
0.28059626342592997
0.24692300897366665
0.20616402981684023
0.319586086187448
0.30706532307371737
0.23572407813532104
0.1844616146409389
0.1907198493897167
0.27133999132783426
0.2466364995521892
0.1765161100687795
0.27868507245048413
0.22810425630087072
0.26413258332817374
0.14712494323132813
0.19007050504666861
0.3331359426168173
0.2386811624441757
0.23864861916709731
0.2554747798778165
0.16995153997196685
0.2908281676355029
0.26581623328812515
0.2381366268666626
0.2800279646281244
0.32993314862397005
0.3313065754069056
0.28717635651915097
0.2687953636477043
0.34331260363243576
0.22017950011629378
0.2990228816803384
0.22547229450677214
0.3571976675966309
0.27746836347605525
0.3713529273050165
0.25701676769072823
0.3177706971128966
0.32295876857743866
0.3592033879827321
0.33317229291785855
0.4083305038570979
0.3188042211111664
0.23212136085035032
0.4410229043309164
0.27585935545245427
0.31850980437744497
0.3544982270674175
0.3448761977254591
0.36829798937782043
0.3753684790639837
0.3255154275206224
0.3801084718508394
0.2930596768771955
0.37594521821025106
0.39638236210618616
0.35469878336037686
0.36050833666630955
0.3285787894338935
0.3620366753537012
0.41523711857501555
0.41687638908483193
0.384576706033831
0.4886211058136024
0.28188429793262304
0.49003637726122024
0.4010307345889047
0.4385738582887809
0.35913015862382525
0.5131349780415257
0.4273255705622193
0.4878031547517595
0.5067245659207288
0.5115308861599873
0.48072092404611233
0.4764546096463631
0.5465171972361078
0.5047955072188384
0.445121893060897
0.4549757721382667
0.550504762265142
0.5897008602255538
0.6399567823045045
0.6351951653647762
0.5782020883963803
0.6172477981488431
0.6488187831823541
0.5778968405177486
0.5994178436450388
0.5993103226250859
0.5753380111668809
0.5001117227550325
0.5432576964967344
0.5712331250550846
0.6358996957592893
0.5062991361847902
0.49411876030824076
0.4555950787891217
0.47388186635103746
0.5265060371317032
0.44145651135848196
0.48916786831196624
0.5129564565973491
0.517493060510352
0.3882391836643085
0.479081301367385
0.44834152810334593
0.43811454469282257
0.41653318713951837
0.36985556777638456
0.5028544410422875
0.3529197914084661
0.5122910297901268
0.4211450951620812
0.475162743823856
0.5190943541720094
0.46874392546388044
0.4321529791491133
0.5114721099491176
0.43359978481799877
0.48544989978617037
0.48658682639162176
0.5548263772530642
0.364569695808326
0.510557692925203
0.491061261667502
0.47768530242005547
0.5128007168819827
0.429860946193635
0.35349503528430415
0.45314886620893124
0.4443041330613868
0.359950367946783
0.36568643236118037
0.36464333309412356
0.35009961798710243
0.30577099043259526
0.3578781788882939
0.3276567487963501
0.3440038482722815
0.37445891084461647
0.37622941386436287
0.4112693487615974
0.35226954877037975
0.28460497344163094
0.4835231179733429
0.43012402669096983
0.383549851847901
0.3791158701820914
0.3872301591937397
0.4351786654080081
0.4295899189884633
0.5422494361496317
0.3962448689694523
0.44470944121502387
0.4202714720858838
0.4162297900985689
0.5047185020503682
0.41982952024102266
0.386512896344964
0.47409054807944395
0.38682385041721423
0.42192850358903666
0.4009658958619765
0.3373913941537987
0.405378015365117
0.49996094549986986
0.39018687396438045
0.32944726653942535
0.37016485880080785
0.4099687259155106
0.34366649638372626
0.39340524306154495
0.28569799925969513
0.3187470276465635
0.29256211834166274
0.27265903507490585
0.3420435970712798
0.2794153154548866
0.2450846284800242
0.35784568595702126
0.36124007116520607
0.2536461366405909
0.33311813731917184
0.4062186978099645
0.38593884981825016
0.33467320874834094
0.35428226936317053
0.22925031072676094
0.36711629893200737
0.32033522183303464
0.3470892548517674
0.3163681280379226
0.3102502573954489
0.362371649158124
0.32147040697706675
0.3321454995244889
0.31277988051510486
0.3612227305593473
0.3947682934480603
0.3210926601313045
0.22390058127152743
0.29248734991147546
0.2518405113798689
0.3734474342815808
0.20805279362381246
0.09266215445068149
0.26558501425979497
0.2010506929249311
0.32849833180179716
0.39598042045071197
0.20550010746815683
0.20865059355338672
0.3647744960009773
0.1851598573477775
0.3451662099563684
0.22697610308138583
0.30182124466934834
0.29556950578815155
0.3055763037053939
0.39216315237503474
0.37912038745950827
0.312297566815404
0.3790326191129655
0.4760871066616875
0.41986818833709405
0.41831756269429765
0.4789753272223125
0.5644140449533067
0.5287401398117122
0.6205894166732561
0.6557786175704304
0.6009763635101696
0.5726897349403084
0.7615558690074231
0.7875718602047207
0.6754240808459392
0.7549553979458851
0.7636433697358009
0.8323663347303925
0.7931186640369912
0.9055760348587913
0.787959579547677
0.8853858324828501
0.6749456849309738
0.880752243668383
0.9352603083062353
0.821728456040444
0.9867224051290937
0.8124621695322711
0.826574558276725
0.7692982144084681
0.7401799020772065
0.6408964301289479
0.7731311500988807
0.6238552723119546
0.7390547249241614
0.7529268446041162
0.7009006985470472
0.6014861966048621
0.6574161589535499
0.46153921914601853
0.5879830411965934
0.4568657967300782
0.4185209836636017
0.5374392355073985
0.5862508522160397
0.5398984242155511
0.4884483575229658
0.5052829364299923
0.5077388627299354
0.4023807728502066
0.49392828702151886
0.454117186347317
0.496730680569869
0.49579648519618336
0.46181246974783463
0.4437995560688098
0.48795871435500593
0.4663576387410331
0.5863755663286405
0.5943836054260655
0.5961263808709137
0.5163503881898245
0.4338683701257293
0.5262537618511887
0.5598807626048352
0.5333655612778487
0.6048420353020962
0.596592807070573
0.6099890758160408
0.5163276683863551
0.5813785097458253
0.5878840739290296
0.5365639673819996
0.5600462744410888
0.531435415106555
0.5452552040974156
0.4852710878466947
0.6596566152742388
0.5576508436612803
0.5722579265166515
0.553725841854621
0.5772587326033467
0.6617087531086898
0.6465029012928492
0.6898277993710379
0.6232942841027309
0.6935077442270755
0.571038366081652
0.46692443937352535
0.5356282918416263
0.7336648187607886
0.6731326078616848
0.6508518613534107
0.5232315534805521
0.5278610290426929
0.5671320161373613
0.5135484880303702
0.5703218445748653
0.6368813546413028
0.6791274289497586
0.5302271661154523
0.8040494105719486
0.690178123108162
0.5895042246122136
0.6643856307874833
0.6132461989747399
0.7897383962961839
0.6906028982227619
0.6605467341536753
0.6958342855822934
0.7859138960455172
0.7091020806421193
0.7249265640974252
0.7626781034481249
0.6289029931376956
0.6866813136376648
0.5815878312435578
0.7392640615256356
0.6239022499832574
0.6814187722935633
0.6873728573315965
0.7216033759138356
0.7252605594311141
0.6632904383376705
0.7798777334990892
0.6274682698328566
0.7239268084155511
0.6709330789050985
0.6384048552226307
0.5291023262793053
0.7361940749853855
0.5994866512576951
0.6795280997512323
0.6047868978343338
0.5848304913109232
0.5978659266323261
0.6037976744950132
0.6943342851644232
0.521000830262751
0.5651404606695596
0.5911279133468936
0.5796078754493905
0.4862106601524296
0.49702156856606855
0.385421460950902
0.5448097645468644
0.45686859721552053
0.49324733734375265
0.4013871221007323
0.4221763610251006
0.5204364512635131
0.5087974651068072
0.5199227855943612
0.6400441436052082
0.4429714330145178
0.5596448220209815
0.47817206115094196
0.509743884442118
0.5378604750877928
0.4723575514263022
0.5422983445825833
0.5366916166550731
0.4353953483435863
0.6705253722772775
0.45668632526054787
0.6143513611527271
0.5820033968516493
0.5172140805558467
0.6253320217781053
0.6423107747102828
0.6009909751216302
0.6614713902558251
0.6202390388143909
0.60049704878425
0.6029847067868835
0.6682279106594347
0.5438343850454671
0.6650279790773705
0.5533975934946533
0.5028297640456214
0.4512505660253071
0.5189758514731873
0.4929924189084387
0.5600576123165335
0.5778593001677251
0.5386542421642719
0.46087549780296444
0.41355678413809877
0.4359274166633682
0.471495438156476
0.3970487899138905
0.360465376590302
0.37817668465800885
0.39245685281380543
0.31461818360207106
0.2713184157586641
0.2788684677462466
0.289880250386608
0.20532522665505518
0.33319343249235134
0.3694612997027513
0.21201979805511936
0.2549221682037459
0.28243207955595884
0.3151572659736392
0.23041881774575668
0.3067164212280109
0.23767134892896702
0.1593369618243564
0.16494671075193787
0.19289543526561978
0.22005966665196233
0.14226601577863732
0.18197097465623355
0.16686646794035984
0.15049085083797423
0.16513362156944814
0.14114097317475788
0.21095811678049972
0.10187256668022547
0.19703974101050215
0.1972015597301783
0.28435755275543145
0.20474295463060532
0.3060786506305072
0.1552475562926271
0.25522997956493954
0.21910978000101278
0.2348492375716772
0.24640644867241585
0.2828141868519532
0.2019979867668869
0.1594304683341043
0.2093808074830864
0.2739900281472324
0.26814986534661844
0.2689429409234563
0.3928368138681026
0.31605209596184447
0.24166089066019752
0.2872332630126614
0.2446304375697963
0.3326449311757229
0.23231262569900243
0.34585102732479334
0.24071961993870716
0.30823457332266985
0.35999699156120724
0.24364862022435924
0.3555654529256195
0.2932871197183688
0.24901747668050245
0.24689646339242183
0.39198293163405096
0.35613426776793355
0.407924708230197
0.4237443786264776
0.4748186352764462
0.408412428188379
0.47074034811244864
0.5329426023881896
0.5019942552616327
0.5196090217226947
0.26557449311918335
0.5134857911398814
0.42268596378773204
0.44714017397033434
0.44760127106645975
0.4869484363997396
0.46628953219372105
0.4825908319643386
0.5497447523031167
0.5640182123837612
0.49908420224236394
0.4800072803055797
0.44131270108177734
0.36772920851892515
0.5813524998439532
0.47592823291991604
0.4900484567303829
0.5895519360736347
0.4831218971439418
0.53154701413677
0.48364772510110665
0.44785531222610936
0.4763114954004223
0.47941241440369736
0.5011160557516966
0.4655196529434036
0.32402390508470386
0.49640528681708473
0.4608088840087916
0.4559653997544071
0.542488744867887
0.4940779411876207
0.40309296210041246
0.38146887593594236
0.39884722982122234
0.40565736976655226
0.4026524325245625
0.4829902831386691
0.3757916185692207
0.32988447304036983
0.39549500217690226
0.4311631502756146
0.5166782778359266
0.3849459309709262
0.3495567185224102
0.36298005657136667
0.2693761733782274
0.40272789962866845
0.33972794224135844
0.34642333012452664
0.3242349372070497
0.3484428898174289
0.4180124922846311
0.27057755922909654
0.19783641744522848
0.32516031904398873
0.28048417717418034
0.3475844145355229
0.21511634251133677
0.3009630615189799
0.2607795128950662
0.2893175237367132
0.2611279149327865
0.31871539260782
0.3888298361257114
0.2979961750076191
0.2920233067046647
0.260379852785642
0.3437620376192117
0.3544104345548881
0.2378912580237747
0.18181654380595103
0.24691520524791788
0.322594389550007
0.2369808215909881
0.21775419300259957
0.3528489286800209
0.20789588122876673
0.3905590552071867
0.3102187405434844
0.3399978717821013
0.6223413739344197
0.6223148341429425
0.6879247618988258
0.6737873273746791
0.5666426876306869
0.38815136585301163
0.34245738081544275
0.33346103593100607
0.39634489803005823
0.3719771196387217
0.3899062897407764
0.3088478446442016
0.3629969421770064
0.2480712833978594
0.3612463024655781
0.2998415661547059
0.3744340990470556
0.3067095385787776
0.268542476791515
0.3529870398115198
0.1783893484879176
0.3845481019384555
0.23353999640470532
0.17009261357653793
0.34481538452329047
0.30216411395475073
0.2218007672177193
0.32418804411670044
0.26284750449786914
0.19513095215931098
0.24989877044365702
0.30621597624157265
0.31143965767208304
0.31463983141747237
0.15691509181881766
0.3214522344067687
0.484239263145232
0.28283873068396315
0.27577937018987997
0.34815484635925165
0.47018228977738785
0.40328687778159944
0.41373715037846104
0.3125818274156051
0.209397899128936
0.31036282054784314
0.44372040163789406
0.3126668618590336
0.35059503367927985
0.3705655489854167
0.34407126571137786
0.2979446620602738
0.36727718046451036
0.43774903489859485
0.48916874810492084
0.3790049871950981
0.3209670136143819
0.532191027614181
0.4376013391843349
0.31373964048201114
0.4088042762649965
0.38650825068574257
0.4074291645338085
0.3526903865912445
0.33922405674842276
0.42810446259280965
0.42540262346354796
0.3357837270907327
0.36392428485721307
0.5169695358737981
0.3990861647218703
0.39990913211392903
0.4626277101914984
0.424960470487193
0.3676871691418393
0.32038086936815074
0.30695897548863094
0.43194545814325735
0.48431438890477524
0.4635590004863305
0.2851883691844641
0.48017097843418277
0.42175422843597765
0.41901880676634334
0.2575230738100021
0.3900243851420304
0.3948586193615328
0.3182731292482861
0.3153454832648075
0.475163339792331
0.38269874744367915
0.4771713572058174
0.33325406558239995
0.39157415578718135
0.24348328170354178
0.3199223824503221
0.3710201164822713
0.33727208390825303
0.4849885121947459
0.33378027553836553
0.4320863715223018
0.36603424824785774
0.471361046447238
0.3190779499981367
0.32530865956215516
0.4597464691957829
0.5415800131440816
0.5469562403520445
0.5391233392089239
0.5325671711977606
0.4668817058536434
0.5061095742830161
0.45330375168183934
0.4274640991863121
0.4682450262195418
0.3693907925415588
0.47736124572600613
0.44429567068663495
0.40255792086080366
0.3732287348706197
0.3817422574368533
0.411302361513314
0.5342556033799314
0.5956831036727175
0.37007104228676124
0.5259598984178719
0.48524330199652643
0.4338492525646581
0.3950863104075283
0.5599581870280024
0.46258571083932815
0.2726319823855331
0.42466753140286906
0.38954626650658986
0.30970584906695986
0.4638440450965909
0.36046475645584014
0.3368727146717213
0.394325793589104
0.28960118295626525
0.3112660148623436
0.39249552669964444
0.4611048921734313
0.5376401568074491
0.31332119496796895
0.32654198416284075
0.30334935705234334
0.32106273949310976
0.4221254077972503
0.3359003630929438
0.42553523746238653
0.476694567825512
0.5831833152509659
0.5204582421868671
0.4645067362385958
0.4187642693229141
0.6055745541886457
0.44951762122834527
0.41018787944563917
0.47537087577606424
0.5116388707389462
0.476438714216857
0.34032431260177975
0.3816097617506582
0.3958916774093708
0.496720645392147
0.42197811434597793
0.43732224897251515
0.4789448025603138
0.4223328777021135
0.4048507256174835
0.47441372913406754
0.3942918567401238
0.4403289850701426
0.4063438260168173
0.28598889631813973
0.44839670584775293
0.35968396399694913
0.35788471301868724
0.3348121359853503
0.2639797977788216
0.43386395177782067
0.2951495938266537
0.3943384938220511
0.35249136559363003
0.3014850560206339
0.27636090175339245
0.3088601344329676
0.28987314546064247
0.3311969762379578
0.43178443400625965
0.39527300511566754
0.3469294893599124
0.4106096237427356
0.43020750633005367
0.2975613143694914
0.4014158457673964
0.5375458993900092
0.4595840586611606
0.47304486443631594
0.47655779463379966
0.4453054469459474
0.36502170259163796
0.4338278530799434
0.2810704519419127
0.3908079692758478
0.30369723096256174
0.20780387968101582
0.42260085734980135
0.37146557629700944
0.3773146154407626
0.3290316875896955
0.4230766831113857
0.2207593321312702
0.3702834507375706
0.17182683753455824
0.284300424740376
0.24577964616041387
0.30540666351307255
0.3021046390699623
0.1934302965189732
0.2705589176876183
0.3236229052733898
0.3431853520912273
0.31867294656248857
0.3646519750775373
0.4079741615306309
0.3889873778433285
0.29752783881395595
0.39733150766687575
0.39026754581788015
0.35924205947714527
0.3130726498081991
0.4480063600899776
0.305146735670091
0.46227832716575395
0.35717779623298385
0.47381250203963443
0.2609410427556821
0.4608324886397962
0.36853371775410304
0.4234279011158836
0.4163141672775039
0.3108161966112057
0.223425627751027
0.3841555471325904
0.4964937582428041
0.47288134944058113
0.3682351488759206
0.3682112935228037
0.25391367160894995
0.3046495230102434
0.2772964816367349
0.27862340110405737
0.35030066024295137
0.36238264078028987
0.22841506839794884
0.2513559847302782
0.2540355783135603
0.275479248269456
0.3611481871749115
0.3473102465072623
0.4053706064763495
0.3626379240968307
0.3590495417731182
0.2940677173389918
0.27331113836810655
0.25447902328915417
0.26561393326818517
0.18056119958608902
0.2693281840079589
0.19538368722289606
0.29718720551164934
0.22087085614623458
0.33836915073241214
0.34502455196285764
0.3455970688581297
0.3289635347242423
0.2743831506020568
0.31921926626949126
0.3087599861786667
0.3678977731989722
0.24188825181530108
0.33967004343201757
0.39286424251477947
0.3654176138265049
0.26216573116272157
0.3230611199641973
0.3612871461297784
0.278208105727078
0.3002955332778274
0.3780647880840822
0.45241233262197056
0.3878999157402527
0.5553004182558361
0.39638959050524025
0.4502976212442545
0.35652668903154894
0.31527284106385967
0.30016867896502597
0.359877760484441
0.3459454244518442
0.39166431505603705
0.35915831615190413
0.29482453890114174
0.4545183011987971
0.37402106696577175
0.2721458663188564
0.30687271361445945
0.3214910639870119
0.46661265031608756
0.43284007114104006
0.4664948593810936
0.46601553811021923
0.4083409488496784
0.48573790548499324
0.5388201618015518
0.3923922227702419
0.40142638440317546
0.41036073660908046
0.44260644983741776
0.4779363584510202
0.38764652366390306
0.5236840615822242
0.5932042599620178
0.3397251134364004
0.567946087677281
0.576635428369654
0.40601521390840345
0.4813814501926075
0.4549258117297048
0.5332309479212011
0.39252510221734105
0.3699503826477582
0.4094551892574858
0.23209145707800052
0.4449157125121178
0.35806433225315737
0.3410389296526012
0.3027686257354125
0.3984377953253496
0.48721982672403497
0.5488958502761654
0.44748885643419245
0.4542860075392441
0.4099867026406244
0.3558978136568617
0.4277256212292313
0.41826383792984334
0.44246991616587605
0.40677813159243714
0.4024746350530719
0.45424516412677285
0.38612908887111097
0.44148764898066506
0.4967658936850239
0.41695932977206573
0.5014446980675941
0.5264205688332941
0.4376276423505252
0.42073365123923834
0.4391318340567203
0.3821174601831888
0.38960098346101013
0.33490950313734424
0.3329807108906305
0.46693191950160795
0.30729904076438463
0.29982509023806003
0.34358396047677037
0.33168176204258326
0.3547074649911126
0.34947099497076617
0.31671696053228166
0.3326691691569632
0.46049576846523804
0.36331964696030805
0.4583128317241085
0.3498155917466268
0.299701509283681
0.2738285764484798
0.30656107786
0.3123133728811049
0.38191073665489517
0.3827309481175497
0.3536101265513317
0.4159979992677505
0.3828365294394732
0.31528564991788244
0.4753192513127593
0.6025129401558842
0.47066144301913565
0.4996321181631365
0.4027185867873938
0.43808669414829393
0.5552953811579755
0.6497001091668244
0.5338649380521544
0.575288499842906
0.46446478874260533
0.39875202602849963
0.45475408847967236
0.4838798192654046
0.490725187429631
0.4213894334263264
0.45986436145171083
0.35908473147747355
0.367012815393943
0.25607613044533817
0.4101893664090106
0.2931658331482202
0.35172729385786505
0.353243380767574
0.29703843730586343
0.27563699413931525
0.4236156922298066
0.39664449912312205
0.42600376547356944
0.3492411433345189
