0.25689448610433346
0.28303243779182186
0.3032895012276433
0.3027575349759413
0.3282591875651434
0.2729990423120914
0.31127648890645865
0.28873134371143483
0.30341675892242725
0.3940364585740514
0.3452673985811662
0.29880055716863896
0.3518369869907847
0.2918435140191511
0.3214977072331264
0.28675553078790117
0.2546391404829732
0.353647550667172
0.3551967096842974
0.34949865454028006
0.2979304786826709
0.25958906832019674
0.26979018888237216
0.25499718580626374
0.3394351170093493
0.2531910604960806
0.27114310542727815
0.25339602033200687
0.26246739699654303
0.32364697385204677
0.3078143932929875
0.3133729810309933
0.2867853737171839
0.22889081285335214
0.3104282797630775
0.27200447769238223
0.35608084720967675
0.33213535726288496
0.27666771602812407
0.3036986112377372
0.257746912507771
0.3322748174520427
0.2605515488616451
0.3789268253111294
0.2200201005147247
0.33123395237074893
0.23436178328018675
0.30357676354252394
0.3156171085028997
0.31176031531701437
0.29842731430134145
0.3450277120176102
0.2473110123755603
0.3680308474929096
0.3142146126993065
0.2790068769591849
0.34466042578884687
0.2991387493253609
0.35617335203163386
0.3800630384195488
0.30333037849645816
0.3862661235301025
0.3610972675866394
0.2850912943653653
0.46931176270106323
0.34720704795914054
0.36828191233594326
0.34849396153856094
0.40620589111938643
0.42499627437517
0.42159372275571905
0.43042387937706905
0.27945802516305907
0.4671861131449743
0.5024973365568917
0.41441691779232037
0.3667100363575254
0.4753539126856815
0.39501087806809265
0.43030726350535636
0.45490349948500974
0.4829454029407475
0.4981338383608406
0.5651255603182128
0.5375912546948565
0.49872333974682476
0.5878609541851998
0.582063207269018
0.6339976649711849
0.6583905306808833
0.6417299149302984
0.6698392216985578
0.6206651990582668
0.6398454852721698
0.7092862867362103
0.678961289387291
0.704283220247467
0.7389164315699552
0.7007331337829492
0.7149707324500298
0.7349068303052371
0.5669318254176652
0.6882577053201762
0.732646613504281
0.6984471008083706
0.71582934558385
0.6876196164640447
0.6572512842674085
0.6977060376433595
0.7102054597952692
0.6579455842018271
0.5728617429006915
0.6331335311348778
0.5219049058441729
0.5996672313901305
0.5530297219404666
0.4941336027629415
0.5641607104112667
0.5223853820820785
0.5010636572271603
0.5438325974450757
0.43165662425851975
0.5190795809077974
0.4746456257466103
0.46727562284240054
0.5057491192159801
0.567760020284975
0.4960486115965432
0.5644026002411034
0.47259094471476404
0.4985297215417662
0.5227840678958805
0.4308416382111243
0.5606537726672991
0.5333747833172942
0.49846480443596625
0.489051297613415
0.5708880400197476
0.40727488167857223
0.4784618548751517
0.43254763871219126
0.4264430581857227
0.5139488266944735
0.5342738156750433
0.4309779392496271
0.397401817930741
0.5212158656735862
0.46865077377438624
0.44764525662903587
0.4547776450263343
0.3855011123116244
0.3948936055120853
0.3567494846194573
0.3719877108109855
0.43553638657326327
0.4214663494301246
0.372980500909042
0.4260212537504082
0.45582970651479854
0.39814166094983516
0.4171288999836137
0.5073245232742947
0.5097923422300568
0.376510741006233
0.4672515916423131
0.42881876973830757
0.4895031591623654
0.5010634189692205
0.4876789201760531
0.49841797992613707
0.5676941588554998
0.6179031616504629
0.43392631989468744
0.4705588187846298
0.4776687049788965
0.4659655048278552
0.4584047477320213
0.48171178581404256
0.445837480220329
0.4637923763818482
0.46158587089101666
0.5012292226288457
0.4559971259786466
0.47779853805220035
0.3450485842274339
0.4271934947841248
0.4463787684719759
0.46546582372647827
0.36337190674592623
0.42975869690832125
0.345209985447854
0.4182054335210159
0.3354821121667071
0.3842699554659094
0.3153391961907434
0.35113315140794304
0.31456535780899686
0.34184426484836244
0.3329192357748578
0.3704731299784291
0.3297932315308808
0.3127658692136509
0.4058461266521034
0.3563305329869405
0.3294262361135857
0.3195063668310918
0.2660762958652291
0.33226739979185926
0.31862835988420246
0.30806334457891626
0.38938007720034357
0.36895728674814554
0.37952547699795897
0.3366103828266953
0.292949014247318
0.26864248787630274
0.31869957836357377
0.3879738699434948
0.32665147663396693
0.2373130383174563
0.26617596772981167
0.31460035517697993
0.21533868088450825
0.2875844977310694
0.23898565766496177
0.24464116348220727
0.2161847942993333
0.27680464374754965
0.2855811908394713
0.3258318671867248
0.3180820037829451
0.3175931119459193
0.34488378065728464
0.3370734365832148
0.29264512791146335
0.3685531781246175
0.43619339621136693
0.38359783854137874
0.4384695367033607
0.518088498254109
0.49983072206773854
0.49374842515226225
0.45398364196542684
0.5927753515986841
0.5680841221653624
0.46935030067052796
0.6153962255496029
0.5631365150561689
0.6977760042406616
0.6402892329892595
0.6874140015555374
0.7242937608769868
0.7449473382086738
0.750906639039274
0.826290070517234
0.8014973045306799
0.7814964040410319
0.8227989875037314
0.833517400136775
0.8979293553092433
0.7568026092901545
0.8758505989871339
0.9383824587320526
0.8509776803020256
0.7550050485868123
0.7889554753853667
0.7998430495260516
0.8251680332423803
0.794672610252741
0.7468009685220011
0.6091780609903891
0.6865128163931806
0.7450732101608742
0.5244355465244108
0.6152014800263379
0.5312331112587287
0.5197502652422953
0.5892158707880462
0.4022465889651883
0.4536101631473042
0.4351755081763622
0.3787901297501872
0.4665745835527475
0.43703176593721693
0.47535294764080605
0.43702867544422785
0.4906986964496325
0.42857793079188805
0.45094137444036947
0.5283285106984458
0.5077609131290328
0.41243565214868916
0.40786631440281357
0.47290496457123066
0.4067599813822428
0.4375673840481168
0.4142189347783326
0.4671962316492624
0.4705800098201399
0.4898913731655564
0.41834252849448517
0.4320113013081339
0.5390473945207968
0.5012080052642685
0.3646786231870168
0.4509281372355594
0.4394584142555807
0.47025944169366796
0.5011342468696578
0.4125800022806354
0.5073467991049598
0.5063018583302545
0.4704800209573994
0.4898631517401549
0.5435924893881061
0.432185636841534
0.5143921071033221
0.49826442999027576
0.5240527615688269
0.5073927195804089
0.5485648137959721
0.5550196091507767
0.610838355564634
0.5037925099972129
0.48306510651116086
0.44889787412828785
0.5122432491206621
0.5298466945229574
0.5828351535524915
0.5820674828931649
0.4241640901846886
0.5454807492440656
0.6326710382374698
0.5468467209178367
0.5709665095590621
0.5277289962111524
0.6303536576625839
0.5900923632266564
0.624108509779463
0.6580788305903438
0.6806986594574829
0.7037816450461869
0.6234738937231397
0.70594740218445
0.7056952688656334
0.7358334974505149
0.7119464858942511
0.6854319879205132
0.679572257868696
0.7395732544756561
0.7279788037722719
0.6689917533483143
0.6821647616526512
0.6265419872425193
0.6255798813452425
0.6065620920451285
0.7006300268961412
0.6943356538412874
0.6457785822886224
0.6799824137875876
0.6406388422744596
0.7226269966352936
0.5948006266511128
0.6597703315126231
0.6371499211780814
0.6370586352883396
0.6127202835860897
0.6342023487570796
0.6133973668812822
0.5913078615889926
0.6749309020187848
0.6588475854384194
0.6749639570221004
0.621670958054656
0.5169690894249859
0.5989617819186102
0.5536040805733868
0.5129652986220283
0.5667186061035252
0.4583652048295915
0.494801861211621
0.5190384889155936
0.4870569717661533
0.4468181922772105
0.4561087811095741
0.49687498509316863
0.5370839594556585
0.4157632841719991
0.5986566632146497
0.46786457266274967
0.46173042305602796
0.45692156732060213
0.486538637336007
0.42974229504209716
0.5203372251695224
0.5057947935226927
0.5644096480867971
0.5512424589476878
0.4968182796490964
0.5340152279740629
0.6384179841896718
0.5137084697200688
0.5651328720652098
0.6337250604505222
0.5768954377453667
0.6076595091385137
0.6840084831512366
0.6134618876027681
0.6578564658184715
0.6166172691894559
0.5708773255361077
0.6107027160892338
0.7431428677169511
0.585949023581628
0.6279664453732228
0.6818248038052459
0.6659999893580678
0.5446169134720337
0.5285249065370881
0.614968454400094
0.5064336201721141
0.4544476312204636
0.47823410865079763
0.5614464430462061
0.4420538073219136
0.5352030755867486
0.3061120100775109
0.38637414381864554
0.45756067888445867
0.4290427725555219
0.2867317256134433
0.3425897965241866
0.3221907451803664
0.3917733469882976
0.36776493598590954
0.4219329434557971
0.3172357676008043
0.3350396576399209
0.37500538853574356
0.28655975489625596
0.2370472183294823
0.2619623961512686
0.25240010415503716
0.21482356171248843
0.25043691114670164
0.18922321499793995
0.21972996419415933
0.26209447911097183
0.13749060020359644
0.12702535645498308
0.11469271835208977
0.18751768631088814
0.09332969732695526
0.23375907278940683
0.13348034954603616
0.16220938239293353
0.24688119895981503
0.11310621234179712
0.16401378454244758
0.21806176546705294
0.26180067222096726
0.2099474131180012
0.3272401186343711
0.2619889431641691
0.2841668152387782
0.24345361591992792
0.2031425537935368
0.3786827189600327
0.20668546579222052
0.2912798418266598
0.263014473971555
0.20011860166196183
0.3003973083229464
0.27866939545032315
0.2583629775337639
0.3661424504064435
0.2550371797104293
0.21562905520797163
0.29191787580109185
0.19620060785070942
0.18271651773999742
0.23831980736559022
0.2912877678707565
0.2545143489591216
0.21538546049240248
0.16005604626778022
0.131310546405993
0.2926829566865281
0.2023186292891084
0.26883814324474564
0.351238792520172
0.39548496303948244
0.3988007446637689
0.38194816805038123
0.4307125699254922
0.43956406868462206
0.3366991219501948
0.4828425675591923
0.43851714144965065
0.43288041519985443
0.3579827106409271
0.31107241425809395
0.3863405381242382
0.3919481288602321
0.28207945327561057
0.34045514134291
0.32895963863996724
0.35114853267051505
0.3414935829061854
0.358345290862995
0.4322968710755952
0.3669609199316478
0.3825125326659029
0.389867594645014
0.42892282082970756
0.48760831864953763
0.47142183004260696
0.441036249927232
0.3099927071380698
0.31546910935608286
0.37151977797359614
0.44589091704196526
0.45251586490943574
0.4022338503198586
0.3923325811863092
0.4289135432060903
0.4089911719071324
0.4092010647551867
0.4206816446730909
0.3964780921773143
0.48997106258551953
0.3224569333458865
0.37914154839683245
0.400651038660054
0.387800887569934
0.2851589667831753
0.33480487193611136
0.28311452956315375
0.3676722948965748
0.34907760545311894
0.3984440986358159
0.32508366772280806
0.31155056807520465
0.28573216144327795
0.3143017415458055
0.2661673522958547
0.3000983695573166
0.30657551050296233
0.30276384679995383
0.2027090210166053
0.237253477615259
0.23906826550286212
0.3453289831904374
0.27795703190930277
0.3212669289651896
0.3458671211317197
0.31042321343609414
0.22072152983819293
0.20976835057918924
0.31111617113588247
0.36843994570283967
0.4141117770562969
0.4002257117272012
0.3422519608872519
0.39259407197228485
0.4161906901333273
0.3362653218296584
0.2894701953523964
0.2362463626433305
0.21126303332069324
0.17893513021460372
0.28085372032707934
0.26822772624240554
0.232924607550956
0.25626754186857215
0.39097919094432243
0.34391477517109176
0.39775345379588684
0.4330292263436142
0.47893917611785164
0.45352135196877164
0.5652999902278982
0.6260002434087293
0.7943229611614467
0.6693420960812494
0.5330869782723417
0.48286604614179585
0.5234900348335756
0.43763208642308715
0.34066234452675065
0.4266754378473845
0.4429140511184888
0.3373633773646712
0.33092191423951456
0.32607735336686816
0.4040179220235032
0.36965228757025603
0.33804334615832704
0.4036956527899941
0.39707411887403665
0.302951989087925
0.30846028797125413
0.3524944459047678
0.2782110990967651
0.2964880362912686
0.43594196948403163
0.32985167437479834
0.3016454587858919
0.2989073216720699
0.36714580763436333
0.3368855155237316
0.3746722626144093
0.38273804960386976
0.4314497624142616
0.4895795004733925
0.3921540029785855
0.4839840395674311
0.3554931525099859
0.34748207765767125
0.5098726939941639
0.5166271927724218
0.407852194197423
0.37725535113320363
0.30446598487693827
0.29191439092935667
0.33729720006482516
0.38487982710866553
0.45601757801851633
0.5086280094655546
0.35444224489796144
0.40831548266206213
0.4654935220991282
0.44531401795056524
0.5059330427638331
0.4752884774371876
0.4510474381265425
0.42937822373031087
0.44431587616217827
0.47797808905281713
0.4118140172921201
0.46904318951163526
0.4811228800583839
0.416338094305946
0.3298616037229627
0.4033453768342631
0.3820023473474635
0.4524995883064211
0.40036306289835366
0.3377908960223568
0.4175736255713287
0.4850546020877997
0.5145368981857874
0.4279492484266158
0.4186868207182304
0.451611638561483
0.403075461407312
0.4235405526811995
0.49919362822034147
0.3708925281226004
0.46542626012592003
0.3753837657580324
0.28757606378715983
0.3805043616253564
0.3388132583145803
0.4187281069776557
0.3914392345725558
0.3778229998436635
0.37703916806763216
0.46211394029981373
0.4094378808484264
0.4253945605883405
0.34152637534467456
0.3476690105012754
0.38996552943703605
0.4273306072936766
0.3112367823702
0.49170779076622484
0.36779769034223264
0.44380859246865567
0.5036264660641221
0.40985364298796667
0.4400779909619116
0.40895221199390713
0.5289349844624096
0.478250869575362
0.5497656359810874
0.5251756710159545
0.52647689011963
0.5523031130426521
0.56887849815125
0.43710873576627296
0.42348970074194003
0.4391792232786174
0.4330183397020072
0.46553187870671087
0.38573861508701035
0.41967143286772823
0.3775193201167799
0.5278794334652054
0.3620362372396798
0.3948441418086851
0.48440956278858904
0.38276910130426756
0.4117105713269902
0.45884453571685513
0.5045457171576935
0.5544474446533035
0.3743542646881084
0.4610779921847756
0.4528980378781371
0.41144107203809005
0.5177655713128317
0.3645244818413135
0.4679166979411538
0.40763222669737487
0.44017886569535014
0.5182135269803406
0.5024254582397218
0.4161573676063374
0.4977892312644763
0.46648246037965635
0.5394432946050383
0.4293248660176215
0.4558064657851663
0.4005951335805572
0.43368781518406047
0.41653377647760514
0.513685387645407
0.43350814451628833
0.43256804509290603
0.6005715200935371
0.5838604748494641
0.519442773715982
0.5178760358445909
0.5613879705399502
0.6753380928331774
0.6428196000647074
0.5596821886969341
0.5185745321140702
0.5011096115112386
0.5809855239641053
0.4856222478771225
0.4893043491199137
0.4537025066342099
0.5654179569510835
0.45922661499618533
0.5897526199120349
0.48266671569714964
0.440846210986135
0.4696324394633152
0.37932250521919186
0.5575554619260411
0.6556864240479978
0.4361951881509921
0.4923468613401796
0.5296039208416945
0.5340386981018805
0.5239107431695558
0.48551242841052844
0.539529093471093
0.6537220861908266
0.5739328664262516
0.4785719453099468
0.5209501822303315
0.5262388898594135
0.5938052122906614
0.5031145179835824
0.5379484855063104
0.49141934561877665
0.5132159003635991
0.511033592149643
0.46864317313146875
0.514994748947628
0.4508059870296997
0.5509447716512463
0.44394458679795257
0.40113023099769685
0.3990302573831599
0.4341813841637219
0.5668290961433856
0.4394226994577961
0.39490967167742896
0.4950081512902389
0.4440370982389257
0.3195825663807881
0.4050246291022962
0.4042407156761155
0.4024214824287732
0.37935629720205655
0.43173212938319266
0.409110723535296
0.35393881988777215
0.41600859474857355
0.41741589415116725
0.34649924231921786
0.3435216800941641
0.3813393601733855
0.3834028626727573
0.35591092380027006
0.34634622229691514
0.29407290360363725
0.43105115103624225
0.42345011946567124
0.34740246390152524
0.38537430192792677
0.3997706131718761
0.4255376047299769
0.4558872263536854
0.38360822446280834
0.4879004642066336
0.45795668998838834
0.456091261804343
0.48000713989715693
0.4026955237728925
0.5161759568612918
0.3605046509217774
0.3782480683394932
0.3274979713155298
0.3856830199223261
0.4779200987317632
0.35945065456172154
0.40730132199640334
0.37127400580198033
0.2967469205870291
0.4220367611786976
0.352973845641131
0.34133998837849655
0.3884766454005361
0.44182077793408203
0.421544381476777
0.3979406523657217
0.35871268030358283
0.36750207817391367
0.31055850239030036
0.3420267818696454
0.3562440904745011
0.36036438725191666
0.24295698402371946
0.25042418195798055
0.31844284208108264
0.31725812252922636
0.34199818562257933
0.34001387001871286
0.4684484612138097
0.35841267624788403
0.31194027059475077
0.2738149943088706
0.2704909245488075
0.381924234226714
0.3467689263357018
0.3367018274133048
0.25263840593054343
0.28235352325279306
0.24783807342512376
0.2902060073487797
0.31400832298153725
0.32045776070939663
0.35457379563981495
0.3207576527669949
0.3188589339997556
0.3548081345001909
0.39419392005410936
0.37617529534702876
0.3295855565916621
0.3516543775725463
0.2929510897872628
0.3424085401453432
0.4062455412015465
0.31137319163964594
0.30942080040224795
0.3288145198972774
0.33454609179050887
0.3852059624208868
0.41515411797816354
0.3589346607296392
0.3851883070415945
0.4387017121346368
0.3757283253168201
0.3093028128327373
0.38072644784134535
0.41275493116078116
0.39857657609540276
0.42440097987061687
0.41725903818951354
0.317378225215023
0.2950711589987094
0.3932234367515135
0.3431517631506921
0.3732934072785332
0.34609097562355484
0.38972145445098305
0.3662701694812822
0.3833581093954089
0.5025033023157661
0.3968573825705842
0.3931208382340687
0.38546237532631356
0.5802982044320654
0.4788044403174484
0.4210896505292173
0.4583705932731726
0.42639537688421686
0.36970854393608027
0.46276593709290226
0.4521823611698045
0.42067496865550136
0.45898006114033324
0.4070799777812014
0.44553591199597076
0.42132649620090457
0.32952490050680927
0.4005964953016627
0.35317154203426626
0.35087309062319194
0.42748789195145137
0.36295310097217565
0.3446126866446613
0.3410648110587545
0.4540018702736822
0.37785266954341196
0.387208606439304
0.32511782575216264
0.46891287370207096
0.3045278142620258
0.3282293938266536
0.36491577840163913
0.42005040911397395
0.38082490952767467
0.40304558577896177
0.3282769009133525
0.3485550128554505
0.4453743033128281
0.32169262628814943
0.2982792333558789
0.2707957909173587
0.3408917954497773
0.28489879346265573
0.40423968111319086
0.375230383960792
0.26804568579231647
0.3625408071365752
0.34226486159977626
0.32702920853137535
0.42047449355974703
0.32902966827970126
0.3391254831080858
0.3622166328935519
0.3451971935616332
0.23307245916118002
0.3346232107415553
0.32346423399529095
0.26154150561064005
0.4028686381182785
0.28472477573835575
0.38015241370709824
0.4506066940484633
0.31067024914360947
0.2158217479962967
0.3201162191131265
0.2828584679076776
0.30020456681411667
0.34211812269889547
0.3465733929919745
0.31413849732645177
0.3972704901803823
0.3764174446979869
0.2885172498564579
0.31050050591349104
0.4132803255237624
0.4104595014623937
0.47510843820047954
0.349271677520536
0.38378797499537176
0.39566481316816327
0.37765245437928685
0.3701748698219995
0.4649645894268073
0.47221541110385246
0.4155216518525432
0.44788788577838107
0.48826046474470736
0.44810457343272053
0.4623995808308372
0.49803454591504953
0.5315576724183473
0.38245541780883807
0.4567046269589432
0.4631965762222074
0.36104110633735054
0.4713616932324115
0.37551568726009654
0.4029465947377758
0.3450440406654967
0.442918078013799
0.33527892754015176
0.35399844872648023
0.28351206329784806
0.3201580562927605
0.35377805948401897
0.40802698766352374
