0.26742687876599225
0.2924813930194098
0.3094574699707327
0.2275621977765566
0.3116284436566092
0.3673042294982948
0.3658327941738418
0.2572205632399429
0.30075503611177945
0.2418101023894681
0.2935027723047664
0.35636946480436954
0.2599221623108765
0.2859789704789129
0.31938176095360865
0.38413837196593603
0.2864165926930532
0.2406360854198619
0.23766444148677762
0.2796283362334546
0.31785026618663004
0.30746248979761687
0.2690329773235613
0.3119732091131426
0.24141827317272743
0.3400985830537249
0.2601694225488746
0.2725145208666612
0.29441922862336367
0.220637782405388
0.21212100915373813
0.23276226533536065
0.24611262379331858
0.2861246250147854
0.2377897165987655
0.2676581637739891
0.2309782393459089
0.3078463902695462
0.2261644524033098
0.30137462927283654
0.2553925043900244
0.28937396931894754
0.3222729853067461
0.3127532824469473
0.29911537662743615
0.2257318668304602
0.33989770346257386
0.30421412277906046
0.2701627775580225
0.23887176515009323
0.2810069062582547
0.28220707297532693
0.26778736895241345
0.2991475313710132
0.32981016234212546
0.3497816026270336
0.3247898151044643
0.3032075722914136
0.34458845154579465
0.27863294709479236
0.3343780882415589
0.3159715262640633
0.411672933045903
0.39207798545501593
0.3461736377495811
0.2949778115612487
0.37851271767701533
0.39905445608354484
0.35368953060914765
0.3567691653524873
0.44954702247037237
0.4037446559973005
0.43290264110881527
0.4198555026351084
0.46131553307984735
0.44087359267981413
0.49400366991759304
0.500129299973227
0.5566025527024783
0.502893003219957
0.5261841088804389
0.48025739965609526
0.39423386701798246
0.5349900639441421
0.5209953381466453
0.451180132585295
0.5009742784076683
0.550273364919797
0.6098384698942828
0.5348906720727404
0.5796532480605798
0.5778992720887921
0.630532292273638
0.6503606430280147
0.6657437001414352
0.6421633285888644
0.5815800169606867
0.6103566083427183
0.6480218983810833
0.678185827911318
0.6033036131896269
0.7869165899437236
0.6820057008515553
0.6716673608656423
0.6453052180436304
0.679595784420969
0.6516367411928081
0.6146169923038785
0.7437879752698278
0.616591210660768
0.6727174507638073
0.5371187220335697
0.49598696573964485
0.5475058560680661
0.6426168717490113
0.5265096646898879
0.5438717704065439
0.4250738738718227
0.40270720408639826
0.5151496068928476
0.5449239507096995
0.4424560820381672
0.4720865017980743
0.4744044680678362
0.42948836414483904
0.4359099214845718
0.41477533285815654
0.41702656804544275
0.4950856270459191
0.44769109977562155
0.6196483967206798
0.3899799544761119
0.4711588300123851
0.45000720995463606
0.46993040201896874
0.4902650775911932
0.4786772042713888
0.4676667253454422
0.46265794870085175
0.47027157366292205
0.4402339855289406
0.47309236530692833
0.48940509271903143
0.4447773071780188
0.4855059790096089
0.48135189503144976
0.4762303515205733
0.40686667804407206
0.352836428535466
0.3935910056967705
0.34216792192917317
0.39103552113580464
0.33678028284920913
0.43314560048101935
0.3486181433178323
0.3391942556339902
0.3427013147550103
0.384147872054077
0.37906688942364125
0.390503050553442
0.45262225707503534
0.392047467716382
0.3722310471840995
0.4627569593515066
0.4895838597073981
0.38136106923858154
0.3894688600910601
0.4770335006965213
0.527653879653725
0.47668921033785777
0.4777640267363017
0.49805200221406487
0.39233406166813756
0.46168789653180914
0.4826156487066529
0.42749109915894506
0.3886855785291892
0.43796970030009996
0.41358850858301355
0.4215219363997995
0.4034716837833627
0.4788464209084934
0.35572066635925437
0.4381864975520133
0.41795045965296573
0.34504450658651353
0.3998273016974196
0.39864663789911353
0.35353106501576836
0.3285937081480822
0.2549691713484987
0.3142212337482764
0.4099657813496189
0.32291877990199125
0.3321313732487138
0.2587036197729452
0.28070028480521436
0.4089545054427792
0.3263705151256172
0.36326895811286064
0.37619374763503655
0.29683145390008536
0.32531083107529263
0.30829824196081873
0.2855161641229956
0.3530208261990325
0.31085062320253465
0.29500965920919825
0.4111684935436146
0.29280303940201796
0.31023328408796097
0.3140459693923596
0.245916109684562
0.24318897815767138
0.2745978611531566
0.2347117711043239
0.24855309591777097
0.29604368037674
0.25553504020203793
0.26426855108785247
0.2385993871855258
0.2904274644975959
0.2798130219560542
0.20235361522675532
0.3291490914672148
0.2579931392348946
0.23820508417301367
0.2728267074151475
0.33276717336667705
0.29681898588445366
0.26671482546630604
0.3645244861653623
0.26856793021013403
0.3284984015796556
0.27856075876754516
0.30089188645884335
0.46279050283502543
0.3905966112686821
0.42888760181130237
0.38514145676429606
0.47291686519286646
0.4326617502650191
0.49593009134469745
0.5209627849859874
0.45981592154339435
0.5492520788482942
0.5744125045645141
0.583475346873862
0.7316919372369177
0.5970368652110111
0.6282892445742567
0.7036517124335347
0.7501175400048459
0.7356855131329172
0.7713640175888805
0.7555333439655938
0.7561888139758995
0.7726515033896735
0.9254243128342028
0.7866143857879748
0.8694890881904455
0.7840777648900208
0.7932445655541424
0.8069152485719238
0.857769928405936
0.7438157468965517
0.8030545775258748
0.725398028977295
0.6726873743561549
0.6232258150675561
0.6493037436895636
0.6148535180801182
0.5195793374441322
0.527817217520431
0.5716603170623837
0.4965144558343756
0.5957233118404754
0.5245093443359209
0.48157650266201196
0.4416792313381172
0.3709788182884626
0.402025018032805
0.4381291639086307
0.3625779784000923
0.5361014489065001
0.42451155229498394
0.35421857397124384
0.3766558530063889
0.3502948805900675
0.46856450625142343
0.46615974249233233
0.39706372243643906
0.39799018855269447
0.37235950082114055
0.35772144631253455
0.39183009462732177
0.3752845873427868
0.406543469008531
0.4596698204991453
0.46418621411336186
0.4568581919432964
0.43371350909177564
0.445306253997831
0.43164724179948216
0.3505294997780998
0.4496545345574339
0.4650320592022109
0.46509761590811727
0.4776599713661263
0.4691219924809857
0.4408871123406588
0.40813661278390356
0.3862004514319395
0.4320177854443891
0.47196351123721925
0.5130037201043516
0.4912293397232035
0.5103401128948449
0.47607661786886923
0.46041449489642106
0.42249805608497365
0.497468762555393
0.41721174334411304
0.3999023336431495
0.5734704520288696
0.4707235911284732
0.4184275451598064
0.5041174308726031
0.5369494896284939
0.4834379514627198
0.6069309888109939
0.48625955075441807
0.4837049008230193
0.6176069751552682
0.5471447058057217
0.5272882227874902
0.5667241726639678
0.5984224525081423
0.5420730521738895
0.6576645008392368
0.6342504045892592
0.6010604937444023
0.6934933711604195
0.719523497489093
0.7213818590850811
0.7632352555725184
0.6683484679539471
0.6450037132645776
0.6950984693098237
0.6870876095555842
0.5742661871353761
0.618265432364355
0.7033491751557722
0.6703069625487009
0.6952170508151441
0.6888446905783182
0.7182977661508624
0.6943132311526061
0.761539512145468
0.6455388062858716
0.6476133555261959
0.6290354835889431
0.6774204542665353
0.5891186704474073
0.6628257198313603
0.6982622212886906
0.6060734776667231
0.6304373912041692
0.6168988556543149
0.5190063887985454
0.5760454771939398
0.6227107030588461
0.6547545227637384
0.5930360504976551
0.48659532204159794
0.579100266227215
0.4729249855791273
0.5179669038958987
0.5594755499002197
0.5486472888019963
0.5070688851927245
0.5257268978785927
0.4080270716095671
0.4811003780901463
0.4315853593143495
0.5051865411836594
0.42498575380068937
0.3784941209232903
0.5168416981945592
0.46102934920301014
0.4707952946058504
0.40200536236635703
0.4463951171411201
0.4107145041347613
0.5135017418450301
0.47140564115616296
0.4490305469712076
0.5081311707499688
0.4642730472906719
0.4835366035917006
0.6047198114060439
0.48174483268949214
0.5513021730001075
0.7455283544796374
0.5450776360481466
0.485899318002334
0.480107126515275
0.6008324157156029
0.6870985742854935
0.5457483081305807
0.6321681047398061
0.524280087742978
0.6293643509222786
0.5914958356348433
0.5323630866903322
0.569390659361173
0.5741508840764677
0.5117923376796806
0.5429872029307286
0.6523379121460924
0.49819201786855494
0.6125157985478706
0.49382397195894356
0.46826204117192616
0.4429984028133976
0.36507357596053974
0.47551998351523816
0.4087766288080029
0.3775285153943436
0.39313376407064304
0.27748513811432657
0.30086673631451444
0.26121586850829065
0.2968265666964828
0.2983729972679674
0.3218637281193474
0.2937666115576248
0.2923981627582027
0.367686270018994
0.24169865602771906
0.21850122182090198
0.25485545756302347
0.2164812406120119
0.24023181774467808
0.1771999344191717
0.19227120799678898
0.23412972894217426
0.06204276833380517
0.17142219512209828
0.14494671025666345
0.15279197282654833
0.05594894824439693
0.129147818334862
0.17147891389632902
0.09439916648600097
0.18849726851665338
0.13865086589472547
0.1694360036800739
0.20216448103440027
0.19739420038228986
0.15883619628344436
0.24207298886543935
0.24012694576832525
0.21214518098718144
0.31908261049187914
0.22177622315819412
0.2579172312735374
0.24941857190646077
0.2141756300876944
0.2820822911845957
0.2050399524631804
0.2390310235477756
0.26766821991409717
0.2486187835634209
0.32764070326592776
0.2420346395351162
0.29232227388822374
0.19816768463674758
0.18445299010860997
0.20031308742855453
0.23515745648042097
0.1952813110013996
0.3016498052976584
0.19039748400410234
0.2981872538178302
0.31916431206256746
0.21553555945255126
0.17863558845711544
0.3240781259445033
0.1930169286491012
0.24430208590992303
0.30237738755076254
0.20315981553313808
0.3088711639328413
0.39233041197056184
0.35859027237672225
0.4320647417647422
0.28814580386220506
0.44016053470535543
0.39871929359233194
0.29708432084208497
0.31444831077141605
0.31733229784031486
0.34316227247579617
0.43432179903855145
0.32037456757473676
0.42253326699157173
0.43533691518612117
0.43093281101447856
0.3776179849883406
0.423952426848675
0.403854921710103
0.4702425840945561
0.49451708051576837
0.5031761464765399
0.5091177558018866
0.48665607607414885
0.40711493545220734
0.4660620856541004
0.42576412310325296
0.4647774958453203
0.4192785923357762
0.38693766937680596
0.43551911886589
0.49708299676369005
0.4246370704974238
0.46678350980216843
0.4072784510514418
0.38608591149627025
0.41284536326696375
0.36293664068324294
0.41238329938140206
0.4902735194713883
0.32639894475863807
0.4305586162993983
0.34013898123530006
0.33684620510528357
0.38616589972071413
0.4053609166799613
0.3091836458012569
0.35537032425816373
0.36142962152687785
0.35162601389298587
0.37711877327682125
0.3540248236324303
0.36548298525544354
0.3370427117542039
0.2902242214529973
0.2895043447275232
0.366813701202539
0.31965550491913086
0.3094217259884158
0.2923083475645074
0.3899027422818917
0.26351471062939613
0.33498091114635864
0.27786208629771825
0.2550606148454557
0.27527304023049043
0.23577728663931252
0.3392160787637682
0.2887553820033595
0.34837595688084827
0.40211780559626087
0.4384692560351685
0.33644379989225337
0.30454093651057
0.2632614521028969
0.34182501930106346
0.2816549655821551
0.33136571958612554
0.2769054719315225
0.24172789679594606
0.3536955616731128
0.32996259927464733
0.37922942771280876
0.3234298324210215
0.40236841835996107
0.4171411920939736
0.41104091858743885
0.506975517512791
0.5399053449963244
0.6890226728711005
0.8573854431351646
0.7116481497973668
0.5361690591827782
0.461223223233081
0.4879869358737028
0.4545737446589765
0.35368413030172946
0.45701702664688115
0.3496097948359516
0.4927229906989662
0.35609179156331516
0.32706199901313826
0.3852890976215518
0.3725291034731364
0.35833860419127295
0.19166688595763726
0.3213069505920794
0.4014344357208749
0.32269380619984167
0.35296275728044935
0.3481942093310349
0.3771133466336845
0.31780453847904905
0.31564518498519956
0.2972793511899474
0.3282370234974771
0.3532855438892715
0.35831497513545785
0.3609880613801647
0.33166978938745034
0.44556611555573533
0.323826859340658
0.36748178313472835
0.33825921870904613
0.36984290809388504
0.3508958785492581
0.373659483594489
0.31560103984021
0.2985792190060556
0.33181720294638156
0.38584219516776785
0.3064809497914478
0.3499673956610614
0.3878520116138188
0.4391962453655129
0.40419641238876136
0.438021636918
0.4012984691780048
0.36669893049800406
0.40077426853971965
0.5231270291983312
0.376874135687454
0.45486859208599256
0.36355009571063696
0.3939008816427745
0.5219986349489734
0.41359747811735736
0.4507598651500244
0.4521407501699899
0.48435340917549496
0.4936411947598974
0.35372670033774983
0.526374765192479
0.46735652267460415
0.5005249786560789
0.5239939535282632
0.39805027328517223
0.43466207141791413
0.5368053626992634
0.3817490388199192
0.4842851759971555
0.4207276404386606
0.5355221437654909
0.45119129845908174
0.3903612814804992
0.359642727386496
0.3533922774916767
0.5013269906154838
0.3820564933868037
0.3534952608712736
0.3613964946887358
0.4162816106804592
0.36436387516346747
0.3820264681214115
0.4331009136043286
0.39274499650115147
0.4770822973761514
0.48489972574909823
0.47219006661914414
0.3549139264029028
0.42181170878560637
0.44321664062338795
0.3751440901203529
0.38154039518500205
0.4412176168612433
0.35610120365010706
0.38796464485921384
0.4862016328970699
0.3956148058316945
0.4204185702495874
0.47230797686028564
0.5283925642640789
0.5932924296600639
0.5390792545749576
0.49085600156612785
0.5638259916094166
0.5407400881629623
0.5839793853369641
0.5523235007227076
0.5775246526478202
0.37335141128923516
0.47894806457113315
0.4278376486181099
0.3752345640172542
0.3727252798767484
0.39586588819421425
0.502208141575158
0.37405038688168224
0.49447595941276434
0.48527702655802707
0.42779822491626024
0.4845711784818803
0.5422560279423512
0.5909850313474285
0.4203986087151047
0.41857087630684375
0.42076907894370597
0.5020265045737761
0.5500396687256439
0.5232878166439493
0.5013695292033971
0.3439270160129725
0.3962733603622083
0.4788712743585481
0.36293744309179254
0.5430882365887175
0.369663913096492
0.4067631040862323
0.5105185702340955
0.37792772538201824
0.4147508897442447
0.45920708203253313
0.4326805430982341
0.35369685885775737
0.4857421975464963
0.3847549066727162
0.3983314225215011
0.4786641673956672
0.5269299181407527
0.42028296641758683
0.5108637594969568
0.5458499841069512
0.488999180537268
0.5490713731312791
0.6083381332607214
0.45502159587905205
0.5694816120244848
0.3576275346090583
0.453150675974124
0.336593079008101
0.42072477925619245
0.4474535312330226
0.47137886025885667
0.33505937839947414
0.4926453255379092
0.4224763431075691
0.4805215798146567
0.394548837584355
0.37027316003562427
0.5223317344390319
0.38257386361386053
0.4650124899771886
0.5123257897053766
0.4711723228090887
0.40653355889555964
0.527313280269224
0.5119703897311118
0.49429433209522705
0.45071168576449416
0.5334087037771831
0.3569416347512937
0.3846654276638314
0.4356669160363402
0.38412657010681217
0.4496918796348456
0.33582483544027186
0.45404362145751337
0.5871830915043429
0.3014476279181779
0.4321559547415604
0.3848363295087517
0.495722352260042
0.44828202390509697
0.37598651493447144
0.2755493402748722
0.5035937886550175
0.4986603644497213
0.3547653751651244
0.4755517753757247
0.3925019273549565
0.49697621487869587
0.40634607513385085
0.3841826001713528
0.33584692870194177
0.3773248629439568
0.24580381136112472
0.4485678703602581
0.4925089148744205
0.29656495757798074
0.3622349942465238
0.41329638808031
0.3109930414893076
0.36669245617827806
0.39139423690305264
0.3619854524110108
0.2887910723009647
0.34442274076617063
0.2738934848329443
0.21057379864356682
0.32702355444589654
0.34067034844131105
0.39360183472694954
0.39980524358804664
0.3792480341459691
0.4267984197220871
0.41297523413092097
0.40068573141712804
0.29569188521969136
0.3755350635405972
0.3022289513554651
0.3691267922242417
0.23966380782045846
0.3654265145621528
0.3192728829599629
0.3464824904212969
0.3962752427101184
0.3799934418199321
0.3884938143534811
0.3582858549835014
0.43559829630211727
0.28938777665245025
0.4111475275273884
0.2480917806602285
0.3272464143354098
0.36857536945946323
0.3950317364387169
0.43166080002432794
0.4014230036220655
0.3898400107507438
0.33531784651727015
0.3192857767754688
0.33060467822565576
0.42368913010788045
0.30973422261786027
0.25789804033444963
0.3768389109936032
0.30476555486505524
0.34781526959178577
0.2371679304827159
0.3730508117670652
0.3038169276878481
0.39393250031792937
0.2891134508459177
0.2752050677278064
0.2982844609463167
0.28233361177725946
0.3111531905378304
0.2421848610053208
0.24391438875373941
0.2584469409961122
0.18800388130961182
0.3270342443482023
0.2998152889750607
0.21978969718192298
0.3177324739051447
0.32117939309675625
0.29132140505498877
0.33159218406930313
0.3171395926341251
0.3459214938074797
0.453521423880629
0.29856017875683183
0.28025362301937734
0.30249532407806173
0.22170209616170974
0.3145445066814958
0.44835317936997765
0.30079961708261277
0.3498743491897434
0.30307624956790746
0.41240973217578536
0.4180701422328938
0.23734093450592147
0.4510744230853007
0.35023092679994056
0.2861315456790263
0.32059838523927275
0.307776454268177
0.430084341139241
0.29525872331102954
0.4619131185552319
0.4283612327209172
0.26200108857530485
0.3548712025035564
0.4165949460288237
0.39747014443092743
0.3570400476963542
0.2895427139721997
0.31161616015227495
0.37889859249582153
0.39009082852677834
0.42950854977523595
0.3938279297468346
0.4764848615357977
0.42037349552599385
0.3852933745130737
0.39263197234775105
0.4363133007155898
0.4806269562191914
0.5568994369315047
0.46528628254964943
0.47005164173767966
0.5010270235797708
0.4099876943130604
0.3700842021013885
0.2490927258459673
0.3547398664552479
0.4028942951671107
0.352153520823975
0.35406768365479013
0.4714813881849268
0.362307363091315
0.3899085577770243
0.33479723359858626
0.3887334009725739
0.5190980888531833
0.4146034922266818
0.4351351730895241
0.36299991719063546
0.33111670398206106
0.31628313212087117
0.33547317245879266
0.3759264767076701
0.3568874973922892
0.407933269502692
0.3829389316040018
0.38151632187404505
0.42064501156263767
0.4547482615797382
0.4372982791002794
0.42294632995673076
0.37518865175111815
0.4201759997457425
0.2871866548059958
0.4728604336735223
0.4111791056456098
0.26246188409850685
0.38646292902444246
0.31024417376079216
0.40781179097186815
0.3114934824817376
0.32166375571463823
0.3416256167338881
0.3382741593394346
0.2772332244919853
0.3191175007468029
0.3645799370793116
0.3981410023287349
0.2987979120781116
0.31940566599540454
0.4224037036268653
0.25300878622756107
0.30534480685473764
0.3047852717099375
0.22606977396883515
0.3339525757898919
0.3587828341158148
0.353614722509117
0.35495755704156523
0.3001700483191962
0.2691591243302557
0.38650032857800476
0.4268761969914555
0.31687545827499225
0.4331400982293597
0.5582442790144224
0.38291433625271126
0.48974196938241743
0.3542080275295417
0.5135530308530999
0.36761556719014044
0.39578246243744775
0.40705102149125305
0.4029970712445269
0.5179008100170965
0.5852847452190245
0.4768821688776104
0.36483770455630976
0.5697982663158099
0.48813297885181156
0.4861725914734663
0.542273113301144
0.4661089132818572
0.4662445131216916
0.477743731656438
0.3596376678356846
0.3617860076211574
0.4383655932016878
0.4164009636954667
0.5670497002775089
0.38445003658851035
0.3605580982299641
0.3597937308911968
0.33966013721602356
0.382502203378801
0.30462768157320286
0.4198365944203799
