0.22411398467432955
0.2854938271604938
0.2857066836951894
0.22206790123456793
0.23555502341421886
0.2969880800340571
0.3610845040442742
0.23362867177522353
0.316384631758195
0.25811515538527036
0.23175287356321841
0.3118614303959132
0.30153788846317586
0.21138250319284804
0.2994625372498936
0.30512984248616437
0.23093337590464028
0.1674329501915709
0.2635855683269477
0.20538793103448277
0.3068859088974032
0.2886068539804172
0.09745104299702001
0.20692049808429117
0.25790229885057475
0.2157327586206897
0.248070987654321
0.1899957428693061
0.24896498510004259
0.24142454235845046
0.18072051936994465
0.1652219029374202
0.18964186888037465
0.16086100468284378
0.21727064708386545
0.15125851426138784
0.21297360578969776
0.22148520647083866
0.2220253299276288
0.12679065559812686
0.19919380587484037
0.23169433801617711
0.30677948063005533
0.2248909110259685
0.2627474457215837
0.2021684759472116
0.19747498935717325
0.2593098126862495
0.29986164325244785
0.276553852703278
0.23731108982545768
0.2566198382290336
0.2307072158365262
0.37507982120051087
0.16557843763303534
0.27006172839506176
0.2601718816517667
0.34602490421455945
0.3627607492550022
0.2969880800340571
0.27913473818646234
0.37837909748829296
0.3392401021711367
0.3426990208599405
0.2770061728395062
0.2911079182630907
0.3105842911877395
0.3167305236270754
0.32559067688378035
0.3503884631758195
0.33264154959557257
0.3308854831843338
0.2972009365687527
0.25285759897828863
0.38681353767560667
0.331843337590464
0.34080991911451686
0.4162409535972755
0.3400649212430822
0.2718444018731375
0.3287037037037037
0.3190453384418902
0.4025383141762452
0.4008886760323542
0.40990847169008093
0.4056247339293316
0.4678852703277991
0.34389633886760324
0.36358556832694766
0.44181034482758624
0.41099936143039595
0.5743933588761175
0.46644848871860367
0.4249946785866326
0.3569338016177097
0.5097647935291614
0.5029533844189017
0.453570668369519
0.4840357598978289
0.41339399744572164
0.4731268624946786
0.4530651340996169
0.6086100468284377
0.5859142188165177
0.5818433375904641
0.5325670498084292
0.5151926351638996
0.4739516815666241
0.5018358876117498
0.4898361004682844
0.5018092805449127
0.4525862068965517
0.48052362707535123
0.4632556406981695
0.47262132822477654
0.4793263090676884
0.5259418901660281
0.47679863771817793
0.5447264793529162
0.42640485312899107
0.43853767560664114
0.5197956577266922
0.4307950191570881
0.4508833546189869
0.4177841634738187
0.5523361004682844
0.37819284802043424
0.47818220519369947
0.5355736483610047
0.4520008514261388
0.5333652618135377
0.5030065985525757
0.45138888888888895
0.479565772669221
0.4279746700723712
0.5732758620689655
0.5429704129416774
0.4647722435078757
0.4345200085142614
0.3988931460195828
0.46179225202213714
0.4129416773094934
0.5130640698169434
0.426990208599404
0.4419965942954449
0.41448488718603665
0.3975893997445722
0.4286132396764581
0.4144316730523627
0.4534642401021712
0.428639846743295
0.4278150276713495
0.3657673478075777
0.4527192422307365
0.3587962962962963
0.3846051511281397
0.3279320987654321
0.4415442741592167
0.37691570881226055
0.2910280970625798
0.5084610472541508
0.4465197956577267
0.4990421455938698
0.31476160068114095
0.3459716900808855
0.4091368667518093
0.4909535972754364
0.46102064708386553
0.5934174116645381
0.5289218816517667
0.4671136653895275
0.45585887611749687
0.5217911877394636
0.4440187313750532
0.49135270327799063
0.48547254150702435
0.4849137931034483
0.44979246487867186
0.2949659429544487
0.47802256279267774
0.38974031502767137
0.4078597275436356
0.3967379736057898
0.3696519795657727
0.29206577266922096
0.3315240527884206
0.3417677735206471
0.3812526607066837
0.30901447424435935
0.3857758620689656
0.29760004257130696
0.2866113239676458
0.3288101319710515
0.2885536398467433
0.26960940825883356
0.38372711792252023
0.428639846743295
0.2926511281396339
0.27908152405278847
0.3772616006811409
0.3530491698595147
0.4326309067688378
0.38186462324393367
0.44284802043422733
0.3229033631332482
0.39455619412515963
0.3890485312899106
0.45540655598126867
0.4313005534269902
0.40189974457215843
0.45234674329501917
0.3803746275010643
0.37494678586632607
0.34293848446147296
0.3614836100468285
0.4119572158365262
0.30813644103873994
0.4092166879523202
0.3532886334610473
0.31603873988931463
0.35326202639421034
0.4065027671349511
0.3745742869306088
0.3480204342273308
0.3320828011919966
0.3055555555555556
0.33221583652618136
0.2844295444870158
0.3004736057896978
0.23140698169433804
0.2528256704980843
0.4312207322264794
0.35153256704980845
0.39961153682418055
0.3332535121328225
0.3999574286930609
0.5198754789272031
0.4748563218390805
0.4963548318433377
0.48063005534269904
0.5686728395061729
0.4704661558109834
0.48672307364836104
0.6013995317156237
0.5617816091954023
0.6605470412941677
0.6475627926777352
0.7729352916134525
0.7626649638143891
0.7896179225202213
0.7048478075776927
0.7717379736057898
0.8679225202213708
0.724643465304385
0.8261760323541933
0.8452266922094509
1.0
0.8620955725840783
0.9477171136653896
0.7326787994891444
0.7890325670498085
0.9092699020859941
0.880534269902086
0.8491379310344828
0.8762771392081736
0.8928001277139209
0.7496807151979566
0.8088016177096637
0.68968177948063
0.6370530012771393
0.5631651766709238
0.7340889740315028
0.6602277564921243
0.7034642401021711
0.4779693486590038
0.5983663260962112
0.628325883354619
0.5891336739037889
0.46479885057471265
0.529374201787995
0.47158365261813545
0.5148999574286931
0.4438324819071946
0.5111217539378459
0.4640272456364411
0.4674595572584079
0.518837803320562
0.5223233290762027
0.5551032354193274
0.5772403150276714
0.5541453810131972
0.547041294167731
0.6330619412515965
0.5328597275436356
0.5789963814389103
0.47349936143039595
0.5276713495104299
0.496674116645381
0.5721317581949766
0.5145806726266496
0.4703331204767987
0.4819604086845466
0.5574712643678161
0.6063750532141338
0.5808322690506599
0.6590304384844615
0.524372073222648
0.5121594295444871
0.5238665389527458
0.5089931885908898
0.5766283524904214
0.6682098765432098
0.616139846743295
0.518837803320562
0.6450351213282248
0.5743667518092805
0.6819657300979141
0.6299489144316731
0.673717539378459
0.595093656875266
0.6389154959557258
0.701335674755215
0.7398361004682844
0.7411132396764581
0.5827479778629204
0.6691677309493402
0.7369891443167306
0.594614729672201
0.6252128565346956
0.6504895700297999
0.7050606641123883
0.6398999574286931
0.6093284376330353
0.6240155385270328
0.606800766283525
0.5895593869731801
0.5643891017454237
0.5604778629203917
0.6231375053214134
0.5713601532567051
0.5595200085142614
0.648813324819072
0.6077054065559814
0.6331683695189443
0.6666134525329928
0.652165815240528
0.7255481055768412
0.6286451681566625
0.6514740315027672
0.6158205619412516
0.7131758194976586
0.7147722435078757
0.6259046402724564
0.648813324819072
0.6530970625798213
0.6254789272030652
0.6377713920817369
0.6048318433375904
0.6650436355896127
0.6294965942954449
0.5992709663686675
0.7313484461472968
0.6692209450830141
0.5937899106002554
0.7445455512984249
0.6611323967645807
0.5751117496807152
0.5556087696892295
0.6451947637292466
0.5884684972328651
0.507795870583227
0.6905598126862496
0.6178959131545338
0.5851426138782461
0.4992017879948915
0.6181353767560664
0.45506066411238827
0.4010749255002129
0.5333652618135377
0.49004895700298007
0.5079289059174117
0.5125319284802043
0.42403682418050237
0.4313005534269902
0.4120104299702001
0.3980151128139634
0.29890378884631763
0.44992550021285654
0.48121541081311203
0.422041294167731
0.4107865048957003
0.3489782886334611
0.3829555129842487
0.4302628778203491
0.37380268199233724
0.37856534695615157
0.3753724989357174
0.4759206045125586
0.581816730523627
0.4881864623243934
0.455752447850149
0.4871753937845892
0.5452320136228183
0.44098552575564076
0.5070242656449553
0.49592911877394635
0.5194497658578119
0.42055129842486166
0.5292411664538101
0.4410121328224777
0.4672200936568753
0.3896871008939975
0.4744306087696893
0.4767454235845041
0.4258194976585781
0.4919912728820775
0.5342432950191571
0.3689601958280119
0.41919433801617717
0.42422307364836104
0.3467699020859941
0.3677628778203491
0.2530944018731375
0.3140432098765432
0.1568034269902086
0.3827160493827161
0.3239676458067263
0.24925234142188168
0.2118002341421882
0.3286770966368668
0.299223073648361
0.33897403150276717
0.19246487867177522
0.13111696466581524
0.22942209450830142
0.15479459344401875
0.3116485738612175
0.13061941251596423
0.1118960195828012
0.26612388250319285
0.18090942954448702
0.15157513835674757
0.15684067688378034
0.22065240527884208
0.16208226905065987
0.23921881651766708
0.10616751809280546
0.22057524478501495
0.09818805874840358
0.08756385696040868
0.07960834397616008
0.09827054065559812
0.026480151128139635
0.06378778203490848
0.0
0.20229352916134527
0.05604246487867179
0.08275063856960409
0.09084184759472115
0.2426218603661133
0.20284163473818648
0.16839346530438484
0.19781023839931888
0.1154879736057897
0.21942848020434227
0.22227011494252874
0.23576521924223076
0.20137558535547043
0.15369572158365263
0.22841634738186464
0.276553852703278
0.24219348659003836
0.22381864623243936
0.22408205619412516
0.2216927415921669
0.2672147722435079
0.3420072371221797
0.41946040868454665
0.35858343976160073
0.2444843550446999
0.2634445508727118
0.27176458067262665
0.3519316730523628
0.38157194550872714
0.2462430821626224
0.28121008939974457
0.19113984674329507
0.3192581949765858
0.34360366113239676
0.3174223073648361
0.3870263942103023
0.31297892720306514
0.34535972754363564
0.44159748829289064
0.41546934865900387
0.5197158365261815
0.4696413367390379
0.4036292039165602
0.40413473818646234
0.41528309919114526
0.38920817369093236
0.371115368241805
0.4328703703703704
0.36957215836526186
0.33288101319710517
0.43986802894848875
0.4058641975308642
0.502261600681141
0.33524904214559387
0.436967858663261
0.42161558109833974
0.4249148573861217
0.500053214133674
0.40490634312473395
0.44282141336739045
0.5259684972328651
0.40958918688803747
0.5007449978714347
0.4003299276287782
0.515458705832269
0.42305236270753516
0.49827054065559817
0.4883727117922521
0.534349723286505
0.4446306939123032
0.4826521924223074
0.525995104299702
0.4043742017879949
0.4929757343550447
0.5363452532992764
0.45468816517667093
0.4315400170285228
0.40312366964665813
0.4518412090251171
0.38883567475521497
0.42427628778203497
0.31074393358876123
0.4313537675606642
0.4136068539804172
0.4384578544061303
0.3861217539378459
0.3764101745423585
0.43585036185610904
0.37292464878671777
0.29140059599829715
0.3854565772669221
0.3997179650915283
0.28360472541507026
0.3537675606641124
0.25098978288633467
0.3823435504469987
0.3354618986802895
0.23802681992337166
0.29760004257130696
0.1709025117071094
0.24378458918688803
0.22354193273733505
0.2645061728395062
0.2682258407833121
0.22407407407407412
0.28102383993188595
0.258179012345679
0.22203331204767987
0.30563537675606645
0.27482439335887615
0.3105310770540656
0.3861749680715198
0.1904187952320136
0.25011174968071526
0.20604512558535548
0.2471290974882929
0.2429810557684121
0.2840836526181354
0.14958492975734355
0.24923903788846316
0.3063271604938272
0.28892613878246065
0.19704129416773095
0.27543635589612603
0.308615368241805
0.3923744146445296
0.33775010642826736
0.38958067262664964
0.45474137931034486
0.45069710515112815
0.3775010642826735
0.349563644103874
0.2683854831843338
0.3122871434653044
0.24179704129416776
0.33359940400170285
0.17532194550872712
0.27514367816091956
0.28980417198808006
0.28586632609621115
0.21542145593869733
0.07314282673478076
0.22088920817369093
0.1850574712643678
0.14390964240102172
0.2358077905491699
0.2771658152405279
0.2653097062579821
0.1630002128565347
0.21236164325244786
0.20585621541081311
0.3510270327799064
0.11039005959982971
0.20501809280544914
0.20652937420178802
0.19208439761600682
0.2255427841634738
0.3042518092805449
0.17540974882928909
0.33926670923797364
0.25036717752234994
0.26524052788420605
0.24021392081736914
0.26841209025117074
0.16091687952320138
0.22105949340144743
0.13220785440613025
0.1657593656875266
0.22858663260962114
0.29142720306513414
0.2531609195402299
0.17765804597701151
0.1952878884631758
0.2049435930183057
0.3902192422307365
0.2508860153256705
0.3377234993614304
0.45383673903788846
0.30922733077905495
0.3082960834397616
0.331311196253725
0.1627687313750532
0.3081896551724138
0.25940293742017884
0.26915708812260536
0.27892188165176673
0.3552043422733078
0.3729512558535547
0.3587962962962963
0.33133780332056195
0.29855789697743723
0.2578198169433802
0.33415815240527885
0.30672626649638146
0.23941038739889317
0.28384418901660285
0.3176351638995317
0.38072051936994467
0.25755108556832695
0.30999893571732656
0.27200404427415925
0.3244731800766284
0.31042464878671777
0.336286717752235
0.36217539378458924
0.32154640272456364
0.31021179225202217
0.3228235419327374
0.2981853980417199
0.2629177309493402
0.2941677309493402
0.18974829714772243
0.30084610472541506
0.2842432950191571
0.35012239250745003
0.24838761174968074
0.22116060025542789
0.2897243507875692
0.2651846530438485
0.26459397616006813
0.28262026394210304
0.2660972754363559
0.2043316304810558
0.17184972328650494
0.30433163048105577
0.33306726266496384
0.32455300127713926
0.33200297999148576
0.3368188590889741
0.3256704980842912
0.365075564069817
0.48698914431673057
0.45192103022562796
0.43284376330353347
0.413739889314602
0.3095200085142614
0.44212962962962965
0.3379097488292891
0.310876968922946
0.3743348233290762
0.29142720306513414
0.25911292039165607
0.2613851638995317
0.42065772669220947
0.3484461472967221
0.35605576841209025
0.34772775649212434
0.26489463601532565
0.33373243933588764
0.3201096211153683
0.30648680289484886
0.4152564921243082
0.25798744146445296
0.31622498935717325
0.19356108982545767
0.18264687100893998
0.1983477011494253
0.3896604938271605
0.25904640272456364
0.2800925925925926
0.29584397616006813
0.24772775649212433
0.27945402298850575
0.2739197530864198
0.19658099191145167
0.2868773946360153
0.21485738612175395
0.225340570455513
0.2730683269476373
0.2596344189016603
0.2674808429118774
0.13166773094934017
0.28586632609621115
0.1953065134099617
0.26971583652618136
0.2962430821626224
0.26689548744146446
0.2747977862920392
0.30933375904640276
0.3598605789697744
0.29861111111111116
0.35445934440187316
0.3863612175393785
0.31452213707960835
0.3118614303959132
0.2852809706257982
0.21611590038314177
0.15495157513835675
0.29600361856108987
0.2641310131971052
0.3679491272882078
0.16581790123456794
0.2643438697318008
0.280411877394636
0.2405917411664538
0.31255321413367393
0.3073382290336314
0.25692049808429124
0.22513303533418474
0.2306061089825458
0.24407194550872718
0.22295657726692214
0.19386973180076628
0.17011760323541933
0.1703198169433802
0.2636574074074074
0.3011387824606216
0.2375106428267348
0.23775542784163473
0.28057151979565775
0.15578969774372073
0.17735472541507025
0.20957056194125162
0.28703703703703703
0.18090676883780335
0.18122605363984673
0.38378033205619416
0.2510749255002128
0.3339186888037463
0.24646392081736912
0.28142294593444017
0.23391868880374628
0.3380693912303108
0.27729885057471265
0.39742975734355046
0.28078437633035336
0.3344508301404853
0.3960994040017029
0.4045338441890166
0.22142134951042997
0.280438484461473
0.3048903788846318
0.3506279267773521
0.26333546189868035
0.2718444018731375
0.33623350361856114
0.34211366538952753
0.29477969348659006
0.2474749893571733
0.29328969774372077
0.25398307790549174
0.22266656023839937
0.2818220519369945
0.1414405065985526
0.26713495104299706
0.21724670072371224
0.2551644316730524
0.14675925925925928
0.2751702852277565
0.26787994891443173
0.2313644103873989
0.2320934440187314
0.37917730949340145
0.31074393358876123
0.3354618986802895
0.2963495104299702
0.2412569178373776
0.2846424010217114
0.29611004682843767
0.24637611749680716
0.3642773520647084
0.26137984248616436
0.3580246913580247
0.2844029374201788
0.33852171136653897
0.363372711792252
0.31375053214133675
0.26678905917411666
0.297014687100894
0.308615368241805
0.34948382290336316
0.29728075776926355
0.3115687526607067
0.23542730949340143
0.3588495104299702
0.30401234567901236
0.3396658152405279
0.2582455300127714
0.2939282673478076
0.2657460621541081
0.3546722009365688
0.20944550872711795
0.2531529374201788
0.24632822477650065
0.3060344827586207
0.30986590038314177
0.3084025117071094
0.2936621966794381
0.24166400595998302
0.2668422733077906
0.292039165602384
0.2933163048105577
0.22541773094934017
0.39700404427415925
0.37702213707960835
0.22669487015751388
0.28392401021711366
0.2480204342273308
0.2600361856108983
0.33059280544912734
0.2920923797360579
0.3387345679012346
0.3321892294593444
0.3522775649212431
0.3218124733929332
0.32061515538527036
0.2822211579395488
0.3795232013622818
0.3331470838654747
0.39588654746700724
0.30433163048105577
0.33250851426138783
0.2941943380161771
0.3463441890166028
0.3532886334610473
0.26979565772669223
0.5295338441890166
0.326335674755215
0.413181140911026
0.36433056619838233
0.3713814389101746
0.4875212856534696
0.32697424435930184
0.4112388250319285
0.3199233716475096
0.4388037462750106
0.3900595998297148
0.33338654746700724
0.4044274159216688
0.37702213707960835
0.352330779054917
0.3515857811834823
0.3401979565772669
0.32088122605363983
0.33881438910174544
0.3221849723286505
0.44391230310770546
0.3341847594721158
0.35219774372073226
0.3569071945508727
0.49204448701575143
0.5207535121328225
0.4377128565346956
0.41858237547892724
0.44202320136228185
0.3909642401021712
0.45170817369093236
0.4672200936568753
0.44018731375053216
0.4025383141762452
0.46599616858237547
0.5028735632183908
0.40940293742017886
0.5421189868028948
0.5045498084291188
0.43776607066836953
0.4481428267347808
0.40264474244359305
0.4077532992762878
0.3995583226905066
0.4100148999574287
0.42315879097488296
0.3724723286504896
0.2552735206470839
0.2844295444870158
0.42802788420604515
0.4785280970625798
0.4492337164750958
0.3028682418050234
0.3055555555555556
0.43063537675606645
0.3482066836951895
0.4014740315027671
0.3749733929331631
0.4229725415070243
0.4417571306939123
0.4073275862068966
0.45540655598126867
0.35714665815240526
0.415921668795232
0.3815985525755641
0.46700723712217973
0.44069284802043424
0.37718177948063003
0.3828224776500639
0.40714133673903796
0.4501117496807152
0.41860898254576423
0.34988292890591743
0.2811568752660707
0.3880906768837804
0.36198914431673057
0.2880214985100043
0.37907088122605365
0.31579927628778204
0.3962324393358876
0.3117283950617284
0.4108397190293742
0.35831736909323114
0.34307151979565775
0.2932630906768838
0.3206417624521073
0.32676138782460623
0.3248988931460196
0.3417145593869732
0.38516389953171565
0.3248722860791826
0.39495530012771396
0.32939548744146446
0.3410227756492124
0.31276607066836953
0.3510536398467433
0.26960940825883356
0.3638516389953172
0.3037728820774798
0.3527830991911452
0.4790336313324819
0.4882130693912304
0.40695508727117924
0.3975627926777352
0.3881971051511282
0.40017028522775655
0.4015006385696041
0.296455938697318
0.35640166028097064
0.46424010217113665
0.26615048957002985
0.4804970200085143
0.3676032354193274
0.2973073648361005
0.346796509152831
0.34839293316304815
0.3660068114091103
0.4315400170285228
0.38801085568326954
0.2886334610472542
0.22919327373350362
0.3613505747126437
0.31795444870157513
0.25329395487441464
0.3190453384418902
0.2012345679012346
0.261723073648361
0.22379736057896982
0.18058482332907624
