0.25753936866326316
0.3121737254619975
0.29850075501545986
0.33516574386999354
0.12011217372546201
0.1999280937657295
0.23301215215359172
0.24093262385848857
0.24885669087509887
0.26397497663047387
0.17119076723951968
0.2510354497734954
0.298529517509168
0.25973610412022724
0.2316854821313008
0.3403106349320486
0.33024735744589057
0.21237865822966853
0.3066369454231682
0.2354641547422162
0.2146832530380384
0.2441899762709427
0.3276839001941469
0.27450923995110377
0.18184008053498238
0.2796792981951536
0.1546127849284533
0.2525095275760409
0.15981160566621128
0.315193787301359
0.2800819731070684
0.3060437189904365
0.24572157906090458
0.21057381174947867
0.2617674552383692
0.14753361616452146
0.19149708779751207
0.20310994463219964
0.21113108506507514
0.17960739196088302
0.15528151290716904
0.26398935787732797
0.1965269288847343
0.17581433810311356
0.19465017617027397
0.26383116416193286
0.20717983749191055
0.20446178183648522
0.24848996908031926
0.2888761055583519
0.22505572733155965
0.3122420363845546
0.21966995038469836
0.18822175882649025
0.1711152656935356
0.2906809520385417
0.2556554253253757
0.24934924857985188
0.30781261235349106
0.31230315668368447
0.30965700726252965
0.3213957000071906
0.3115229740418495
0.3627669518947293
0.3170094197166894
0.3251276335658302
0.3225174372618106
0.3522183073272453
0.23097361041202272
0.289451355432516
0.3551233191917739
0.34535126195441146
0.2636262313942619
0.44797583950528513
0.2296325591428777
0.35645358452577836
0.3467102897821241
0.2829941755950241
0.3630905299489466
0.3640972172287337
0.3327640756453585
0.3985043503271734
0.3779751204429424
0.36100524915510174
0.351272740346588
0.45297332278708563
0.47921909829582227
0.41195081613575896
0.44179190335802115
0.536276695189473
0.5697130941252607
0.5384338822175883
0.4316890774430143
0.4615301646652765
0.5632415330409146
0.5571654562450564
0.46839721003811036
0.46228518012511693
0.5784497015891278
0.604767383332135
0.5519163011433091
0.6034011648809953
0.6117063349392392
0.5769037175523118
0.49532609477241685
0.5612281584813403
0.6522254979506723
0.5671244696915223
0.5287265405910693
0.6125692097504853
0.5418494283454376
0.5574171280650032
0.6484504206514705
0.5058244049759114
0.4027827712662688
0.43273171783993675
0.4339181707054002
0.3883655712950313
0.38958797727763
0.46631192924426546
0.528690587473934
0.4436255123319192
0.4448479183145179
0.39577191342489393
0.4437693248004602
0.4306104839289566
0.48576256561443887
0.418710002157187
0.3265226145106781
0.471597037463148
0.48727259653411953
0.43823254476163087
0.40716905155676997
0.3688789818077227
0.32346659955418133
0.4470410584597685
0.45193068239016326
0.4496296828935069
0.4905443301934278
0.4738620838426692
0.4500251671819947
0.4513913856331344
0.3160998058531675
0.4720644279859064
0.3942978356223485
0.38491407205004674
0.45455525994103696
0.4271589846839721
0.331502121233911
0.44430862155748907
0.29470051053426327
0.42194578269936006
0.39099014884590494
0.44632199611706336
0.37225857481843677
0.30896670741353277
0.3535270007909686
0.36215574890342994
0.2844790393327102
0.45491479111238947
0.30893794491982457
0.4577910404832099
0.4736823182569929
0.47515639605953836
0.4514273387502697
0.4816639102610196
0.357312864025311
0.4666714604156181
0.5257064787517078
0.5200258862443373
0.4891781117422881
0.4079959732508809
0.3843747752930179
0.421801970230819
0.40896670741353275
0.44287049687207886
0.4228446106277414
0.3309196807363199
0.357661609261523
0.36999352843891564
0.37876608901991804
0.3623355144891062
0.40350183360897396
0.33314877399870574
0.2664557417128065
0.41184295678435323
0.30202416049471487
0.27485798518731575
0.251333860645718
0.27451643057453085
0.26534838570504066
0.22746818149133533
0.2830301287121593
0.1804055511612857
0.2611490616236428
0.27362838858129
0.21057381174947867
0.266171712087438
0.2570611922053642
0.3198640972172288
0.3287481124613504
0.33044509959013446
0.29979147192061556
0.3374559574315093
0.2780578126123535
0.38045588552527504
0.30308837276191847
0.3084274106565039
0.22388725102466384
0.3730495433954124
0.3640253109944632
0.36934637233048107
0.33518372042856115
0.2866326310491119
0.37110807507010857
0.3225461997555188
0.2991874595527433
0.3297655856762782
0.34233479542676354
0.3729416840440066
0.29562810095635295
0.31544905443301935
0.2633314158337528
0.2436219170202057
0.324545193068239
0.17541885381462574
0.2527611993959876
0.29779607391960883
0.32481843675846694
0.16130006471561084
0.2890486805206012
0.2729524699791472
0.36830373193355864
0.34508520888761063
0.31822823038757464
0.4315812180916086
0.3795930107140289
0.4354282016250809
0.4481556050909614
0.4860501905515208
0.4879916588768246
0.39649097576759906
0.5710433594592652
0.490292658373481
0.5893434960811103
0.5877256058100238
0.6616452146401093
0.7463148054936364
0.7842812971884662
0.7862946717480406
0.7883439994247502
0.8047026677212914
0.8786582296685123
0.8483497519234918
0.9187100021571871
0.8631983893003524
0.9120227223700295
0.8925001797655857
0.9700870065434674
0.9362191702020565
0.8771481987488315
0.9727475372114763
1.0
0.9553821816351479
0.8136549938879701
0.9236355792047171
0.8574458905587116
0.8343999424750127
0.7682462069461423
0.7308190120083412
0.5927590422089596
0.6992162220464514
0.5826921694110879
0.5920759329833897
0.6050190551520818
0.6899043647084202
0.5913928237578199
0.5037391241820667
0.4987775940174013
0.5369238512979075
0.5679154382684979
0.577335154957935
0.5004673905227583
0.5314589774933487
0.5193427770187675
0.5574890342992738
0.5202056518300137
0.44696915222549793
0.5787013734090746
0.562989861220968
0.5473143021499964
0.5208168548213131
0.41166319119867695
0.5074782483641332
0.5493276767095707
0.45818652477169775
0.5324297116560006
0.5742791400014381
0.46160207089954697
0.5789530452290214
0.5166103401164881
0.5261379161573309
0.6112389444164809
0.4302509527576041
0.5800316387430791
0.45297332278708563
0.617171208743798
0.4721722873373122
0.5788451858776156
0.6279930970015101
0.5225426044438053
0.6472280146688718
0.6101243977852879
0.5766160926152297
0.5862515280074783
0.5922916516862012
0.6522974041849429
0.5612641115984757
0.6500323578054218
0.6776803048824334
0.7089595167901057
0.7258215287265406
0.6959804415042785
0.6949018479902208
0.6327029553462286
0.6280650032357805
0.6270223628388581
0.5863953404760193
0.6249011289278781
0.5483569425469189
0.6479830301287122
0.7188825771194363
0.7070540015819372
0.7132379377292012
0.5756453584525779
0.6069964765945208
0.5592507370389014
0.5618753145897749
0.5968576975623786
0.7432587905371396
0.6380599697993816
0.7269720284748687
0.6325231897605523
0.6460056086862731
0.7349536204788956
0.6944704105845977
0.8301934277701877
0.6602789961889697
0.7096785791328108
0.7375781980297692
0.7977996692313224
0.6998274250377509
0.7169411087941324
0.6226001294312217
0.7834903286114906
0.707161860933343
0.6236068167110088
0.6155892715898469
0.5679873445027683
0.7145682030632056
0.7641115984755878
0.7668799884950026
0.6114906162364278
0.8192277270439348
0.7716977061911268
0.7600848493564393
0.5831595599338463
0.578773279643345
0.6571151218810671
0.6060257424318689
0.5908894801179262
0.7196016394621414
0.5642482203207019
0.6713885093837636
0.5591788308046308
0.5836629035737398
0.6009203997986625
0.5606888617243115
0.4952541885381463
0.508988279283814
0.5478535989070252
0.5040267491191487
0.5644998921406486
0.5242683540662976
0.5128712159344215
0.4007693967066945
0.49000503343639895
0.4821672539009133
0.5390810383260228
0.4234198605019055
0.4623570863593874
0.4797583950528511
0.4899331272021285
0.4462141367656576
0.5534982382972604
0.5457323649960452
0.595491479111239
0.3972100381103042
0.44340979362910765
0.6693751348241893
0.5465952398072913
0.4741497087797512
0.5850650751420148
0.6025382900697491
0.5552958941540231
0.5548285036312648
0.5219673545696413
0.6149421154814122
0.4922341266987848
0.4845761127489754
0.48410872222621704
0.4548788379952542
0.5227583231466169
0.36053785863234344
0.4967282663406917
0.543035881210901
0.5462357086359387
0.3732293089810887
0.4914791112389444
0.537822679226289
0.4763068958078665
0.3824692600848494
0.5258862443373841
0.4320486086143669
0.3525814338103114
0.42054361113108507
0.37707629251456104
0.39828863162436184
0.25415977565254905
0.42999928093765727
0.37215071546703105
0.24961530164665277
0.2708887610555835
0.23823973538505788
0.2667181994678939
0.2412741784712735
0.3596390307039621
0.2659164449557777
0.30877975120442946
0.33730135902782776
0.3514453153088373
0.21100165384338823
0.1928093765729489
0.1925720859998562
0.21393902351333863
0.09150787373265262
0.1380312073056734
0.11268785503703173
0.03698856690875099
0.09435536060976488
0.14453512619544115
0.04369382325447616
0.0543179693679442
0.07935572014093623
0.046850506938951604
0.0
0.057395556194722086
0.05727331559646222
0.057183432803624076
0.06786510390450852
0.2331523693104192
0.17913281081469765
0.18624433738405122
0.23653196232113327
0.25084849356439204
0.17169411087941328
0.22557704753002086
0.2147515639605954
0.13562234845761129
0.2614366865607249
0.22546918817861508
0.2686057381174948
0.16794060545049258
0.25064356079672107
0.28301934277701873
0.2578773279643345
0.26148342561300064
0.26871719278061407
0.46293233623355146
0.20411303660027325
0.31561084346012797
0.4379449198245488
0.31577263248723664
0.3589882792838139
0.35549363629826713
0.4921981735816496
0.35210325735241244
0.3054648738045589
0.33795930107140293
0.3488638814985259
0.3598187962896383
0.37430790249514634
0.4283813906665708
0.421370532825196
0.3748112461350399
0.3713597468900554
0.48303012871215933
0.42928021859495225
0.5229740418494284
0.5051772488674768
0.4982023441432372
0.5092039979866254
0.5885525275041346
0.5384698353347236
0.5602933774358237
0.44189976270942694
0.38103113539943917
0.46401092974760916
0.6080750701085784
0.6011720716186094
0.6266268785503704
0.6664988854533688
0.5373912418206659
0.843316315524556
0.5451930682390163
0.5635291579779967
0.7292370748543899
0.6325231897605523
0.4639030703962034
0.6260516286762062
0.6048392895664054
0.5405191630114331
0.5624865175810743
0.5089523261666787
0.5381103041633709
0.596066728985403
0.5605090961386353
0.6185014740778025
0.4140001438124686
0.576220608326742
0.6593801682605882
0.4405335442582872
0.4229884230962825
0.6320198461206586
0.5066872797871576
0.6006327748615805
0.5759689365067951
0.45063637017329405
0.42241317322211835
0.5343711799813043
0.4018839433378874
0.46354353922485086
0.46411878909901494
0.5401596318400806
0.41130366002732444
0.4514273387502697
0.4304666714604157
0.502948155605091
0.36334220176889337
0.4106924570360251
0.3645646077514921
0.3364384842165816
0.44136046595239814
0.3988279283813907
0.4174516430574531
0.5403393974257568
0.36485223268857414
0.17499820234414323
0.4381246854102251
0.4208671891853024
0.36042999928093766
0.3036276695189473
0.3223160998058532
0.37696843316315526
0.27704753002085286
0.37844251096570075
0.24977349536204788
0.32964694038973175
0.29805493636298275
0.24490184799022077
0.26006687279787155
0.18537786726109157
0.16461134680376788
0.31642697921909835
0.2561264111598475
0.41515064356079673
0.3584669590853527
0.2802185949521824
0.3206263033004962
0.418566189688646
0.3690947005105343
0.3843747752930179
0.47515639605953836
0.4257208599985619
0.5452649744732868
0.47069820953476665
0.4033220680232977
0.46537714819874887
0.2721650967138851
0.3989717408499317
0.23453656432012654
0.29303588121090096
0.2832314661681168
0.23388940821169196
0.2025275041346085
0.22511325231897605
0.2369166606744805
0.3745595743150932
0.2713381750197742
0.2544078521607824
0.25546127849284533
0.2852879844682534
0.2036708132595096
0.25508736607463867
0.29932408139785716
0.18537427194937803
0.2655820809664198
0.23075070108578413
0.23906665707916877
0.23661105917883085
0.3420220033076868
0.3323937585388654
0.14300711871719277
0.3491191486301862
0.2100848493564392
0.24363629826705976
0.21248292226936077
0.18134033220680235
0.16818149133529878
0.18739124182066588
0.318066441360466
0.30134105126914507
0.09767023800963544
0.3398288631624362
0.12898540303444309
0.1806068886172431
0.17471776803048827
0.258722226217013
0.2816135758970303
0.3512547637880204
0.36697346659955415
0.31079672107571726
0.2797979434816999
0.2919572876968433
0.3041166319119868
0.2803408355504422
0.3608254835694255
0.24719565686345005
0.3169267275472784
0.18892284461062775
0.30900625584238156
0.34281656719637593
0.35146329186740494
0.3133853455094557
0.329244265477817
0.3630905299489466
0.4365067951391386
0.3589091824261164
0.34245344071330985
0.39433378873948377
0.4174156899403178
0.30752858272812256
0.503235780542173
0.3933630545768318
0.35179406054504925
0.3713597468900554
0.3549902926583735
0.32424678219601644
0.4589055871144028
0.30234054792550513
0.2967929819515352
0.29845042065147054
0.3073056734018839
0.33415186596677937
0.4041489897174085
0.36269504566045874
0.2493672251384195
0.31580499029265835
0.28158481340332203
0.34804415042784215
0.2527216509671389
0.3731214496296829
0.3209786438484217
0.20771553893722586
0.25984755878334653
0.265254907600489
0.3821097289134968
0.3084525778384986
0.33905587114402824
0.14316890774430144
0.19896455022650467
0.2943194074926296
0.2710397641475516
0.36999352843891564
0.45822247788883297
0.44934205795642485
0.5052132019846122
0.3705328251959445
0.3113683756381678
0.48231106636945426
0.3944056949737543
0.3352843891565399
0.4379449198245488
0.3788379952541886
0.3916732580714748
0.3972819443445747
0.34541597756525494
0.257593298338966
0.2057381174947868
0.4594808369885669
0.3645286546343568
0.2623678722945279
0.3543718990436471
0.27021643776515425
0.4305745308118214
0.3428345437549436
0.3270295534622852
0.40112892787804705
0.2666894369741856
0.2904688286474437
0.2567376141511469
0.3560437189904365
0.28997627094269074
0.31021068526641266
0.3340547925505141
0.3219565686345006
0.2559394549507442
0.38768246206946144
0.2461889695836629
0.29885669087509886
0.2832278708564033
0.22806140792406704
0.24481556050909617
0.22922628891924932
0.1776946861292874
0.349083195513051
0.24364708420220035
0.21732580714747968
0.19820234414323723
0.18269216941108793
0.21033652117638602
0.26675774789674267
0.20813978571942188
0.30413460847055446
0.26712087437980875
0.3595311713525563
0.4376213417703315
0.3682677788164234
0.42478607895304527
0.35188753864960093
0.20349464298554687
0.2205040627022363
0.27707629251456106
0.33006399654850077
0.2033004961530165
0.38574099374415766
0.28058891205867553
0.30846695908535277
0.23209534766664272
0.29955058603580936
0.3310670885165744
0.2799022075213921
0.29706622564176316
0.2818868195872582
0.17683900194146837
0.21921334579708063
0.1968900553678004
0.22131660314949306
0.3176637664485511
0.21987847846408284
0.3450204932767671
0.08547494067735674
0.15671604228086575
0.16685122600129432
0.2812684259725318
0.1476199036456461
0.2153268138347595
0.17878047026677216
0.32561659595886966
0.3034838570504063
0.1591284964406414
0.27005105342633207
0.36661393542820164
0.2870173294024592
0.29732149277342346
0.22495146329186744
0.3251707773063925
0.4433738405119724
0.42859710936938233
0.4173797368231826
0.3415042784209391
0.24765585676278132
0.3299920903142302
0.4303228589918746
0.35450133026533404
0.3434097936291077
0.3323326382397354
0.34284532969008413
0.3929316171712088
0.2812288775436831
0.26302940964981664
0.17653699575753218
0.2878011073560078
0.23369885669087512
0.2802833105630258
0.26217013015028406
0.21530883727619188
0.27632487236643416
0.21871000215718703
0.2258323146616812
0.25813619040770835
0.28686632631049114
0.2544905443301934
0.28684834975192347
0.27967570288344
0.2904939958294384
0.2150463795211045
0.36970590350183363
0.2511576903717552
0.1829546271661753
0.2801538793413389
0.4312935931545265
0.28045588552527506
0.29142158625152803
0.2772380815416697
0.381714244625009
0.4287049687207881
0.3534443086215575
0.4292083123606817
0.354008772560581
0.4046523333573021
0.33666858416624723
0.3010642122672036
0.348166391026102
0.26226720356654926
0.3237901776083987
0.34938160638527366
0.36780038829366507
0.41141151937873016
0.36513985762565615
0.2793665060760768
0.22236283885812902
0.319975551880348
0.2737973682318257
0.2420220033076868
0.21385992665564107
0.20729129215502987
0.2978140504781765
0.22656935356295393
0.3926439922341267
0.2243582368591357
0.3221543107787445
0.29413604659523984
0.15828000287624935
0.20939814481915583
0.3432300280434314
0.31529445602933776
0.3628748112461351
0.3242036384554541
0.2963291867404904
0.2972423959157259
0.25502984108722226
0.25958150571654565
0.31089019918026894
0.3046990724095779
0.3200977924786079
0.4038254116631912
0.22872654059106926
0.36643416984252536
0.34237074854389876
0.2284497015891278
0.2619616020708995
0.37819083914575397
0.30028402962536854
0.31228877543683037
0.3351046235708636
0.28963112101819233
0.3700294815560509
0.36053785863234344
0.4014165528151291
0.3344682533975696
0.44010210685266415
0.4810527072697203
0.4501330265334005
0.4084274106565039
0.42787804702667726
0.3682677788164234
0.355410944128856
0.3857050406270224
0.408858848062127
0.4320126554972316
0.3114079240670166
0.32024160494714893
0.3938304450995902
0.39911555331847276
0.39361472639677864
0.42413892284461063
0.418710002157187
0.37736391745164305
0.4402818724383404
0.29472927302797153
0.45121162004745813
0.32365715107499826
0.4226648450420652
0.4965125476378802
0.46969152225497945
0.4465377148198749
0.5528151290716905
0.5368878981807723
0.416732580714748
0.3720788092327605
0.5899187459552744
0.5597181275616596
0.46483785144172
0.5173653555763286
0.4333429208312361
0.49309700151003094
0.47023081901200836
0.4509959013446466
0.5108578413748472
0.35862155748903435
0.38976774286330623
0.4245703602502337
0.4342057956424822
0.5049974832818006
0.5542532537571008
0.48849500251671824
0.3616164521464011
0.33185446178183653
0.384806212698641
0.3191558208096642
0.37218666858416627
0.44319407492629614
0.5070468109585101
0.4127417847127346
0.44430862155748907
0.4435536060976487
0.49313295462716616
0.4888185805709356
0.45581361904077083
0.5594305026245776
0.44732868339685056
0.4323721866685842
0.3491227439418998
0.46724671028978215
0.5746027180556554
0.4878478464082836
0.3543898756022147
0.526569353562954
0.41471920615517366
0.41799093981448193
0.45362047889552026
0.39943913137269
0.3596390307039621
0.43132954627166176
0.4203638455454088
0.4381965916444956
0.29425109657007265
0.290573092687136
0.2977061911267707
0.3839792910045301
0.3372510246638384
0.35167901057021644
0.39490903861364784
0.4633278205220393
0.416732580714748
0.3629826705975408
0.399151506435608
0.40299848996908033
0.3925001797655857
0.40716905155676997
0.3931473358740203
0.39713813187603364
0.43708204501330267
0.37642913640612646
0.3301790465233336
0.3882217588264903
0.48587042496584454
0.4972316099805854
0.4367584669590854
0.40864312935931546
0.35182641835047107
0.45682030632055803
0.4288487811893291
0.4799741137556626
0.3765729488746674
0.4529373696699504
0.5329690084130295
0.4548069317609837
0.45581361904077083
0.4820234414323722
0.5262098223916014
0.365535341914144
0.44937801107356007
0.4397785287984468
0.4050478176457899
0.4494499173078306
0.4831020349464299
0.31544905443301935
0.38872510246638386
0.40810383260228666
0.36643416984252536
0.3247681023944776
0.29754080678794853
0.29910476738333214
0.29712015531746605
0.3311282088157043
0.3831523693104192
0.32016250808945135
0.40821169195369245
