0.3923545833295565
0.30228220279174234
0.34202751373722884
0.21935836152268184
0.2282520308392896
0.4099057923318878
0.33703794709335927
0.2869388982658608
0.26948235089809175
0.3829977718496374
0.2772767143455839
0.3915284417750783
0.3327295774847643
0.38419018075175293
0.28155654170940164
0.42700632858612675
0.26772189003219793
0.3334815104312286
0.36693360235823713
0.3985033911447287
0.2891089287593106
0.3081788821534036
0.30979933926553266
0.318056805189969
0.37835378512317563
0.295349775504415
0.41575038022386485
0.33634494640270074
0.41128518229806255
0.31462784754210593
0.2786177136106636
0.22191752436748508
0.28713490108934436
0.3393811786030745
0.3182332967663293
0.31913012739311847
0.2266104068639625
0.22598824968652192
0.3194573968349618
0.3537100036757886
0.26143173283879206
0.318978908505958
0.25987957600148937
0.30096839739093717
0.24408146078944098
0.2660277533026107
0.4210006811631531
0.3178626842755283
0.31893650391950035
0.31616407018434095
0.3390461265164101
0.3546725222609399
0.3702804046948879
0.3610619901996013
0.2957015525572905
0.37055043680400557
0.4081129293645579
0.33507038840277303
0.39906113870700244
0.41904446835770304
0.32976486992721554
0.38889226455596265
0.4097761231569029
0.41053493002392727
0.2896344693308496
0.31728437497186934
0.3802775873749886
0.3700859030118111
0.44365313917385424
0.37033214767453015
0.4349180498786156
0.39636019014124935
0.38142481079204377
0.47146119460524605
0.42849318825097127
0.4354843282222528
0.43811116282122553
0.4759374563537153
0.5075259616133578
0.4174013837669597
0.4309656577983977
0.5680400011928114
0.5051636073052899
0.5572191973880745
0.5114537222832627
0.5658317375345077
0.5237767751332081
0.5590248437431553
0.5265258043187895
0.49442605000916673
0.5870011198972747
0.5951455655604063
0.5163453831518541
0.6037469786833565
0.490741195185583
0.5923031808610549
0.6019796357771772
0.5285344080567183
0.6448588428603987
0.5327287606146796
0.5985497149925431
0.6498415615048255
0.6098355313467378
0.6118357774830362
0.6654585133509715
0.5883440247253816
0.5776352551134919
0.5955238489887502
0.5718815438273119
0.623319503624615
0.6211561517225836
0.5151621151907512
0.5461498131931761
0.6112091066222558
0.5379080257827438
0.5423899650514664
0.5775738093779247
0.4867317409269316
0.5858234697448921
0.5508829107287968
0.4761090421667996
0.5941801583061508
0.4596711453076429
0.4308887186988154
0.5777087378132573
0.48374458154785316
0.5406249699213098
0.46268630788356246
0.46916572148049196
0.5038403444428545
0.5507018144347979
0.5348943371496852
0.49508008125755143
0.44425235357094084
0.5845215346145622
0.5141424086561137
0.5958542603575672
0.5753114478847683
0.4620844405740766
0.5062028423925067
0.45935514904170377
0.5393701816938387
0.5954012519987913
0.5499110791243808
0.44101291491374256
0.5160939221643113
0.49636580442946543
0.46336596768966054
0.4842707638061575
0.43098273303681833
0.4256626645826218
0.45310853291916553
0.4949919163364416
0.44839067587304515
0.32180653971327544
0.42698673848257696
0.44216775112928586
0.41531209564328697
0.42689144668964346
0.5634325003568201
0.5128354051531208
0.5315083908153482
0.5120233847599076
0.5503560970944743
0.5207182618057133
0.4760042025311912
0.548369710352273
0.5293078371692738
0.5752364319884667
0.5007931321483141
0.5219803330201254
0.5708633385766221
0.4234247829129188
0.49820051893136996
0.4838046496977102
0.541100711777879
0.49288070068815104
0.3912549337901971
0.5752225166536205
0.505396587946379
0.49994009784178695
0.4165402144563316
0.3678714512713847
0.4268247642453071
0.5219624274157275
0.46140055344761965
0.37446179420346926
0.41486855281052937
0.4075753318325098
0.3483228347529602
0.39635280087253943
0.3791823354585465
0.3846699887797393
0.3301043465627278
0.28263319086422056
0.5016263406704615
0.27937952342994565
0.4819028574299794
0.4430292639069232
0.3522426955687186
0.4345633053338095
0.5502810591651088
0.4484251178182296
0.4225345196581376
0.39987083655135736
0.4642377957216193
0.43405816040821976
0.39906372093139797
0.4556695739911202
0.4149067941806657
0.3779184082506855
0.4684264111922598
0.3591005441193023
0.4200499773899189
0.4377740590032948
0.29302589996658546
0.4521661773684378
0.4283191838310786
0.35896549696244
0.3202940971272507
0.410455343092331
0.37042328401327446
0.40031826687559513
0.41195820503725794
0.34926158957504355
0.34349839001319205
0.29872283970623975
0.368392004242975
0.3371523926236675
0.4012057552559394
0.3806356891649816
0.34127518600313506
0.3865261242110123
0.46622370575781397
0.38424469572886155
0.45847003631799316
0.40623509643417577
0.5148362816624674
0.42536005452422476
0.5432451700714024
0.46492742747520466
0.47913293752588554
0.48494060102219627
0.5540048047164547
0.5180365238588667
0.5806542643826279
0.5522399274706589
0.5718472029903896
0.5883185775073347
0.7315895561251213
0.654097504145015
0.8159923795166386
0.669832433561601
0.7921119747803487
0.7818608099814219
0.7424109010277116
0.650820291542762
0.8166056253202132
0.9675229072103841
0.8177158236104821
0.8681882300709177
0.7479742014108012
0.783531128821716
0.8187019378465975
0.7548730442651227
0.769292438142189
0.780617854521038
0.616086958778716
0.5824876162045494
0.745453817654333
0.6639210163345914
0.5923226571413313
0.6362849867355018
0.655197670284218
0.6190689648513132
0.506050144929147
0.4722863208472797
0.4845123630739748
0.4133548937259316
0.5032387577249579
0.451121506992068
0.4916616842999896
0.48199540864178625
0.5553425050778462
0.4917578303020299
0.4745502462259373
0.45363927621119354
0.4873554162296354
0.4237985854167054
0.4888908561658102
0.4794924795141764
0.49185905636463323
0.4666555637773924
0.46415560706731884
0.47914660359863703
0.4936559244284396
0.5219067144511068
0.4332945326864098
0.4039058690563608
0.41662506919359177
0.4515281401867849
0.6236593862241642
0.49976921421356557
0.4394435019247603
0.5295906316273739
0.4747582670538845
0.5627874805015202
0.4943387135670795
0.4821349944783134
0.48998894559303574
0.49755310820040627
0.5538859268910864
0.5830979212574562
0.6338290467543982
0.5541716528344215
0.5711758352515507
0.5829965354924839
0.5249599139459128
0.5131811167171669
0.5858123961896222
0.551974062364082
0.5571606370437656
0.5431243080319579
0.5446365174851745
0.6530456540488873
0.5090654733913111
0.5388155650788405
0.5160055504067328
0.661117623845632
0.47778451941851624
0.5036725868079712
0.5752542062990038
0.5626825360258043
0.5084599138904273
0.5463113959089521
0.5740081959542842
0.5831598954989328
0.5021850945857534
0.6195953780720882
0.718569046485936
0.6317054806593498
0.6275030650923605
0.7106377847946613
0.7557499985133618
0.7372787904649322
0.7209724620335922
0.6851557455611927
0.6610327961440519
0.6659663885345606
0.6747647894084581
0.7300033318626501
0.7087912110672602
0.7126952672365421
0.5805298976968221
0.6619137256483881
0.7066665877781365
0.6758971712867234
0.6711737137509564
0.7542409514348842
0.721840400218989
0.7092294084898187
0.6945454242740461
0.7080019107569826
0.6656423752806037
0.574438689601396
0.6096743941974484
0.6317522303782241
0.691214975546221
0.6227167127567614
0.7707186925653985
0.5495253415454122
0.635132975531409
0.6227366034399582
0.6081939778833829
0.5474384117649825
0.553203617280737
0.5703413317551177
0.5538617520256821
0.5217898440876998
0.5310015932258593
0.43527541109914714
0.5401382869599519
0.425482175568138
0.5068056960669084
0.4604110671310758
0.49479744572141726
0.4655157423695711
0.5125675028648786
0.4718089689664258
0.5752144433631466
0.3992713904411896
0.48257756771882204
0.4686158450317762
0.48010003769428367
0.4786496405806313
0.448254033035707
0.5145131197690553
0.4335982608793708
0.5275151139070067
0.5240618683747233
0.48075533341781
0.506678706810019
0.4635168862676092
0.5737635881293265
0.40226636956796535
0.4711237632317328
0.6604112514478246
0.5889386334349562
0.5771384953956966
0.6291443645987649
0.633283654495489
0.43506740556819684
0.6064606177637623
0.6265583183892516
0.5708455289602374
0.39501088751020763
0.5565143915011577
0.566575248494581
0.4813779951560113
0.5180043726158388
0.4481415084345626
0.468393573717809
0.40763971603914867
0.4706311901678634
0.41075145951272896
0.4301954274575773
0.4446149382167999
0.4040630032264449
0.38486450362301844
0.42044900260786566
0.3574674811410741
0.30796200265831175
0.25284867899786656
0.3157207441481966
0.35027605756903285
0.27889670431171554
0.3647390646697914
0.24670771213078335
0.3947296056856242
0.33419190364140294
0.2909994347451751
0.29081045367984726
0.2252016564180258
0.312170247490944
0.22831561184031202
0.1717369244446039
0.1961262765222248
0.21986937097603976
0.276923025167407
0.24975122526450666
0.20610183341847807
0.18656259230330857
0.26108397778097164
0.13028734726495134
0.19189356556929732
0.2213531190242667
0.18587979276621167
0.2806613606899886
0.1766514732825428
0.15492166929740445
0.254895510300665
0.3309699100009822
0.24338585719944628
0.2095376251343567
0.19200418088915477
0.1796500387013769
0.2707096405112128
0.27654174056620456
0.10964968617549256
0.2825573651591569
0.2688661977391878
0.20174911205778126
0.20160838009942303
0.23012780087611592
0.3021380302265065
0.3016572047449564
0.30975050034520246
0.20927454839058324
0.319210875504093
0.2581647580922321
0.2118369945786235
0.20514128740069337
0.20898392423802564
0.3790773503155747
0.22651948957231094
0.32317500756858325
0.24818206850161054
0.27398060799922275
0.32361957004160835
0.3411538712582462
0.3463001305461354
0.36096060047721906
0.32110315557501756
0.3009077497830185
0.401638057024827
0.36897308928133526
0.3332709412501517
0.45096596677840384
0.3317792631942684
0.4254903743595164
0.41019636943385235
0.3550067291068341
0.32362155822237465
0.34091252737791744
0.22721954692307406
0.24362928529314776
0.33206422682117187
0.4381936924163714
0.3305019433873801
0.4940115975067263
0.382120384271559
0.44099659732250635
0.4503257058772286
0.36071264639292716
0.4733509888842842
0.40314794290255246
0.46204258268086434
0.4919212585212104
0.3481090623940968
0.3849496857586898
0.45857049549212736
0.4675548165182275
0.3886146247470158
0.38599008651012606
0.4254007303437883
0.37443773338683917
0.5089630649626828
0.3469552972735811
0.3203061877648865
0.542136070693271
0.442284612660658
0.41996630871475993
0.4096455586478247
0.4601702340310946
0.25780082800228565
0.45567550391265255
0.3691466249409113
0.39323410260589786
0.3542451628621983
0.2994751022526932
0.24197893157023764
0.34585301188383577
0.22897375234947975
0.3379562788111502
0.3055101835888657
0.22112570926461098
0.33089301284008343
0.2538370419744742
0.3133359403459356
0.18875042999520752
0.23382556197757504
0.3416296986493312
0.2977263091006844
0.2988796576642192
0.2404542435690995
0.19314145114557632
0.25203961752176846
0.2601159971338515
0.3332872441952914
0.2776416908618549
0.2297860097621386
0.3015281771961505
0.316669085875714
0.2984572371823458
0.38761558540194185
0.2733008474230978
0.1761739287277389
0.2643023494364517
0.1992943369354469
0.23786865775707927
0.27939455376551026
0.20936251792192706
0.2523284041441303
0.24488044661071018
0.2966685950718733
0.24631557114225597
0.3519629505094582
0.38776251708889625
0.33691133196850676
0.38282458818940723
0.3093409961764172
0.4470763618858228
0.5653314319186937
0.5898590786992004
0.554762941606387
0.5031803693718387
0.3841974335119558
0.3558437407831953
0.3889369984623299
0.3265368911863558
0.32167192375383313
0.3805659976251219
0.2890825628635805
0.3939643739603531
0.2129918668796615
0.33518162540859453
0.3532890017478359
0.25650288686687894
0.33650984796538386
0.3556047005525128
0.31658782539031727
0.3783954474933878
0.32468290445318454
0.30493181004869435
0.2693053360877572
0.3670651912978564
0.37067497150209694
0.3415092804266132
0.28379262617261963
0.2568519478206541
0.37833570640148717
0.2784540905597511
0.34143926172024053
0.28313234015227506
0.301231693290392
0.2521892112338992
0.25584024283208684
0.38357735876511123
0.2883586573350519
0.35375498325090765
0.37884538973073856
0.3407442955543637
0.24182879433054694
0.3097312069704247
0.4079961865138313
0.3951770205627224
0.37209830017399775
0.3336409805515135
0.4108831446349921
0.46488245145726415
0.43797110964734254
0.48322130005370445
0.5213234021909618
0.3897578197336996
0.4441047182147536
0.44169919652224304
0.43337737250442165
0.34234888607088765
0.42798801794871255
0.4681811129028357
0.5029841850519449
0.48793964852563454
0.5114874943516837
0.438848187532238
0.3254833090443398
0.516737493982075
0.4833088176682859
0.4687257551732643
0.4510100367547742
0.4471519751623426
0.5355500377873607
0.499636337587951
0.47330596500308986
0.40434271574633257
0.3586798966042971
0.3542814014325025
0.4639769720411415
0.47580329255111675
0.4623590128180551
0.4203317586608182
0.3700366339043337
0.44932989824578995
0.546204462702989
0.4585162268183681
0.4345167254201292
0.4097844198165522
0.45299258325216984
0.4602056416955461
0.4282466109577632
0.4147266912733285
0.4211313210955031
0.4608031432330259
0.4043511236214379
0.39502871350877394
0.5113373512203663
0.3914981315930159
0.45666405417998546
0.5676337427802284
0.5241464511613577
0.4928713308628405
0.4421865239539091
0.48800099048880274
0.43356162007645394
0.5490813046272687
0.6344618462703309
0.5538262553011082
0.5313164650885993
0.5821441012475328
0.5547418244774839
0.5100652122053522
0.6241867531306724
0.6303485273071938
0.536965160799692
0.46491940930738174
0.4166691831249819
0.4674565700325795
0.42817241447564564
0.4547867995355711
0.5119733296107378
0.5275690954060586
0.5494190061473885
0.45717547160504235
0.5734624344035527
0.5219878645938065
0.5442076951137026
0.5212402431213905
0.5603065943673736
0.562455106141183
0.5276883223191944
0.46044611019913484
0.5211277428894805
0.5111843839432137
0.46985569316637205
0.4050099450950814
0.520185665028841
0.4821006526489581
0.5661463653185139
0.4807745178379311
0.5803251630918983
0.4559997626565807
0.4061934122287191
0.4741167582378345
0.5865445312238476
0.46795800282422234
0.5081408408249258
0.5190874337947488
0.578115080979379
0.5171492789400388
0.5320145076740899
0.5143738849019437
0.6423994480176163
0.5211359836276745
0.5305266556998911
0.6068157756327779
0.4832835561699339
0.5099762508974816
0.6059519301355616
0.4619350273011398
0.5058201825289124
0.6220421904686128
0.47425922512575486
0.4799073791841557
0.45680612660122033
0.4957462489145509
0.5522879070667994
0.5781391195689844
0.42760080702528436
0.4400090895061973
0.5432550371084947
0.52431273971544
0.42719663177800066
0.48348743409506434
0.3666560673812656
0.5261226706933972
0.3722333987021612
0.5576923095996407
0.49356716727874095
0.5191536071354288
0.4023536412906158
0.591105319562405
0.4818924111437174
0.5031765743155623
0.4519550628580589
0.4354346440937449
0.4634000033791972
0.5331426849495735
0.43019400078339554
0.4399570305535622
0.3454943326067749
0.3124565115075645
0.45930709805199793
0.4566557122879569
0.4578269711937982
0.5268300344206142
0.4533900192807535
0.48738432602550025
0.3682967279663525
0.4036020401010202
0.4045632235585972
0.4594996750129947
0.468702710627242
0.5297954448906813
0.36599273988633435
0.43262959448999627
0.4587242239956476
0.4294497821001838
0.3120910476739929
0.46965784816035083
0.4378594303281077
0.5131938709575604
0.41627848643819726
0.3552942214499924
0.38188884943455625
0.32260274814266926
0.3298619265612391
0.2753711142325784
0.26704728421222673
0.31847423972786887
0.33183202165445885
0.23512659963570307
0.3343014297340171
0.31992409581702336
0.2631407920849041
0.3810959001329784
0.39502220316741965
0.4159200386034061
0.2977438178755656
0.4393779850003497
0.5227944259581915
0.41956796013942954
0.3612747884300365
0.4142550562754215
0.41381748399254503
0.37947465321727036
0.4016327307997357
0.5043619668378325
0.35852850970076905
0.47473870835697335
0.43899266426944317
0.44052997568501784
0.3717936537705939
0.2519768342560213
0.43628153018440075
0.4292231403971685
0.4133778658676693
0.38762939374117233
0.313263312118154
0.42105496867769365
0.44642654264277537
0.39674817741095175
0.4000157194421276
0.36859557151516464
0.24075139934011666
0.35304212310848226
0.3477033074398367
0.37610473371495323
0.2891764082106354
0.2189869362770279
0.31718924516688984
0.32104632592322846
0.30587176003833383
0.44310871169633154
0.3976896418071483
0.373082404752939
0.37744128417130474
0.4023648990818549
0.2842212003852637
0.3380556588080481
0.30923543072454
0.3281454797746442
0.26714426585621687
0.37646105007532393
0.23540849163258365
0.28493511943772004
0.36892429605679145
0.3656581028811339
0.371960982149418
0.3511344416493638
0.38266167530594564
0.31505879672691495
0.33522197125618036
0.44456046223937007
0.43506636339328475
0.4479378000105777
0.4034290514799854
0.47201726325904003
0.4650713993917062
0.3207099802163931
0.4319877393083254
0.4564391451349411
0.39451044760048887
0.44308510934849465
0.41018258587614226
0.45066502880979015
0.5025933368210662
0.44996070234050234
0.4259367409691436
0.37511844776449976
0.3780481909974903
0.40609154566138145
0.44989682595180464
0.4395634083307965
0.49534596824810206
0.35141608207983827
0.36521863722838455
0.6281668263041913
0.4695042260689378
0.4439415921974802
0.47262117102044726
0.49132428432533365
0.5170503860539796
0.4303151959352265
0.4003127290235769
0.44938368701654013
0.5616107387019712
0.588100312164963
0.6031316294794613
0.46602489856531404
0.5325773905119338
0.46594121878760686
0.45381530402582865
0.5555800850546281
0.5411114786311122
0.5149811981424918
0.533468342758713
0.5892001476612222
0.5676227961591691
0.5435236395709084
0.6698774252013796
0.6227556289709291
0.4330997337084266
0.5179094485536028
0.4992907199392944
0.4821235490329838
0.44511694351548603
0.5353206146638797
0.4608351897393686
0.5414511285683083
0.5274919641608921
0.49834153895537253
0.3940667737869439
0.5175288220782472
0.4536351668777948
0.41221387425471057
0.5827206560762244
0.4264000089516054
0.4385739247048206
0.581332667031125
0.4581205075920612
0.4518984629376356
0.5524510026232875
0.507803500394248
0.4661818780089334
0.42311340380045626
0.6041800814513587
0.4427556865155946
0.5980601645319849
0.43071314485712975
0.41190802110774327
0.4613310118049807
0.5379995800745327
0.4737377975390055
0.45090721013911106
0.41689029489646884
0.3550097643505127
0.46702768252028315
0.40295605280564706
0.3784705964556657
0.5081323137924693
0.3665681761195743
0.3683762723268871
0.40570528306980463
0.24250079697330676
0.37152037828369994
0.2978782946279857
0.40289290158061786
0.4357892081573884
0.3538965109389777
0.4729378560213435
0.38281247460133927
0.28555881792742294
0.5354262042763607
0.37076727311638036
0.3883926473261233
0.36090119935502113
0.49271396986191585
0.48094977044351633
0.3467390078949923
0.4570067943100436
0.5672249493953138
0.5021186906104605
0.5509939148497877
0.43699203963224104
0.4596898725999846
0.49940962080516127
0.41345927575125097
0.495815710992504
0.5111016343134085
0.519689751061433
0.4939391631686826
0.5387165915179974
0.5355663637725141
0.4554395505292179
0.47985443249796195
0.5655317003904261
0.4869489719725364
0.4516799451955157
0.39838037060635845
0.35589697420476696
0.3699209425633785
0.39751638493387936
0.45913227741447715
0.44729074303484306
0.5125096872077566
0.38990269595282245
0.30546680140099336
0.38473723083483324
0.36192692139733806
0.42624159432499037
0.358439716944332
