0.2670566388115134
0.37314763231197773
0.27496750232126277
0.2139275766016713
0.2642339832869081
0.35173630454967497
0.36493964716805943
0.3410027855153203
0.33561745589600744
0.3859424326833798
0.30620241411327764
0.2636583101207057
0.3139647168059424
0.3085422469823584
0.3959145775301764
0.35333333333333333
0.2735561745589601
0.17524791086350974
0.4483379758588672
0.20141132776230267
0.2701949860724234
0.30180129990714943
0.2963045496750232
0.27220055710306407
0.28525533890436394
0.35396471680594244
0.2369730733519034
0.3242711234911792
0.24440111420612812
0.3502321262766945
0.30752089136490246
0.20906220984215412
0.29628597957288766
0.34636954503249767
0.13649767873723304
0.279405756731662
0.4408913649025069
0.43522748375116055
0.1695728876508821
0.3124605385329619
0.36246982358402974
0.22679665738161559
0.3139461467038068
0.3639368616527391
0.24679665738161558
0.2782172701949861
0.25390900649953574
0.21103064066852367
0.48382544103992575
0.3294707520891365
0.490844939647168
0.3179387186629526
0.21929433611884866
0.3806499535747447
0.11482451253481894
0.3504363974001857
0.32605385329619313
0.3573259052924791
0.3700835654596101
0.215636025998143
0.4140761374187558
0.40822655524605383
0.42089136490250695
0.37784586815227483
0.3348375116063138
0.5517548746518106
0.41587743732590526
0.3542246982358403
0.2554688950789229
0.41665738161559884
0.5035468895078923
0.2562116991643454
0.473091922005571
0.48566388115134634
0.5353946146703806
0.3436954503249768
0.5048653667595171
0.406016713091922
0.23286908077994425
0.4125348189415042
0.5550789229340761
0.23335190343546888
0.4687093779015784
0.5369359331476323
0.7165831012070566
0.5619498607242339
0.4444568245125348
0.5126648096564531
0.4137233054781801
0.5747260909935005
0.605756731662024
0.5810770659238625
0.5192571959145775
0.43886722376973075
0.7112349117920148
0.5936861652739089
0.6432497678737233
0.6742061281337046
0.6680594243268339
0.6990343546889508
0.729953574744661
0.5566573816155989
0.6989972144846797
0.6928133704735376
0.6865738161559889
0.6060909935004644
0.6741318477251624
0.4450696378830083
0.6987929433611885
0.6182358402971216
0.6862952646239554
0.568597957288765
0.39517177344475396
0.6117177344475395
0.4754688950789229
0.37632311977715877
0.5
0.3636768802228412
0.6173444753946147
0.3696007428040854
0.586146703806871
0.2641225626740947
0.5363231197771587
0.6228226555246054
0.5421727019498607
0.3686722376973073
0.5665181058495821
0.523008356545961
0.3309192200557103
0.398811513463324
0.3924233983286908
0.6645682451253482
0.4538904363974001
0.35457753017641597
0.4781615598885794
0.5274466109563603
0.5767316620241411
0.3659795728876508
0.508096564531105
0.557325905292479
0.5137233054781801
0.4515691736304549
0.40791086350974926
0.4571587743732591
0.7106220984215412
0.4256081708449396
0.6419127205199628
0.3382544103992572
0.4060538532961931
0.43663881151346334
0.3743732590529248
0.5721448467966573
0.5098792943361188
0.46616527390900653
0.36679665738161554
0.30451253481894147
0.40935933147632314
0.4027855153203343
0.4704735376044568
0.37103064066852365
0.6058495821727019
0.46924791086350975
0.5369730733519035
0.5675023212627669
0.4122748375116063
0.40566388115134633
0.5847353760445683
0.5595357474466109
0.4971959145775302
0.49054781801299907
0.5767688022284123
0.6072609099350046
0.3963231197771587
0.35247910863509746
0.3829712163416899
0.39487465181058495
0.2581615598885794
0.49290622098421544
0.6533704735376044
0.6094893221912719
0.4171030640668523
0.5032311977715878
0.3851067780872795
0.3412256267409471
0.44594243268337974
0.4949117920148561
0.5439182915506034
0.3700278551532033
0.38187558031569174
0.5051067780872794
0.42404828226555247
0.4730362116991644
0.28055710306406684
0.44090993500464254
0.3598514391829155
0.167405756731662
0.2906035283194058
0.3952274837511606
0.3698607242339833
0.40020427112349116
0.39338904363974003
0.3123119777158774
0.21264623955431752
0.2986815227483751
0.25472609099350046
0.2850510677808728
0.40820798514391826
0.34568245125348185
0.4316991643454039
0.220594243268338
0.3251810584958217
0.29972144846796656
0.4414484679665738
0.2674837511606314
0.18635097493036212
0.3280037140204271
0.3211699164345404
0.2771773444753946
0.3259795728876509
0.31910863509749304
0.3122005571030641
0.21249767873723305
0.37270194986072425
0.23584029712163415
0.2846425255338904
0.1849155060352832
0.27084493964716805
0.15254596100278553
0.18275580315691736
0.28724233983286906
0.521782729805014
0.18057753017641595
0.3964902506963788
0.48245125348189416
0.475506035283194
0.4128505106778087
0.4801857010213556
0.28753946146703807
0.3548746518105849
0.23650882079851437
0.5266666666666666
0.5197214484679665
0.4013927576601671
0.46867223769730737
0.49884865366759523
0.5476137418755803
0.44779944289693596
0.5893964716805943
0.6010027855153204
0.5940389972144847
0.4570844939647168
0.7471866295264623
0.7216527390900649
0.7146889507892292
0.837715877437326
0.9420984215413184
0.8979944289693593
0.668133704735376
0.8097121634168988
0.7284679665738162
1.0
0.7516063138347261
0.7631569173630456
0.8304549675023212
0.8420055710306407
0.7607428040854225
0.790844939647168
0.8209656453110491
0.7025626740947075
0.6583844011142062
0.7442154131847725
0.36583101207056634
0.45164345403899714
0.5003342618384401
0.6418570102135561
0.5048467966573816
0.34924791086350976
0.23084493964716804
0.5952089136490251
0.7367502321262767
0.4697307335190344
0.4255710306406685
0.43710306406685234
0.3557845868152275
0.49732590529247905
0.3974001857010213
0.3717920148560817
0.27192200557103063
0.4505849582172702
0.36928505106778087
0.36224698235840297
0.2623212627669452
0.21816155988857938
0.3039740018570102
0.3711792014856082
0.494150417827298
0.6171216341689879
0.2200742804085422
0.4358960074280409
0.3916805942432683
0.458941504178273
0.340464252553389
0.31487465181058494
0.47493036211699163
0.4122191272051996
0.42371402042711226
0.23095636025998145
0.4096378830083566
0.4025812441968431
0.6369359331476323
0.33275766016713093
0.38146703806870935
0.6529619312906221
0.5344846796657381
0.24889507892293405
0.3718291550603528
0.4947818012999072
0.3391643454038997
0.49925719591457757
0.5107892293407613
0.24376973073351904
0.25530176415970285
0.3039740018570102
0.37121634168987927
0.5870380687093778
0.4128690807799443
0.5358402971216342
0.5288022284122562
0.44744661095636024
0.3661652739090065
0.39628597957288764
0.44497678737233054
0.2707892293407614
0.6166016713091922
0.4053296193129062
0.6025441039925719
0.7441039925719591
0.4027855153203343
0.544363974001857
0.6672980501392757
0.623175487465181
0.5975673166202414
0.6833797585886722
0.602116991643454
0.5579572887650882
0.5881151346332405
0.5810956360259981
0.6854967502321263
0.604196843082637
0.7272237697307335
0.6273723305478179
0.3789600742804085
0.6876323119777159
0.4949489322191272
0.6550789229340761
0.6852181987000928
0.6410956360259982
0.6712534818941504
0.9056824512534819
0.5830269266480965
0.7617455896007428
0.5319405756731662
0.6921077065923863
0.6294336118848655
0.7338904363974003
0.7083194057567317
0.5528133704735376
0.6201485608170846
0.5760817084493964
0.4948003714020427
0.4693036211699164
0.48094707520891367
0.6039740018570102
0.37420612813370474
0.4229526462395543
0.4717548746518106
0.5390900649953575
0.49504178272980504
0.4695264623955432
0.5554874651810585
0.5299907149489322
0.4859795728876509
0.38620241411327755
0.3978458681522748
0.4281151346332405
0.4026369545032497
0.4885979572887651
0.5745403899721448
0.4934076137418756
0.5051067780872794
0.4610770659238626
0.47275766016713094
0.3916063138347261
0.4033240482822656
0.5821541318477251
0.3338904363974002
0.4570287836583101
0.3944846796657382
0.5361931290622098
0.7522005571030641
0.5225441039925719
0.3485422469823584
0.49028783658310116
0.632033426183844
0.4952460538532962
0.6370102135561746
0.8158588672237697
0.7719405756731661
0.5794614670380687
0.8511977715877437
0.5472980501392757
0.6147818012999071
0.5337418755803156
0.5640854224698235
0.7059052924791087
0.9033983286908078
0.35814298978644377
0.8527576601671311
0.43749303621169916
0.5793129062209842
0.5168430826369544
0.5658681522748374
0.3362859795728877
0.40384401114206125
0.4714020427112349
0.5203899721448468
0.49517177344475394
0.45132776230269267
0.3889322191272052
0.4565273909006499
0.022729805013927577
0.23890436397400186
0.47364902506963785
0.42986072423398336
0.29322191272051995
0.28657381615598887
0.33565459610027853
0.477585886722377
0.5080594243268338
0.27860724233983286
0.4019870009285051
0.5253853296193128
0.25883008356545956
0.15934633240482823
0.13420612813370475
0.10907335190343546
0.30674094707520894
0.5044568245125348
0.21933147632311978
0.24993500464252555
0.22484679665738158
0.08829526462395543
0.10031197771587742
0.22380687093779014
0.06870937790157847
0.2664995357474466
0.0
0.25346332404828226
0.24701949860724232
0.2405199628597957
0.3083194057567316
0.2832683379758589
0.10967873723305478
0.2518291550603528
0.2639554317548746
0.10895078922934077
0.3439368616527391
0.1518087279480037
0.47966573816155983
0.2318477251624884
0.5040111420612813
0.014794800371402041
0.21268337975858864
0.37346332404828225
0.3113834726090994
0.2678922934076137
0.16866852367688023
0.36661095636026
0.0446016713091922
0.13114206128133704
0.4033426183844011
0.06279851439182915
0.2793686165273909
0.21732590529247908
0.11822284122562673
0.31619312906220987
0.3656638811513463
0.13655338904363973
0.3160259981429898
0.14264809656453112
0.2664438254410399
0.33448467966573814
0.3468337975858867
0.284958217270195
0.27875580315691734
0.3468337975858867
0.4335376044568245
0.3902321262766945
0.43977715877437323
0.45220055710306406
0.3346332404828226
0.19851439182915503
0.24811513463324045
0.29775301764159706
0.3659424326833797
0.34128133704735375
0.3909192200557103
0.19914577530176417
0.45303621169916436
0.2798514391829155
0.3295450324976787
0.37922005571030637
0.521782729805014
0.6086350974930361
0.24976787372330544
0.39234911792014854
0.5349489322191272
0.3804271123491179
0.3187372330547818
0.4428040854224698
0.43682451253481897
0.2266480965645311
0.36928505106778087
0.4191086350974931
0.33890436397400187
0.4444568245125348
0.41999999999999993
0.41416898792943363
0.7425626740947074
0.1610287836583101
0.39663881151346336
0.14939275766016713
0.5706778087279479
0.39779015784586813
0.4291364902506964
0.3304921077065924
0.2504363974001857
0.281819870009285
0.22037140204271125
0.21463324048282265
0.28319405756731664
0.2960445682451253
0.27177344475394616
0.22895078922934076
0.03758217270194986
0.19905292479108636
0.32339832869080776
0.392033426183844
0.2935747446610956
0.25077065923862585
0.0966183844011142
0.3881522748375115
0.28973073351903433
0.19129062209842151
0.1485979572887651
0.25444753946146703
0.23036211699164344
0.1877065923862581
0.015044939647168057
0.39953574744661097
0.1897493036211699
0.09145218198700092
0.3459610027855153
0.35905292479108636
0.22365831012070567
0.2367873723305478
0.15707335190343544
0.3188300835654596
0.2205756731662024
0.4566016713091922
0.46980501392757656
0.09307520891364902
0.1620111420612813
0.11953760445682451
0.3370659238625812
0.4060352831940575
0.32646239554317547
0.3211884865366759
0.2973630454967502
0.2921077065923863
0.3425812441968431
0.3930733519034354
0.5364159702878366
0.6240482822655524
0.6002971216341689
0.5022655524605385
0.5899535747446611
0.5105292479108634
0.7468152274837512
0.42599814298978644
0.5137418755803157
0.3600742804085422
0.37357474466109564
0.5170659238625812
0.4934261838440111
0.2284122562674095
0.4276508820798514
0.6454781801299907
0.47335190343546885
0.3197957288765088
0.3890993500464253
0.30986072423398325
0.45348189415041784
0.2999814298978644
0.555041782729805
0.2530176415970288
0.6009656453110491
0.261819870009285
0.4426555246053853
0.49351903435468897
0.24727948003714018
0.37244196843082633
0.34906220984215414
0.7342432683379758
0.5066295264623955
0.3532961931290622
0.3671123491179202
0.6409285051067781
0.4133704735376045
0.5015041782729804
0.4968059424326834
0.5849767873723305
0.33890436397400187
0.2228226555246054
0.403899721448468
0.49212627669452175
0.39467038068709376
0.4457753017641597
0.5711977715877438
0.32521819870009283
0.5435097493036212
0.5575487465181058
0.6644382544103993
0.5856638811513464
0.5254596100278551
0.44670380687093775
0.4422284122562674
0.5120705663881151
0.3590714948932219
0.5589229340761375
0.49881151346332403
0.40157845868152275
0.5457753017641597
0.4114206128133705
0.38850510677808725
0.2356174558960074
0.37987000928505105
0.46841225626740945
0.40843082636954503
0.23702878365831012
0.5298978644382544
0.35853296193129064
0.2800371402042711
0.3872423398328691
0.3459052924791086
0.4717363045496751
0.3932961931290622
0.48198700092850505
0.1993129062209842
0.5480408542246982
0.4325162488393686
0.24272980501392757
0.42436397400185694
0.3274651810584958
0.3234168987929434
0.319405756731662
0.5568059424326834
0.4228226555246054
0.4745589600742804
0.35918291550603526
0.5780872794800371
0.46272980501392763
0.533091922005571
0.39922005571030644
0.5067595171773445
0.3729062209842154
0.44332404828226557
0.5137790157845867
0.4542618384401114
0.43188486536675946
0.42809656453110495
0.33147632311977715
0.6991272051996287
0.4725533890436397
0.5431012070566388
0.4279851439182915
0.6842711234911791
0.4948932219127205
0.34267409470752086
0.4504549675023212
0.5396843082636954
0.5917920148560817
0.2724976787372331
0.49177344475394613
0.4139275766016713
0.42895078922934077
0.22115134633240482
0.23621169916434542
0.7155246053853296
0.41493036211699164
0.35576601671309194
0.7422841225626741
0.6459981429897864
0.4940204271123491
0.4349117920148561
0.7472237697307335
0.40960074280408537
0.57338904363974
0.5700464252553389
0.32531104921077064
0.47058495821727014
0.2258867223769731
0.5197400185701022
0.4422098421541319
0.7360817084493966
0.528597957288765
0.41398328690807806
0.4293593314763231
0.38904363974001854
0.5715877437325906
0.71702878365831
0.41678737233054786
0.46937790157845866
0.3548746518105849
0.38895078922934073
0.5158774373259053
0.30857938718662953
0.4912534818941504
0.5625255338904364
0.5966759517177345
0.4265738161559888
0.7764531104921076
0.8663695450324976
0.566313834726091
0.6748375116063139
0.5976601671309192
0.7805013927576602
0.48051996285979565
0.4776787372330548
0.641987000928505
0.5463324048282265
0.5249767873723306
0.26220984215413184
0.5937233054781801
0.20100278551532036
0.439702878365831
0.362711234911792
0.3414484679665738
0.4687650882079852
0.5403899721448469
0.5934633240482823
0.6465366759517177
0.5882265552460538
0.5113463324048282
0.43450324976787374
0.5247910863509749
0.3179758588672238
0.3525905292479109
0.7586258124419684
0.7004271123491179
0.865088207985144
0.584066852367688
0.7673351903435469
0.5234911792014856
0.5396471680594243
0.7043825441039925
0.6648653667595172
0.5882265552460538
0.6044568245125348
0.639275766016713
0.5069637883008357
0.5232497678737232
0.465255338904364
0.5372701949860724
0.7764531104921076
0.4399628597957288
0.6048839368616528
0.5469637883008357
0.22909935004642523
0.6540575673166201
0.5219127205199628
0.2597957288765088
0.20196843082636953
0.40415970287836583
0.3834911792014856
0.5299907149489322
0.3236768802228412
0.2659238625812442
0.301058495821727
0.46618384401114205
0.38991643454038993
0.42508820798514385
0.3859981429897864
0.16122934076137418
0.3821541318477252
0.3802414113277623
0.415506035283194
0.41363045496750234
0.28178272980501395
0.26137418755803155
0.3338347260909935
0.257753017641597
0.2745218198700093
0.47702878365831014
0.3267038068709378
0.38066852367688025
0.5275023212627669
0.28438254410399255
0.4498235840297122
0.3553017641597028
0.2793500464252553
0.5376787372330548
0.33177344475394616
0.4787186629526462
0.4585515320334262
0.27127205199628596
0.5296750232126277
0.528133704735376
0.2294707520891365
0.3022284122562674
0.4307149489322192
0.46635097493036215
0.4834540389972145
0.29628597957288766
0.5548189415041782
0.2934076137418756
0.44055710306406687
0.3834540389972145
0.3635097493036211
0.2878551532033426
0.3793500464252553
0.4522934076137418
0.43240482822655524
0.22681522748375116
0.1512460538532962
0.2613927576601671
0.24155988857938718
0.2588857938718663
0.36906220984215415
0.2935747446610956
0.36664809656453107
0.38402971216341686
0.30857938718662953
0.27026926648096566
0.28768802228412255
0.565125348189415
0.2668895078922934
0.47004642525533885
0.5061095636025998
0.09649210770659239
0.6339647168059425
0.20581244196843082
0.2976415970287836
0.018069266480965643
0.33275766016713093
0.29463324048282263
0.4607985143918291
0.1998514391829155
0.328895078922934
0.3836768802228412
0.02993500464252553
0.3261467038068709
0.5295450324976787
0.28726090993500464
0.47208913649025064
0.19270194986072425
0.3589972144846797
0.4324605385329619
0.41307335190343547
0.3380129990714949
0.43008356545961
0.3178830083565459
0.39142061281337054
0.40924791086350976
0.5756545961002786
0.2592571959145775
0.3142618384401114
0.25786443825441036
0.5357474466109564
0.10796657381615599
0.25587743732590534
0.7380687093779015
0.5703064066852367
0.5325533890436397
0.49481894150417827
0.4385329619312906
0.27082636954503253
0.3631197771587744
0.49255338904363977
0.36202414113277626
0.6029155060352831
0.5838440111420613
0.3047910863509749
0.5642896935933147
0.4152460538532962
0.39621169916434534
0.47004642525533885
0.5438811513463324
0.2649025069637883
0.3573444753946146
0.3197957288765088
0.5236768802228412
0.7089879294336119
0.6343361188486536
0.3182915506035283
0.5779201485608171
0.6147260909935005
0.5586815227483751
0.14982358402971216
0.4280779944289693
0.4463509749303621
0.3346332404828226
0.44579387186629527
0.5940947075208913
0.33385329619312903
0.1850510677808728
0.27766016713091923
0.4445868152274837
0.444363974001857
0.3698792943361188
0.536824512534819
0.3695078922934076
0.49933147632311975
0.48059424326833794
0.3318848653667595
0.3131662024141133
0.40588672237697304
0.31290622098421544
0.5170659238625812
0.46124419684308265
0.46115134633240484
0.3867780872794801
0.6281151346332404
0.6837511606313834
0.3680037140204271
0.49793871866295264
0.46074280408542245
0.49784586815227483
0.3492664809656453
0.6463695450324975
0.5535004642525533
0.40493964716805936
0.12638811513463324
0.4235283194057567
0.18212813370473538
0.3492850510677809
0.3121819870009285
0.5350603528319406
0.2379944289693593
0.33090064995357477
0.2752460538532962
0.29389043639740015
0.31253481894150414
0.10834168987929434
0.38698235840297124
0.23851439182915507
0.4243268337975859
0.3501392757660167
0.61025069637883
0.18325162488393687
0.2948003714020427
0.22064995357474465
0.33220055710306406
0.4994800371402042
0.3882079851439183
0.369786443825441
0.4256638811513463
0.3144103992571959
0.5745589600742804
0.5561559888579387
0.5563416898792943
0.33368616527390904
0.4267223769730733
0.37119777158774375
0.35283194057567313
0.3530362116991643
0.5018012999071495
0.5762859795728876
0.5579201485608171
0.4095821727019498
0.5955060352831941
0.577158774373259
0.6516620241411327
0.3733333333333333
0.6892664809656452
0.3923676880222841
0.07692107706592385
0.3557103064066853
0.43023212627669455
0.30048282265552456
0.4307335190343547
0.4124048282265553
0.1898050139275766
0.22720519962859795
0.22746518105849584
0.22770659238625812
0.4322376973073352
0.3953574744661095
0.2656267409470752
0.3958774373259053
