0.2922827806090428
0.20018577561318507
0.20850802098762333
0.25448748525092263
0.18744508322245376
0.2836090678583085
0.30445861471644114
0.2750985363894259
0.1704114678783923
0.42974418195968167
0.149273215675445
0.2830693143875681
0.24111917254537696
0.26191850977832454
0.3329023673838275
0.2658223081364698
0.3367936133356765
0.28225340797830945
0.35324981799010874
0.29867195541385283
0.3068812291316245
0.27739562674164636
0.27303994175683477
0.20588456807169936
0.11365701805036027
0.10925363392162277
0.20526950016318127
0.28874300203348985
0.1839053046469008
0.26735370170461675
0.20018577561318507
0.2961740265608917
0.24150829714056182
0.19940752642281526
0.20754148570280928
0.21562523535761807
0.38689026686415784
0.2066879220746617
0.32773077598975725
0.14751587879396483
0.39407024326563406
0.33936685662641525
0.28466346998719655
0.21739512464539457
0.2505334772675922
0.2460271634072252
0.24149574473426558
0.32484372254161126
0.24498531368463336
0.19020661260763688
0.260977079306103
0.1685662641528381
0.2267717721487209
0.17200562347802073
0.2050561092561444
0.25069665854944395
0.3088896141390305
0.21640348454798783
0.2118218562498431
0.3452664875856702
0.26535786910350717
0.21054151080762182
0.36909095473602294
0.28913212662867477
0.3096176537042151
0.39282755504230166
0.3756433108226847
0.3709863680867622
0.40401174905229337
0.39932970150377833
0.28167599728868026
0.30213641955162807
0.38530866367082567
0.4308236889011623
0.14997615042803705
0.4214219365852434
0.44185725403559867
0.42458514297190775
0.31944618783420786
0.4025933271408129
0.44807069515226067
0.46844325057113456
0.4888158059900083
0.5217282152988727
0.37890693645971935
0.5498958150277409
0.683214922300605
0.5027238721662942
0.5983857605502976
0.5684733763462456
0.7017799312128136
0.5965907664499285
0.7047799563176261
0.6497878643335928
0.6951648130946703
0.5773981372229056
0.7483368061657419
0.6430848793713755
0.6257249014636106
0.6836793613335677
0.4779956317626089
0.5986995707077047
0.6189466020636156
0.6517836969347024
0.6343735094017524
0.6295408329776818
0.6748675721135742
0.6449300830969297
0.690256822232822
0.7732407802575755
0.4796902066126077
0.5501092059347777
0.40713729822006883
0.4901087038385259
0.5605653603795848
0.5682097758140235
0.41267290939673135
0.6588130444606232
0.4405015941555997
0.32260939422087215
0.38048853965305146
0.501092059347777
0.4710541510807622
0.41591143022117344
0.6369216478798987
0.2930735822057089
0.4261667461652399
0.5090879421585117
0.42882785630005277
0.5368538648858986
0.3938191951397083
0.40141340094896194
0.5470840760173725
0.5922978434965984
0.4366982150478247
0.3062033991916251
0.4644139281500264
0.4343007054452339
0.44188235884819127
0.5498330529962595
0.48208771621519847
0.4519995983229985
0.49718826098963176
0.3917857053197098
0.2612281274320287
0.41941355157783755
0.3139607862827304
0.4218989280245023
0.2913664549494138
0.39930459669118573
0.48212537343408735
0.3013832751738509
0.32144202043531744
0.3540406195867748
0.34903220947455627
0.29376396455200465
0.40167700148118396
0.2961991313734843
0.2911405116360807
0.4994727989355559
0.431639595310421
0.4767906007581654
0.3462330228704843
0.49179072628222836
0.4364722717344915
0.29332463033163464
0.46397459392965634
0.4463510154896694
0.5291341350136821
0.6495744734265558
0.34324555017196795
0.4385810759922677
0.4711420179248362
0.45346822985966406
0.4985941304948158
0.4809454472422363
0.4632716591770642
0.4205181633319107
0.3777646674867572
0.34752592071900185
0.3549946024652926
0.45026736625411096
0.3321994326312354
0.5279039991966461
0.3219692214997615
0.5678708608440238
0.3619360831471393
0.29402756508422667
0.37679813220194314
0.42186127080561353
0.2284286897798308
0.2484372254161123
0.21818592624206062
0.4013255341048879
0.2329977656716793
0.29065096779052546
0.2352948560238998
0.3682248387015791
0.26265910174980545
0.1570933647980318
0.16448673210654485
0.2095498707102152
0.25461300931388553
0.14904727236211182
0.18154545226319885
0.3395802475334522
0.3595385735445485
0.26651269048276555
0.18605176612356591
0.2938769362086712
0.15065398036803657
0.19566690934652173
0.25328245424647905
0.2732407802575754
0.2931865538623754
0.23779278487686092
0.13222704792508724
0.08941832149223006
0.17209349032209476
0.1543945974443301
0.3123917354956945
0.21937840484020787
0.15143222955840635
0.09607486255115107
0.12854919288027514
0.19871714407651947
0.26884743805387495
0.12562448221324027
0.22087214118946602
0.2156879973890995
0.36117038636306587
0.3183415760801346
0.31315743227976806
0.40844274847488266
0.2400898752290814
0.5236236286496122
0.29249617151607965
0.3626390178997314
0.3198102076168002
0.40251801270303517
0.32203198353124296
0.2289935480631637
0.3242914166645746
0.5324730750884945
0.4519995983229985
0.45939296563151155
0.4165767077548766
0.4616272939522506
0.4439158486681897
0.702369894308739
0.584239198654382
0.6669218989280246
0.7747470690131298
0.7319308111364949
0.7644540958501745
0.809479577234956
0.7792282780609043
1.0
0.7187005749002084
0.864195516280471
0.8339191122938268
0.9292169808952376
0.7608641076494365
0.7933999447694123
0.813333165967916
0.89607862827304
0.8532749228027013
0.7225918208520574
0.7927974292671905
0.6872191399091206
0.656967840735069
0.6895287826676374
0.5714106394195767
0.7043531745035524
0.5234729997740567
0.5685612431903196
0.4253508397559812
0.4202545627996887
0.44023799362337757
0.4978786433359275
0.35468079230788546
0.31191474405643566
0.3319107272864208
0.4774307734792759
0.5225315693018352
0.3793211658674968
0.48718399317149097
0.4569954560289207
0.3891371475911932
0.37150101674491004
0.2785504481209048
0.5244771922777597
0.36876459217231944
0.43900785780634155
0.4087942158511787
0.4413802625963398
0.5492932995255191
0.44377777219893055
0.4889287776466749
0.38342580272638266
0.34072251650641433
0.2226671352898351
0.45612933999447697
0.513820199332212
0.3707102151482439
0.4409660331885623
0.3856977882660106
0.2677051690809128
0.37561820601009216
0.32036251349383676
0.4031958426430347
0.32287299475309417
0.41825873019857907
0.4006853613837773
0.4584264303466975
0.4408530615318957
0.2349935982727889
0.4308236889011623
0.36306579971380515
0.44592423367559564
0.42837596967338637
0.38573544548489946
0.4811713905555695
0.4887404915522306
0.4712173323626139
0.6043230487284412
0.4989330454648157
0.4437652197926343
0.313245299123842
0.5593477769688451
0.5292973162955339
0.4490497828433711
0.30600256069088444
0.42659352797931366
0.4718826098963172
0.49204177440815405
0.49968618984259283
0.4445309165767078
0.6404739788617477
0.610436070594733
0.5427911530640424
0.600632641277333
0.4576481811563277
0.5657495041799514
0.6110511385032511
0.731717420229458
0.6389676901061934
0.5838751788717897
0.5789922928225342
0.6243692415836117
0.7324831170135315
0.7150729294805814
0.6098084502799187
0.667725252930987
0.5122511485451761
0.6706123063791328
0.6155700047699144
0.6107498807521403
0.6812567469183843
0.4756106745663144
0.5963397183240028
0.6166495117113951
0.7248387015790927
0.5317826927421987
0.7152988727939146
0.6602816759972887
0.5551050636406999
0.6507795044309994
0.482853412999272
0.5533979363844048
0.6239801169884267
0.6067080059247357
0.6521728215298873
0.48428438731704865
0.5548665679210704
0.41209549870710216
0.5203474506062812
0.37760148620490547
0.5486280219918158
0.43099942258931034
0.501619260412221
0.43421283860115983
0.3040192804960711
0.5629503175758793
0.4453468229859664
0.32773077598975725
0.4988200738081491
0.36866417292194914
0.4895940551803781
0.44731755077448343
0.39250119247859816
0.3878944593678608
0.48373208144001206
0.366166244068988
0.3992543870660005
0.4574473426555872
0.5909547360228955
0.4608867019807697
0.39358069942007884
0.6024276353777019
0.48493711244445564
0.5933522456254865
0.5386363065799714
0.45881555494188236
0.6049506690432556
0.5753646474029072
0.5708583335425401
0.641704114678784
0.3861998845178621
0.6202143950995406
0.477694374011498
0.47323826977631617
0.48135967665001383
0.5145733437099892
0.6105866994702885
0.6061682524539955
0.589222503954008
0.4718449526774283
0.5176863404714683
0.4379785604900459
0.5716742399517988
0.4920292220018578
0.6131850475736199
0.4707528933296513
0.49151457334370996
0.386764742801195
0.18163331910727287
0.6041096578214044
0.34875605653603803
0.3444631335827078
0.2899605854442297
0.473978861747797
0.38184419953305054
0.3148269023171742
0.27292697010016825
0.1933698189943012
0.3648858986267668
0.22259182085205736
0.20579670122762533
0.3020234478949615
0.28529109030201094
0.3187683578942083
0.21418170863354505
0.2225541636331685
0.0803316345743479
0.22682198177390608
0.19757487510355737
0.2562197173198102
0.2395375693520448
0.10991640097406674
0.08072954585394021
0.15194687821655412
0.24827404413426055
0.15635277282655086
0.21504782466798888
0.02273491828383501
0.10655486656792107
0.14017272111063692
0.23660030627871365
0.19492631737504082
0.27878894384053426
0.23714005974945399
0.157846509175809
0.21666708508020988
0.2629101498757312
0.17110185022468807
0.2675796450179499
0.20088871036577716
0.20953731830391883
0.18052870735319962
0.11386915371676751
0.18529862174578868
0.3697185750508373
0.26544573594758114
0.23648733462204705
0.10713227725755028
0.10328119900584942
0.14967489267692619
0.058010945698290364
0.14209323927396883
0.1508422664624809
0.07175708583335426
0.20608540657243993
0.23996435116611856
0.19857906760726032
0.1069678407350689
0.015394271081766374
0.04932970150377827
0.1711646122561695
0.20513142369392212
0.21401852735169333
0.47395375693520453
0.3196595787412447
0.39134637109933973
0.3124042879019908
0.2962242361860769
0.38050109205934785
0.42710817663746137
0.3984133758441493
0.23166721060427284
0.3410739838827103
0.42538849697487013
0.30887706173273416
0.16729847111691312
0.21399342253910072
0.37367258303416767
0.28231617000979087
0.3416011849471544
0.3004543971079256
0.2844500790801596
0.39398237642156
0.2775839128360907
0.2867220646197876
0.2582281023272161
0.46820475485150503
0.21378003163206385
0.33594004970752894
0.4455602138930033
0.4421961690055984
0.5016443652248136
0.32257173700198327
0.39458489192378177
0.2908643586975623
0.36290261843195337
0.19643260613059527
0.29361333567644915
0.3154545226319886
0.500527201064444
0.33411995079456736
0.15516029422840358
0.37792784876860896
0.38729194386563903
0.47198302914668744
0.2679938744257274
0.39036728340822935
0.27427007757387095
0.18327768433208647
0.3433459694223383
0.29003589988200734
0.14888409108026007
0.27133281450053975
0.31847965254939375
0.39075640800341427
0.2371024025305651
0.259182085205734
0.3314964978786434
0.20298496221725704
0.23766726081389805
0.2974669244094093
0.21919011874576358
0.21625285567243238
0.31374739537569357
0.23553335174352924
0.24516104737278135
0.26739135892350563
0.16408505510506366
0.2993121281349635
0.27137047171942863
0.1304446062310145
0.1276328672206462
0.25034519117314796
0.2099013380865112
0.3954007983330405
0.40517912283784807
0.12628975974694348
0.18630281424949163
0.10825320713980871
0.2938392789897824
0.3790073557100897
0.21312730650465694
0.1602440187783998
0.22035749253131826
0.2930233725805237
0.31550473225717374
0.14969999748951873
0.19729872216503905
0.23237014535686493
0.31765119373383877
0.4908241909974142
0.47572364622298097
0.548502497928853
0.5208746516707253
0.6187959731880601
0.6288378982250898
0.7393241784450079
0.6364446564406397
0.5586824994351418
0.3930534983556348
0.3153164461627294
0.3254587904501293
0.22264203047724251
0.3708859488363919
0.3308563251575327
0.40381091055155277
0.4265684231667211
0.436798634298195
0.35916200135565995
0.29410287952200437
0.39223759194637614
0.40251801270303517
0.24962970401425955
0.41056410513895514
0.4208821831145031
0.24293927145833857
0.22817764165390508
0.37662239851379514
0.3995556448171115
0.2593201616749931
0.533326638716642
0.2675921974242463
0.13994677779730377
0.3010192553912585
0.3114879622423619
0.3972836592774835
0.4830793563126051
0.38061406371601436
0.3785805738960159
0.22593076092686973
0.33690658499234305
0.4353300027615294
0.43335927497301235
0.4439409534807823
0.2662616423568398
0.27688097808349865
0.4130369291793237
0.29815730675570506
0.3464715185901137
0.357153616348254
0.5184645896618382
0.278123666306831
0.42691989054301704
0.2870233223708985
0.4232922451233902
0.4340496573193081
0.3444129239575227
0.2924334094845982
0.42876509426857135
0.4144679034971004
0.5006150679085181
0.3357266588004921
0.3968066678382246
0.40767705169080914
0.39345517535711594
0.3792584038360154
0.4403886224989331
0.3006803404212588
0.349283257600482
0.3978987271860016
0.20804358195466074
0.3319985941304949
0.2927848768608942
0.2787010769964603
0.30228704842718346
0.33843797856049007
0.3997062736926669
0.41077749604599206
0.3088896141390305
0.5082720357492532
0.30600256069088444
0.3171239926693947
0.32827052946049756
0.2766675871764617
0.18741997840986116
0.44965229834559284
0.3980870132804459
0.4846233022870485
0.307559059071624
0.29370120252052323
0.35515778374714435
0.2534581879346271
0.41537167675043307
0.3388019983430824
0.4128737478974719
0.13550322596841816
0.38533376848341827
0.40924610247784504
0.44571084276855877
0.24370496824241206
0.29275977204830167
0.39203675344563554
0.40345944317525667
0.38978987271860016
0.23805638540908292
0.37504079532046297
0.4492882785630005
0.47332613662039014
0.5475987246755203
0.4084929581000678
0.5455401300429293
0.33114503050234734
0.27994376521979264
0.5049079908618482
0.37842994502046046
0.0762157005497954
0.22590565611427713
0.3128436221223609
0.4123590992393242
0.29848366931940856
0.1469761253232245
0.5352346044736777
0.4339492380689378
0.26992694499535563
0.4197273617352447
0.24317776717796805
0.2925840383601537
0.41731729972635756
0.2659101749805438
0.3404714683804886
0.35227073029899836
0.38918735721637837
0.5516405995029247
0.28733713252830567
0.3745010418497226
0.36125825320713983
0.18485928752541864
0.2595084477694374
0.30907790023347476
0.39631712399266944
0.3956895036778551
0.29466773780533734
0.2940652223031155
0.15541134235432932
0.49376145407074534
0.2421484698616725
0.31692315416865413
0.3038435468079231
0.3409735646323401
0.3655762809730626
0.5282680189792384
0.42735922476338717
0.42689478573042455
0.5770717746592022
0.5013054502548139
0.32514498029272215
0.4879120327366756
0.5000502096251851
0.43689905354856523
0.5871388045088244
0.3106092938016218
0.32281023272161274
0.3224587653453167
0.5606281224110663
0.33435844651419677
0.2838350111716416
0.35884819119825273
0.39621670474229914
0.5465694273592248
0.43333417016041975
0.470740340923355
0.49560665779629964
0.35729169281751316
0.4574975522807722
0.45728416137373534
0.5449627193533
0.34393593251826377
0.36886501142268974
0.5318831119925691
0.46897045163557854
0.2679938744257274
0.44360203851078256
0.4309366605578289
0.5814525644566063
0.531142520021088
0.63147390354731
0.3426932442949313
0.20455401300429293
0.3802374915271257
0.4680666783822459
0.34250495820048704
0.41779429116561645
0.3550197072778852
0.4554389576481812
0.41779429116561645
0.31738759320161675
0.30486029171792234
0.5433936685662641
0.4681294404137274
0.39287776466748675
0.4933597770692642
0.43068561243190323
0.4809831044611253
0.3555469083423292
0.44352672407300486
0.31811563276680144
0.4437652197926343
0.31837923329902346
0.2557552782868476
0.532058845680717
0.23096427585168075
0.3943212913915598
0.19365852433911582
0.18129440413727313
0.2693620867120227
0.20680089373132832
0.30743353500866116
0.18213541535912434
0.35810759922677177
0.23282203198353124
0.333492330479753
0.32119097230939175
0.1833781035824568
0.20875906911354908
0.2592448472372154
0.35995280295232596
0.2598348103331409
0.28524088067682574
0.47384078527853796
0.28586850099164013
0.33640448874049156
0.3367434037104913
0.33708231868049104
0.3248813797605001
0.28757562824793514
0.32559686691938844
0.36363065799713806
0.32635001129716573
0.4899078653377853
0.2518012703035172
0.2647553536012854
0.13963296763989658
0.19024426982652573
0.26597293701202523
0.15342806215951596
0.3295885321216077
0.3300153139356815
0.34300705445233853
0.2555920970049959
0.3438982752993749
0.4573343709989205
0.34481460095900385
0.20721512313910576
0.30809881254236443
0.25836617879647533
0.29651294153089147
0.3346471518590114
0.2723746642231316
0.38584841714156604
0.26082645043054753
0.18601410890467704
0.3873672583034168
0.26235784399869455
0.27542489895312927
0.3387015790927121
0.30157156126829515
0.5154896693696182
0.22732407802575755
0.37848015464564555
0.0777684332086461
0.2917053699194136
0.35500715487158885
0.30534983556347756
0.18037807847764417
0.21858760324354182
0.2693620867120227
0.26991439258905936
0.2955840634649663
0.2835965154520122
0.3469234052167801
0.2972911907212613
0.2601988301157332
0.03483041699093716
0.36177290186528754
0.37490271885120374
0.350375316948259
0.3384003213416012
0.16324404388321243
0.3144503301282856
0.25227826174277607
0.3783797353952753
0.41661436497376547
0.354442296588256
0.40524188486932944
0.4685813270403936
0.4817236964326061
0.3693294504556524
0.19418572540355988
0.433258855722642
0.22045791178168855
0.2837973539527528
0.4726734114929832
0.4858032284788994
0.44872342027966766
0.4241960183767229
0.362011397584917
0.3249315893856852
0.2752993748901664
0.40138829613636934
0.22623201867798057
0.2770065021464615
0.6039339241332564
0.35345065649084934
0.40422513995933024
0.29180578916978384
0.4680917831948384
0.21759596314613514
0.3813295508749028
0.26889764767906005
0.5456028920744107
0.39551376998970705
0.3458313458690031
0.3714633595260212
0.4724098109607612
0.3474129490623353
0.4608992543870661
0.3609946526749178
0.31128712374162126
0.3745512514749078
0.4378153792081942
0.6014862049054804
0.20029874726985164
0.4141666457459895
0.31422438681495246
0.3774508573293501
0.45322973414003465
0.1775412346546833
0.42902869480079336
0.4169281751311727
0.22906886250094147
0.31737504079532053
0.3428940827956719
0.23033665553686644
0.34370998920493057
0.4319785102804208
0.3068435719127357
0.30723269650792057
0.2824919036979389
0.3330655486656793
0.4464012251148546
0.2961112645294103
0.28389777320312304
0.3846433861371225
0.347312529811965
0.3099565686742149
0.22239098235131674
0.34820375065900133
0.3359274973012326
0.373860869128612
0.33645469836567676
0.4120201842693244
0.26162980443350997
0.2618431953405468
0.27460899254387067
0.31246704993347224
0.3879697738056386
0.31283106971606456
0.3506514698867773
0.3131448798734717
0.37604498782416595
0.22554163633168478
0.2507594205809254
0.41404112168302665
0.4517736550096654
0.3639821253734341
0.46445158536891523
0.3515301383275174
0.28879321165867494
0.22604373258353627
0.4017774207315543
0.3264378781412397
0.3264002209223508
0.23849571962945298
0.23842040519167526
0.3513167474204806
0.47674039113298017
0.30089373132829567
0.3760826450430548
0.28806517209349036
0.4259784600707956
0.3253709236060553
0.5636658047347677
0.2872869229031205
0.37492782366379634
0.4123214420204353
0.24886400723018604
0.33644214595938043
0.6122812743202872
0.47386589009113045
0.41075239123339946
0.36017874626565916
0.28446263148645595
0.4346898300404188
0.3589360580423267
0.3584841714156604
0.4333216177541235
0.294743052243115
0.35699043506640227
0.3941079004845229
0.129942509979163
0.3050862350312555
0.2919313132327467
0.34150076569678406
0.1902191650139332
0.23975096025908169
0.2516004318027766
0.16300554816358295
0.450970301006703
0.2493535510757412
0.33641704114678783
0.23516933196093692
0.1590013305550674
