0.28653102039041783
0.25433676796661014
0.23518542672057738
0.2442937263597235
0.22946828398765273
0.31033433328985693
0.24342419894787184
0.2156232337724447
0.2552280335637581
0.2600756488848311
0.20835615842789446
0.17409025694535019
0.26374940219990434
0.1708077909656102
0.31044302421633846
0.28924829355245424
0.2593582887700535
0.23601147776183642
0.2018325290204774
0.28066171036041915
0.26605364984131125
0.21229076996652319
0.20858440937350547
0.3417894874135907
0.23812008173557675
0.26048867440546064
0.27416199295682797
0.17269683926785792
0.24727185774531543
0.2827268379635668
0.2399895656710578
0.25155428024868487
0.230533455067171
0.17472935959306116
0.31681231250815184
0.33928959610451725
0.26179296552323816
0.26255380200860834
0.2524672840311291
0.2989217860093039
0.2932046432763793
0.28096604495456723
0.2883135515847137
0.2609016999260902
0.26174948915264556
0.26914047215338466
0.20479326985783228
0.26220599104386766
0.31526890135211516
0.2922264249380462
0.24531542106864918
0.3114647189252641
0.2993565497152298
0.3546584931089953
0.32950741272118605
0.30439980870396943
0.32494239380896484
0.3476370592582931
0.3312682057301856
0.36702752054258514
0.3441589496108865
0.3995478457458372
0.3440285204991087
0.40159123516368855
0.39830876918394853
0.41459066997087085
0.35698447893569846
0.38633102908569195
0.3765923220729534
0.36898395721925137
0.39835224555454113
0.41689491761227776
0.3245511064736316
0.4235250641276467
0.4333724620668667
0.4736533194208947
0.4770444763271162
0.3912873353332464
0.38813529846528416
0.41978609625668456
0.47752271640363464
0.43743750271727316
0.5060649536976654
0.48558758314855877
0.46293639406982307
0.5098691361245163
0.4959349593495935
0.4733272466414504
0.4724577192295987
0.5259119168731795
0.5141950349984783
0.524238076605365
0.553845484978914
0.5421720794748055
0.5804530237815747
0.560106082344246
0.6049736967957915
0.5759097430546498
0.5468892656841008
0.5483239859136559
0.6062345115429764
0.5424764140689535
0.6243206817094908
0.614929785661493
0.596800139124386
0.5591713403765054
0.6301899917394895
0.5621494717620974
0.5918873092474239
0.5499108734402852
0.6731881222555541
0.6203643319855658
0.5849310899526108
0.5973435937567932
0.6271901221686014
0.5569975218468762
0.5998869614364593
0.6362332072518586
0.5986913612451633
0.6263858093126385
0.6389070040433026
0.5470414329811748
0.6117125342376418
0.6002999869570887
0.6736881005173689
0.6166471022999
0.5443893743750272
0.6177992261206035
0.6455588887439677
0.6537976609712621
0.7141863397243599
0.6876440154775879
0.5698230511716882
0.614995000217382
0.6971653406373636
0.6902308595278466
0.6224294595887135
0.6306899700013043
0.7172514238511369
0.6124951089083084
0.6012564671101256
0.6052345550193471
0.6874483718099214
0.558845267597061
0.6193426372766402
0.5864092865527586
0.6404069388287467
0.6596452328159645
0.6202121646884918
0.6264075474979349
0.6456458414851528
0.5627798791356897
0.5863875483674623
0.6513195078474849
0.5945393678535716
0.5986261466892744
0.615755836702752
0.5611495152384679
0.5978653102039041
0.6737098387026652
0.6126037998347899
0.6841224294595887
0.6143863310290857
0.6011477761836442
0.6835137602712926
0.6094082865962349
0.7070562149471762
0.6807964871092561
0.7154254162862485
0.669601321681666
0.6738185296291467
0.5845398026172774
0.6257119255684536
0.7277292291639493
0.6450154341115605
0.6775140211295162
0.6708403982435547
0.649015260206078
0.6358853962871179
0.5966479718273119
0.6639711316899265
0.5790835181079084
0.6529281335594105
0.6311247337072301
0.6006477979218295
0.5310203904178079
0.5679318290509109
0.5657145341506892
0.6352549889135256
0.6026042345984957
0.5569323072909873
0.5743228555280205
0.48082692056867093
0.5286291900352159
0.5112386417981827
0.5417155775835834
0.5873657667057954
0.5504108517020999
0.5873875048910917
0.5743880700839095
0.593974175035868
0.5374983696361028
0.6005825833659406
0.672362071214295
0.6006912742924221
0.6181470370853441
0.5986478848745707
0.5704534585452807
0.5944524151123864
0.6184513716794923
0.6511456023651147
0.5425198904395461
0.6143645928437894
0.5927350984739794
0.6015390635189776
0.5842354680231294
0.5256510586496239
0.5931698621799053
0.5345854528063997
0.6021259945219773
0.6000608669188296
0.5263032042085127
0.6003217251423852
0.6157123603321595
0.5593235076735794
0.5942567714447198
0.611799486978827
0.6097995739315681
0.47952262945089347
0.4666318855701926
0.5581279074822834
0.5278683535498457
0.5975827137950523
0.5151949915221078
0.6044954567192731
0.5590191730794314
0.6287770096952306
0.5659101778183557
0.5965392809008304
0.6206469283944176
0.7404243293769837
0.6427981392113387
0.6604278074866311
0.7279900873875049
0.6325594539367854
0.6979913916786227
0.6721229511760358
0.6571453415068911
0.6964914568931785
0.790204773705491
0.7491413416807965
0.836289726533629
0.8365288465718882
0.756336681013869
0.7413808095300205
0.8307247510977783
0.8331376896656667
0.8311812529890006
0.8336159297421852
0.7599669579583497
0.8536802747706621
0.7974218512238598
0.8389635233250728
0.8435720186078867
0.7916394939350464
0.8418981783400723
0.7747706621451242
0.7837050563018999
0.7731185600626059
0.7842267727490109
0.7366636233207252
0.7325768444850225
0.643711142993783
0.6678840050432591
0.6746663188557019
0.7118820920829529
0.6621233859397417
0.7189470023042477
0.6431242119907831
0.5738228772662058
0.6066910134341985
0.6221686013651581
0.6267770966479718
0.6727098821790357
0.670796921872962
0.6123429416112343
0.6278205295421938
0.7085126733620278
0.5979305247597931
0.5916699273944611
0.6484500673883745
0.6421677318377462
0.6881005173688102
0.6166253641146038
0.5994739359158298
0.5866918829616103
0.6630581279074823
0.6980783444198079
0.6244293726359724
0.6855354115038477
0.6749271770792575
0.6164731968175297
0.6471675144558932
0.6234946306682319
0.6976653188991783
0.6913829833485501
0.7242293813312466
0.696230598669623
0.633428981348637
0.6271249076127126
0.6860571279509587
0.749336985348463
0.699578279205252
0.7106647537063606
0.7195774096778401
0.685035433242033
0.641776444502413
0.7050345637146211
0.7052519455675841
0.6554497630537802
0.696969696969697
0.7515325420633886
0.719120907786618
0.719338289639581
0.6782313812442937
0.7284465892787271
0.6960349550019564
0.6940567801399938
0.7289900439111344
0.6313638537454893
0.7076431459501761
0.7012955958436591
0.627537933133342
0.7233815921046911
0.7126864049389158
0.6780574757619234
0.715164558062693
0.6283639841746012
0.7067736185383244
0.6938611364723273
0.7418590496065388
0.7680535628885701
0.7899221772966393
0.7335550628233555
0.7836615799313074
0.7033824616321029
0.7860745184991957
0.781835572366419
0.7515108038780922
0.8081387765749315
0.7539020042606843
0.7539889570018695
0.7605756271466458
0.6758836572322943
0.7889874353288987
0.7216642754662841
0.663036389722186
0.7696187122299031
0.7131646450154341
0.7610321290378679
0.7110777792269902
0.7850310856049737
0.6502978131385592
0.7394461110386505
0.7155558453980262
0.741641667753576
0.7655536715794966
0.7307943132907265
0.7025346724055477
0.6438198339202644
0.7090126516238425
0.6611886439720013
0.6807095343680709
0.6959045258901787
0.7001869483935482
0.7197078387896179
0.6609495239337421
0.6022129472631624
0.6347332724664145
0.5868440502586844
0.5889309160471284
0.610603886787531
0.5931046476240163
0.5560193035085431
0.6081039954784575
0.5449328290074344
0.6121907743141602
0.5642363375505413
0.522825094561106
0.5661275596713187
0.6246684926742316
0.5592800313029868
0.654754141124299
0.5350202165123256
0.5609103952002087
0.5911482109473502
0.5779096561019087
0.6081257336637538
0.5470414329811748
0.638124429372636
0.5509325681492109
0.6202339028737881
0.6743185078909613
0.5588670057823573
0.6129516107995305
0.5952784661536454
0.7406199730446502
0.5773009869136124
0.6269944785009348
0.5614538498326159
0.6285378896569714
0.5347158819181774
0.5496065388461372
0.48619625233685493
0.5771488196165384
0.544150254336768
0.5785835398460937
0.47600104343289423
0.5256293204643276
0.5730403025955394
0.5269553497674014
0.5439546106691013
0.5826485804965001
0.4365462371201252
0.5165210208251816
0.5356071475153255
0.437350549976088
0.4107647493587236
0.49504369375244556
0.44237207077953133
0.37880961697317506
0.4174166340593888
0.40819964349376114
0.42069910003912875
0.4592626407547498
0.3630711708186601
0.3624842398156602
0.42713360288683105
0.31346463197252294
0.50849963045085
0.3752880309551758
0.38337463588539633
0.415351506456241
0.34946306682318157
0.45967566627537937
0.3285944089387418
0.3561584278944394
0.2967914438502674
0.37433155080213903
0.367092735098474
0.370744750228251
0.28520499108734404
0.27574888048345725
0.2967479674796748
0.29813921133863747
0.2669449154384592
0.28570496934915873
0.3196817529672623
0.25151080387809227
0.3376157558367028
0.375896700143472
0.31852962914655886
0.35678883526803185
0.3146384939785227
0.24201121690361288
0.301986870136081
0.3467240554758489
0.2697274031563845
0.34270249119603496
0.27655319333942
0.31472544671970787
0.37028824833702884
0.38670057823572884
0.348745706708404
0.4325464110256076
0.30979087865744964
0.38048345724098953
0.37944002434676755
0.45448023998956566
0.3751793400286944
0.3979826964045042
0.3295291509064823
0.3632233381157341
0.32513803747663145
0.40011303856354075
0.3619842615538455
0.2739011347332725
0.49663058127907483
0.37157080126951003
0.35515847137080997
0.4474370679535673
0.3592669883918091
0.3145515412373375
0.385070214338507
0.3446806660579975
0.4629798704404156
0.3595713229859571
0.4495674101126038
0.3700056519281771
0.3991130820399113
0.3521368636146255
0.4138298334855007
0.35378896569714363
0.3785487587496196
0.40106951871657753
0.3192469892613365
0.40263466805791054
0.333833311595148
0.3040954741098213
0.34396330594321983
0.333833311595148
0.42802486848397897
0.3069866527542281
0.3228990043911134
0.41482979000913006
0.3785270205643233
0.4248510934307204
0.49721751228207467
0.341289509151776
0.32887700534759357
0.3663971131689927
0.3713316812312508
0.4196991435154993
0.35504978044432856
0.3751358636581018
0.44306769270901264
0.41313421155601937
0.4223512021216469
0.30979087865744964
0.3232902917264467
0.41072127298813094
0.2589887396200165
0.4007217077518369
0.3228990043911134
0.36461458197469676
0.28237902699882617
0.2958132255119343
0.2787704882396418
0.2530324768488327
0.27077083605060653
0.2537063605930177
0.356201904265032
0.3021607756184514
0.2633146384939785
0.24185904960653887
0.28342245989304815
0.22716403634624582
0.24261988609190904
0.17764227642276423
0.2669449154384592
0.26716229729142216
0.24344593713316812
0.22622929437850528
0.24157645319768706
0.21131037780966047
0.15707143167688362
0.23981566018868744
0.18342680753010737
0.1400221729490022
0.2096887091865571
0.19452197730533455
0.17938785270205646
0.17941176470588233
0.20551280379113954
0.13165079779140038
0.20555410634320248
0.1229272640319986
0.10989956958393114
0.14681318203556365
0.09241337333159429
0.11626233642015565
0.10753662884222424
0.11179731316029737
0.10952567279683491
0.1855006304073736
0.1527737924438068
0.21568410069127428
0.16336898395721927
0.2132146428416156
0.232620320855615
0.24766314508064868
0.2257293161166906
0.27118386157123603
0.26224946741446026
0.3207251858614843
0.17919438285291944
0.22457719229598713
0.1982392069910004
0.21318855701926004
0.11507325768444852
0.09304378070518673
0.1362114690665623
0.11632972479457414
0.17686187557062738
0.10695187165775402
0.15877570540411287
0.15840833007260557
0.11238641798182689
0.14895439328724835
0.15942132950741272
0.21770792574235906
0.12815964523281598
0.1603365071083866
0.07294248076170602
0.14422416416677536
0.16115168905699753
0.1367679666101474
0.1819355680187818
0.1162210338680927
0.11136689709143081
0.15215642798139212
0.1864092865527586
0.14456980131298638
0.1483739837398374
0.0
0.1146406677970523
0.1836267988348333
0.12652275988000522
0.12592713360288682
0.17966610147384898
0.22688143993739404
0.09582626842311204
0.17562279900873878
0.12280987783139863
0.24172862049476113
0.19105256293204642
0.18603973740272164
0.23753315073257686
0.21727968349202206
0.2361419068736142
0.2745750184774575
0.2369027433589844
0.20139993913308116
0.2506630146515369
0.25644537194035044
0.277444458936568
0.26146689274379376
0.32157297508803967
0.2664666753619408
0.23090300421720794
0.22142515542802488
0.3314855875831486
0.31763836354941094
0.3863962436415808
0.35733228990043914
0.28694404591104733
0.3513325507586627
0.3222251206469284
0.30618233989826527
0.30533455067170995
0.2870744750228251
0.22970740402591194
0.22449023955480196
0.26057562714664584
0.24446763184209383
0.3370723012042955
0.3187904873701144
0.24396765358027914
0.2495978435720186
0.21825138037476632
0.2108234424590235
0.2794661101691231
0.30681274727185776
0.3232685535411504
0.24190252597713144
0.31705143254641105
0.1943828529194383
0.18257467066649277
0.2794443719838268
0.27198817442719886
0.26231468197034913
0.215721055606278
0.24953262901612977
0.24422851180383462
0.28237902699882617
0.31837746184948484
0.32174688057040995
0.28598756575801054
0.32631189948263123
0.35359332202947696
0.3113125516281901
0.4125038041824268
0.385439763488544
0.3540063475501065
0.36172340333029
0.43463327681405156
0.4249597843572019
0.39570018694839354
0.37078822659884353
0.3437241859049607
0.39706969262205993
0.4221772966392766
0.34074605451936874
0.37017955741054737
0.41482979000913006
0.39646102343376377
0.3020086083213774
0.2814442850310856
0.36739706969262204
0.3185948437024477
0.3567453588974393
0.35141950349984785
0.3004434589800444
0.2864005912786401
0.43108995261075606
0.37794008956132347
0.38348332681187774
0.30426937959219164
0.3728533542019912
0.21538411373418548
0.29485674535889744
0.2939002652058606
0.34078953088996133
0.38330942132950746
0.28237902699882617
0.3075301073866354
0.3087909221338203
0.34915873222903354
0.26781444285031086
0.30385635407156214
0.2159971305595409
0.2824877179253076
0.2620320855614974
0.23288117907917047
0.2711403852006435
0.2332942045998
0.30850832572496845
0.30766053649841313
0.31116038433111604
0.27553149863049436
0.285574540237381
0.31300813008130085
0.32089909134385464
0.28529194382852924
0.3366810138689622
0.34894135037607066
0.42424242424242425
0.31261684274596757
0.30533455067170995
0.33720273031607323
0.2560323464197209
0.2987913568975262
0.24590235207164907
0.2147689230903004
0.29668275292378593
0.30470414329811746
0.23883744185035435
0.3294856745358897
0.38972218599191344
0.27822703360723444
0.34502847702273814
0.30963871136037563
0.2895091517760098
0.23242467718794838
0.20361071257771404
0.20959740880831268
0.26559714795008915
0.26944480674753274
0.22331637754880224
0.1424133733315943
0.13326594495891483
0.24368505717142733
0.2563149428285727
0.14940437372288162
0.21207121429503067
0.20953871570801272
0.13962871179513933
0.13278553106386679
0.24335898439198297
0.25392374244598065
0.2710534324594583
0.28168340506934486
0.2705969305682362
0.24646754488935263
0.24629363940698232
0.31135602799878265
0.2220990391722099
0.21764271118647016
0.3349419590452589
0.2935741924264163
0.31526890135211516
0.2891613408112691
0.31959480022607717
0.3805051954262858
0.24359810443024218
0.23933742011216905
0.33074648928307465
0.22653362897265336
0.28755271509934355
0.27905308464849354
0.2205773662014695
0.2903786791878614
0.14065692795965393
0.16051910786487544
0.2282292074257641
0.26990130863875483
0.22246858832224686
0.2228816138428764
0.22331637754880224
0.2803138993956784
0.21344506760575627
0.3031172557714882
0.2036933176818399
0.3216816660145211
0.2853788965697144
0.25994521977305335
0.275879309595235
0.19184600669536106
0.27087952697708795
0.3021172992478588
0.2986174514151559
0.40819964349376114
0.3069431763836355
0.2644232859440894
0.32626842311203863
0.32513803747663145
0.3240293900265206
0.30992130776922744
0.298030520412156
0.26659710447371854
0.3004434589800444
0.37126646667536195
0.307356201904265
0.3108777879222642
0.3296595800182601
0.31802965088474416
0.3129863918960045
0.3884178948741359
0.38128777009695236
0.30898656580148687
0.3215077605321508
0.33842006869266555
0.35320203469414374
0.31585583235511505
0.3459414808051824
0.2826181470370853
0.28672666405808445
0.3060953871570801
0.334202860745185
0.3514847180557367
0.4014390678666145
0.3318768749184818
0.3601799921742533
0.36896221903395504
0.39087430981261684
0.36933176818399205
0.28263988522238165
0.3742445980609539
0.3485283248554411
0.42285118038346164
0.38637450545628454
0.33907221425155426
0.47878353115081956
0.37291856875788015
0.41926437980957354
0.3830485631059519
0.43822007738793967
0.4521325159775662
0.43567670970827355
0.4236120168688318
0.42250336941872096
0.4866527542280771
0.4226120603452024
0.5238467892700317
0.5012390765618887
0.5351941219946958
0.460545193687231
0.44680666057997476
0.5244554584583279
0.5934524585887571
0.5908003999826095
0.5469110038693971
0.5987130994304596
0.5919090474327204
0.5503891135168036
0.5437154906308421
0.5784313725490196
0.5458240946045825
0.6697752271640364
0.5264553715055867
0.5331724707621408
0.5464979783487675
0.5316290596061041
0.5907569236120169
0.597778357462719
0.6309725664101561
0.5359766966653624
0.5432155123690274
0.5396939263510283
0.5731707317073171
0.5415416721012131
0.5643232902917266
0.5676057562714665
0.5818660058258337
0.6418416590583018
0.5932133385504978
0.6620581713838529
0.6309725664101561
0.619560019129603
0.6299508717012304
0.6404504151993392
0.7031868179644364
0.7377505325855398
0.6876222772922916
0.6984696317551411
0.7006869266553628
0.6530150863005956
0.5771488196165384
0.6513847224033738
0.6909264814573279
0.7327507499673928
0.7855093256814922
0.7666405808443112
0.767444893700274
0.6357332289900439
0.5736707099691317
0.6377766184078953
0.6998391374288074
0.6358853962871179
0.6959480022607712
0.6148210947350116
0.6294508934394157
0.8050302160775619
0.811160384331116
0.663036389722186
0.7345984957175775
0.7236424503282466
0.7410547367505761
0.7629233511586453
0.6914264597191426
0.6830789965653667
0.6922090343898092
0.6906004086778836
0.7151862962479892
0.6985783226816226
0.8212034259380027
0.8222251206469284
0.7407286639711317
0.7876179296552324
0.7172296856658407
0.7882700752141212
0.7507282292074259
0.7393808964827616
0.6672970740402592
0.7322725098908743
0.703904178079214
0.6386896221903395
0.6366462327724882
0.6477761836441894
0.5872788139646103
0.5529976957523586
0.5905612799443503
0.6478413982000782
0.6226468414416765
0.6606017129690014
0.5486935350636929
0.6347332724664145
0.6013434198513108
0.4137646189296118
0.6327985739750447
0.6041693839398288
0.5647797921829486
0.6342332942045998
0.6060171296900134
0.62573366375375
0.5521281683405069
0.6091039520020869
0.5248902221642537
0.5516934046345812
0.5808225729316117
0.5253032476848833
0.5177600973870702
0.5016738402678145
0.5335420199121778
0.5155645406721446
0.4977392287291857
0.5300639102647712
0.5016521020825182
0.5038476587974436
0.5040215642798139
0.5434546324072866
0.6286900569540455
0.5380200860832138
0.43880700839093956
0.5897352289030913
0.4516977522716404
0.3877440111299509
0.5065431937741838
0.46028433546367553
0.4989783052910743
0.42478587887483155
0.4725011956001913
0.4268944828485718
0.39017868788313553
0.4470675188035303
0.3280726924916308
0.3744402417286205
0.32533368114429806
0.3372679448719621
0.2798139211338638
