0.2992174001422909
0.4978148185791239
0.2559711352779754
0.31903648744791135
0.3651116305857642
0.2757055256292984
0.4573296744249077
0.18157333062303083
0.3292848189179117
0.23984483517972696
0.268946708676356
0.21336856726632109
0.2763661618728191
0.559575837652878
0.4192499237727411
0.431395467019006
0.32493139546701905
0.1676881119354948
0.26452552766202525
0.3782396585018803
0.2548531354812481
0.11447470948944677
0.34680014906663953
0.3080428227800928
0.13379916658196972
0.45075719077141985
0.2595284073584714
0.32240742622895285
0.18197987600365892
0.29564318867093536
0.23994647152488396
0.2180607785344039
0.3317071518108209
0.17430633194430328
0.30490903547108444
0.3507639665277636
0.36274011586543353
0.3408205440932344
0.3019615814615307
0.2461632279703222
0.2750448893857777
0.2869871599417285
0.3497306636853339
0.3616559948504252
0.3905207168750212
0.36855032693024353
0.3973981095639801
0.3245926076498289
0.26872649659518244
0.3483416336348545
0.17388284717281569
0.37209065961988
0.4855845783785615
0.3111257919165227
0.3906901107836162
0.2500931666497273
0.3974489277365586
0.3584205711962598
0.2686079208591659
0.4328522546329234
0.47855473117186703
0.3379069688653996
0.4343598604194193
0.39529762509740146
0.3223904868380933
0.418843378392113
0.29510112816343126
0.3407189077480774
0.45412812955246135
0.34727445201070567
0.44367652539214686
0.43849307178913843
0.5010163634515703
0.39412880712809567
0.3888945353525088
0.38364332418606234
0.48004539756750353
0.4917335772605617
0.4695090964528915
0.3964833824575668
0.5267134193854389
0.538367720296778
0.46530812751973444
0.5277806010095877
0.6749161500152455
0.6865535115357252
0.5626588067893079
0.692854964935461
0.6028221025171935
0.6652098790527493
0.6429345800725006
0.7392350171087848
0.6491852152996578
0.7793474946640919
0.6892468746823864
0.7177558694989328
0.7462648643154792
0.7747230409594471
0.6338381271809466
0.8317240912016804
0.5383169021241996
0.8378222719111021
0.8662635091642104
0.6575871531659722
0.7198902327472305
0.7483484093911984
0.6412575803774097
0.8052139445065555
0.6981061761019073
0.6926347528542874
0.5516820815123489
0.7494664091879256
0.7100823254395772
0.7215333536606023
0.41116983433275744
0.6258596740861198
0.5356574177592573
0.47931700376054476
0.47381170173120574
0.6037876477961852
0.5474811125791916
0.3895043534234509
0.5194802994884303
0.5986211335840363
0.5422637801944642
0.6383440051495748
0.429481315851882
0.45778703797811426
0.41835213605718735
0.4805366399024292
0.5596605346071756
0.5710099264830437
0.5654368668902667
0.6445099434224346
0.45258664498424644
0.6163736152047973
0.4752684893451231
0.6051427990649457
0.3793237795168886
0.5599993224243656
0.5374360537995053
0.29467764339194363
0.54309381034658
0.5374699325812243
0.548734627502795
0.4075956228614019
0.6051766778466646
0.5148050276112071
0.5261036013144968
0.43571501168817967
0.3453094826710032
0.37354744723379746
0.40171765423315375
0.6162211606870617
0.32259375952840735
0.48627909340380115
0.5144323610122981
0.5426025680116543
0.469119490463123
0.49727275807161975
0.25439577192804147
0.5535623538977539
0.3784768099739134
0.5082664227394382
0.5532913236440018
0.49673069756411564
0.6095639800792764
0.6376833689060541
0.4964257885286445
0.5245451773554223
0.6712403021987329
0.5299657824304638
0.3886912626621946
0.5183961784734221
0.4618016736118169
0.4729647321882305
0.5857302571399533
0.5460751431378527
0.7096927194498086
0.5175322695395873
0.49479960700613207
0.48897245655046245
0.5170579665955213
0.3926550801233188
0.4715587627468916
0.4318358911813532
0.6631940915404682
0.28468340278483584
0.4990852728935868
0.4254836196090389
0.41962259037165023
0.2952366432903073
0.2555137717247688
0.4021072602229224
0.24379171324999155
0.424314801639733
0.29987803638581156
0.2431988345699089
0.45753294711522174
0.40085374529931905
0.3780363858115662
0.5585086560287291
0.4340549513839483
0.2418436833011485
0.3884202324084426
0.31478470034217565
0.3766642951519463
0.48936206254023107
0.4665447030524782
0.4945455161432395
0.47172815665548673
0.3133279127282583
0.4429650709760477
0.33543381779991194
0.3803740217501778
0.34056645323034185
0.09751668529999662
0.41347359148965007
0.3397703018599451
0.38471050581021105
0.22631026188298267
0.27123352644238913
0.33304536368872173
0.27633228309110003
0.21958532371175932
0.2644916488803063
0.19080529864146087
0.3034691872480266
0.46691736965138736
0.24075956228614018
0.3026222177050513
0.39831283667039336
0.44318528305722127
0.23401768472405732
0.3635870854084088
0.4423383135142461
0.4194531964630551
0.5659619880069113
0.3906223532201782
0.46937358132601553
0.27709455567977775
0.4574821289426432
0.5532066266897042
0.3269980011518786
0.5751431378527628
0.4845004573635532
0.6310092489074093
0.6589423044347326
0.6191347359148964
0.6809465731612291
0.5903038926720195
0.5843073483077549
0.9002100484466579
0.8773418707863265
0.7528204085781075
0.8145814276518617
0.9102889860080632
0.819595487346275
1.0
0.8415997560727716
0.9033777145373852
0.9990852728935867
0.9253481044821628
0.9363417691499815
0.9642578852864451
0.7719788596402074
0.7829555849171664
0.8786123251007895
0.6016532845478877
0.7142494155910153
0.8099230951654979
0.651539790629129
0.6963952976250974
0.5887962868855237
0.633651793881492
0.6107497374394417
0.45233255412135387
0.2939661889758444
0.6437307314428973
0.5191923298438188
0.36079208591659045
0.507283938069587
0.4505200392993868
0.5292712674052241
0.303113460039977
0.4834502151302639
0.4605650980790731
0.5223938747162653
0.41481180336755097
0.425822407426229
0.36905850865602874
0.6680048785445676
0.35716705627265644
0.43593522376935323
0.48079073076532175
0.5087407256835045
0.5028119388826778
0.37829047667445875
0.23684656299759463
0.5527492631364976
0.3605041162719788
0.3206796083612833
0.3486465426703255
0.42739777077616287
0.4892604261950741
0.6357861571297897
0.46044652234305655
0.3529322085577803
0.3470034217569536
0.4257715892536505
0.36902462987430973
0.5494799607006132
0.42499237727411326
0.4868380933021648
0.27765355557814136
0.3564556018565573
0.41830131788460895
0.48016397330352
0.5759054104414406
0.5361317207033235
0.4794186401057018
0.47354067147745366
0.4507233119897009
0.41096656164244333
0.5914218924687469
0.5178032997933395
0.37641020428905375
0.43830673848968393
0.6356845207846327
0.30799200460751436
0.6747975742792289
0.5164989666971576
0.696954297523461
0.43701934478436155
0.4650709760477013
0.45919300741945324
0.6227767049496901
0.4814005488362639
0.5941491343971271
0.6221838262696073
0.6163736152047973
0.7460446522343057
0.9265508012331877
0.7005454483856761
0.6777789070705018
0.7736219805535793
0.8355693329267879
0.8466815733306231
0.6714774536707661
0.7504150150760578
0.642985398245079
0.7557678625876615
0.6652776366161873
0.6086831317545821
0.7892400989260426
0.9359182843784939
0.4558390080292713
0.602534132872582
0.6814716942778737
0.7434868042145205
0.6699867872751296
0.5456685977572246
0.6754412711318901
0.9407460107734527
0.714808415489379
0.6582308500186335
0.7372192295965038
0.7315106548768506
0.6919402378290477
0.7539553477656943
0.5111122404038351
0.5731951079039198
0.6352440966222854
0.6973269641223703
0.35283057221262326
0.5843242876986143
0.4769963072127927
0.5729918352136057
0.6350747027136904
0.5616763221194566
0.6068367381508961
0.516515906088017
0.6633126672764847
0.589914286682251
0.39799098824406276
0.47704712538537114
0.4544838567605109
0.5504963241521835
0.49410509198089236
0.6409526713419386
0.6014838906392926
0.44343937392011384
0.5225463292340008
0.5847308330792425
0.6130365552054747
0.6921773893010806
0.5002879696446116
0.3253379408476471
0.6416471863671782
0.5006098180709422
0.7322390486838093
0.6250296439340042
0.7211606870616932
0.5970796490158214
0.7609851949723888
0.7385574414744046
0.7669139817732153
0.8461395128231189
0.7220923535589661
0.6319070366229631
0.7450282887827354
0.7734356472541247
0.7171799302097097
0.5931327709455568
0.6893654504184029
0.8024867025781752
0.7462648643154792
0.7577836500999424
0.7523969238066199
0.662279364434055
0.707693871328387
0.6684622420977742
0.5614391706474235
0.5729918352136057
0.669258393468171
0.5114340888301656
0.6416302469763188
0.5515973845580513
0.4446251312802792
0.42234983230003054
0.4678490361486601
0.34397127079310225
0.3725480231730867
0.5027611207100993
0.49747603076193386
0.25505640817156217
0.5038791205068266
0.29535521902632383
0.2900701290781584
0.3525764813497307
0.5506318392790596
0.494596334315818
0.5740759562286141
0.26393264898194263
0.19097469255005592
0.30438391435443984
0.12977267337466547
0.3617576311955822
0.2718772232950503
0.26672764847376085
0.1599620557644747
0.12092353558966021
0.3529322085577803
0.22924077650167698
0.30880509536877054
0.11739336653453943
0.3324863637903581
0.27656943456313315
0.203763932648982
0.33419724226716807
0.14279398312836672
0.12079479621912796
0.33595893891655654
0.314022427753498
0.41062777382525323
0.25314225700443815
0.23120574584137957
0.4464207067113867
0.32284785039129993
0.1315428397194837
0.3467832096757801
0.3248975166853
0.21831486939729647
0.3150218518142088
0.22539553477656943
0.3221194565843412
0.3680082664227395
0.27841582816681915
0.15495815970457702
0.21784056645323033
0.14519768269133043
0.17422163499000576
0.0
0.23228986685638783
0.19360029813327914
0.35816648033336723
0.25173628756309924
0.2638648914185046
0.20826981061761018
0.3051123081613985
0.21567232442321377
0.38030626418673985
0.39248568621472374
0.43859470813429546
0.24751837923908257
0.46302130975370126
0.30589152014093574
0.5213944506555545
0.5844767422163498
0.5459226886201173
0.45655046244537045
0.35027272419283806
0.32869194023782905
0.7306467459430159
0.2855981298912491
0.5689771995799031
0.27641698004539755
0.32264457770098587
0.3688721753565742
0.19492157062032048
0.3258969407460108
0.33831351424602774
0.31685130602703526
0.532557509231968
0.42639834671545207
0.4049700172781786
0.4343937392011384
0.4468780702645933
0.4593454619371887
0.40408916895348446
0.45045228173594876
0.39522986753396344
0.4246874682386421
0.5388928414134229
0.22957956431886709
0.49625639462004945
0.37331029576176444
0.5214283294372734
0.16135955551038386
0.4958159704577023
0.2374394416776773
0.48721075990107393
0.38128874885659114
0.3939763526103602
0.4744045804112884
0.41933462072703864
0.34732527018328424
0.2584104075617441
0.2541924992377274
0.4193854388996172
0.5168208151234882
0.39407798895551716
0.37297150794457434
0.45351831148151917
0.29693058237625775
0.2928143103973981
0.2209404749805197
0.3523732086594166
0.16195243419046654
0.2594945285767524
0.5095368770539012
0.420791408340956
0.26430531558085174
0.22639495883728022
0.2562760443134465
0.21838262696073452
0.3837957787037978
0.3629095097740285
0.2064742351865027
0.2533624690856117
0.5712640173459363
0.3640952671341939
0.19078835925060136
0.2885117051190839
0.45406037198902327
0.39936307890368267
0.32774333434969677
0.3578107531253176
0.303147338821696
0.3332147575973168
0.14308195277297828
0.34259918013348245
0.4065792594098316
0.3350611512010028
0.348256936680557
0.3275908798319613
0.44243994985940305
0.5573228986685638
0.5197513297421825
0.38056035504963237
0.6309923095165498
0.7289866856387844
0.7761798285733646
0.9588711589931227
0.904444896161534
0.8161737303926551
0.5076735440593556
0.4194193176813362
0.4158620456008402
0.5139580580682318
0.5104516041603144
0.49000575939289226
0.5711962597824982
0.41526916692075755
0.5981298912491108
0.3914185045905749
0.5065555442626283
0.43537622387098956
0.36421384287021036
0.5640817156215062
0.3743774773859132
0.5573398380594234
0.4523494935122133
0.43207304265338614
0.32711657688789514
0.5609648677033574
0.42216349900057587
0.33418030287630857
0.31397160958091946
0.48011315513094155
0.4091201680387573
0.4228410746349561
0.4027001389030051
0.38257614256191347
0.5318460548158688
0.223769353254057
0.474726428837619
0.3699562963715825
0.29908188501541483
0.2790256462377613
0.5639123217129112
0.4083917742317987
0.4730833079242471
0.33451909069349867
0.5178371785750585
0.39624623098553374
0.4610055222414202
0.5257648134973066
0.319527729782837
0.5367923569468442
0.5677236846562997
0.530914388318596
0.3586238438865738
0.30490903547108444
0.42060507504150146
0.46856049056475924
0.5673340786665311
0.36123251007893753
0.4092387437747739
0.20315411457803978
0.4036318054002779
0.3839312938306738
0.415048954839584
0.259850255784802
0.3418030287630857
0.4068502896635837
0.4041569265169225
0.28288782735372836
0.5173798150218518
0.4977809397974049
0.4951553342141816
0.47559033777145376
0.42216349900057587
0.5212081173561
0.3153606396313989
0.31278585222075417
0.4288206796083613
0.5109936646678186
0.4068333502727242
0.6584171833180879
0.4526713419385439
0.3993800182945421
0.447741979198428
0.29284818917911715
0.4090015923027408
0.3557780262221771
0.2856150692821086
0.554273808313853
0.3147508215604567
0.3801707490598638
0.2592573771047193
0.27387607141647186
0.39014805027611205
0.438679405088593
0.41947013585391474
0.3833384151505912
0.44885997899515534
0.20948944675949455
0.5460582037469932
0.3914185045905749
0.490869668326727
0.5564759291255886
0.6898397533624692
0.5691296540976386
0.3976183216451537
0.344699664600061
0.5289494189788935
0.5099434224345293
0.4739980350306603
0.4380865264085103
0.45299319036487445
0.3832367788054342
0.29654097638648913
0.5655893214080022
0.4619880069112715
0.27370667750787686
0.4411694955449402
0.35455839008029266
0.420418741742047
0.5371142053731748
0.5521733238472745
0.5164481485245791
0.49766236406138836
0.5805298641460853
0.6803706338720059
0.35672663211030936
0.4735237320865942
0.5225802080157198
0.4022427753497984
0.5190906934986619
0.4496222515838331
0.29545685537148086
0.615628282006979
0.6308906731713928
0.6122912220076566
0.5428905376562659
0.4904461835552394
0.5227157231425958
0.48724463868279294
0.5195311176610089
0.4840939119829252
0.5841887725717383
0.4132533794084765
0.411728834231121
0.4610394010231392
0.44260934376799815
0.45807500762272585
0.4396788291493038
0.539875326083274
0.7247687773147677
0.46927194498085856
0.6372598841345665
0.6866890266626013
0.32960666734424227
0.650099942406071
0.6487447911373108
0.5288477826337364
0.9679676118846766
0.4246027712843446
0.6604837890029475
0.3881830809364095
0.40386895687231084
0.47038994477758583
0.384473354338178
0.6373615204797235
0.43288613341464244
0.4486567063048413
0.5491242334925637
0.6496087000711455
0.5807161974455398
0.7659314971033642
0.7140122641189823
0.4418809499610394
0.5085713317749094
0.7277162313243216
0.7944235525290512
0.6070569502320696
0.5891011959209947
0.6219805535792934
0.6040417386590778
0.6200155842395907
0.7206863841176272
0.7536165599485042
0.5663515939966799
0.6331944303282855
0.7677948300979097
0.733035200054206
0.41030592539892263
0.460260189043602
0.5102313920791408
0.5432632042551749
0.45775315919639536
0.4908188501541485
0.5747196530812753
0.37066775078768166
0.3868448690585087
0.23362807873428873
0.3684148118033676
0.36768641799640883
0.24839922756377683
0.4340380119930888
0.41640410610834433
0.6528780025070299
0.3134295490734153
0.46524036995629636
0.44767422163499004
0.3115323372971508
0.3278788494765728
0.42892231595351826
0.3944506555544262
0.4447098282345767
0.5966053460717553
0.37585120439069014
0.5447199918690924
0.2393027746722228
0.37430971982247513
0.40769725920655897
0.22088965680794118
0.305129247552258
0.44018701087508894
0.3381102415557137
0.3038079750652166
0.5236135108581496
0.3876918386014838
0.4381204051902294
0.6240810380458719
0.31879933597587834
0.5386556899413897
0.3858623843886574
0.2500254090862893
0.3852186875359962
0.3679743876410205
0.469322763153437
0.4012772300708067
0.3671274180980452
0.4176914998136667
0.4513161906697835
0.3833214757597317
0.5694345631331097
0.21350408239319715
0.43351289087644407
0.297811430700952
0.5517159602940679
0.34827387607141647
0.5513941118677372
0.4834840939119829
0.33091100044042415
0.27995731273503405
0.44924958498492396
0.5169055120777857
0.4321069214351052
0.3134634278551343
0.415015076057865
0.3472066944472677
0.39797404885320325
0.46569773350950294
0.16075481925669954
0.330131788460887
0.26235728563200866
0.2962530067418776
0.34707117932039167
0.3470881187112511
0.4995765152285123
0.5165667242605956
0.31334485211911783
0.4319714063082291
0.3134634278551343
0.2627299522309178
0.39832977606125286
0.3984314124064099
0.4662906121895856
0.2631364976115459
0.48346715452112343
0.31420876105295253
0.22964732188230513
0.3483755124165735
0.43324186062269204
0.4842294271098011
0.34888369414235865
0.45070637259884133
0.46783209675780063
0.3494596334315818
0.41742046955991463
0.4515194633600976
0.36704272114374775
0.3842192634752854
0.38445641494731847
0.5371650235457532
0.3002676423755802
0.28358234237896807
0.4701866720872717
0.45351831148151917
0.38604871768811194
0.2847003421756954
0.36970220550868993
0.3191889419656469
0.2686756784226039
0.3367550902869533
0.2693193752752651
0.472913914015652
0.3546769658163093
0.45665209879052754
0.3384320899820442
0.4234847714876173
0.4577192804146763
0.3564556018565573
0.39070705017447577
0.35720093505437545
0.44227055595080805
0.5104177253785953
0.7648981942609344
0.3926381407324593
0.5454992038486297
0.44426940407222953
0.5801910763288952
0.4281600433648406
0.47938476132398283
0.310431276891283
0.5818850154148457
0.4637327641698004
0.32865806145611004
0.4984923942135041
0.4989497577667107
0.6010265270860861
0.7200596266558256
0.41560795473794765
0.5007622725886777
0.5520378087203984
0.28146491852152994
0.38357556662262426
0.31629230612867165
0.5708574719653082
0.41887725717383206
0.3346546058203747
0.5214622082189925
0.4711183385845445
0.48854897177897477
0.3196463055188536
0.4048175627604432
0.3714300233763594
0.23640613883524747
0.2707761628891825
0.5422976589761833
0.4411525561540808
0.40776501676999694
0.577667107090829
0.40876444083070773
0.375376901446624
0.3419893620625402
0.32554121353796117
0.39380695870176513
0.47899515533421416
0.46254700680963506
0.36140190398753264
0.42965070976047703
0.3962631703763933
0.31205745841379545
0.36336687332723516
0.22834298878612327
0.39822813971609583
0.2970830368939933
0.3653149032760782
0.298048582172985
0.3493410576955653
0.3667547514991361
0.21477453670766
0.46933970254429647
0.5883897415048955
0.3686519632754007
0.4199274994071213
0.5389605989768608
0.4039028356540299
0.45517837178575055
0.4048175627604432
0.5068943320798184
0.25324389334959513
0.5247145712640173
0.18636717823627064
0.3392451807433005
0.22109292949825524
0.5094860588813226
0.2050005081817258
0.3578615712978961
0.32438933495951483
0.2739607683707694
0.545380628112613
0.22392180777179255
0.342887149778094
0.5634718975505641
0.39443371616356676
0.42868516448148525
0.5984348002845818
0.6157129789612765
0.14174882271233527
0.6333299454551615
0.3795609309889216
0.532320357759935
0.5495815970457703
0.5159907849713724
0.6179320391638716
0.4657485516820815
0.43215773960768367
0.5848663482061185
0.5512416573500017
0.6531320933699224
0.46703594538740384
0.48419554832808215
0.5521733238472745
0.31522512450452284
0.5017616966493885
0.501948029948843
0.4343598604194193
0.5531049903445472
0.31610597282921704
0.46869600569163533
0.38413456652098793
0.3334349696784904
0.3504759968831521
0.2828200697902903
0.5539180811058035
