0.23760368900228607
0.31390820325233393
0.3904194284403717
0.2894724805314903
0.3287849249078988
0.2910491587969618
0.33053894203786094
0.3856866519439215
0.36259020823350907
0.31043521927011786
0.29208287310894376
0.3489631846125131
0.29679178808716183
0.2921599681863444
0.22004037176023647
0.2961699871788433
0.30781367930259007
0.17663587398677982
0.3173046366919676
0.3849784133478251
0.31602604852197197
0.2550771990265157
0.26130953989829
0.2832745469249679
0.191037048179182
0.33838169102577004
0.34097399041967924
0.28679975310089123
0.20401489765235367
0.3129136939328125
0.18501080395873948
0.2220506672817207
0.31476157394017157
0.2613405846179595
0.2945054655380578
0.2890298629979075
0.2825211609558203
0.33302827182374023
0.2643852537584582
0.3121937207712508
0.3056866133087426
0.34978556917472725
0.3490379840420462
0.27630092054545047
0.2994682836743552
0.28605491699960817
0.3301635025576588
0.3162233651743624
0.2681733357446673
0.21559225968920948
0.2973054390958664
0.28650212460591806
0.3552169522046806
0.3141303400427403
0.2749236890531379
0.28889864603484405
0.3567379030828026
0.23157167715946095
0.3188408235502002
0.3964414843062378
0.38479652554596744
0.24384809847125902
0.3220484551005257
0.3602635702970866
0.3273074929738724
0.44398648552626296
0.40534981875923237
0.34491443464375593
0.33726353540813003
0.36288540595643115
0.40155917094633387
0.4318773640681249
0.382687562871072
0.41032626890506585
0.45448062747335943
0.3600744677518982
0.4166369631742294
0.43469344585860115
0.4498216629190226
0.4068534378952686
0.3590903947815468
0.46181228869810353
0.4627052979689812
0.4212899280371143
0.4931888849261322
0.5109927085783053
0.5244122596927733
0.47776743446615233
0.45786637297008775
0.5096939140570034
0.5635468394771073
0.5527025909976075
0.5922984069982595
0.53792657592979
0.565244662246457
0.5854170262099321
0.6102590818578697
0.5835362714411257
0.5873396581034329
0.6192313579613121
0.6175270197649807
0.4883602081495237
0.6198980895428791
0.8052285880464438
0.6165925062707082
0.6829503347928583
0.5224900591549337
0.6024847197815868
0.5641500314260111
0.6725877065941614
0.5554434082653651
0.6158679880370879
0.4538690284019329
0.4713651583722124
0.47863647387331726
0.5176951318812678
0.4714482962122204
0.5997690949851353
0.4499898517458414
0.46256237648255183
0.5158600763270258
0.3349975707916404
0.5474237847212372
0.40787355439282613
0.4974063731927458
0.5101800713302682
0.5375098499632999
0.45859915599879886
0.47919989720429945
0.46178068579230935
0.4681100517616513
0.5144501860462678
0.530824626498493
0.45151119424620867
0.4770065452608956
0.5464047202778806
0.494101766579205
0.4014401313580014
0.5377681560574449
0.4810835074935311
0.5534423296977826
0.4687905547497542
0.5103831582655028
0.46495319335968943
0.4526735844097403
0.39839695189863406
0.44956677704515674
0.4771945995313822
0.39080191011841614
0.4133834585260987
0.4152277460276247
0.3829752429540365
0.37088573383649004
0.4038784848273868
0.380729678174974
0.4037751699894586
0.37722815609496274
0.3798651139716256
0.40504499777269454
0.4127609803601361
0.45177968600999796
0.4466900199056578
0.5396891053839729
0.5432993417132376
0.5009190466411098
0.47456445364514244
0.47059446677036343
0.4400164044587041
0.5232161169364922
0.40299246084816864
0.4922956269496688
0.4906336105340596
0.4755652147776378
0.46688348602936325
0.5082468670142095
0.5291571936044075
0.4516237140800291
0.40297340973216844
0.38337914503670084
0.40601137179721314
0.45607897363536654
0.46060582906689623
0.5256260354435471
0.4175700725253885
0.397941247727134
0.447583599855259
0.37315519215677095
0.5186147494613369
0.37577145931910094
0.32675211817739325
0.43728338231529484
0.26989934322023873
0.32863813450758017
0.32820165594170936
0.310081664417055
0.4915065300760698
0.35051801790106984
0.39945863614051047
0.29012681059509265
0.3893190217669392
0.362211252191567
0.3449566560543303
0.4148510877411188
0.35824723061532404
0.3452369096754344
0.39927637043814124
0.39042396470908003
0.4060271522140615
0.41860700039695076
0.37842380009434706
0.24087978465550716
0.4309177766112546
0.3111496767693638
0.38768360313119066
0.3888959693357917
0.3487014803810199
0.4242710103621485
0.4074914438827466
0.3428918124233705
0.3269194099021941
0.33862690993131694
0.1707988292600357
0.2741685905485322
0.31483861718594375
0.3849915901452833
0.2218284451008777
0.3430763345147302
0.2774698541523264
0.3687815821025954
0.35459593760041574
0.46159384969517614
0.34078905342692756
0.44665144797916223
0.3307233947551133
0.3709546325451232
0.38124931434447734
0.41044214525262435
0.46588480003394
0.3896449658278718
0.48639890747258197
0.4499090140906812
0.4320871092505842
0.38371216188097723
0.4261921969378727
0.5172265293137394
0.6035908044109359
0.5069653224914098
0.52968245816038
0.588221087337512
0.5113446049671264
0.5926173217514559
0.6614816529745366
0.7475211373878431
0.6771117742635343
0.7529194483355417
0.7409475691422519
0.7252396429497318
0.7646072768300531
0.7032126382109938
0.8648489173918774
0.728044284019564
0.6761374139429306
0.7244994828259148
0.745632185248243
0.7844271516231471
0.7934875569188937
0.7451097132639819
0.744611394427107
0.6336066634141493
0.7530323704405537
0.6558483918358551
0.5905381116838176
0.5450458692470683
0.5698264295795095
0.5624986971687947
0.4407667333994487
0.5266818866422698
0.4457988447240826
0.5455619332379967
0.3215636066982791
0.40403551744631555
0.3912421150648251
0.5191761808160881
0.4820402206601455
0.44400729532953875
0.48179875050225585
0.439110150596682
0.3875893766689038
0.4228439006587855
0.37551585545066324
0.3383794269142242
0.3800428676702518
0.35989067109025236
0.39697347534128713
0.44883825239962016
0.3314283383387167
0.40885728892699735
0.38766097040770353
0.4340810821940365
0.351246657362384
0.45185529545167236
0.4580450783764466
0.5162945174646325
0.3719641807813812
0.45155579332541296
0.4189120363872165
0.4392881802412121
0.4939388674188473
0.4022672329482778
0.35786883239272765
0.4514902344347167
0.46525949452656545
0.5386334110852443
0.4976611522954769
0.5543399377233993
0.4526424190495681
0.384611088610986
0.5030526173261439
0.45014930979234785
0.4680580465855715
0.41373451624989926
0.4920533250962249
0.5341687690175554
0.5529858060529895
0.4922382378352172
0.5151377750434563
0.5347166952775037
0.42661505915523956
0.4437727370622245
0.6214359087730503
0.45526905222576664
0.5426386374457415
0.5484512245442772
0.48847182140053236
0.46364660026052906
0.434464318011202
0.5481246685034264
0.6616377838602727
0.505062660102271
0.6507765979607035
0.6341995354222083
0.6761722869195328
0.68301753199549
0.6486346663137829
0.6944198568180989
0.6057467223411289
0.6223484270302024
0.719619634006269
0.5351640001826002
0.6934477344507002
0.5997061752836561
0.6688932509648087
0.5732691552918272
0.625479862486821
0.6690027288857872
0.6118062952707852
0.5696570377791711
0.5552175557264332
0.7296961943345817
0.5947362355078778
0.6588258400696683
0.6306742312361123
0.5716120965959138
0.614596228333796
0.6132875429927317
0.5724992148583035
0.6882554229191774
0.6562553293025051
0.5686233304341854
0.6295596610343336
0.6230131417486446
0.6218590815748372
0.5121911799696965
0.6119257138699072
0.595768782671368
0.5067971507925152
0.5895277854342477
0.5163546627467814
0.5718323189738663
0.42338215311128863
0.41219176242426375
0.44702871411033795
0.37364424258426143
0.5090864621136253
0.5072563636574363
0.47231210178283267
0.4496429947609717
0.42946135784486883
0.5755295535942295
0.49574882819930366
0.5387414083447412
0.37363353314981984
0.47399534917060315
0.3570904285903975
0.4703196440584107
0.3643005339529331
0.4362281997635935
0.48532840116758447
0.4068998271530115
0.5086163983346516
0.5247037843783687
0.4959186899655976
0.5957512327663851
0.5662395082043663
0.6004378046158114
0.6126082688606815
0.6463341611760276
0.560847195232723
0.6626701624974279
0.511641835841129
0.544288265229855
0.6960198274747162
0.6922239660772481
0.5285027938328491
0.7086649018648409
0.5958112909304176
0.6707005324599892
0.5240796005903464
0.5291348326225468
0.5337083065222332
0.5486752667505961
0.3988373038767871
0.4646945982272051
0.490451908313403
0.5220684734059993
0.4744386720221099
0.474735365599124
0.45338883497682037
0.3879404421328083
0.4314101624054105
0.39484383124913436
0.3567095451002579
0.3595777264881822
0.441870257708724
0.36584726845462184
0.22497675667474165
0.37948556948269163
0.4609792861712051
0.3953059282214231
0.2118120626434172
0.1831094954123268
0.3416782842882131
0.37874020547797793
0.30389604554519767
0.29194754951077134
0.2880229604386991
0.2931930472947281
0.23590971562051127
0.20644330051807236
0.25434995975761554
0.17103581800307383
0.24641717862332968
0.14242673701816466
0.22639529170884024
0.2094019378758083
0.2186899950274684
0.20295442078922493
0.17279308026394505
0.1920422466113639
0.24103463910218323
0.26886704212213475
0.24282432622032815
0.1676653331504463
0.2670159753605835
0.20017307906533408
0.2373955134834779
0.2977075236567635
0.26308440508886977
0.23208669569057488
0.11285473125207945
0.31654328620285666
0.32169455662675295
0.2687771640982086
0.1928035294741392
0.23097523402618542
0.25454799618543966
0.13156006892765795
0.30164443083465786
0.17509520003564844
0.3808635501503141
0.25524123787224995
0.2340524388283334
0.23533141214225922
0.2795336351592952
0.23810478754424846
0.3524386467691606
0.19122261825982348
0.24016554706459267
0.1948912558274612
0.23451217218637616
0.2642386568225682
0.29031833815829583
0.4037391897637756
0.34538634788730804
0.22292793752562043
0.2990074051131908
0.34467476661676866
0.4411903864137099
0.39197706339375826
0.4297210322081395
0.29622315056158327
0.3531197644308228
0.2779703533602615
0.21721606469311153
0.27648794209764027
0.4066458189428358
0.3002056855566059
0.2584363406878632
0.4064944174740088
0.3678320901463398
0.3602826651790516
0.4326476109741383
0.39378780608109654
0.35074720907007656
0.44154588381914917
0.35016036202432327
0.3934648083354742
0.3063186210361193
0.4517402313337653
0.42057383140899396
0.43767165062405855
0.34533670574262043
0.4115145130921992
0.3277673957661066
0.2647707367096742
0.2578083052770355
0.2864461715268741
0.4659307920663456
0.3593546491846704
0.2219308347063973
0.2974604997223962
0.3182435365849921
0.23335227317857551
0.3374209040904562
0.3421651455249747
0.3385065436363611
0.3132666673137848
0.3542450205142529
0.3260283287321194
0.31215995743820946
0.2915858137296824
0.25448959306794217
0.28596114104595094
0.24997266786474753
0.29650398656836063
0.3028349196889845
0.24169611201977392
0.3330248889218065
0.28711739484156706
0.2891666063041547
0.21371578998501234
0.28892074438778126
0.37956667522610554
0.304499423747754
0.20853772448807134
0.25410038115005007
0.18307656236313657
0.1461389075584627
0.26562100853528114
0.18587172202716645
0.22098782335868306
0.3206839608814069
0.22423659266848167
0.31878229464945607
0.3292179054807369
0.33069374371438875
0.29418687976116875
0.138945732321695
0.3914105439467286
0.2726181121877751
0.31342006004666273
0.373340957574411
0.2751110129687353
0.27804462591941165
0.29826595693637625
0.23080994357432094
0.39164495813460537
0.2633672714992309
0.27117552896222324
0.3142433941017577
0.39899355718869123
0.5441112997747756
0.6026190278334064
0.5117457467539192
0.6139112818576132
0.5179250788578955
0.27272478800339267
0.44270236362422344
0.38560119231926065
0.4438930221697407
0.31373005587519065
0.4051201372853492
0.44378286620383756
0.2507444534416394
0.24713539566908846
0.35380790740998147
0.3704676751800042
0.43146309151729106
0.33510239137584175
0.36517618739724755
0.38517185984507046
0.39360023582786013
0.3797378508971071
0.3813805798978025
0.31461241302984383
0.32639364626444756
0.35547321815062655
0.38211691966238026
0.32246112295356927
0.34190119804513097
0.2906158551440692
0.3364660052097519
0.3275897720128969
0.2361596760662803
0.351586757034522
0.4327980760165201
0.34337293051725626
0.3905367547493251
0.3855207005319584
0.3765728526835024
0.2088377417283339
0.33584810421758327
0.2748568831702814
0.40511422498054006
0.16135680906276545
0.4164985582865177
0.28858667098449325
0.4227415596691989
0.3722918871844452
0.5039043601283676
0.46017091432430324
0.4571174365109989
0.3779436547005217
0.4310995234874451
0.4291548601741325
0.3910748148970603
0.40216883253218705
0.4548252095475674
0.505957033904344
0.40066068819487655
0.39034465200642443
0.3433576692319584
0.42739762415657667
0.4645650557715474
0.5089302569508534
0.31997591686305027
0.4006905549443207
0.4115693114310066
0.3383540054597833
0.45097998655641114
0.3713662757631737
0.3158216734929943
0.4044804235330068
0.36034689143401744
0.4713508715935255
0.3927558517215558
0.4170570678942175
0.35302462575134164
0.2608813799038006
0.4931008153567883
0.3249643971684276
0.46285941638117406
0.39635828096882797
0.30192161297273823
0.40668811341236544
0.43592868330230683
0.49796269703590745
0.3562942756241346
0.5049427347951471
0.424129852176652
0.4399849689859884
0.5199277927825747
0.6211240076298212
0.44165101702967735
0.4050707649727328
0.5341088728622941
0.33868187337462813
0.503473762974529
0.4005958801003555
0.5105796895242806
0.47579380625322065
0.3410839995245495
0.518845772246445
0.4544687434709061
0.4132738677376615
0.5056970353396093
0.45560836521214043
0.5715382326442323
0.4587771326255564
0.5055323055500847
0.4079398251818973
0.41601130025033417
0.4929687380695713
0.31692993012509413
0.5524980145137321
0.5401699149721838
0.4272220327890164
0.5615608198857162
0.46509551713302466
0.5305135712020189
0.5170212336072799
0.5517568611030796
0.5215236529294287
0.4392520375985738
0.3963305847504395
0.44965730845985374
0.45759192808945126
0.37999162811051174
0.5388595758496958
0.5019221435349308
0.39653862159270914
0.4183286889542229
0.342042680918812
0.5857871241015521
0.4413690946452483
0.4701453023058084
0.4317130635867125
0.411702181124564
0.5593341875335593
0.31777768319857175
0.4432566414158633
0.43638969084175105
0.48143541324028816
0.46761699655902966
0.4095760990975161
0.6231333347694518
0.36436391874670554
0.4823229980667633
0.5024450866612324
0.4523187397670084
0.4131886501339014
0.5319580395471923
0.5380873629188114
0.5686424534241561
0.6515900110024508
0.5784105163937174
0.5188151186785098
0.7603089192248043
0.5788191759300634
0.47949293177809094
0.44803211320586844
0.37357256328872046
0.557912360559407
0.437222915520793
0.4671793181114664
0.6005022497857537
0.4089959563189135
0.3931534130690634
0.5392788174257963
0.5137749174413042
0.5614322401991249
0.39477404073847416
0.46594451377176416
0.45320795059860486
0.4285010880177127
0.4628573131164027
0.5383310258824371
0.44511059784386664
0.4886042727315108
0.5092694403881081
0.5312053147583251
0.6140683059053502
0.5344545440827062
0.5570633929141353
0.500276325668531
0.4271661700194965
0.45086754962537834
0.5719451446572146
0.42302465627481156
0.41380134077506064
0.39780311345316505
0.36872044355288425
0.3405868516725872
0.48183685784586927
0.4157702851402244
0.44659464887251943
0.4256935010505468
0.4493899119378294
0.412416647137351
0.550772494433244
0.47251691099116244
0.3969447512234117
0.4214460535670336
0.41840875785024106
0.5391194402238276
0.3672607582036991
0.3720923840571906
0.4208907294583003
0.3818411156626991
0.34206196989027443
0.344730727125713
0.3539350279001927
0.4397247938998069
0.32033158196220773
0.40817271011963574
0.4076418292489341
0.36338388789047693
0.419264340466082
0.24497717487072843
0.3394236729093143
0.37000926409314605
0.3830993489324783
0.28657552907227246
0.2598179133582639
0.2679836398323744
0.39625389244052633
0.4085189675345801
0.4441106540423072
0.310609763929643
0.4496236506760065
0.20750059551000716
0.4586307436639637
0.5149402074792934
0.43376536144024364
0.42080431583973305
0.4284940972664785
0.4647608813646459
0.25377465032263163
0.30412331811094584
0.2634818025982812
0.450502698229862
0.3843186752332717
0.32096796250193615
0.28781583328847316
0.4413779277475773
0.46133926717956886
0.37090813986789983
0.33749122135981496
0.4334681790023206
0.35565213904676035
0.3935533583772853
0.3602667193272383
0.3980806211068545
0.3213921487320177
0.30330471312860713
0.4247056430809757
0.27385107278496523
0.3500837837591195
0.16005644158752474
0.40177922897361995
0.2704790079044341
0.41077850811057137
0.27640073759642786
0.3896687922717981
0.4668996218069419
0.378016725830613
0.3536423204859348
0.1967758391922647
0.30636092758367317
0.30268262883885044
0.2560285378120412
0.4527887432601064
0.30917967842228844
0.18906179794797784
0.2426531255732174
0.45111007391798597
0.4032485876784752
0.18574363244573983
0.36376489922788047
0.3129783837356947
0.31431797664239547
0.38985174594024397
0.3100949497968765
0.4652996180842288
0.4860897773327346
0.39198076450412767
0.44953812705831697
0.4021791343660835
0.3980665081226585
0.40534584821780223
0.3197742594661827
0.48912093820804325
0.41075992230799224
0.4069823283648775
0.36478861431268944
0.4185762437929832
0.40073641954760286
0.5269273299139465
0.29698612378124384
0.46236500303232847
0.3929803916672812
0.3161859175515056
0.3648173344758156
0.3807549436519764
0.4463869601817942
0.36560942895262283
0.2998027945760687
0.40827520087764807
0.3308377101660988
0.4533638792791649
0.48752355765480426
0.38537705959724267
0.3617328524845385
0.5451799084934291
0.49484411193513744
0.46056815923049643
0.46727792510156646
0.4427879394695206
0.512991836786787
0.5769150028627139
0.4608397040334649
0.3837431090677674
0.5142225043471752
0.45984427516182547
0.4334121437704589
0.4434230347932224
0.4479959407119934
0.5542589503204594
0.5096096641710604
0.498776297493707
0.4602207505604125
0.4543777035651734
0.47658570684505075
0.5614979730508214
0.48626029474761806
0.5198506912609944
0.3868497416812669
0.41702569432983555
0.4287257219991271
0.3997218975641691
0.47647798798637725
0.44162982310983434
0.4889127210130132
0.48831746925118336
0.3643949378587168
0.5262819935862233
0.48199471236518876
0.38104756166109144
0.4658585078398485
0.3928951178910859
0.3896224258144394
0.4560571117709485
0.4940016058514304
0.35533819341391876
0.5042313537703571
0.46901292892379004
0.5847616850866287
0.33398251415531865
0.41768710967688916
0.4564202591787726
0.4317507299177042
0.45001585092755486
0.43739677385945874
0.4135543942191995
0.4233402310642316
0.33339368985475304
0.40031664377544474
0.40660314764974087
0.5032898271481865
0.3979834077560873
0.5091593694091913
0.3627359664857138
0.3894495516908013
0.4309928241566134
0.41147449186246343
0.43267888048095515
0.4187249407854077
0.28562055474297576
0.3539082934578616
0.26568432083042337
0.36005113682299705
0.1955290419726391
0.3190625297636086
0.3520971341674482
0.37328099651037694
0.3584389348217838
0.4777300764770341
0.4691989326047118
0.35248203607661677
0.4165645594994455
0.43135117760754643
0.4614602279390392
0.3935912465229615
0.5009914201020745
0.4480094911423455
0.37288721468464314
0.420513283207843
0.5434870201087882
0.4636345615245602
0.47338948093401856
0.43532986226844883
0.6048177151716068
0.4247878395806254
0.5005027355561267
0.5665353679206855
0.39995821559425127
0.5512558996985024
0.41125719614121586
0.37258790008177767
0.42263784624050243
0.41718721082226046
0.3943720879071909
0.4260340151485772
0.34558309137969234
0.35692040556674487
0.4137574797905429
0.23423364302200114
0.30685001896148106
0.38394890670669846
0.41964629943123544
