0.36388146638136043
0.30863894845723777
0.2254370931822434
0.22765355038329124
0.34861071238222496
0.3473610474133779
0.3452154767167287
0.33470400421514634
0.30378526440885634
0.29372909563949934
0.402929020892446
0.25833037871678316
0.28366040815475935
0.3271569925753194
0.3298138291200876
0.32235971992787865
0.3566485509604659
0.3257272148984006
0.29310474829579525
0.31799539727371273
0.34244600394696245
0.22440934275975122
0.4139037911360104
0.23510344761176383
0.3335613049965836
0.3308793598820426
0.28439511761207803
0.2578574432191304
0.25144863117586336
0.32116499958797073
0.31073149464551525
0.2860025289218796
0.2133168060601821
0.29101028670127593
0.3550965700658941
0.2308103591124422
0.39979328449853746
0.29631677784117955
0.19827914833946997
0.27686018012018526
0.3382123918609784
0.29675057811163313
0.21802963554491048
0.2549587879607839
0.3454337352587039
0.2437518503744804
0.2628764090469351
0.3016381237758555
0.2537401796082871
0.26770929679767996
0.34872974066172036
0.29194231921268826
0.3137917495771587
0.23198833574587063
0.3476075083887917
0.2110285519536027
0.2524837758548868
0.34781159855308724
0.34300860340413536
0.31978958436037985
0.4059502000893679
0.399892290449086
0.3598809122667077
0.2450423294881508
0.2544045079334581
0.32678276996508615
0.4113107116461573
0.42216498510404166
0.43879486823645114
0.34334280621127555
0.3830128353260256
0.3550334743211403
0.36285180217999835
0.3892720022566899
0.4577828987175434
0.4855069962598636
0.3645497820020955
0.403682981388779
0.44179044423448205
0.4284925780590424
0.48578582151714844
0.5260535465708742
0.5297960633753617
0.4866810379239414
0.46461294330210157
0.5863824812052238
0.62310816943999
0.5295950000537792
0.4844809187867285
0.6712650644149394
0.5767599917818823
0.6914837774214146
0.5777522395937196
0.64531007005039
0.7433249721524149
0.6236861440832471
0.7184338873621645
0.6329322617116842
0.7002474990926207
0.6532377741693207
0.5898379271308385
0.8187037677195348
0.6256833212196369
0.6850855378281674
0.8269690054712333
0.6820144836976902
0.5774205123650442
0.6659197662068999
0.6202324955517415
0.6652855508256785
0.5253235489625745
0.4626797977456458
0.5337308160586031
0.5749975113029245
0.561253989809213
0.46808838730482055
0.5131434547072411
0.45430213547691384
0.6056798392274183
0.4596617332403795
0.4918585447260172
0.49766171289159733
0.5037882926806757
0.5068592398861844
0.5332435593491395
0.4381645205809114
0.44739643074259366
0.4321002273429829
0.44089116184293664
0.5114299463607332
0.5437251305406009
0.37018822825636594
0.5269727283348165
0.456677648014616
0.4467514090123832
0.5490904990571861
0.47632066224458325
0.4815651911842027
0.5278004223668401
0.4439862393602917
0.4819885583875411
0.4878411669003735
0.5077046827840183
0.4669227375884112
0.5217668235839676
0.41096237894040794
0.46065735898467136
0.44565761816924093
0.46799703183992014
0.4339254484078871
0.4053938774648531
0.4742018996482613
0.3834575813230059
0.39157621377497753
0.4024712472362437
0.43705309866134023
0.33564627316936174
0.3407728677874341
0.46064314685676755
0.46995177801479415
0.45126545258421624
0.498163177417081
0.5179671959359853
0.45745743242887205
0.44622334263394126
0.5106710512046996
0.5945268014564546
0.5370882518848492
0.481626187481743
0.5959903526713743
0.5573026825914809
0.509651767209627
0.48998983939722707
0.47547011621158
0.42871138414415766
0.4173328969457776
0.5492381553847644
0.4003843205696054
0.32852710461473356
0.38226716702670144
0.33677718703145476
0.37483639035168165
0.3274377303170593
0.3930094324895398
0.38527922996930686
0.43567687422998286
0.3774902650887552
0.31219298544385476
0.407178372637802
0.29767505126052357
0.39458734522801486
0.3522245115418984
0.3795713206694312
0.2647650231712342
0.3165097739960271
0.22810119732490625
0.2658330881994163
0.3800930594064969
0.384795003457147
0.34218989661967736
0.2220152128679452
0.28909903739861154
0.3566689450768211
0.28671945195876286
0.2410286538840543
0.40873686938100384
0.4599048246369365
0.32946424459334
0.35545781024851614
0.25189205538490933
0.3678159970870247
0.32022070201422387
0.25932889156663097
0.3115229565994757
0.27570090644164175
0.2750483245444171
0.2124695431378772
0.21700021080332832
0.4135802242973682
0.2094997531115496
0.2617348830044528
0.36563878766189867
0.2055522774703316
0.26299345412589625
0.2465174075793576
0.21238796513554425
0.1583521797803515
0.29274435825508116
0.2891206584757231
0.3683926759762255
0.325497757046621
0.27782861727603525
0.3461410752313548
0.3172176401015357
0.2963331262063594
0.44676801511110414
0.3574486861648921
0.39234985121554977
0.3589136717073829
0.49846336555976933
0.3845685041652043
0.5565720912584422
0.4948860781112203
0.5709665621509138
0.5318692763219186
0.5860481601081906
0.6607609973996398
0.7239075220798272
0.6311788615741092
0.6767609960283356
0.7311898996362983
0.7105850098058276
0.6996131035870922
0.8636418677186557
0.8045934707041313
0.8140746881088334
0.8599491393503813
0.8501202341984242
0.9206842399686834
0.9051451458798259
0.8894815443575473
0.9720087015145065
0.8197016604974368
0.9120389277042374
0.8217760222672457
0.9306955367238793
0.8176315589114087
0.7428093183303482
0.8517355170553675
0.6963557378426597
0.690375964051278
0.7159073785440724
0.681212274724392
0.6990416501157504
0.6149641958448793
0.5602657352473999
0.5840461177658682
0.5816573581413675
0.4595516376731708
0.43417843341425105
0.46805089984377
0.43166148944219085
0.5050797246897456
0.4308257220312627
0.47704106744159236
0.41035942411210624
0.38555429113719897
0.4764631075449479
0.4212668405274329
0.40410618399692233
0.4315296714878602
0.5282194794486661
0.5203077181601938
0.4885967333511353
0.4871816855488337
0.3731932048380573
0.4634276261398438
0.4598488065914862
0.46361992884954106
0.355028577931362
0.48702082721935036
0.4378365715875576
0.44542492661975475
0.567371357737237
0.3420571570699213
0.47939941943995723
0.47150425852894157
0.42092601187020023
0.600510066001626
0.4364576282919699
0.5764810490298133
0.5400883233344828
0.49688453447070846
0.48816909712089496
0.43632196115453026
0.5148734204922192
0.6033839971536281
0.46719462647638643
0.6082234248974899
0.5514767598363843
0.6593613794932205
0.5170460146838544
0.5689464723548332
0.5003248311301175
0.5605196320321377
0.5542966603292473
0.4666755885981746
0.6426371441660298
0.5471104133733719
0.5184100383602831
0.6355215019173077
0.5831022694131758
0.46779671531600164
0.5783547619331574
0.5935307074197329
0.579912947064136
0.688262652662645
0.5812244105222901
0.5769704188243716
0.6667216612890519
0.7563655228194375
0.6604211839460505
0.6759934180702374
0.8278332045137378
0.76761812119733
0.6665366996186193
0.8243945826913623
0.7126074652593885
0.7428610920593207
0.6759689425212934
0.7254240249232076
0.633190547362104
0.637129893163803
0.8000423766650933
0.6180886293765818
0.7505030083485404
0.7794673652657736
0.6891633646550537
0.7566162293635598
0.7303835937690734
0.6883397718736124
0.7222398791607795
0.7025601227539822
0.6971190324369507
0.66087822942024
0.7042599643981615
0.6669838407613996
0.6105755476918586
0.7048165274018592
0.6975366786431827
0.7391577045325908
0.6803310130119103
0.7267678428212216
0.6584079000068674
0.580441167590388
0.6434100320728035
0.5399541230751435
0.49888029959132263
0.5550672610337704
0.6071132949356157
0.3774973380077829
0.5821052923540586
0.48230122957406807
0.48839463092402147
0.42062765805119773
0.5217233068801413
0.3572597580076994
0.4577843913724937
0.4507660199293163
0.497468866098788
0.5053466274825897
0.4105351907340547
0.5473721496363848
0.42234885050707305
0.5490473094887139
0.4873213427386529
0.6391851562304053
0.5071235983705206
0.5181663805865481
0.5349118790935168
0.5128148781372319
0.609429091743089
0.6146332088138817
0.5001321268613415
0.4481371969683502
0.5990335954232036
0.5096473350045558
0.6682054972767805
0.6753345684013926
0.5706626980911489
0.6358247107288365
0.5910811490399703
0.5539979216953865
0.6368704985879146
0.5970259120935126
0.6339038264633826
0.6454412384442785
0.6713943426226628
0.6287186340534886
0.521874516695182
0.6137513037217907
0.5905255601330921
0.48668955235254513
0.44132518943984256
0.40687081978298756
0.4239687972571555
0.49706025402276055
0.4577672883668632
0.3411576734919672
0.3749375725284072
0.3288944401419903
0.4301324258708116
0.3434060820475163
0.18796731203515277
0.29906616568770367
0.3541003323008668
0.3034834945381517
0.2619812976694794
0.2932389748355731
0.30562063574949283
0.3792296373021341
0.3541320976467277
0.21307614238017752
0.31210390923887277
0.11137551837743323
0.30675947432007716
0.08909630939714606
0.14692503594910422
0.18780364608657252
0.1389600795368703
0.23705619956949714
0.11951823488671834
0.16667331035732227
0.15138911979858982
0.13454769644979137
0.14151193531619474
0.07682073850185583
0.2378152104881047
0.03883212779502325
0.21409160960419346
0.1641667745823449
0.04637555199560173
0.2867727919334857
0.26573648308950026
0.25831604035375333
0.21704053373743698
0.14944586809840643
0.1629271313554125
0.34065835704011
0.12093240758643967
0.2217511593347345
0.2583126194112923
0.27095004028058295
0.27395757052673864
0.25397402043312833
0.357443941559159
0.2439971151828495
0.24033740815976584
0.20831252050990862
0.31369402441806676
0.31997213631416777
0.23609983594740777
0.18078550226182494
0.2172694691021098
0.13544741903931734
0.18741195073495323
0.21564934358488297
0.3191847419582036
0.213523700211189
0.3457323476316451
0.2900241672230399
0.372133016977569
0.37956669398322584
0.49458484001546
0.44932345196627754
0.3248925409782577
0.505752377933251
0.3468177062871556
0.38621137280173456
0.40514768097476916
0.4429457743319136
0.4308828734067147
0.3604858564315222
0.34240063400471576
0.392807157506304
0.39213454701373734
0.4147875135641187
0.32830042474343646
0.4860541628081755
0.44030638092955143
0.4868547870618881
0.4248361263744972
0.4243889249280255
0.3974825312889645
0.5180039587076446
0.5327059753333365
0.3753333820291094
0.44150653145035296
0.39248751103856944
0.49775812036775724
0.49728884187825584
0.4068884841982001
0.3977013861778851
0.5867096356216823
0.4291933158327124
0.5512104498946071
0.47623763103354017
0.421779605866448
0.5467361010890796
0.4457121309403153
0.4997207091312934
0.4798032485528641
0.4365896607477766
0.447067738576857
0.37083802565415513
0.4239056278739797
0.3672582500467563
0.5153167866809787
0.3886576973819116
0.29680284392749773
0.4114089256406899
0.354663289760149
0.2568347021852068
0.3625456998305057
0.38391095395586106
0.44123680868447324
0.2784976177523004
0.38842975491028464
0.3477023898643552
0.3244597763959889
0.2973053902496825
0.38921302732245433
0.20700774543074796
0.2597234802848377
0.40599411765819726
0.31828325870488955
0.24147598227876077
0.2996161893338282
0.3952997756142528
0.1796355721093233
0.41055225936780904
0.3109439628392267
0.38261737000747315
0.35871684846126534
0.25642955177946725
0.1635366898179241
0.3906401017893909
0.21346677382570947
0.3177330591648892
0.2822744080884916
0.3274151458106027
0.2675062865804281
0.3202481510892605
0.31976699618522075
0.3372845736514499
0.28447036224193306
0.2806535739090157
0.41400823246000407
0.37108384091163993
0.44787525830758607
0.48295031871171346
0.628208612681756
0.6241635356074717
0.7576518347366301
0.7252612772059134
0.45703754672422425
0.474964806432711
0.5443131201883585
0.3560347311242327
0.39842230689353236
0.4495889704427286
0.3493949444457637
0.36104042391419466
0.34904028527848296
0.3811394749524514
0.35067538665771136
0.37859856254799285
0.5238485357938634
0.36851377917687467
0.2993418926587209
0.4217524909195245
0.3251698867770808
0.33148444223122814
0.2810743507523856
0.3606248938151102
0.43481445513473793
0.36394237732146617
0.3394495436821543
0.234492141731657
0.405031305726022
0.35589267203731023
0.41024443936787
0.29932465482591736
0.34382896097235155
0.2204675981714142
0.3475699637515398
0.4195631152887539
0.3436465188094256
0.30701373941591836
0.35926147920181506
0.3183957792533225
0.38107618631325435
0.37249353112852807
0.3387769751910583
0.42098561615267877
0.267761319202248
0.41755626714995875
0.45988298523009297
0.40731042076162854
0.37294368449464677
0.34373212386526286
0.37652486513450456
0.34689906742156995
0.4407135715735535
0.44297423604359953
0.4308421185813217
0.43191830672635534
0.4878213160403596
0.4531764858946229
0.3738401837400834
0.30916786356752984
0.5271241188133295
0.46553501945278236
0.38054426167656086
0.44284334760583266
0.31623599695889565
0.369080792800456
0.4133740323809548
0.32479003696081266
0.2869818067449289
0.4739319237893475
0.44616921904792567
0.3690918024436006
0.5063081385794863
0.4960050245022055
0.45829285734190217
0.5464375340252279
0.4504857608552637
0.4471218934587168
0.4790885467724224
0.3949569212000663
0.330131739105761
0.22545091202724615
0.43666284940831157
0.40473462723774967
0.41727754569702635
0.4891853904961933
0.512534365993046
0.4950990493556217
0.37176134408267536
0.4239501101158647
0.5022135715871545
0.38505317765991853
0.5253543782842124
0.39344997345155375
0.3515775169045557
0.46668946220314567
0.45531934490358583
0.4154884458632404
0.47131680065281734
0.44800719905998987
0.5747512231199015
0.4146657494346816
0.49388645007331383
0.5087580639737528
0.4542745332725421
0.45513356075535694
0.5646200565032806
0.6016674443599772
0.5395709702015634
0.5264424601933667
0.4810562990455495
0.425404596811056
0.4365001658293846
0.4618823956635454
0.46534139221806503
0.4684469893090809
0.4312385792734472
0.41727422280848936
0.38445421025448534
0.54534140593081
0.4699096059267662
0.49906622218674845
0.4091723639142876
0.6175254809321653
0.5608826110368473
0.39804811473434565
0.5181636543965236
0.37336952050920647
0.43160122878168017
0.46025859194876906
0.44243928280036426
0.4368531762056569
0.409606865685545
0.4818130023153212
0.36435435825653206
0.3740876688092296
0.4243242098914971
0.49008517548375746
0.4938503945214796
0.45509609741177426
0.4337560373585232
0.4298239424048379
0.5362548748738629
0.3982035851673101
0.4496583999401711
0.4367917082374866
0.34981790940295476
0.4807347748477757
0.5272280399005228
0.4726770058036971
0.5052170646344247
0.6064019175311104
0.4569949497721591
0.5571121899751419
0.6216155888022926
0.47194094158566086
0.5003894009253742
0.6095613929794836
0.5391760617681751
0.4406654789657416
0.36360820149258655
0.5529386872233637
0.5248626973532193
0.5136450087420317
0.4748175060338503
0.4691561146285885
0.32305379205846385
0.38283728559811814
0.469651470467774
0.6161688696452152
0.4016227068642485
0.6288803243675012
0.5458374506537068
0.6177504146632966
0.3221431185470217
0.5301147441855076
0.5799261006415222
0.5367992922094738
0.54264648578499
0.5428359803834005
0.5907398087971545
0.5460099124910618
0.5927326139179037
0.5591004992282316
0.3857779794539501
0.5203214393455915
0.5814510686772025
0.35503186140672194
0.46007494950078
0.5313230025451694
0.4559540767257648
0.37976609037670317
0.36627255742641507
0.4954873686104718
0.5297565477985836
0.4135832637809552
0.547685118248952
0.5831892586635117
0.588183587184674
0.39876826906185886
0.4502112317128849
0.5099117749548803
0.598245852722542
0.41750474581223673
0.4276875175129703
0.3504299728206054
0.3588609008681841
0.366234350061201
0.44375848336386114
0.43634371437389585
0.4362317689651163
0.315586618721366
0.38631615913647677
0.28606490040600613
0.43390834057667266
0.35448596880642413
0.3898462726150451
0.4074612568109951
0.31577676779208935
0.35463573523515357
0.387126716895149
0.432612336954996
0.44852139095704824
0.1860843181100956
0.30361791613341355
0.3935431256473978
0.37214701831560776
0.4517580895403889
0.4025311019816855
0.33203393486745675
0.36150737841243974
0.3606062701825188
0.4832428339534275
0.3671207255321262
0.42401152174560053
0.5551161729928435
0.27709811119749916
0.3274454229496465
0.33852161207887066
0.3210244155666754
0.3446003188158011
0.3547685056297897
0.35395526403255306
0.3333898355146673
0.3904411876099
0.2834533600583924
0.41191997614054654
0.4176616767115708
0.49433792845365887
0.4090947414891778
0.40631727291356945
0.38076016271811863
0.3711712629749023
0.2916740608086096
0.33313028548866963
0.3364253884428562
0.3377207729245481
0.23693877521792878
0.3520464246651862
0.32464206516886784
0.37106818426167454
0.29608186673200304
0.3821140265678503
0.3658952338754198
0.25107995132766375
0.2852419018530531
0.23438330646098576
0.28421928294060195
0.4042940131800371
0.3204275426468767
0.2513599180643834
0.20802734660908725
0.3272481600014761
0.45354387568670707
0.22322897391179475
0.27650295965494665
0.3613023620011646
0.2885359419482795
0.3004863883583314
0.25277394223133476
0.35529785253425517
0.30880703735603365
0.40524764538281566
0.1936171776959083
0.43509078163247084
0.20124604598634374
0.35632777012612576
0.3458112602010204
0.33893660486001986
0.3688835455248034
0.43511680361862554
0.3673427715049645
0.4126664411274251
0.5054039299518751
0.4223982444146567
0.378716887087147
0.2864675147686853
0.44273409784774775
0.5079003736408993
0.3376614776993482
0.3411434924832392
0.3531903695734309
0.4619725513706904
0.45121973748370914
0.46050843881222864
0.447678122945085
0.3380528752467161
0.23542639418055095
0.34894860855913995
0.19023134048967305
0.4075126926544499
0.3914111176208251
0.32568738236656425
0.2389270097877601
0.5265859151372766
0.44832636146742755
0.4064795793756294
0.4895549062381801
0.5418593714640121
0.4002516115438453
0.3923250194125414
0.32921121305225975
0.5299651598720935
0.3443348583739797
0.5314491460906704
0.3905970760620734
0.522842499810015
0.5265347709639336
0.3995099944569888
0.31078588504210936
0.3116719596293542
0.47942879969257873
0.3701570891314968
0.47333724692793744
0.3359544517510057
0.3647531934829755
0.4174962797918978
0.33226798209479697
0.3291250713128605
0.4417587514851231
0.3672144624125049
0.37674278255140714
0.36428853613195566
0.3927035025188117
0.347560044773467
0.49751839371394646
0.3527225066288582
0.26185649729624494
0.47734428325537714
0.46685107552037197
0.38294142977392565
0.3909361743707065
0.6321622459052597
0.3226833708125313
0.3532580931755679
0.3994013413067061
0.29131354561924205
0.32528839725262265
0.335706769861521
0.31135374476245925
0.289942710297938
0.3316904955509439
0.21067204497948944
0.3984508098491959
0.27086460002794566
0.40313846059812397
0.29908359714390187
0.2720086361612659
0.27050486677340535
0.30392195373620373
0.2282123916147664
0.35908620802784386
0.2886494952828756
0.3394766344396978
0.37175295645214024
0.2694317920730538
0.3831154497852296
0.34996099709545386
0.2346788229452742
0.2663276073259202
0.27103459546395103
0.41132029542818416
0.2817325564190191
0.42594307492330064
0.45148311670547026
0.3668756886025903
0.4032117825303568
0.4348632478705556
0.3810432381840438
0.44592316289040557
0.4210568429929561
0.44537359002348065
0.3075438522421459
0.4492508288668682
0.4081698020794288
0.5492077962540061
0.48833122977334953
0.5726255393128722
0.62952272730214
0.43062804594929877
0.48682372646463007
0.4731947024271136
0.5509760908065648
0.5499279261774832
0.3707338060566959
0.39604607110347634
0.4826032745332512
0.28339052653000457
0.38081035321560575
0.22087390773589016
0.4266147842979723
0.2666167018254937
0.29174342673374337
0.3506113637861011
0.2562502647557344
0.2993920591221769
0.31967276510276155
0.3018859565966568
0.2072941526917329
