0.3607660209116728
0.3564028114934869
0.25684230567851873
0.1889983657797452
0.4225807987053168
0.4023196407888682
0.3027274025417678
0.2824503784092532
0.3097720024751297
0.30534532819267934
0.3008869214780967
0.3599251114601678
0.3078839227632602
0.30344138226474365
0.44174718771320226
0.21514588985672808
0.2423723166262078
0.2061656115632983
0.3127548510955622
0.22888603296999696
0.3671918384184556
0.3785203166896727
0.21533628444952166
0.35357862503371573
0.31732432132260774
0.24928998683104064
0.3557840290669078
0.31949799292366765
0.3783775207450775
0.2944452377552477
0.2581433353959414
0.2535421327367636
0.344122360258302
0.38708807336538303
0.41423516905453217
0.282672505434179
0.2780237041268028
0.289241118885557
0.2211115870975931
0.31164421597093306
0.2117822520507084
0.2864327986418519
0.21827153442175576
0.26118964888063845
0.39928919352023734
0.2676471988195535
0.4215970933092167
0.25822266647627207
0.285226966220826
0.375648531581703
0.3709203991939962
0.22338045599504974
0.42488140003490565
0.356656670950545
0.367731289764704
0.33122312659653796
0.2312500991638504
0.25815920161200756
0.30098211877449343
0.31200913894045407
0.25960302727402546
0.4134577244672918
0.31340536595427354
0.43548003236708077
0.44652291874910754
0.47338442254906626
0.48441144271502684
0.40019356783600685
0.5381344503149444
0.35871927903914197
0.36968283434083804
0.444142986339188
0.24882986656512288
0.3232424199152744
0.397654973265426
0.48791787646564166
0.49888143176733785
0.44633252415631397
0.42551604867755094
0.43643200533104853
0.43146587970234984
0.4582321862059118
0.4849984927094737
0.41655163660018724
0.5067669411522047
0.5969663794881559
0.4809050089644121
0.6028368794326241
0.4709092928427499
0.7514398591080014
0.5084328938391484
0.503403303346185
0.6094372253161343
0.731337363352214
0.7262601742110523
0.8005299316166087
0.6368223142462754
0.8379900677487426
0.6742665841623431
0.6374569628889206
0.8227426341091912
0.6272708521744649
0.7490757929141478
0.6011867929617465
0.6436606533707777
0.5909530835990925
0.7286083741888396
0.5807035080203722
0.7659415805924444
0.6655877639741699
0.5969981119202881
0.7028892379456424
0.6025195551113015
0.5497326542592857
0.5445920002538595
0.49180509940184364
0.45488441461595824
0.6242086724737017
0.5872721214717502
0.6296666508004506
0.6562108302790867
0.6192742792771352
0.5347073476446602
0.5612197946911641
0.349723134529646
0.3920859314262142
0.355070049343932
0.5243467085534771
0.5032287749694575
0.402779761054786
0.5085915559998095
0.37639424373681124
0.3552604439367255
0.41341012581909337
0.5509226204642454
0.5139067383819633
0.47689085629968103
0.5984895362305043
0.4345280594031129
0.587859171466197
0.40801561235660905
0.4503149443889127
0.36563694924397483
0.5824487917876465
0.4184238500959906
0.5876211782252051
0.5187935329303315
0.5610135338823045
0.39702032462278075
0.5979024862360575
0.44972789439446587
0.33331746711726723
0.3437891697209133
0.4177257365890809
0.301299443095816
0.3593697938978533
0.5760864391451282
0.44374633093753474
0.470068383391245
0.4329097053643676
0.53856283814873
0.6442001047170259
0.5277420787916289
0.5223158328970124
0.6279055008171102
0.4479350119789931
0.5535564123312232
0.7067764608818444
0.5109397559775969
0.5372142097831089
0.43657480127564374
0.4152506068827645
0.5208402748028622
0.388420835514938
0.4940105034350358
0.37747314642930807
0.5782283783140559
0.4458248052421978
0.40861852856712205
0.5300109476890856
0.5562695352785314
0.4714011455407999
0.6563218937915497
0.6190521522522093
0.5024989290304155
0.5604106176717915
0.5073222587145192
0.45417043489298237
0.41694829200184047
0.5700572770399988
0.5169054532184619
0.49553366017738426
0.34716867374299903
0.37334793025211416
0.3360623224967077
0.3781395275040856
0.2297745410697003
0.3987338759579228
0.2979675377219287
0.46692687261015126
0.4296253986386787
0.29711076205435766
0.46607009694258017
0.15902708363082488
0.34383676836911164
0.3382518603138338
0.3961318165230774
0.43814555666619065
0.30563092008186965
0.42697574055563486
0.2944452377552477
0.24121408285338028
0.44187411744173133
0.37282434512193185
0.22442762625541435
0.31397654973265426
0.3559744236597014
0.2869087851238358
0.20192933187364145
0.18046234153616705
0.27001126501340694
0.32785948879051835
0.4491408444000191
0.284862043251305
0.27921367033176253
0.3053294619766132
0.36314595332159233
0.23059958430513908
0.2566677773017913
0.28275183651450964
0.5151284370190553
0.25560474082536055
0.24994050168975201
0.24432386120234187
0.3814555666619068
0.5185872721214718
0.5129230329858633
0.49139257778412426
0.3905310422517334
0.43246545131451597
0.3316039157821251
0.4370031891094293
0.4631031145382138
0.5684547892173196
0.49932568581718945
0.5095276627477113
0.44038269313151507
0.4664508861281673
0.6035825915877323
0.6931156488489061
0.6715693274311009
0.7610547860440763
0.5808621701810335
0.8290573881035112
0.6012502578260112
0.9287289574309422
0.9071985022292034
0.7110920716518319
0.7688926967807448
0.7314960255128754
0.7892490519935901
0.7359861646595903
1.0
0.7563425198724356
0.9727577070144542
0.7766988750852809
0.691655956970822
0.5748964729401685
0.7437606105319942
0.6111190442191441
0.7640852333127073
0.6473574817141861
0.7527091563932918
0.6200834562965079
0.693718565059419
0.6086915131610263
0.5871134593110888
0.518000222127025
0.49643803449315377
0.42727719866089137
0.4215812270931505
0.4476176876576705
0.4578037983721262
0.4679740428705158
0.5416091516334268
0.4882827994351627
0.6095324226125312
0.5245212369302045
0.5029590492963333
0.2592857029527028
0.3329366779316801
0.5017532168753074
0.32154473479619844
0.3476129277928507
0.29428657559458643
0.46315071318641216
0.5050851222491948
0.2931124756056928
0.19225094007330193
0.5355958557443635
0.450600536278103
0.42903834864423185
0.3916575435924286
0.4018277880908182
0.36443111682294893
0.2635537150744919
0.4641185523664461
0.5695336919098164
0.5797198026242721
0.3677788884129024
0.39383121519348846
0.46752978882066415
0.4777158995351199
0.503768226315706
0.5774350675107494
0.6828343408380535
0.3598457803798372
0.5128437019055325
0.4278642486553382
0.48566487378425116
0.4641502847985784
0.4902343440112968
0.5004521871578846
0.4789375981722119
0.489171307534866
0.578736097228172
0.41444142986339183
0.40880892315991557
0.6569882748663272
0.4927094737176131
0.3760293207672902
0.6242721373379662
0.6344741142684882
0.5178098275342313
0.48046075491456036
0.5065606803433449
0.6120234185349136
0.511193615434655
0.7435860821552669
0.4999603344598347
0.6847700191981214
0.6632871626445809
0.8480651149507354
0.6362352642518286
0.8368794326241135
0.4981357196122297
0.5401335935392768
0.7725260602598886
0.7193266377901534
0.4123312231265966
0.6447395560632744
0.7026195122725181
0.6970504704333064
0.6914814285940946
0.7652434670855348
0.553413616386628
0.738255033557047
0.7009694258016406
0.6478176019801037
0.5788154283085027
0.6208767670998143
0.6946705380233869
0.6574166627001127
0.7470766496898156
0.773303504847129
0.7994668951401781
0.6670315896361877
0.7091246608596316
0.7353673822330112
0.7139638567598012
0.6767417138686594
0.6236533549113871
0.6022656956542435
0.42226347438399414
0.7340822187316546
0.6334269440081235
0.5486061529185904
0.5748806067241025
0.5535246798990908
0.38942040712710424
0.3046154822536373
0.6482459898138893
0.5317244990242278
0.6055976010281309
0.5208561410189284
0.3567360020308757
0.36717597220238946
0.3934662922239675
0.4356862931759405
0.4302600472813239
0.31377028892379455
0.48288828597267835
0.44576134037793325
0.5672965554444921
0.5619020419820077
0.5723896108017199
0.5352785314230408
0.5140336681104923
0.41347359068335787
0.5033081060497882
0.323432814508068
0.6512288384343218
0.45550319704253733
0.5136370127088391
0.5083059641106192
0.645786726323639
0.6404239452932871
0.49232868453202594
0.6139590968949815
0.7355577768258048
0.5240135180160883
0.6456280641629778
0.6879432624113474
0.6509115141129992
0.5345962841321974
0.6879749948434798
0.6192584130610691
0.5187935329303315
0.6404874101575515
0.4607073159122281
0.6299839751217732
0.6882288543005378
0.3974011138083678
0.6143081536484364
0.545623304298158
0.4928046710140098
0.42416742031192983
0.6093737604518698
0.5248385612515272
0.36100401415266475
0.33994954543290967
0.38239167340980845
0.3613689371221857
0.37207863296682375
0.39867041109365825
0.3617973249559713
0.2932076729020896
0.39914639757564213
0.28292636489123707
0.21436844526948767
0.3679375505735637
0.410443143414727
0.32603487394291336
0.16226379170831548
0.14133307947387627
0.15214590572294412
0.16293017278309296
0.2372157964047154
0.1686896092150983
0.30647182953337454
0.0
0.13775683437257047
0.18031954559157187
0.0801418439716312
0.1703238294699097
0.14949307439668713
0.4459517349707268
0.2505751503323972
0.10283846605423073
0.0820029511161883
0.23570850587843303
0.42115283925936503
0.2892728513176892
0.20505497643866916
0.13666523870722072
0.08415282339314896
0.09511479207323845
0.26474368127945164
0.21225823853269235
0.23911974233265107
0.313579894331001
0.30872483221476504
0.09762006759008045
0.15624573595443222
0.19900994811747344
0.40046329350913096
0.22107985466546085
0.13695400383962428
0.3066939565583004
0.20672092912561285
0.15431164421597093
0.24475224903612736
0.2558586002824186
0.2510828692465134
0.27808716899106733
0.32092595236961935
0.30034747013184826
0.18455582528122866
0.2433242895901756
0.2544782394846653
0.26567978802735337
0.30858203627016995
0.27216907039840066
0.2992527012232853
0.5008488425595379
0.49620004125216177
0.33292081171561394
0.6138797658146509
0.3712694559474511
0.3190696050898821
0.28273597029844355
0.5002617925650912
0.2735652974122202
0.42768972027861074
0.2803243054563917
0.4185825122566519
0.25538261380043475
0.3460421724023037
0.3097720024751297
0.33699842924460943
0.2531772097672426
0.39148301521570117
0.4028749583511828
0.3825503355704698
0.34634363050756023
0.6116267631332604
0.5754676567185493
0.39651260570866453
0.4555507956907357
0.3718247735097656
0.4308629634918368
0.5058308344043029
0.4062385961572024
0.1797642280292573
0.46097704158535235
0.34559791835245207
0.5633776000761579
0.3686673965126057
0.3643517857426183
0.48696590350167385
0.4985641074460152
0.43081536484363847
0.3789328383073921
0.39056277468386563
0.35457819664588197
0.2551287543433766
0.5206340139940026
0.23082171133006488
0.3059482444031923
0.23827883288114615
0.13889761530772526
0.26164976914655624
0.3050914687356212
0.2692179542101004
0.21747822361844923
0.3402827359702984
0.4789693306043442
0.3320640360480429
0.23278912212226507
0.3080108524917892
0.4467450457740333
0.2840211337998001
0.3751725450997192
0.3235280118044647
0.28778142700747295
0.33133419010900095
0.2480206895457502
0.3551017817760642
0.24003998286448666
0.33128659146080247
0.2955876053120091
0.6248433211163469
0.3035683119932727
0.36309835467339396
0.2640138353404097
0.1331714979294588
0.3355387373665255
0.39514811112697734
0.21674837767940722
0.3715550478366415
0.30423469306805023
0.25282815301378775
0.10621479683310327
0.24519650308597904
0.3048693417106954
0.38042426261760826
0.4559791835245212
0.37288780998619636
0.32154473479619844
0.4606121186158313
0.5362305043870087
0.8181096990178812
0.8302790867406032
0.7155187459342821
0.7118377838069398
0.6129912577149476
0.6093420280197376
0.36771542354863784
0.41168070826788516
0.5191425896837862
0.37274501404160126
0.49608897773969884
0.23864375585066716
0.48894918050994013
0.43779649991273584
0.40252590159772794
0.27207387310200387
0.5065448141272787
0.4554555983943389
0.5312961111904422
0.30569438494613416
0.318085899693782
0.4733050914687356
0.5015945547146461
0.46643501991210123
0.47888999952401357
0.36443111682294893
0.5831627715106225
0.6273819156869278
0.5605534136163866
0.39854348136512924
0.41107779205737227
0.42361210274961525
0.3885636314595332
0.5280752693290177
0.5247750963872626
0.5056404398115093
0.31197740650832184
0.3880717787614832
0.5752296634775572
0.5243943072016755
0.4101258190934044
0.48626778999476417
0.6417408412267758
0.4005743570215939
0.318085899693782
0.4259920351595348
0.43873260666063746
0.45147317816174015
0.5594269122756914
0.4452694876798832
0.569121170292097
0.5184603423929427
0.5471305948244404
0.40128833674456976
0.6362511304678947
0.3952433084233741
0.3287638631062878
0.5161756072794199
0.46559411046059623
0.4467609119900995
0.6342043885953639
0.32981103336665235
0.5966014565186348
0.4033033461849683
0.3369349643803449
0.3181810969901788
0.5215701207419043
0.3441699589065003
0.5317244990242278
0.4019547178193473
0.5101940438224888
0.6501816681739572
0.4569946213527536
0.40660351912672343
0.35624414933282567
0.5280118044647533
0.3983372205562695
0.30041093499611277
0.42462754057784763
0.3901819854982785
0.48268202516381864
0.3530709061195995
0.5407999746140543
0.5381503165310105
0.3292557158043378
0.4059530042680121
0.3398860805686451
0.6704586923064718
0.30296539578275977
0.4907737953575452
0.42475447030637664
0.43806622558586
0.3720627667507576
0.35367382233011246
0.3828993923239247
0.31694353213702064
0.5841782093388548
0.5341044314341473
0.5157948180938328
0.4657369064051914
0.5109080235454646
0.476763926571152
0.3950211813984483
0.6306186237644185
0.5806400431561076
0.7528043536896885
0.4648642645215542
0.44664984847763656
0.5395306773287639
0.3944182651879353
0.5666460405857807
0.5643454392561918
0.21301981690386657
0.2900820283370619
0.3830263220524537
0.46012026591778127
0.39443413140400146
0.6143398860805687
0.37415710727148677
0.5623621622479256
0.4649911942500833
0.3676360924683072
0.5717390959430085
0.5537468069240167
0.4246910054421121
0.6764402557634028
0.5950148349120218
0.3866596855315976
0.3845970774430006
0.5411966300157075
0.6819458327383503
0.37845685182540817
0.6302854332270297
0.453757913275263
0.45175877005093057
0.5291065733733161
0.3843273517698764
0.5093055357227855
0.5549526393450426
0.5530169609849747
0.39243498817966904
0.374664826185603
0.48382439272058003
0.37087280054579785
0.43246545131451597
0.605137480762213
0.5874307836324115
0.47452679010582766
0.4568359591920923
0.5026258587589446
0.7546765671854919
0.8004981991844765
0.2910022688688974
0.6224316562742951
0.43027591349739
0.5396100084090945
0.6013454551224078
0.5996319037872657
0.6137845685182541
0.43757437288781
0.6738857949767559
0.57702254589303
0.4325606486109128
0.541989940819014
0.3816935599028987
0.5070049343931965
0.5688514446189729
0.39272058006885935
0.5497961191235502
0.48476049946848176
0.4356069620956098
0.5768480175163025
0.7498373712853221
0.47858854141875706
0.8102559220651467
0.6500864708775603
0.7120599108318657
0.7105684865216494
0.6932267123613689
0.39030891522680755
0.4047313056309201
0.5143509924318149
0.6398527615149063
0.7495041807479333
0.5894299268567439
0.5404350516445332
0.4914560426483888
0.4424770336522443
0.45697875513668745
0.36043283037428403
0.5812270931505545
0.5481618988687388
0.3881669760578799
0.45033081060497887
0.4490297808875561
0.4953432655845907
0.4781918860171038
0.5245212369302045
0.41220429339806747
0.569613022990147
0.4573119456740762
0.42435781490472335
0.40726990020150095
0.45366271597886626
0.24619607469814525
0.5623304298157932
0.35489552096720456
0.6234629603185936
0.5112412140828534
0.3196883875164612
0.5248068288193948
0.3491519507512653
0.3956240976089612
0.12479413584654196
0.4251511257080299
0.45578878893172764
0.43884367017310044
0.4377647674806035
0.42083551493804244
0.48323734272613317
0.38699287606898625
0.48115886842147015
0.30559918764973737
0.2569851016231139
0.4622304726545766
0.39776603677788885
0.46023132943024414
0.23712059910831865
0.4423977025719137
0.4096974312596189
0.45634410649404217
0.5347232138607263
0.5179050248306281
0.43763783775207454
0.404969298871912
0.35645041014168527
0.4031446840243071
0.38637409364240716
0.2268075586653339
0.3845812112269345
0.17744776048360228
0.2717565487806813
0.715153822964761
0.46043759023910386
0.3167848699763593
0.506322687102353
0.4261665635362622
0.53638916654767
0.4245006108493185
0.43955764989607626
0.5339457692734859
0.40620686372507014
0.45301220112015483
0.37288780998619636
0.213432338521586
0.11745918415916988
0.40227204214066986
0.2587145191743221
0.1627556444063655
0.46346803750773474
0.44684024307043013
0.27158202040395385
0.49296333317467117
0.3335713265743253
0.25351040030463134
0.5542545258381328
0.22035000872641883
0.47349548606152925
0.18720548336427248
0.44036682691544893
0.2492741206149745
0.2644422231741952
0.2478937598172212
0.23134529646024718
0.405207292112904
0.2299966680946261
0.22933028701984864
0.2127976898789408
0.29147825535088134
0.22736287622764847
0.226696495152871
0.38472400717152966
0.3364748441144271
0.3993050597363034
0.5256001396227012
0.4615006267155346
0.1911403049486728
0.33330160090120103
0.25335173814397005
0.458993764577086
0.3314452536214638
0.3149602551287543
0.39368841924889336
0.26613990829327117
0.32900185634727974
0.4870611007980707
0.18500007933108034
0.4223904041125232
0.39005505576974947
0.32598727529471494
0.3729988734986593
0.3882621733542767
0.5939359322195249
0.466419153696035
0.3706189410887398
0.3382994589620321
0.3694448410998461
0.44818887143605124
0.3682707411109524
0.44701477144715757
0.4464277214527107
0.3506433750614816
0.38178875719929556
0.5715962999984133
0.5710092500039666
0.5545559839433893
0.5857013660812033
0.33125485902867025
0.5686610500261793
0.3618131911720374
0.5357545179050247
0.39237152331540454
0.5821790661145224
0.5815761499040094
0.3271296428514764
0.43759023910387607
0.5321846192901455
0.341202976502134
0.3881987084900122
0.3717295762133689
0.3552445777206594
0.4022403097085376
0.5444333380931982
0.1947578022117505
0.32106874831421456
0.2887175337553747
0.5578244244530122
0.16053437415710728
0.6041537753661129
0.3337934535992511
0.3807574531549971
0.4911863169752646
0.5381344503149444
0.2994906944642772
0.36230504387008744
0.5044346073904835
0.5672330905802275
0.2492423881828423
0.39137195170323824
0.20029511161883004
0.1520094562647754
0.6590350167388579
0.4520760943722532
0.3561806844685611
0.5141288654068892
0.338886508956479
0.3699049613657639
0.3691751154267219
0.17805067669411523
0.24076982880352865
0.31935519697907244
0.5407206435337236
0.2702333920383328
0.38053532613007124
0.586018690402526
0.39483078680565475
0.4099036920684786
0.45669316324749715
0.47175020229425485
0.42334237707649097
0.374902819426595
0.3423453440588954
0.3573547844574548
0.2613007123931014
0.33977501705618224
0.16435813222904472
0.3062655687245149
0.36884192488933315
0.14580735240452505
0.3670173100417281
0.49302679803893573
0.46034239294270707
0.33246069144969614
0.2997762863534676
0.3464070953718248
0.28194265949513697
0.2968251701651673
0.48620432513049966
0.3265267266409634
0.5000237993240992
0.3561806844685611
0.3075189997937392
0.5285671220270678
0.3529598426071366
0.49464515207768095
0.5569993812175734
0.6828026084059212
0.7451251051136815
0.42664255001824614
0.45721674837767934
0.4560267821727196
0.5341520300823456
0.5170799815951894
0.49997620067590076
0.5145889856728069
0.5926666349342345
0.38512066257318295
0.46316657940247824
0.3507861710060768
0.523981785583956
0.3798372126231615
0.41020515017373504
0.5674869500372856
0.4708934266266838
0.4060164691322766
0.4521871578847161
0.35553016960984973
0.5285829882431339
0.4953591318006569
