0.31253262990135466
0.23835627730607534
0.2328607149726596
0.3922320226417168
0.27677025801665156
0.1888137828703322
0.2932019893935647
0.28765147143681474
0.28210095348006486
0.18036435578270546
0.24345341137031845
0.12795729948066936
0.30096447118951447
0.2678949248481851
0.19353996647706975
0.1741818481576127
0.3058829994779216
0.3139889539197098
0.19841727804797626
0.2614101612947545
0.36564723985381803
0.12635671695106201
0.18936333910367378
0.18360673755942078
0.2603247877339049
0.2820459978567307
0.2762619185008106
0.11939246558404087
0.22350452010001923
0.13526364960294562
0.22566152831588493
0.16488060890830653
0.1865193855961311
0.35928612645288927
0.21608551094990794
0.23769680982606542
0.21807765229577114
0.25340037919380104
0.04142554886928805
0.2003819415821724
0.1669964004066716
0.28472508449427086
0.23757315967356363
0.23162421344764106
0.18445854972110018
0.1784958645893441
0.3099084988871486
0.15279037177479182
0.24297254966614457
0.3056219602670843
0.31335696425136705
0.2935866787569038
0.23261341466765584
0.2952628252685956
0.2067293160772676
0.2968565383452862
0.3457395653010194
0.17474514329678786
0.3472645838485423
0.3548621987744896
0.26632868958316164
0.16404253565246063
0.2952628252685956
0.37152749155057285
0.3653862006429808
0.22180089577666037
0.32555711263155
0.34681119995603554
0.3131646195696975
0.21075481548649466
0.3144285989063831
0.3219712582089962
0.3431841288159811
0.4056137169235842
0.4680295661253538
0.37931745115818977
0.3730662490039293
0.4354546203940318
0.42914846261643724
0.4777841892671667
0.3203225895089715
0.3002500480861704
0.5686807902618635
0.5898112274338472
0.40484433819690596
0.4122083917236831
0.543222597752315
0.6192674415409556
0.6266040172560657
0.6476382820872145
0.6274833072294121
0.4424614623691369
0.7382875827769075
0.7318440359409777
0.6154342868133982
0.6639463633116258
0.6574753386640287
0.6647020031324705
0.5757838045778034
0.6929491935262275
0.6039760393482264
0.721127689390817
0.8244854779765339
0.7767427802049844
0.6877421482153161
0.6949413348720908
0.7433160223119831
0.5856346000604512
0.5103316571868217
0.7235457368175198
0.6208061989943122
0.7103426483114885
0.5251009809578765
0.5459291622015222
0.5668122990685022
0.6151045530733933
0.553485560409969
0.3269859588382381
0.5813480614403868
0.505962685131756
0.47184898194707775
0.5613167367350864
0.3897452806858462
0.5204160140686396
0.5274228560437447
0.5481686038523892
0.582598301871239
0.47968015827219523
0.48667326134146677
0.5211304371719836
0.4456626274283516
0.6174951226884291
0.41837716044294226
0.6038798670073914
0.5146594125243865
0.3704695958013904
0.5972302365839585
0.45297172533179453
0.5011128513725167
0.3843184128815981
0.5286181408512626
0.5080372599126206
0.33627345918171075
0.3706344626713928
0.3499848872035831
0.5079960431951199
0.3911603879867007
0.4941472261149122
0.5010029401258483
0.19180886434204378
0.36346275382628523
0.30161019976369086
0.3770780095073228
0.5899348775863489
0.44563514961668454
0.4249168796197071
0.3217651746214932
0.43842222405407627
0.5001236501525018
0.369466655675542
0.5685434012035281
0.49284203006072597
0.4858764048031215
0.47885582392218284
0.36186904074959475
0.5471794026323743
0.3752644739372956
0.4231857774846811
0.44361553045915425
0.6426373203638062
0.4844475585964333
0.504863572665073
0.360398977825406
0.5456269062731843
0.4011485725276839
0.3391036737834199
0.44188442832412833
0.40730360234110957
0.49637292885994555
0.3106091830846591
0.4683730387711923
0.48867914159316356
0.3991289533701536
0.5155936581210672
0.3298711290632814
0.44633583381419495
0.31554145027889974
0.4594702277910588
0.3424147500893029
0.4039100926002253
0.3417415437034595
0.2796279504300277
0.2311983073668013
0.21023273706482015
0.21674497842991783
0.19583436375127086
0.29850520704531086
0.26380073090979034
0.33899376253675156
0.38669524359080043
0.3382381227159069
0.3722006979364163
0.3099771934163163
0.30272305113620757
0.28171626411672573
0.37062072376555927
0.3221361250789987
0.30111559915368336
0.21141428296650455
0.3827384387107411
0.2655318330448163
0.313150880663864
0.3608111450004121
0.09247794905613717
0.16761465116918087
0.2701755832165526
0.4139944494820433
0.24181848157612726
0.23445442804935016
0.26836204764652544
0.2197675377132965
0.2948781359052565
0.20506690847140932
0.170266259995054
0.1491495617289039
0.08686560602313632
0.0932171021899816
0.2644876762014673
0.36700739153133843
0.22222680185750007
0.21487648723655647
0.39982963756766404
0.5160745198252411
0.45376858187013985
0.37766878245816504
0.26035226554557195
0.3765971478031489
0.2455279861511829
0.47168411507707525
0.40930948259280625
0.49806281427747084
0.5181216167944385
0.3321517874316489
0.4345753304206853
0.7294122496084412
0.4746791965487868
0.5359547165663726
0.6933888385129008
0.6447393729563378
0.7334789657351688
0.6985684060121452
0.7322974198334845
0.6149534251092242
0.9509933228917647
0.792418871761053
0.8948424147500894
0.8736570219547716
0.8798944852031984
0.6526392438106229
0.8100596268513176
0.9811639601022175
0.7813727914708873
0.993707581128239
1.0
0.7589371582447174
0.8339241062841756
0.826422663699063
0.6952573297062621
0.7839831835792598
0.8589151759953837
0.549157805072404
0.5417113181106257
0.5204709696919737
0.5541725057016459
0.45049872228175747
0.5666474321984997
0.517929272112769
0.3730937268155964
0.3930700958975627
0.45424944357431374
0.32309784848734646
0.3568131234028522
0.39052839831835795
0.46546039073448187
0.5266534773170665
0.3679691149396862
0.4154232956887313
0.43539966477069764
0.3042618085895639
0.32423817767153024
0.2068254884181024
0.39162751078504104
0.5352540323688622
0.41785508202126787
0.46525430714697885
0.4577666034676999
0.36784546478718433
0.3603028054845712
0.31159838430467396
0.45518368917099444
0.269090209655703
0.398936608688484
0.46015717308273574
0.43887560794658315
0.2527958673371252
0.423872722776358
0.4438078751408238
0.40886983760613305
0.2776907647074987
0.4625065259802709
0.38628307641579424
0.5849064380512736
0.3163520457230786
0.5011815459016844
0.521144176077817
0.48615118291979226
0.3687384936663644
0.37496221800895774
0.2987662462561481
0.4423927678399693
0.39367460775423846
0.5922567526722172
0.35120764982276814
0.5772813453136593
0.44614348913252544
0.4249168796197071
0.5960349517764405
0.4099552111669827
0.3612095732695848
0.4636468551644547
0.5660841370593246
0.4761904761904761
0.3999670266259995
0.47494023575962413
0.5774049954661611
0.6798010606435303
0.5899211386805155
0.5961586019289423
0.6711455499684005
0.5537465996208062
0.6562250982331767
0.6624763003874371
0.8748110900447889
0.7849586458934409
0.6813123402852197
0.728848954469266
0.58399967026626
0.6177561618992663
0.6652515593658122
0.5067183249526007
0.581705272992059
0.5742587860302806
0.5668260379743357
0.7242601599208639
0.6206550710301431
0.5857445113071194
0.46841425548869287
0.5983843046739756
0.5360234110955403
0.7209628225208146
0.5899073997746819
0.7199049267716318
0.6987744895996483
0.49903827659165223
0.5878328249938175
0.6628335119391091
0.6829335311735772
0.6206138543126425
0.5308301046904624
0.6195834363751271
0.69466655675542
0.5362020168713764
0.4875937680323139
0.7550353089879922
0.4728793998845932
0.6304234330777897
0.6230593795510125
0.6020113758140302
0.5946610611930866
0.4499766438600829
0.41514851757206056
0.40786689748028465
0.5653971917676476
0.6130299782925287
0.6332399087736653
0.48854175253482807
0.3713214079630698
0.32280933146484214
0.46669689225950045
0.4456763663341851
0.4246558404088699
0.4860824883906246
0.3551644547028274
0.40286593575687635
0.478045228478004
0.5807160717720441
0.23000302255928337
0.5250322864287088
0.4765889044596488
0.5243316022311983
0.4759019591679719
0.5373423460555601
0.6812848624735526
0.49549363888659903
0.7905641194735251
0.7421756931277993
0.6662682383974939
0.5904157392905228
0.5695326024235429
0.5623471546726019
0.6376500975462314
0.7403896353694391
0.6233616354793504
0.8360261588767072
0.7602286153930701
0.5882175143571565
0.6773005797818262
0.642706014892974
0.7043250075563982
0.587310746572143
0.7725524139257549
0.6693457533042068
0.6210397603934823
0.6139642238892095
0.41455774462121836
0.5586239111917126
0.4417195614541257
0.24234055999780177
0.46886763938119963
0.48932487016733983
0.2762344406891435
0.3516610337152749
0.234756683977688
0.3239496606490259
0.1658423323166543
0.3100046712279834
0.34426950237683074
0.213667463523205
0.16547138185914875
0.40584727832275436
0.3027505289478746
0.1584508009782101
0.3851152694199434
0.11714065891792376
0.20644079905476329
0.11713378946500701
0.05527024427774572
0.17206605665924768
0.1651828648366444
0.06218503558376611
0.1790179430110186
0.14468441733300358
0.1790591597285192
0.14479432857967192
0.20666062154809992
0.19990107987799852
0.19308658258456296
0.24125518643695215
0.15208968757728134
0.18653312450196466
0.23472920616602094
0.15928887423405602
0.18002088313686698
0.24203830406946392
0.1254114802297145
0.3110488280713324
0.1532300167614651
0.11906822740636934
0.0986577089000632
0.11947627290962547
0.2914296705410381
0.2160992498557415
0.19573819141043608
0.05173384991619267
0.12756436677383012
0.21714340669909046
0.32043250075563984
0.1627373395982744
0.14244497568213668
0.1358970131618718
0.39036353144835545
0.09532190256367983
0.08881378287033222
0.08227268980298409
0.10326711180721566
0.2616162448822576
0.24142005330695462
0.1250144258511252
0.15979721374989694
0.2494985299370758
0.10570301981150221
0.16795812381501937
0.1477894100513835
0.30628142774709427
0.2311845684609678
0.48583518808562076
0.38332921166158324
0.44564888852251805
0.20574011485725277
0.36425961036463056
0.4541120545159784
0.26918638199653777
0.41402192729371035
0.11925919819745556
0.3328112549116588
0.32654631385156485
0.1691671475283708
0.2865935756876322
0.47267331629709014
0.19168521418954193
0.3228780259940098
0.27547880086829885
0.24183222048196082
0.3181243645756052
0.33941966861759126
0.4294644574506086
0.3546561151869865
0.4035116643310527
0.47981754733053056
0.3775863490231638
0.31653065149891463
0.35170225043277553
0.42806308905558754
0.3808424697057126
0.33358063363833707
0.5611518698650839
0.3490643805127359
0.20571263704558568
0.4195587063446267
0.3036710356387217
0.2977633061302998
0.20939466380897426
0.12103289094056549
0.11516500425906082
0.45273816393262445
0.3232077597340148
0.12500206083587503
0.42141345863215457
0.4293133294864397
0.24488225757700657
0.1841288159810953
0.41189239688951174
0.20003846893633392
0.26297639655977795
0.24348088918198557
0.11410710850987828
0.3694391778638749
0.24008737944110134
0.20692166075893714
0.2149589206715577
0.19555958563460007
0.36853241007886134
0.3491742917594043
0.06874811090044788
0.24176352595279313
0.18118869013271782
0.25807160717720445
0.22504327755337564
0.2744346440249499
0.17275300195092463
0.12600637485230676
0.18922595004533838
0.15623883713901024
0.16449591954496742
0.20028576924133762
0.3596982936278954
0.35425768691781384
0.40382765916522406
0.0
0.2968702772511197
0.3876707059049817
0.08009644711895145
0.32205369164399744
0.2892589234193389
0.2427389882669744
0.18249388618690407
0.38330173384991617
0.47422581265628
0.4552386447943285
0.35384551974280765
0.719602670843294
0.7418871761052949
0.6817657241777265
0.9101338169428187
0.8363009369933778
0.6800483609485342
0.4963317121424449
0.29888989640865
0.5960624295881075
0.5222982441678344
0.4073448190586102
0.49848872035831066
0.5209518313961475
0.19995603550133267
0.27740224768499433
0.547220619349875
0.43234962767565194
0.42741736048141127
0.23015415052345228
0.30768279614211524
0.31654439040474813
0.25672519440551755
0.37552551314813293
0.4531228532959635
0.3796059681806941
0.23742203170939463
0.43872447998241426
0.3790014563240183
0.26433654823729835
0.3420437996317973
0.3373176160250598
0.42879125106476523
0.2592531530788888
0.3782320775973402
0.5384551974280768
0.4651306569944769
0.4879921963014865
0.4559255900860056
0.2177753963674333
0.21321407963069822
0.22240540763333605
0.5064023301184294
0.39198472233671305
0.41496991179622456
0.520402275162806
0.33733135493089333
0.37412414475311184
0.3010056879070151
0.33781221663506716
0.1685626356716951
0.5351441211221938
0.503311076305883
0.512708487896024
0.6045668122990685
0.4491385706042371
0.2662599950539939
0.4268540653422362
0.25774187343719945
0.30847965268046057
0.38669524359080043
0.4099826889786497
0.4195587063446267
0.33296238287582774
0.3288269722199324
0.6132223229741982
0.3343500123650152
0.22034457175830516
0.4910559723023658
0.445800016486687
0.6203665540076387
0.4927183799082241
0.5161981699777429
0.31988294452229826
0.3296650454757783
0.22954963866677655
0.198156238837139
0.3453823537493474
0.2453219025636798
0.32389470502569173
0.45743686972769493
0.4810815266672162
0.27119226224823456
0.6795674992443602
0.19492759596625722
0.4522160855109499
0.5309125381254637
0.30738054021377736
0.46853790564119474
0.3686835380430303
0.2825955540900723
0.4438216140466573
0.3715000137389058
0.16181683290742724
0.07579204792130355
0.3332646388041656
0.28850328359849425
0.2437419283928228
0.32267194240650676
0.3054433544912483
0.4256175638172176
0.38093864204654737
0.3775039155881625
0.4565163630368478
0.23330035995933282
0.3673096474596763
0.3227268980298409
0.5666749100101668
0.4259610364630561
0.6012694748990189
0.39190228890171186
0.23750446514439588
0.5090264611326354
0.43710328909405655
0.4888577473689995
0.38948424147500893
0.30387711922622485
0.3419476272909625
0.36627922952216085
0.5280273679004204
0.34633033825186166
0.54933641084824
0.3676668590113483
0.17228587915258428
0.4852581540406122
0.4685241667353611
0.25944549776055836
0.4213447641029869
0.2535377682521364
0.3742615338114472
0.41256560327535513
0.3272469980490754
0.35185337839694447
0.321531613222323
0.291223586953535
0.49449069876075064
0.3680378094688539
0.5713598768994037
0.22512571098837686
0.304825103728739
0.26088808287308
0.3955705767592669
0.40663039595526607
0.4451955046300113
0.23647404720688042
0.5086280328634628
0.3961063940867749
0.3523067622894513
0.26730415189734286
0.4433682301541505
0.6194460473167916
0.6581485450498722
0.5457505564256863
0.7631000467122798
0.5820350067320638
0.5246475970653697
0.5634600060451186
0.6709669441925644
0.599895584315665
0.4464045283433627
0.5539801610199763
0.6478306267688841
0.3707581128238947
0.3547385486219877
0.5448163108290056
0.3777099991756656
0.5266122605995658
0.4282279559255901
0.46726018739867553
0.34143928777512156
0.36676009122633474
0.6119308658258457
0.5823372626604018
0.5665100431401643
0.3308740691891298
0.5623746324842689
0.4778941005138351
0.5857857280246201
0.43266562250982327
0.7054515978347484
0.5386200642980793
0.564160690242629
0.5347456928530211
0.656486137444014
0.6133871898442008
0.8038633803203913
0.6508806638639298
0.333044816310829
0.5785315857445112
0.48055944824554175
0.45129557882010274
0.47701481054048855
0.4477921578325503
0.5284944906987608
0.5130519605418625
0.42892864012310056
0.49596076168493947
0.5355150715796994
0.41022998928365345
0.5047948781359052
0.2971038386502899
0.4054351111477482
0.5412579342181189
0.36111340092875005
0.387066194048306
0.44051053774077437
0.38405737367076087
0.3001538757453356
0.3261753633940593
0.47586074245047116
0.3095787651471437
0.33565520841920143
0.2793119555958563
0.14054900667710823
0.5376308630780644
0.23404226087434396
0.3426345725826395
0.28638749210012915
0.40874618745363117
0.28383205561509084
0.29633445992361174
0.11649630423433079
0.2526722171846234
0.34764927321188144
0.11291044981177698
0.29035803588602205
0.412867859203693
0.5353914214271975
0.3144560767180502
0.28587915258428825
0.38097985876404805
0.07766191300524826
0.5162668645069106
0.37784738823400105
0.3493528975352403
0.4170582254829225
0.374866045668123
0.38764322809331464
0.3454785260901822
0.44073036023411094
0.27495672244662434
0.38396120132992606
0.4655153463578161
0.478402440029676
0.20277251119720827
0.06454950127771823
0.4209463358338142
0.2690215151265353
0.446844173330036
0.5010304179375155
0.2941911906135795
0.40336053636688374
0.26525705492814555
0.3881927843266562
0.41498365070205806
0.27692138598082044
0.0839158629406754
0.3305718132607919
0.27498420025829146
0.3293215728299398
0.4111642348803341
0.2731844035940978
0.25888220262138323
0.36823015415052346
0.28526090182177893
0.3808974253290468
0.4903003324815211
0.2150276152007254
0.39315252933256395
0.3652075948671447
0.33727639930755915
0.07579204792130355
0.2814552249058885
0.22608743439672463
0.36307806446294616
0.33521556343252823
0.22493336630670732
0.2383150605885747
0.37534690737229687
0.3612782677987525
0.20983430879564752
0.3469211112027038
0.15428791251064766
0.23644656939521339
0.27740224768499433
0.27714120847415713
0.3043854587420658
0.01564311818206798
0.18029566125353774
0.30375346907372297
0.3035611243920534
0.3995548594509933
0.39938999258099084
0.4954112054515978
0.41284038139202595
0.2615887670705905
0.2477262110845492
0.3575412854120298
0.31622839557057675
0.20623471546726016
0.24738273843871075
0.23358887698183714
0.412153436100349
0.2884620668809936
0.2609705163080812
0.21974005990162945
0.370868024070563
0.45330145907179953
0.35715659604869066
0.4396175088615943
0.35722529057785835
0.2611079053664166
0.4535075426593026
0.35740389635369435
0.2475750831203803
0.4674937487978457
0.5225455444728382
0.1654576429533152
0.4266067650372324
0.5366554007638832
0.3581870139862061
0.454510482785151
0.5645728574176353
0.41360976011870415
0.46874398922869787
0.3590113483362185
0.38668150468496687
0.4143653999395488
0.2634435193581183
0.37357458851977027
0.22266644684417333
0.36028906657873766
0.1956694968812684
0.19591679718627208
0.44347814140081887
0.3613057456104196
0.16923584205753853
0.2931607726760641
0.2934492896985684
0.21130437171983624
0.17038991014755586
0.2531256010771302
0.17100816091006513
0.2949743082460913
0.30902920891380214
0.24066441348610995
0.3234413211331849
0.5436072871156541
0.3516060780919407
0.31074657214299456
0.42101503036298193
0.20154974857802324
0.3667875690380018
0.2984639903278103
0.28510977385760994
0.43662242738988266
0.4644849284203006
0.3000027477811667
0.5202236693869701
0.31453851015305145
0.24624240925452695
0.08178908031764351
0.28828346110515757
0.3848679691149397
0.41275794795702475
0.3170115132030885
0.2899596076168494
0.26290770203061026
0.2908114197785288
0.1263718297474789
0.19550463001126592
0.1684527244250268
0.4574093919160278
0.36167669606792513
0.3621163410545984
0.25264473937295634
0.3492567251944055
0.2672629351798423
0.22648586266589726
0.3918061165608771
0.44720138488170796
0.2003544637705053
0.35192207292611216
0.26992828291154897
0.3253372901382134
0.46316599346028076
0.2849998626109417
0.2579616959305361
0.3408485148242794
0.35502706564449205
0.4516390514659413
0.452064957546781
0.6448492842030061
0.5078998708542852
0.4258923419338884
0.3301459071799522
0.46796087159618605
0.2760420960074739
0.4275959662572473
0.5379193801005687
0.4696507570137114
0.4837880911164235
0.429244634957272
0.38842634572582635
0.47125820899623555
0.2655730497623169
0.6094441238699749
0.49991756656499875
0.40411617618772844
0.14346165471381858
0.2400049460061001
0.4189679333937845
0.40558623911191716
0.268554392328195
0.2826367708075729
0.3516747726211084
0.39322122386173164
0.4897232984365126
0.1328263677080757
0.49035528810485535
0.2021405215288654
