0.2959652722819285
0.3150171494755737
0.3561041976121233
0.36539130648973844
0.32823558305371364
0.2933746416012481
0.37861191774746106
0.27117758327214747
0.36717457741390036
0.3862955851045947
0.3210393064196595
0.2950270801228532
0.2661129924966269
0.2542262386451097
0.33948975417923666
0.2989030626813979
0.4217752552289419
0.31744719123579423
0.32483491110696294
0.40066603411142393
0.4156433502637549
0.27471394111255365
0.27808151502076817
0.21217553005003198
0.3675110510493857
0.34305244339994784
0.2970838359132817
0.35304660332477933
0.2976402583445663
0.21755662922880697
0.3902587883952642
0.24187995746738655
0.34510850396131243
0.33411780995966056
0.2548236231600072
0.3700684989761487
0.26161572435828284
0.3390543769152481
0.3675927989207452
0.2998660572935065
0.27918289275717195
0.2688654625764277
0.3355522496495553
0.38013942051013333
0.29855639072823514
0.36993817122737366
0.4148548804582561
0.3847506730564947
0.37153798028412205
0.4483412222415276
0.25004084029667106
0.4091249481916358
0.28559107970652586
0.28419307882063916
0.4574823240224516
0.3468201540720146
0.3573756208808476
0.3502579832558882
0.39229328710720257
0.430311391017565
0.4370451820148752
0.4882521406543615
0.3047672982097642
0.45444241554691733
0.37724714458192166
0.40043796376050367
0.391674637658619
0.484936647002698
0.44628530838743163
0.4447956761461691
0.5149068567084844
0.40875124022391185
0.4874444591990781
0.4143722924245069
0.5308698211484617
0.5227981457436963
0.45228618392158215
0.5249784638603874
0.44056039416844855
0.5211793971012277
0.555936893109805
0.4816172212941708
0.4946662473140882
0.5368233817005756
0.6009499879864115
0.5587626312160761
0.6393951614926769
0.6151703938333628
0.5863216767554744
0.6167070532715099
0.673897465184673
0.5544710200317482
0.637944727689856
0.5976945045413726
0.6337329377541516
0.6919624442298702
0.7147805939249832
0.7079490336889248
0.7289477462004893
0.6738573050138372
0.6673694702283822
0.7050555523857844
0.6565932556629674
0.6756639408382927
0.6628342789819335
0.75011088000807
0.6927992083931166
0.7774741883938678
0.7236807850021042
0.7606846955231373
0.7517388027633772
0.6903497983900932
0.6015105390911334
0.5495715457813075
0.5043260232037351
0.6265247132993627
0.5307707051822972
0.6501247207438812
0.5480572597165092
0.5500876121116934
0.5843247121062075
0.6201983285929905
0.4600599061316505
0.6778677847046599
0.5385979038737316
0.6119001247396227
0.5044368905113631
0.5446351400183577
0.5208752686083427
0.5582389394716222
0.6059667610483428
0.4503103449130449
0.5315657494231202
0.5429953035618814
0.5961407166691949
0.5957635334486153
0.6056150116643949
0.5032432620499168
0.5598226361983565
0.5830112790703765
0.5639797903426127
0.5048175598316624
0.5550820060335887
0.527789505015099
0.5882366562753938
0.49693010131842874
0.5200766683810433
0.4835661243127095
0.6310192013452637
0.4993770998850843
0.45912067493911213
0.4886617262038562
0.5209098279528779
0.45513209932314125
0.49128732923371754
0.40503504261351864
0.49035128372395576
0.4883073392470207
0.5660409126823256
0.5460055664595906
0.5130698176733461
0.5765632152043706
0.5701638029561151
0.5425328557518596
0.5249988313877022
0.5841324486951397
0.5476448681244792
0.5027463710529163
0.5859613215519821
0.6696518447038549
0.6363526641178412
0.6027893143368404
0.5739111919597606
0.4673758231954571
0.5079362748934757
0.5356064199183134
0.4170742538759741
0.45986231347778944
0.5089107303845053
0.5122186126955637
0.5206906729690334
0.557964824457476
0.5641318982511154
0.5147096918192423
0.45053098049383034
0.4733608110944416
0.39533907478899705
0.41915125163096845
0.5190398701270643
0.4169488529376064
0.465979255743248
0.3576751934162336
0.3742358245955264
0.5106276667624509
0.37893141439310607
0.44602290057213156
0.4228009364770501
0.40750002054382317
0.4577923796400215
0.3298514443021666
0.46150054240155514
0.29390715610252705
0.33885864250768893
0.3793919081199768
0.469143592989798
0.43174556839184275
0.3038143990760778
0.35919857265429644
0.5546069916510246
0.41506198890117285
0.46536378415122265
0.3582364899339282
0.3782562890306467
0.3875861603653515
0.27140840495072566
0.4134538978518273
0.411765226959886
0.46234095742701287
0.4813892088160757
0.3377040116803975
0.4514407131590674
0.4436929925297166
0.34924301788563433
0.37395906418227437
0.32393107508534985
0.40684189256056225
0.37469502280865524
0.4102380697865401
0.38296910351101243
0.3423813594554561
0.42200768162553787
0.347693554616957
0.4033750653841069
0.3868591097603852
0.443742882474894
0.5514830659754121
0.4658277869759109
0.5366202837140082
0.5657993983299441
0.5302179078004337
0.5713479825632678
0.5324007375840083
0.544667113278284
0.6623257306267405
0.5857950155103633
0.6840544618022568
0.6668826396291234
0.7396125998573115
0.7002909032822823
0.7976337023763714
0.8352521076538073
0.7644045156428633
0.9169047353090227
0.8880744963445759
0.9074146313527465
0.7987194000096977
0.8275613879128216
0.8995669451319825
0.8145824224055678
0.9560912202317684
0.848349960969482
0.9453183084678013
0.9173545671177549
0.8443421202245677
1.0008761218034454
0.8798845126148032
0.8125268146664513
0.8839010095691241
0.856324544515293
0.8586111492677395
0.7846830876883624
0.723277215754993
0.7700758966747228
0.7294713922920028
0.6986986090427794
0.6647585414952378
0.5860138544248281
0.540423288296719
0.5427683336184526
0.6122290181334233
0.5360575779278014
0.5793874804712682
0.6839524614627225
0.6014537111347336
0.6585751266949761
0.544800133177522
0.6326047870053141
0.5838624860390391
0.6000720018953727
0.6746791801399191
0.5680886708617348
0.5340984537307895
0.5685934983306573
0.7078672085164962
0.5731822572957019
0.676830591089352
0.5760535704920977
0.6217751722298367
0.5178308673342645
0.5589329407116383
0.5930981170729632
0.5846519029542607
0.5497668140483173
0.6412826400245535
0.6098646372467813
0.729827581338591
0.7085137598751858
0.6421156002337731
0.6348363452958018
0.6159643726100729
0.5939908146695817
0.7527526454145523
0.6048491029241834
0.7528635978494678
0.737561735218424
0.8047807333552417
0.7884235669650133
0.7257510964205822
0.7535761379590942
0.593046349384589
0.641730166531423
0.6061497085135271
0.7245435274047152
0.7555431117158138
0.723988144624753
0.5975803062853712
0.6929895118170439
0.5946632907198262
0.6442208639553291
0.7269024917244433
0.7180824857464483
0.7276883573214592
0.7873117544767564
0.676690847782037
0.6120910096378437
0.8319737624519338
0.6995473665423989
0.6213700349930131
0.7863813118528262
0.7899679661212069
0.7319457500823073
0.8331926252500949
0.7600449062917104
0.8882427318922743
0.8627086743559352
0.841909993806921
0.9722709820416366
0.7883042645043219
0.8445341927857493
0.887558354498048
0.9171962344823166
0.7347547185248736
0.918184614463424
0.902431095965563
0.754184487761068
0.8654922803589497
0.7305745458248116
0.8495436384477695
0.7684126694365119
0.7192487790121089
0.8562392311836137
0.7669047665452452
0.7183421720286411
0.7335294622555253
0.8831306110510144
0.7748079900828906
0.8224678893521833
0.8625110719536268
0.7380124972487236
0.7303634946841201
0.6726506909339116
0.7288746802140245
0.8460792427537851
0.7521843500608154
0.82782453489385
0.7345309381086794
0.6177551692669951
0.6508631471004811
0.6284620607005477
0.5883985168876851
0.6703877872658928
0.6835754121116673
0.5902835075745883
0.6586586194011224
0.6785251980306132
0.5526438033125513
0.5096415117614915
0.6522579659420964
0.5153273685512656
0.5711135591766217
0.6184320849798798
0.7083118516797614
0.5640726304368181
0.615094037402637
0.6475073058606478
0.5942770126097059
0.6393009776917009
0.6635764495661567
0.6625492796889361
0.5858146661835372
0.5826471416065857
0.6620516598925139
0.6140283336976757
0.8064585640422983
0.6947583106217964
0.67700153972608
0.7917890406320163
0.6629847345972488
0.646554695129973
0.7328884791825441
0.6438152564588939
0.8629792569309109
0.7064750437240178
0.7411274440550504
0.7148874588770842
0.6535960515657444
0.6986659194779203
0.6606751365525787
0.5890226372061538
0.6103606808153663
0.60488709028966
0.5763971277476574
0.5797729121140873
0.5910669072263119
0.4616967823553595
0.4933769370860124
0.542216044940782
0.4901032867226881
0.4887357329841485
0.5480035454279468
0.5825400542251209
0.4852217642381789
0.5069380864639368
0.4484212992839195
0.5035312988080992
0.4542509415541377
0.3786528010883331
0.49881955487202306
0.4330617563938367
0.45815016763794036
0.37541393119453814
0.35101124173794196
0.43983535064523493
0.40660767787307217
0.369267590838247
0.3454564312673597
0.357954776142317
0.39122055223155994
0.1838542721482717
0.26198627561396837
0.366913218586464
0.2894743696875295
0.31200198194174256
0.45355149436456327
0.26412701757420576
0.15730350893786058
0.29253433209243607
0.42228595586283335
0.3623123050924083
0.276023487263904
0.29696402591546484
0.3662736193124597
0.37988873087784536
0.30025071393475544
0.287209872422961
0.36502920645145936
0.20391451068824923
0.22076319935833794
0.33540647637830023
0.36492595185745713
0.2972421709515063
0.29515766977533897
0.368880798737804
0.38698682444469323
0.47575840761884824
0.34968329889328137
0.344776007211819
0.4517690037281015
0.43746026692443574
0.42534781784196674
0.485380069413202
0.4674946238170594
0.3806285945812321
0.447258660038418
0.3287579704970927
0.5343509854763854
0.5220923571890725
0.3411421197934391
0.31351843223052006
0.3711000586067048
0.4787500198830569
0.4438853210219687
0.4560029212664378
0.5360060709760703
0.4445902672970049
0.6667499433508794
0.45053831249336096
0.5900631926628022
0.5052552987600158
0.4654462840947057
0.5966592997466412
0.5422192928213991
0.542592981017624
0.4289289763887867
0.48045353223699316
0.5833842828157506
0.5097172229411091
0.47069886804941613
0.5868530694301382
0.5242032980082322
0.44197155408533706
0.49699266843297085
0.6321069818510888
0.5886369083043392
0.5237741545331163
0.6411947989616475
0.5318562613944847
0.5323187435300258
0.5065207378550426
0.598426413168406
0.49148023453199263
0.5438051626280965
0.6467050971974785
0.6048500516815314
0.5489707633832744
0.5567514798297655
0.574790924121305
0.6566231442654678
0.5454024821922467
0.6628690294509589
0.5383557860787241
0.5967721929464065
0.6676080847609105
0.4812717302075161
0.44223397466973025
0.5195906316623902
0.46011428063724724
0.39145617893360374
0.5145457821794138
0.4074236342498958
0.3560589490263364
0.378595642027976
0.40919783383182334
0.3743896606566138
0.3933783488946129
0.3957324332239418
0.43998960561495737
0.34554768037375494
0.416862707692646
0.3185467793769343
0.1842522045959385
0.17837120908366372
0.3779088678887041
0.3300130267404512
0.4200126472375121
0.4046566978173727
0.2230673099195718
0.24821235408247572
0.31666416442785905
0.2139972550980793
0.35945361256557296
0.40222636250531285
0.38431392654754937
0.3052292737692943
0.4050878014855824
0.2881375609731919
0.3185973470451608
0.2701295308475236
0.1311400282022584
0.41606103821473084
0.24962728534414774
0.3858006195632625
0.3492999727091527
0.3254757215225831
0.2486660545145125
0.3124822587009887
0.34033312236640456
0.47838215665877215
0.3412733262755031
0.4007490181133773
0.39489276670075346
0.46940965427604897
0.6747177352494816
0.690007566442826
0.6166009358605637
0.4977928109058435
0.2430386971966163
0.5328803033244519
0.23868547198010964
0.2183192663351421
0.3560732068172046
0.33315269231419564
0.2585618138856487
0.3051276240992632
0.24914521404676307
0.2590976267947089
0.2930631661429061
0.2553795480085669
0.2776715595794797
0.24149895594471343
0.30861168762918106
0.27409726730354733
0.3765844693598437
0.24395626895914266
0.3715861131059768
0.2522282269988592
0.3997962271737271
0.22957658531671957
0.2957136351966623
0.2656471292974546
0.2800670542150498
0.410554030972369
0.14526384553966754
0.3104071156224424
0.28043567253210383
0.3529297261679654
0.2522245190189841
0.30798002091398957
0.31509537026254375
0.29583028539314393
0.3812241475550815
0.2708407226507599
0.2609565183477691
0.4121483410123067
0.20636996850448264
0.3675322881107502
0.3034935311259448
0.4472474666239419
0.4599607670987373
0.3340376209474254
0.43340870068566795
0.45199847071574284
0.46750684727171266
0.44349429020047404
0.3838405860145986
0.3488827741027771
0.5782703431338845
0.4083207358106147
0.5269265225398074
0.38588099784641006
0.4923562922840194
0.3825441196709519
0.4147913349291175
0.4116874388804097
0.5648401068921379
0.4699609717474821
0.4555263494664211
0.44709517376954216
0.5266996908595694
0.46021240054549833
0.3584425353841696
0.5152560744480965
0.38394132818655585
0.42280459269404247
0.39395976421691087
0.34712544750436686
0.30378260849656413
0.5641876192781754
0.4261692634871537
0.3953931974825856
0.5072863275052285
0.38288279000235753
0.34810017107770064
0.3997039037472352
0.321989089482722
0.4067952877735157
0.3568650177314304
0.4022361732192286
0.3898052873944934
0.4232500955742591
0.47583012687789683
0.4916052191704646
0.34519233443056685
0.3886963677923352
0.47318684201798594
0.3362432362165312
0.4318965840623278
0.49497462880744064
0.4533311947619587
0.35278478913500655
0.5099136527836853
0.45636406321082784
0.5270740013088046
0.5428878506136383
0.3789049551159168
0.3411623803624364
0.471829891157692
0.5467459439473472
0.48152054031168023
0.49304686426737554
0.5786831324900299
0.5400159494211004
0.4310803598091531
0.4631102756523855
0.5720648524938735
0.4883907098229701
0.4929179348715975
0.5885453237003202
0.28534810384219195
0.6065810979073578
0.4615210486726181
0.6002771465753419
0.4027116752301171
0.5998884647177702
0.5081158765130114
0.494877128200205
0.45223194472718176
0.48013815575205665
0.4685262705657829
0.5070740646737129
0.4215866678750164
0.5446303323861525
0.36242397472471977
0.43791716930954505
0.44368322904771507
0.5186654396071633
0.44494401724085697
0.40091622842647123
0.3767705438111669
0.5319292281115484
0.453904179805417
0.34613431585234644
0.5269342436534226
0.37451986229343165
0.5218278397960197
0.3547953994824851
0.5640212211068633
0.34655096648613526
0.5636652623158572
0.35419752562298734
0.38143654068626776
0.4432771698274485
0.44178083587183703
0.48668285947858114
0.5167639329221415
0.5139954381797023
0.3444307877086714
0.50547304193526
0.5523134100308682
0.5133958428267706
0.4230749183081822
0.4646305679965157
0.2992589903048326
0.4288588450282516
0.4761394764195389
0.41613673181968275
0.3547003512962871
0.3900233151969419
0.3948029511653379
0.5459660139877451
0.4949028475565046
0.5050949513539087
0.39170303468001244
0.4403367066371089
0.46800186107472475
0.5937414118323537
0.41755686243638374
0.3799588313454132
0.49499574229693644
0.40029103900538476
0.4365289083583538
0.5033928291834959
0.40531975528843145
0.3737167711898174
0.4447507355975905
0.5148721439975297
0.5086705171752506
0.3362051642043244
0.3576979909843475
0.45251676669454743
0.349870335488905
0.4244716851916573
0.40771322499297885
0.5403769152755775
0.5074407070765854
0.39235967334765065
0.3879678237526839
0.42384958293910757
0.5343167397984436
0.3555317711135118
0.5029310652751164
0.5500627340738671
0.5426524652886449
0.5149473919199417
0.39882578605215613
0.382306285632077
0.4539096225970274
0.5266668768303782
0.3284364846876159
0.3966220506544294
0.36545736430361986
0.37720523264254435
0.2744311126340352
0.427507149885489
0.3670859259941396
0.48551473329885164
0.3765761340940408
0.37271758594720383
0.3009939013781565
0.3299819753953168
0.4413523556344011
0.48512018500411297
0.31993027622067877
0.36256869255491364
0.41598259760713646
0.41545427734103624
0.360385273264874
0.47571975124900434
0.451982263647296
0.4916290513097241
0.37484950878912127
0.3911898886274894
0.37675873384171665
0.44614477497531807
0.3736956457550409
0.4997700858881468
0.5086763332912068
0.38875083683041145
0.43936443095384414
0.5241198372248186
0.44111501979611034
0.5254076781147238
0.44741501030647735
0.43959519421038884
0.5614739428702948
0.5750825482394883
0.4721569327583882
0.4865808470564641
0.42903959284552107
0.5844131332703861
0.46108728374691266
0.5122658722762126
0.4876712095278359
0.4291216272663141
0.35034736052307586
0.3977817644732401
0.47441267516200836
0.49474360831545583
0.29449162021743136
0.41267408796289107
0.45112885751127585
0.40678315624260264
0.39667477932003636
0.4864315019403427
0.4740810362072371
0.5136508079084157
0.5179920242734144
0.5253076210114768
0.5350066259579283
0.49006622497915936
0.4873242928337219
0.6061013829195571
0.41630253945476425
0.4865236755702692
0.4852721210790671
0.5328262854609986
0.6044766298513345
0.5366890693082413
0.552907180961068
0.5357417112058012
0.5513656768191552
0.5317281832715806
0.6622452043319547
0.5799470701868511
0.5004351700065042
0.5753287466522063
0.4874983109270189
0.5974360512318257
0.4007997667457405
0.6638875177178889
0.6064215844740624
0.5506689992184148
0.7085120607619904
0.5964122878191206
0.76528071158943
0.5664714302079712
0.5443430126880643
0.5676488847594221
0.48761801156373186
0.6414118907071902
0.5620089953318049
0.583072297486148
0.5110575822184914
0.5965855616665123
0.6243828736776754
0.7408638268144103
0.665315442836165
0.6481419133117114
0.5789620383168768
0.7524562905533267
0.5692196761207406
0.5364747030089153
0.6792436345779105
0.6345443168230034
0.8060512176150654
0.5066781313442783
0.7060931688914878
0.9008586116696425
0.8079150788854319
0.7304836655804448
0.6818503543159029
0.6679240799976544
0.6066912045614825
0.704908968002513
0.6840120052541935
0.6841705960175353
0.641237915246188
0.6251525012446262
0.6980522224465814
0.8395752022042529
0.6080768859499135
0.7821932298666534
0.7440300154421584
0.6087259677858711
0.62555564416879
0.6916376801960173
0.6798913413335729
0.6728869781962449
0.760643914060406
0.7619783186153859
0.48989385183338874
0.6957532502096035
0.737033566396514
0.7812225639129322
0.6891336823199705
0.6745458083354594
0.6684328576473147
0.6381009431272762
0.8006072314765613
0.7517879335653743
0.6279102855326428
0.6684610471366198
0.751761196045527
0.7663676298382154
0.7654001190862099
0.6978778748969521
0.679412585469427
0.5910274553282373
0.8437903752631196
0.7862383385141639
0.8356855380430036
0.7422260542621513
0.7457923637953618
0.6606432735462198
0.6368143842268582
0.6008416308353441
0.6310727759289634
0.5929473326191749
0.44985111175653764
0.603065592201945
0.5352822969478551
0.5639410813174225
0.6719926082603359
0.5973624449616903
0.6156312523718503
0.6229653862632472
0.6469924560266587
0.6001765052517597
0.48617752399197595
0.7817741104728798
0.5503364261289668
0.5236806463270071
0.4794914552146611
0.6625120694532118
0.5457931917268826
0.6106496673606623
0.6108662929656555
0.6888052042649513
0.6067918202095763
0.4925608177316241
0.47531567412151254
0.6234226179673867
0.5884094131804679
0.7741759989228927
0.6629942331548939
0.7009314209012245
0.7541003497351624
0.7286708848015602
0.7091327725564125
0.6142648825204646
0.6301413412975312
0.5953593017189855
0.7603368125656609
0.5758775636468751
0.6734629308867823
0.5791787332594185
0.4189408874812161
0.5679223939281561
0.5646608112502793
0.5444971795785047
0.5716935128496654
0.5110738411871231
0.5005688269873766
0.559310736711385
0.6013831165856438
0.3962870170431214
0.3082284188373204
0.540224685786086
0.39842951859811887
0.37953810716497083
