0.15170176828335286
0.1572974405121588
0.1538770109411203
0.21319550133247586
0.1805475987567349
0.22058198625662134
0.2257441935097998
0.13377387286454134
0.21369785840237446
0.2229071391126061
0.1790253087974457
0.2074329814805972
0.21812309353301176
0.20983422210371572
0.24625925400818352
0.17876744365516137
0.17106663627745194
0.16559414734887595
0.22601032687241496
0.19529773813700235
0.18556283139870902
0.1805922027053946
0.18791335713794838
0.22714846806213707
0.21089062191097074
0.21842771140167758
0.206452048238056
0.1840973778806777
0.14020572821165947
0.20907183453400868
0.20062990788017337
0.17929378975482685
0.10856477784364459
0.1123470603020805
0.23735637826933206
0.126573048187979
0.1760977438832949
0.18014764599247016
0.20445882169335622
0.2323144701362594
0.1617193445365102
0.18473549956427654
0.16442838694980422
0.15131150419610523
0.2166796045157665
0.21752689595368152
0.15015737754928093
0.1712095961462749
0.12314453099901862
0.12497562108678872
0.19960622654527888
0.23485555181048096
0.22426875508646368
0.17843898215149628
0.17630477626463928
0.26744362183214077
0.23225188016202036
0.17682507100158004
0.22229397622151667
0.23711516098037502
0.1792660511552378
0.22651435931890976
0.26160512826010135
0.29478470878506746
0.25971503106554117
0.2850127442216116
0.2906343464180876
0.27545884675988963
0.26782058645957835
0.2946620996357961
0.26363853116586045
0.23753803257353268
0.22964268778957403
0.29254524727880915
0.23003982829530828
0.32512286435391957
0.281330922548704
0.30338166470945654
0.3488588773704535
0.29453638897602313
0.32363871118443205
0.27812351899114596
0.36353164597172627
0.34067813041791234
0.37897720063119483
0.37979586812295196
0.39522441727583124
0.3773275705482486
0.37586588017441036
0.4436558531495584
0.45988885431841275
0.4000910274505353
0.4403356686526522
0.3854737545828509
0.49678957578626237
0.46038784660833365
0.520372166600618
0.49502446329626115
0.4686838134228246
0.5373203411574236
0.43858109933063694
0.5776885477383772
0.5183483794721099
0.5027506560301552
0.5383735232956834
0.5020247687845595
0.4812490038676515
0.5199556066903751
0.49385706138597435
0.5050004826378618
0.4631744091551567
0.4740704226086336
0.49012417330833713
0.46728047590912286
0.45556254711357774
0.5013574683247729
0.48597536375575995
0.4837805736687502
0.3761525716093841
0.4626987144935755
0.44388251001682455
0.461559094116225
0.41490880077360504
0.4081436035471347
0.3723707899620509
0.4617224676492225
0.503663212548784
0.3948583769119824
0.47258649937745606
0.4325080278825649
0.46225990571280534
0.4009518385028691
0.43985098064977535
0.5204387420682317
0.45395310990370513
0.49201146596203454
0.4520314004168035
0.456775709038363
0.40296462379472914
0.47452103173099563
0.42946350002145595
0.453871986079292
0.4127276628433939
0.4591139854753395
0.4204961836261901
0.4234155421601118
0.40580029866644923
0.46290147690606454
0.44099255127648707
0.4788395231579171
0.47259854453211997
0.34382563781950104
0.4293349003515815
0.38042814230865246
0.411211689430757
0.3985488700241614
0.3800455258172245
0.3957851733040859
0.4044148164868652
0.47363971379343905
0.483485486271263
0.48572491079234037
0.47431808020416144
0.4896246772758623
0.4383746665335026
0.442170366981549
0.4377772611907956
0.46008804539052894
0.49591817619130635
0.4856101719512754
0.5001462449492202
0.471628906155664
0.46313973343308423
0.5003411598445984
0.44983286677420287
0.47186771295432717
0.4082270605385894
0.460486551904411
0.3930568182168368
0.4396323321190829
0.42207850253111795
0.465387333637736
0.41718943646139217
0.44150774674432686
0.4300264754389614
0.4150351324714517
0.43828898840933783
0.38139018234370925
0.3344969549909928
0.37343416032683485
0.3726621266016678
0.34177074319246137
0.33744453192525004
0.3835904235234019
0.3877760673657827
0.3721006100286371
0.37903392118450197
0.42135257607190985
0.3772688593584701
0.39640245934469953
0.3927226986685153
0.37957054805674534
0.3366656859213422
0.38626771589085174
0.4202826520662085
0.34739480111664633
0.43552392308944593
0.42993269212624113
0.3704574580036296
0.46533063877603903
0.40245434042781403
0.34634281782753773
0.37312017958583754
0.41462811456802934
0.3585465329406322
0.42914662045222074
0.3749390788836873
0.40073756014591827
0.41372285636323414
0.34930767232068766
0.33181244919717656
0.3466275535965544
0.3814558150772748
0.35668732331701614
0.40030544937907925
0.3924749560802483
0.32913273732566023
0.40162573074201857
0.3480432783259691
0.307736429471993
0.3534804827018286
0.4066422849597013
0.41147933014989996
0.44257412892389525
0.4391859661086757
0.4537223177240301
0.4899291938332499
0.4830522389588123
0.5727340325085399
0.4537501667089188
0.46883533894778406
0.5428215455353873
0.5508511227890621
0.5700233306652736
0.6221834618387576
0.6057715628501513
0.6843484200253103
0.665332831460836
0.7027473583814827
0.73066712969625
0.7660577435870256
0.7854515345430595
0.7208463000554013
0.7461844194768661
0.8262588974027244
0.8444393666767932
0.9051360582756336
0.8283101699355797
0.7882662103343752
0.8145327381075119
0.8276855230145992
0.864502051850916
0.7948149877834169
0.8108845006260301
0.8934287397705115
0.8052773806678075
0.8414065672393393
0.8186302808315076
0.8234461198513756
0.7301318784829597
0.7387159418959544
0.7867118084951135
0.7475991504484795
0.7345928879586746
0.701880147305183
0.6040689061674861
0.663996994329094
0.593904582817393
0.5829611354530554
0.5432517804963702
0.6098540275913396
0.5541423232236762
0.5199187641048263
0.5557806375560728
0.5627313290124528
0.549207764679897
0.5694731517645462
0.5297952238336991
0.5939442284374512
0.5811017034121501
0.5276233907021426
0.5403223902954633
0.5638819482467138
0.5327337895203372
0.47567127037960594
0.49973912687102534
0.49787962768282246
0.5478072577132741
0.5226787764685719
0.5719905627108877
0.539568721922487
0.6397168796905514
0.6068259704104071
0.6066124933291267
0.5479231525449354
0.6916097614705029
0.5609267133845501
0.5433922774045987
0.584654240270273
0.5471907138764666
0.6287832669641417
0.596933800175604
0.6172272069298778
0.6356759583626389
0.6652220706523599
0.6362950911626742
0.7008956726330101
0.6017847072106732
0.5430349365741635
0.6221331793032986
0.6232042562031166
0.7014018320025717
0.6764307741420251
0.634528163719463
0.6286965141981127
0.6215854873436879
0.6735468523539674
0.6738562503089226
0.6426400425932919
0.6440105636296751
0.6687172246042296
0.6174279050738819
0.6087510517220341
0.6656732229491468
0.6896019461809936
0.5991538254659168
0.6923264466549879
0.6459395684872076
0.6413290963063608
0.6451465947529239
0.672560664811282
0.7088109114927645
0.7627756584870569
0.6838310574080814
0.6780239712008309
0.6430231181525206
0.6600742865839536
0.7101105633434467
0.6932924445633064
0.7389077901540341
0.6928605722937549
0.7233369139190386
0.7322989829425597
0.7282427505140087
0.7039204072905456
0.7179654048623362
0.7353108016982399
0.6909143388263782
0.7580055886677812
0.7592165879820197
0.6693821401934658
0.69660325485523
0.6657250531372199
0.757496510671451
0.7271938664782067
0.7216297398325863
0.7200038166026209
0.6652051676369601
0.6350665671498774
0.6580056947510416
0.6574072987863468
0.7084331378693586
0.6603038852216241
0.6656541258440709
0.5940195032607984
0.6435941095554597
0.6382940538299573
0.565414285406018
0.6007540354592805
0.5773064727543528
0.6137385325437418
0.5510356658167938
0.5321477202004515
0.5502014287676165
0.5542117171914949
0.5407474188356443
0.4681769128637138
0.4645831863997115
0.47749091346977063
0.48785670273851944
0.5278490955263355
0.4757893647876126
0.5470086444365556
0.4767960360893682
0.4809728273645039
0.46037315777997934
0.4535327732679851
0.48201799898244424
0.5418064822235429
0.5457902401614494
0.5796067150254304
0.538910182961432
0.5569144948238353
0.5489093887088207
0.5378278096552008
0.607797654349812
0.5245058243635845
0.5257394168027592
0.6029866284535117
0.5587897835366046
0.5871248073671603
0.5738886098952944
0.5276824888631906
0.5766999339866814
0.5136027082102372
0.5244540375111408
0.4855145839824584
0.4777509614736063
0.5440901657078898
0.4952972926239761
0.45513616810719587
0.4653597016664527
0.43191272392017493
0.42443531053165584
0.5034922189402372
0.4194858131230834
0.4287363385983759
0.4255069100591426
0.3325465129241525
0.35421552528708133
0.42002733595222785
0.3616775529750295
0.26709624498302575
0.2985921167695267
0.3177270229289681
0.24542176491124243
0.3369218420187256
0.31039081288160375
0.27833866278015945
0.3270855806939577
0.2901562791116916
0.2899300256346677
0.30217645333992255
0.1606178878454208
0.22890879677789447
0.14056063096896104
0.17110072033819856
0.2120597875322592
0.1569205508209723
0.18642504286966965
0.2042578202430276
0.20455118188337956
0.10842600309560664
0.12304946197856267
0.11656108572402221
0.12230187075082899
0.1881653921952394
0.20072982233471715
0.1520832167411926
0.2297183181839536
0.17535282217821058
0.23636521718805026
0.22476421241487898
0.25686267819451003
0.16293796578467848
0.20175959025357187
0.18595414875553962
0.2923367788303368
0.26284329339428275
0.269736767995249
0.32072562033176777
0.25127549975652935
0.2813861321884771
0.3334869603327091
0.3081869196462097
0.3929472832990831
0.31018020939381385
0.25075037700525216
0.41489480641966126
0.3665222703450424
0.3834623653417073
0.2923514743990655
0.36242886691703496
0.356997531448252
0.4075063712500787
0.3532953847121553
0.30075823249508415
0.3334730990960441
0.34352288981517787
0.3474954477593228
0.39071654314865556
0.32804378035623943
0.38821949052301635
0.4344425091365604
0.45099392348782685
0.4376720301862341
0.46732104769745014
0.46719083531198585
0.4122491218198669
0.39447805405934244
0.4477677349476443
0.41821057346890744
0.421357983159447
0.4246131131085655
0.42241316019203806
0.4258925312890094
0.480656882070224
0.43307765477689464
0.45608949550509714
0.5391821873020239
0.42477096289318933
0.43171078540928304
0.4656225309462441
0.5202329490529083
0.4851604737818144
0.5052597240503918
0.47187248010097466
0.49382654071863646
0.466515887574748
0.48375772126604005
0.4382768318328869
0.5533182628599168
0.44814518046049656
0.5211679375990093
0.4958926403721209
0.5273520336449933
0.47450359602113334
0.4890685632055395
0.47436913091003474
0.41888340789414946
0.4104357277847871
0.4202665362565907
0.3695843144409047
0.34397030191408157
0.3938958727191678
0.4748663003140824
0.3605891504704818
0.36158543604293947
0.3646505735195078
0.4276509819641427
0.34354583978273523
0.3992536808655872
0.37812999004981
0.3199883925007307
0.3396806624983103
0.32011719288688556
0.3308519854076252
0.3128494764307768
0.25004696402617677
0.34435707486976463
0.315786433775875
0.314073092728004
0.33049714885708037
0.27751131560122877
0.21792706944103296
0.2176238370551003
0.2823162723212699
0.24176833561434927
0.21967158837688716
0.34022177835649936
0.2167982233090369
0.26493091986657874
0.34985600066726924
0.24622452558198868
0.2784932377508792
0.27829435329086627
0.2869831938928927
0.18631375035356068
0.1515633129245773
0.21629870093211018
0.21510031651114053
0.14046540064148566
0.1650243195929253
0.1542091990257254
0.14172096459510644
0.21002595649434516
0.17161824398387626
0.22454407025039425
0.2361225887088912
0.23428843393392262
0.22072720199206175
0.29286138055843225
0.38533982708830217
0.4163521020634719
0.42042059827836636
0.37398198013619277
0.26059268967171006
0.3094007154346759
0.2596993341472492
0.23762725126932363
0.18672850314085407
0.22331218959259125
0.1525624474624711
0.23584648446193707
0.1471482818330104
0.14910686741911047
0.18966521648940696
0.1824628153742927
0.20122956579616
0.18707401204907967
0.1354309663957421
0.19950218572125883
0.1584301904187531
0.17978520836014522
0.1607661021363765
0.15320071058965795
0.17137376611685343
0.18475187837449084
0.17918397664502683
0.15951286333156078
0.10959885500401334
0.1672383068420215
0.12265542145962366
0.16973653365692104
0.1868615069502037
0.0958638756077472
0.14956144128679508
0.21322372330217407
0.21664665782050227
0.17005998808629263
0.22344545850552733
0.21824303598700873
0.15052524208048712
0.1526238603999545
0.1991551410717316
0.1883593359941313
0.1808789681329886
0.2420951912483274
0.21911119133676346
0.2707517944979822
0.26403391420674027
0.2963848240432724
0.2637307162511151
0.25432846307317164
0.21995745947705952
0.22590564478653993
0.28466447955591734
0.24164966180297956
0.17620050884800534
0.22885314547546864
0.31529340047534016
0.2389481358035087
0.2789119524553538
0.28502072682684754
0.25425185205820827
0.2798664961153748
0.2877476740190538
0.2918529569552776
0.34994486676006287
0.22390751031250578
0.24060920216124612
0.228050403315218
0.27910508746465057
0.2869467043495939
0.3056700096329875
0.2362347613335182
0.28140854747675886
0.26098812042960096
0.26609605892313304
0.22761222319120453
0.27143886290851377
0.21612685145566324
0.19597111966146233
0.2978957692425762
0.3020050813615118
0.21262148442129378
0.26375177330589517
0.2727365508094419
0.2701943957628283
0.23595931689195776
0.2931099355496322
0.24279219789262418
0.23705888290870877
0.27051982946609604
0.18412005451531283
0.23874379103018153
0.16722622093013284
0.2667610152784411
0.24899073100954774
0.2659139713220984
0.22700879662088402
0.33009216763661664
0.27010787715848084
0.29158454609327045
0.30871036828784526
0.285313462564467
0.4028147804571441
0.3773361360552224
0.35356559915292635
0.3446113678576529
0.36591544895292827
0.27626221919831867
0.3598669721007915
0.2777235867173551
0.3096192904542884
0.34310574506875874
0.2976929004953669
0.3197734542985744
0.24263173971933855
0.39005275808641127
0.2743174153832374
0.33092368396967947
0.2653481697339165
0.27948445297444113
0.35792680972787394
0.2885271599117182
0.3435250351102357
0.33876171437366015
0.28471042796806273
0.3052548501701245
0.2653635564606649
0.2301779593321779
0.2302298691685212
0.2920439315310789
0.25788787166797156
0.21011973665391662
0.23324883323772133
0.2124320547348344
0.2401768287243526
0.25365307965487377
0.25707841835316153
0.1782448671835717
0.19330174932963168
0.19746814271105864
0.15789486283891224
0.16682168783807083
0.2374013734299546
0.12799346351602706
0.23135921901413178
0.23100198894738844
0.21391552668048103
0.24528206957946067
0.2832701069581379
0.25562018393411284
0.26527981463154754
0.3368058352906644
0.2726777739497236
0.28657598435584386
0.29904209105572455
0.28776526753444853
0.2842564327864451
0.1776765421232543
0.25881995034376587
0.29765171504718135
0.26697903399377443
0.2911509882425241
0.23117137658404976
0.24791554667967444
0.27707247786996353
0.30602976992659436
0.30096762832245544
0.2590517307068333
0.24891404703156644
0.30545078731775205
0.30486263529363244
0.2150800106996928
0.25662429831166833
0.16949363408992452
0.21830354717954953
0.2575970352050412
0.226440044572569
0.260633679517719
0.24816010513230846
0.27011846831832814
0.21480690769219085
0.23519762411816636
0.27408054068083604
0.25190380115984423
0.14420894667296097
0.2540409645104763
0.2174690727665453
0.23819006711154905
0.2681141256299747
0.36790783638932734
0.3204337666706082
0.31896737986806956
0.34282031697235993
0.3489982908527105
0.30070119724070987
0.3690652785691493
0.32080212222274584
0.34519564003706826
0.328036327162649
0.3771706478589036
0.3532945537002942
0.38706389216613635
0.30715893912563796
0.2987562801219021
0.29004681199309973
0.2678076633263989
0.28473364935508966
0.2984590266712062
0.24403857423752187
0.23285729825556006
0.2629579938029019
0.2353232879862785
0.2897435330143406
0.23428696295103685
0.28348588142207726
0.23300497889476074
0.2986772666089731
0.30821078794484835
0.2937527437200026
0.2725850004649571
0.29843101785089954
0.368999419757233
0.38192907309172747
0.2664063743883879
0.32634410441906425
0.2974602406694006
0.3287546812162563
0.3202517468076004
0.32439528779318805
0.3672712754125675
0.3560874590117741
0.34813928744370787
0.3041774034291893
0.3855275545599646
0.4346564856719849
0.3186789234818778
0.3474181861653428
0.35877428108441956
0.32463343435027814
0.27728422595900126
0.25432746128525574
0.34986484074142504
0.39903260383225314
0.43889940661749005
0.38269117643928413
0.4427279379135447
0.3784298051820113
0.38480300836908976
0.35893917781980467
0.39141820770680535
0.37799912422277687
0.38364516114674474
0.3183370786621341
0.3480007357129365
0.34486908235820846
0.35937155006772875
0.3025919183764252
0.33462978652905306
0.26886549699600115
0.4312018271724139
0.3912739855381592
0.42078164029885495
0.3542548691521423
0.3842694416018317
0.4122662798033291
0.38099835899950363
0.40224869339770614
0.3311780973678028
0.3814092918697402
0.3192312201218638
0.35963032537216905
0.3878576685024571
0.35749682498137564
0.4493499032280804
0.46396301215273433
0.443418657013107
0.45716274113832284
0.4956450374564988
0.3885580471979803
0.5663685779261903
0.5204282817971472
0.4539352462150069
0.41770022858446476
0.5162950624321889
0.49000001068957094
0.5009365623532431
0.4927418395511178
0.42205834117552177
0.5346018956664612
0.5146487312061963
0.4692338484667565
0.5056381090129352
0.5845202373470844
0.5644797626164442
0.5153333369945027
0.50311778390377
0.5161764136993011
0.4893495282562073
0.4561377372163179
0.5777462406500968
0.5189797558562272
0.4647010959309929
0.5016213393411462
0.5240037960863794
0.45474812158537037
0.5244044013073597
0.5434034893936498
0.5274091313653336
0.5541881777325561
0.5699083132187545
0.5487948143485262
0.5952124939640535
0.5633980098515137
0.5739159795269599
0.5775103493626992
0.5287905913117527
0.6319330942477002
0.5483749512495987
0.5470835737817413
0.6120571341075414
0.647888889628569
0.6321191066578956
0.5763119212123766
0.6945438998063371
0.6088480940486374
0.6530929587185328
0.5689372534092753
0.5968771105815092
0.5929426192899616
0.5914332328807739
0.5845098625925669
0.5553763236705082
0.5490515002593942
0.5774013608610745
0.5321468201164894
0.5476861295751855
0.6993815510157482
0.5169584737587398
0.5285550404116804
0.5833902604634804
0.6174499529442732
0.6012213084163912
0.6372279716035136
0.5928462472996802
0.6135249396698068
0.6339999623579337
0.5866134293670641
0.5992013835408277
0.602235629382412
0.5702630230615363
0.6922556387043687
0.6473587194707643
0.6089113655359705
0.6069483578375956
0.5621763220701655
0.5539954064771699
0.6524446604261651
0.5968542372378624
0.5506074694031554
0.5862166882831481
0.5636333857658871
0.46678011888136306
0.49956146717899785
0.5136805258307311
0.5558415006507573
0.518766472114408
0.48211800314327524
0.5527332519966114
0.49767994718815745
0.5470895963626774
0.5475078539379458
0.4375710642216258
0.48041996407929083
0.4683938815292791
0.418109641987851
0.4480032338828531
0.4135076351262092
0.4871580880647921
0.44013351404904644
0.6138727211627353
0.4587041500814754
0.45907625050626616
0.46361056502708975
0.43134341904603923
0.4994744610271911
0.5416647833455824
0.49002124517734463
0.5068148841016826
0.5089985675568152
0.4382086917289291
0.5759917142937931
0.4850424671808764
0.5422855345008901
0.4738084235890176
0.5219904762772973
0.6048397049418831
0.45180685236248863
0.5108969682602441
0.54009294348943
0.4457647546706629
0.4135112192319757
0.4926593897195105
0.5310375760559534
0.4562357698244228
0.42898705685140276
0.4325707567152006
0.4604530936297567
0.3911300833366982
0.36856959416254303
0.40909261850518835
0.38389272383335804
0.331835324199462
0.322440775476482
0.3453379925133625
0.272428107647301
0.3677105804888757
