0.30101245560551354
0.4480541509987661
0.34022696322368484
0.25997051417530287
0.3622022916481482
0.26965341480722427
0.3015621375425509
0.2752505992578285
0.31250468977133816
0.24191862684327053
0.3167102405703414
0.33773370038432027
0.29162000032780955
0.3760043221279007
0.3660890100844354
0.3153756896466395
0.36498485621022164
0.2825567510439883
0.2847054466235539
0.2815908605500329
0.3637134046989392
0.2759826921882997
0.19030514262526022
0.28915996349273737
0.33763427645581656
0.3013870675970609
0.24844370974735058
0.21794400942694522
0.3475855088012154
0.2818385743098154
0.3500279285153419
0.2928059400877116
0.26090578996010005
0.32276660007745206
0.27780021332520666
0.256633456240454
0.2172816578923976
0.26911329263356776
0.26159911412189807
0.2956594449987908
0.29461839053699657
0.259596018608874
0.3761956802073506
0.240058111263941
0.333608003134364
0.3534009300311042
0.35603142061313586
0.3186869812361254
0.32456067169661956
0.34976562422433044
0.34791707402048283
0.2586655923865733
0.35031294581786665
0.3450329849520177
0.379186820631059
0.2913590598969244
0.4082352482559177
0.3787679204257302
0.4130742685274251
0.37120602978642575
0.387802491577818
0.446538545064577
0.3963240770876577
0.38875927337262345
0.4021566675372209
0.3989650240112428
0.41354713245006247
0.4423857790954546
0.4414532239696531
0.5263882188816221
0.4617059367165909
0.36622436347133863
0.43051844584230237
0.42193251194384795
0.4607702229122531
0.4928248402219242
0.4534539672329281
0.4240694195456439
0.47707526601408257
0.4610914130498245
0.5041533476414244
0.47260335747044724
0.5871899126376301
0.547900049491101
0.5569391368861516
0.4604692499793792
0.5201717988509368
0.6347694256862682
0.5626634700064248
0.608054534119804
0.6534731229826283
0.6814873355925638
0.6199897852823708
0.6369268453833434
0.6206948903203889
0.675919526162339
0.6656682034203099
0.6855088164761822
0.6564110349965531
0.6941283473014187
0.686826566795955
0.7708452520564202
0.6743791469010084
0.6122373379306608
0.6465714843677342
0.6095959650148401
0.6823206344770867
0.6621235943018632
0.6328714948432247
0.7530252935327628
0.64227880422541
0.7033573821060053
0.620045675131279
0.5975197113288445
0.7332818194994876
0.6575721206026004
0.6647509962538334
0.5991396301600784
0.5755759801456432
0.585720851114738
0.5521488354095778
0.5756594834881815
0.5870570984021772
0.6106706937649766
0.7035258724105296
0.577470717054231
0.5933279863601819
0.6475352737700724
0.6557941108549764
0.5454631924357668
0.5885179048019437
0.5123698418132933
0.6731604776509612
0.6386502501084879
0.5543725653965156
0.593344597841287
0.5971769955386812
0.6009249104841003
0.6046488765368668
0.6677514208907309
0.5848754166895207
0.5821637273537336
0.6782919376133796
0.5498985572621581
0.5143966327893496
0.5819273868311597
0.6012911070690401
0.5707293733543358
0.5450774736913946
0.4586988003096157
0.5022720308481315
0.5334784358683423
0.5329248990994604
0.49494869029037175
0.4614705263962636
0.5104472104717642
0.4844865719035203
0.5302638413433227
0.5361275983780578
0.5940454257319134
0.582482766124747
0.5445506380936842
0.5253601130123857
0.5039270555594914
0.5428864166743269
0.6206351097793298
0.5695762112643109
0.6105942505713637
0.6288044600885434
0.6469062379610951
0.6123739347736896
0.6932650845118608
0.5838984059649063
0.5174682960906951
0.6236286827305155
0.5053594573227996
0.6247790979311411
0.5033839719188375
0.492928798494787
0.5253661129654541
0.5359779932088709
0.48143298154186365
0.4896864019577003
0.4992349797433112
0.4118903286242863
0.47612808980527965
0.49893391010848737
0.48297792317097266
0.5438654246467666
0.47224691896847065
0.4538755142008457
0.4568670247814869
0.40692859262137215
0.45488424946073686
0.4039155239526935
0.44380948579213064
0.47871737053908214
0.4956675461945731
0.3864939879387898
0.5092031132425208
0.5286092116493553
0.45977284710954275
0.46920560038645365
0.5037531696387203
0.517976356601902
0.4326814264051545
0.42458481575596824
0.44936493444670256
0.50513397829273
0.5134095420448638
0.522991231887636
0.5093938077249857
0.4967052650938476
0.4807364009318286
0.39109035093503786
0.49287039041629843
0.5135457887966145
0.4877065267888675
0.4475062148844843
0.4276412671606543
0.47314384637617574
0.46393603548387796
0.38121817665938
0.448537882659242
0.4669762330283942
0.44774908772450706
0.4219522391416336
0.4280917936631592
0.433202963340396
0.4667827845549803
0.4553249454797302
0.5119184910525792
0.49865194913152877
0.4333238410800013
0.5647002883703016
0.5202168863365537
0.6022690073508626
0.5929987540956027
0.6123295329149707
0.5953708803262565
0.6026915732652123
0.5471879767250313
0.6435956632755443
0.6023375332737875
0.6372050160467895
0.6850853532986878
0.7431209813562483
0.7763184466871349
0.6617745469515283
0.7910553869851698
0.856545995058348
0.8945578429681583
0.8656920517832273
0.8111617905884452
0.9207901346898856
0.8432186243873937
0.9440308128836876
0.9171007236686898
0.9220629567800652
0.9874561019294801
0.9242880549484978
0.9086005078896207
0.9507410250025021
0.935047993583193
1.0048676810674018
0.9448934614144012
0.8916987595633425
0.8788467357886866
0.7785867960618132
0.8683457809417972
0.7643386810483701
0.6989830482473974
0.7249112962456847
0.7769497359537392
0.6531577595908304
0.7154269126392977
0.6502441652968395
0.6515546897145006
0.674465468752828
0.6505712100827263
0.5048987499936772
0.6474700828052803
0.6766326630527829
0.5990795143352272
0.7127409732196153
0.5900731772716066
0.6117366967254656
0.6397715207012757
0.6480049121790237
0.5537541911789804
0.6228247994711181
0.5793074781219002
0.6250904378167033
0.7013916670238469
0.5522643325922504
0.6300370775371904
0.6359929160825409
0.6178312228905872
0.6588512736485644
0.6692630877817939
0.6223329614171302
0.6427401610692961
0.7378712929854592
0.7022096691204933
0.6037456932181196
0.6823392610858047
0.6924771509799642
0.6063210311424414
0.6189772861509067
0.7535716478650449
0.6582299967104666
0.5653662057489603
0.6627547587121478
0.7080432520745488
0.6260636992254027
0.7740716328870714
0.787633193570257
0.6781343756365095
0.7171545117611547
0.656071035624602
0.7290221433297496
0.7491792646882142
0.7252096187392809
0.6918917042296702
0.7088769357018817
0.7551571259946179
0.7127656876693718
0.7769190013543092
0.7435166040927237
0.7229431041833713
0.7773069269177638
0.7644732999839636
0.6943310857599193
0.8015238124545118
0.6833135917561692
0.681171185590842
0.7881635020774753
0.6818182477009638
0.8408885833993706
0.8088924012145146
0.8567194268325136
0.7959485066085434
0.8069108305381597
0.817041259876882
0.8846495861075707
0.7926102291815211
0.8819280621834757
0.82829769281482
0.7991176459287084
0.9091071965426443
0.8137839422289215
0.9263617961314815
0.7904494642517311
0.8773757253689441
0.7940809185205702
0.7393411544651589
0.8397030279189152
0.7993961604380984
0.7740543024874073
0.8359061496032141
0.7945064434642222
0.8059007236719131
0.7861351017694369
0.8064024955848041
0.8460724099859556
0.8539823825980144
0.7922444671509687
0.8411478106544815
0.8149888438410411
0.8570760845759424
0.7900946208786378
0.7240405032450663
0.7771258980973879
0.6848641258302856
0.7267803896103129
0.7299567835913463
0.7645008827545786
0.6183008118405203
0.6710442527830935
0.6626738236625951
0.6132474783403963
0.618594799165555
0.6627408562958774
0.4924012132555021
0.6421222629074019
0.6039863575266295
0.46856938299709167
0.5346418101879359
0.6150992361680693
0.5995487099801984
0.6559695111182103
0.611646975900837
0.5701682036789374
0.6207572061146011
0.6206753542096857
0.6592193531514199
0.6514325458844695
0.5790935502404809
0.6207523781186541
0.753950546502936
0.6723725344488697
0.638477443975792
0.6249967029042064
0.6677446906364781
0.6062383565154676
0.6381260550280321
0.6634495346220423
0.7491174320511925
0.6234255299142327
0.7179060070917372
0.7596015581397833
0.6156387086960116
0.6571118091470856
0.7516841619406371
0.7591013031380004
0.6624149675515826
0.6050500769108633
0.7048108255084998
0.6016078246910617
0.6219257099186168
0.6748750129941357
0.6275018290682765
0.5756415689483012
0.697203699933251
0.4299432708033494
0.4802656741726503
0.552644919636114
0.4787571477277769
0.47000065148405856
0.4969673765853464
0.40007875754324884
0.4558873269010732
0.4235858138495311
0.4422180077094894
0.46038693879056725
0.40072797444478925
0.3963298879179021
0.38047777735878635
0.4175980229652999
0.4391171108042929
0.43560777392354527
0.3386069414854592
0.3646499316357255
0.30921890497313786
0.2977876979674575
0.29430774286615274
0.39163277110965705
0.2703959284304779
0.29744134017032436
0.2993512673636932
0.3404717082839701
0.23469775999205295
0.26606779159148514
0.1764655560192867
0.24426508796341523
0.30969866426860737
0.2455010823952505
0.28171702062358006
0.28756030298467594
0.3221664723896791
0.3218113253926094
0.3287732420398026
0.20343719866655646
0.2578413658271648
0.3241884214185175
0.3006254049630242
0.38919885631188056
0.3884973473272598
0.1660309563380084
0.3611458484913325
0.4319652812782184
0.3312715249896546
0.3298492423097763
0.40632581804005974
0.3791096181256769
0.3675845430912216
0.39145234672179735
0.34654183872291855
0.3932565140497203
0.3035836300676737
0.337002466459285
0.4609503789471651
0.4412534069677181
0.40210434926402916
0.3443091400834152
0.37426560632112277
0.4099673770582794
0.404797085773114
0.45683243449399713
0.44290294560621535
0.40259291662638863
0.350256348684853
0.31860447852708695
0.4278951705956797
0.4953625056855647
0.5068070065399837
0.47948220434232375
0.5325295200821183
0.4624429431738692
0.4967651090451958
0.3884484628345423
0.43033897629050355
0.4623725175612844
0.4702221647772347
0.4686905343226304
0.46662212705803474
0.46568696042556357
0.37016745957757885
0.4068352433079006
0.48490352321199887
0.5049508245477359
0.5249006629597093
0.5460076908964597
0.3516696574137049
0.5218634816094501
0.46966460792697806
0.5467153687603676
0.4489825628993036
0.44338746987012145
0.46562954399535217
0.5339524489828502
0.5098986345129137
0.4955057474635216
0.45098326482249484
0.399026995707683
0.5013892009730269
0.5244539035773585
0.42023757979835463
0.49054936300695523
0.4730084320166784
0.3992257920507559
0.4442866999426437
0.5080782420634316
0.48730836023708746
0.3981637073324007
0.34624244401623305
0.37606877474308575
0.35200940822135207
0.29805027639842396
0.311142989473
0.3836296576473407
0.3187433346902984
0.2898835390967749
0.3789512095534544
0.37110914655055954
0.30839815851544494
0.3688044556261513
0.29528132021825426
0.2633007098980299
0.2891459082370206
0.2431702919368962
0.23531901429585067
0.3284953631845635
0.3196134451866858
0.24013895629002208
0.23801691233195177
0.24756221959717728
0.3465512086382107
0.3109358279176754
0.29340965313122874
0.29073755665611745
0.2905204992376973
0.37841322869338223
0.3407731522258519
0.14591521389501533
0.331331721469976
0.2510834589971395
0.2573391271460491
0.2506845925649969
0.30629367323407936
0.23755358597153917
0.20786681102635945
0.26156741893969243
0.14699029778306288
0.21041677505406509
0.23550635550725113
0.2221451231375609
0.29083679056528955
0.3160620318772871
0.2748024588608285
0.3701899659289667
0.37751004807423105
0.4872888705131008
0.47472631772985874
0.5450798642441819
0.528405095339165
0.3596020771069145
0.35689361020243887
0.4145119802955352
0.23632900473697876
0.29511225275418573
0.24322393658813551
0.29773917573938335
0.1676188634090281
0.2825999322118323
0.19210299902779737
0.14084934461892834
0.19135055984589114
0.21277097566440684
0.2685800900082309
0.280103608040561
0.2720962860187257
0.2723815670254534
0.23909726822899335
0.19488249797688817
0.21432856393423505
0.22372443893537464
0.2649972594642207
0.2524928143891083
0.2332765856474713
0.1842734828007123
0.2573595757907468
0.18328867105928526
0.26436426536238544
0.27234513267207094
0.2590444913669503
0.215452131973964
0.3084597871012792
0.14656770251564236
0.25053193055651457
0.32015667820163285
0.24282483833321422
0.3547862560864855
0.3253659903151476
0.2488496815970191
0.3341828394243718
0.4063071406426718
0.38622760786205124
0.31194031174684966
0.3233597766880405
0.28117510554540615
0.35676240324405184
0.36705734076143925
0.3389551431369495
0.3591281668993983
0.3488126499378528
0.5012202679045226
0.4193069118715447
0.33968398599546845
0.3523174440430401
0.40119982857746067
0.37754713553848096
0.41672421633907
0.41846128832350343
0.4330324979589832
0.3108079467206626
0.43318987654463464
0.3524794934235313
0.41246728449008596
0.34694210598353703
0.38053505644200947
0.4492010352687136
0.4255032748097715
0.4251115245331005
0.4036012469468644
0.4439400149907262
0.47625401709910165
0.3405060771441407
0.4431882395770482
0.43051605503768714
0.3752051749573053
0.38896490120480287
0.40469221077583906
0.3701394910366955
0.34209153263941355
0.40211207544763494
0.3424444882594936
0.3475644172698668
0.36211459801873
0.46909429221137455
0.396206828219674
0.469268723591582
0.4061718268330562
0.4256601471304957
0.42496282201617747
0.4048464202874945
0.33736891900219845
0.4080362062294533
0.3824978864315649
0.37438598327557804
0.49788765882346514
0.4589301797703301
0.47743213307694043
0.49015185281966045
0.5152989319400078
0.5960350157700256
0.5042540141698384
0.6050947850427892
0.5629064466499469
0.5273081845719516
0.6533997278143311
0.516426644998016
0.4917841236125674
0.3889261620913944
0.4836138635495405
0.4654400066625225
0.5199700002648777
0.4370141115397773
0.5610319849672266
0.4596064060805074
0.4017983424406399
0.36544517271236954
0.4903719276713313
0.6098198065585576
0.5236036252406648
0.4276494266143248
0.4801148106189743
0.4778689708392283
0.5147001879664802
0.3966815999609792
0.4032444714486654
0.49632087046107115
0.4069988174766797
0.41020040906466004
0.4250583316814298
0.39516437066295185
0.397338117003524
0.4410643323436457
0.4492368682870643
0.5308162533980152
0.38234154561900613
0.3689688881556866
0.35781677414859236
0.36954267216730924
0.4104336082848291
0.33007625190003154
0.47520084129971174
0.39681547631625524
0.48671768136735394
0.39564152799099617
0.4262636939473902
0.5009776581240228
0.4659848728424534
0.4550600541597301
0.515687380802035
0.4627349779253649
0.48165095509038197
0.4673224945567215
0.4707568172669946
0.46403912949313636
0.34021970650789973
0.5028003927753173
0.4612190955847689
0.4900346626981113
0.44301857021385316
0.46978261084856254
0.4686155972618876
0.617402227354245
0.471213444529314
0.5484735455424483
0.41699515938797405
0.5670381092820245
0.39801563927092715
0.3871364686832294
0.42609743707513087
0.5570805378518335
0.5091274538383583
0.4578940482940024
0.37370849087497504
0.4423002480036843
0.44591843071559906
0.4650350679724579
0.436248895814199
0.3850928242193652
0.3786471065295581
0.40504668519070075
0.3681870170906397
0.24577089631793864
0.40170534946378067
0.4085358784206716
0.3294498949868952
0.4346053062091495
0.5419187670510248
0.4349229890375088
0.4554856345559063
0.4244280392809788
0.4803563460005177
0.3341307575068627
0.31720882821897195
0.4997508756307423
0.4765303751046427
0.4621590392935666
0.471826236828252
0.49066799695912866
0.4696532026874678
0.46834786235053805
0.388101517840001
0.4023769622347311
0.5080923757081666
0.33792332598789854
0.3359717155398901
0.3669004102885945
0.32950610313631534
0.38052440366454715
0.3815790008315043
0.4679247131521874
0.2843168251586191
0.22299663470616352
0.2675581260626131
0.38365746222805336
0.3366251546500268
0.3262800626360892
0.4455463439242311
0.3702312533502913
0.4027302147600168
0.36797285999537976
0.3413432184504246
0.4388538140087891
0.39778936738559934
0.42053719311188564
0.3918007344389197
0.46285165331049305
0.41214092679169967
0.4228619724057894
0.44687885695506946
0.502953556425165
0.44029504818571785
0.40699761993383415
0.4216770664400976
0.37309648543778906
0.4072206248042223
0.3394415092808813
0.5664134475742166
0.48488606085446556
0.410410104724802
0.4590495767109615
0.44174434297382925
0.40144003240337284
0.43733127278199413
0.46860114792557866
0.4719840496258048
0.3583497503402696
0.37218199897060067
0.3595363475324075
0.4196955853641431
0.4347712765716629
0.3959968306882784
0.3657572233068983
0.4690567747256411
0.42614435827147334
0.31143844762462
0.5116497468649929
0.425824572427531
0.30141983196034666
0.42160561931243545
0.4899140931959714
0.5270718281338486
0.36589825055983616
0.4299124244426554
0.45004432200406175
0.3029663039783982
0.4761453277840697
0.2755219328617329
0.3274312869096957
0.3863615414225746
0.4100987790423386
0.3746798889579769
0.6009165515574754
0.5904707955434767
0.44626247142320763
0.5297272547641987
0.4724919554138918
0.4262455088132931
0.34795041045638747
0.45819798050800653
0.45926650597915186
0.47803346382762857
0.4729824304236761
0.6039567323302472
0.6550442194672571
0.5773736801227032
0.5150081957143835
0.5848316632375223
0.5302537084395725
0.563152546111699
0.44607188270850057
0.4800137527498566
0.5071522590439022
0.5474266989864125
0.49571236266290225
0.4768508067866599
0.5551580714072754
0.530789976506649
0.6045180481666137
0.5716774189237417
0.5062246832123068
0.5823386012460932
0.4793435519784718
0.47324339896863854
0.5903836617478369
0.5381364185054942
0.540288828185348
0.4585994598570556
0.5813047135571975
0.7153591355017322
0.5821264780648144
0.6195413252552071
0.60850948889168
0.6625831737437634
0.6768204360786821
0.5879972539990496
0.6236451912643364
0.7416926858498545
0.6388463496255666
0.7353735377764254
0.6567255019814212
0.674726065901864
0.6393103222571983
0.6171794488268585
0.6490124902892795
0.6303786634758729
0.6436573938214969
0.5674776051895267
0.5745319208722173
0.5968232618204634
0.7260214405740149
0.6416189547430124
0.5319324462822166
0.48635965915941176
0.5147305892463764
0.5937336390531232
0.5922726953063685
0.6141985304338642
0.635136244487817
0.5780474232073913
0.5858637129346167
0.5982037667699117
0.6107514854740347
0.6575021914940896
0.6102888378102138
0.4639527382375214
0.6362127850396434
0.6797195810363642
0.6374654530835866
0.6554776943688707
0.6365165611706565
0.6266307220885143
0.619196988750436
0.6104883328752406
0.540640052487965
0.6071425052923807
0.5801882419497715
0.4827414216799447
0.5176471374323786
0.6188081710611278
0.6054748681284701
0.43925122124879973
0.42382585166035613
0.48240664164464425
0.5291776177532757
0.45009221183160275
0.43754701674617935
0.4797037440774393
0.5017731872415272
0.42123339205141197
0.4671499833146074
0.5815828893579346
0.5001080788336074
0.3043742595693494
0.38410108398468806
0.4416569091503166
0.43453542006249474
0.49784748319251737
0.4357939518205612
0.40139741222771586
0.407041143013583
0.43992459208134616
0.3466750058701231
0.4999761894112818
0.4681159266521492
0.5742175480206534
0.4362388317098569
0.5448843991825528
0.5149916123876481
0.46195997535806654
0.5761502636631297
0.515827092505529
0.499779487017984
0.56068008752838
0.5510752538870536
0.4044476624939488
0.6097639906463488
0.48107918441335684
0.520052862050417
0.5708701742642722
0.46707292243728943
0.5310131528719017
0.4534876301386449
0.297713468482941
0.3566318911193944
0.357558630237368
0.48963918612260415
0.4939235969387037
0.3730670678886979
0.38659315202109557
0.3640245923897347
0.2955214492109596
0.33257533545137097
0.32899734843605855
0.3692239244389457
