0.27651564869930806
0.3527372300450658
0.3258289872047099
0.2867617168028167
0.3440580365788088
0.3747939648160973
0.4166186870297752
0.36082333015370305
0.29792129673495216
0.3847566541692368
0.37321540292312894
0.19934940646502775
0.3033668334728421
0.26129691625689094
0.3706727349126384
0.35634472580853066
0.3170885689295493
0.31197221899252275
0.2891854759833581
0.36220377327986536
0.2914964893160198
0.31947071350042666
0.2735653713848046
0.2750694449340866
0.41540782134621995
0.2930178826321716
0.3692582565252283
0.20163968544648797
0.3219204237390881
0.3313092542203716
0.26675012763789163
0.3798635853599878
0.22002648994169122
0.3414330210177906
0.2960959838896028
0.2732091493894976
0.3258679799937335
0.32550281046070983
0.2643489926751323
0.31912767900502237
0.29082278225813935
0.36285314469329155
0.3848350348726423
0.36436795013084944
0.3526496873066245
0.23886557558071256
0.21838876900531512
0.3552706599023991
0.26482383599797127
0.32588171802998095
0.37819420181942004
0.3743035043792196
0.2994368798365255
0.29764854687326414
0.2808316327055848
0.34628012240286465
0.3548414285735362
0.384782585099599
0.2628305614791821
0.36744185952050884
0.32018610533900577
0.35139263282563676
0.32937623238432867
0.3544360041806944
0.37462762128765464
0.4254696851055547
0.4455721369093671
0.2667961691412825
0.45938190976013166
0.41741623941313466
0.3834659992087404
0.35609417450573116
0.46692305601575534
0.3592634275914237
0.37237635102487116
0.437109611195063
0.4554355454586423
0.4014533147050337
0.40047585881428693
0.4096108978162178
0.42103193162824776
0.48226725883443194
0.42933207255332123
0.5232892976142951
0.435658557491507
0.5181893746881996
0.4918186772828631
0.437800106691714
0.41437767460026076
0.4790283036105635
0.4367575595208095
0.5130926953068866
0.5559742249291124
0.5228886551505918
0.5488887963403016
0.5653149671245967
0.5214271930758506
0.5529158259334146
0.5670450518200091
0.6426141437547979
0.5068622798371086
0.5291256119477629
0.6131755777084498
0.5880410678685157
0.6361878925888002
0.6847425707067762
0.6256539852341257
0.5870479999371889
0.5520692941504054
0.5084812788671279
0.5648134955679677
0.5932192270377339
0.5626608131217861
0.46276195004629017
0.4634897380858239
0.5218099301927472
0.5265846616742478
0.6241346840999084
0.49294302535938217
0.48461666805515435
0.4494900231135366
0.4106352659346444
0.4317577532452504
0.5152349426776526
0.5174145528774525
0.48902127312148325
0.5449176503740218
0.5644260282767326
0.5308685841497891
0.4782779223121261
0.5130995911165425
0.4734102408885589
0.4387856324615798
0.5596329163321931
0.46394127631523446
0.5216329390534264
0.4590821936954439
0.5281147557059488
0.39446816718973826
0.5145362654864198
0.42643210401334286
0.47477649884656126
0.5746916252368482
0.36163986969146505
0.4568320173579633
0.560236397050679
0.49176806439967813
0.4482693375690313
0.4620646116764045
0.436342148660476
0.452230718076642
0.40282838732177784
0.4063950024068236
0.31404815677495246
0.41981498645856713
0.3711919159106085
0.35741228292752986
0.3091070312029966
0.4372393438237141
0.5208877929850361
0.38374903357036777
0.520379387332807
0.5372512519166951
0.5285813398261573
0.3700151066113003
0.5079610611895387
0.4380553663961638
0.43097608088783756
0.5963722826606621
0.5197806810314357
0.4659889533790321
0.5509330907173442
0.37464589676812754
0.42680751724078825
0.4419382313666437
0.4374424656817671
0.41236309509002345
0.44900991758964187
0.40398172996046583
0.44872324413862197
0.4324587603587511
0.39093764098175243
0.42203313967510325
0.4292057355666211
0.3786442914331616
0.34714803971129543
0.3937091766914921
0.46216972624808816
0.3269447149209888
0.23770278482170484
0.3170455247882087
0.40831695421849223
0.35806872364588266
0.3134724092117415
0.40406586374240105
0.3964679694066726
0.27222565357155304
0.37874680252816145
0.4403745168318295
0.28876575653880354
0.34218559283664796
0.35066232210732873
0.3204421464827707
0.36299510119402045
0.4274528617799294
0.41259977132101494
0.406548061203988
0.41252647343782517
0.36670053256290336
0.3498746629715064
0.25364844158585187
0.35997205580253083
0.27364149171347874
0.3130801043759966
0.3399038240415455
0.3417421537893408
0.3113036260728923
0.3862094177992935
0.3179249181974818
0.27388108350108653
0.3303289295932211
0.2239968370354814
0.30456851204642843
0.3276797877752672
0.20571612757890212
0.22885103302293347
0.3494109490361009
0.2875903111281621
0.2612183396620287
0.3638528360289952
0.3356565170633576
0.2645775612321847
0.3699562999036452
0.42451729098267166
0.40128294683000054
0.43777545409669333
0.35094601372334744
0.3376316373010757
0.3395031550086254
0.5031563866107156
0.5398560468195255
0.5064045373295961
0.5278812584609989
0.5072096158829416
0.5694170600778029
0.5137446350488452
0.6748285921689884
0.6873601070093833
0.6649351668761314
0.48424941688951423
0.7334906959724322
0.7672056509473251
0.8017531186197973
0.8237286232630121
0.8396608833174887
0.7469330401301563
0.8300261765664422
0.8124036967495368
0.8493370163148055
0.8835513486077227
0.8322628632994464
0.8224038672877096
0.7694875061499913
0.8287081243092048
0.7869313455586389
0.7508614070117878
0.7511980008571633
0.7798869011497264
0.8062616924528445
0.6927183158537343
0.7271932420073989
0.7724419047289861
0.6174137710036581
0.666809331620968
0.7063825812649341
0.6449484059688183
0.6047085639973107
0.5628894604639314
0.4014762437493814
0.5568327778986246
0.5410934258163029
0.5014167104675954
0.3647668599979817
0.4391969928223127
0.36149074462253306
0.4688895835821477
0.4748998765444836
0.554554435093035
0.49037487328244556
0.4592161381403511
0.5429700289509437
0.4727193818586713
0.5862539480352122
0.47242191820332996
0.4856239954576951
0.4497263589402046
0.3347796291567175
0.5779283130882304
0.562693093231103
0.4986614861546764
0.45537869367098516
0.4560701943607082
0.554493984933186
0.5096468047276923
0.5141443660725816
0.4593346451362985
0.5117873957174618
0.5142341063328523
0.4957366520131905
0.4385295889667544
0.5401169572186931
0.577700178086427
0.6407557289987112
0.5358777272073203
0.5815132371137253
0.49442707240036166
0.6671802765919594
0.55843653304018
0.45145084573012517
0.590807395076802
0.6066724322087271
0.7028677369776243
0.6180153108760246
0.5605053058926626
0.6201065997272587
0.6683640354210315
0.5889560815141841
0.6014974061494167
0.5567316208175327
0.5781874893599983
0.6004899016630911
0.5755605070546502
0.5839059443111408
0.6237354635100838
0.5677655259346898
0.7203965769167063
0.4713747431586577
0.5811869138020153
0.655180892708477
0.7335410718634406
0.619154503033831
0.723416797766857
0.7492483898867017
0.6641435653314253
0.6635879843093752
0.7354109444133637
0.7735764253295898
0.6959771959894347
0.6588051879320699
0.6166096276780172
0.7351919530137133
0.7521605554473323
0.6506667627438975
0.6521129360194377
0.7581487983147683
0.6209936946869006
0.6492686809122519
0.726340451041513
0.7254150219004183
0.7413151481381853
0.6454785337389478
0.5381562585261378
0.6273644717339039
0.6953040874043577
0.6409529959415825
0.6278475911031584
0.7663909295396637
0.6558978167207956
0.7590883516060849
0.6949138286145378
0.578217343902739
0.6045920651054761
0.7252591706707419
0.5988632678229759
0.6685646318746636
0.5182376859603111
0.6781567617241433
0.6507371307803681
0.6640488475989549
0.5261936611319481
0.5064326030878562
0.41166847245285415
0.5371681819033469
0.5217219826993451
0.4876314164658415
0.4616726397786403
0.41571129606329904
0.4993681986676872
0.5378196796875531
0.43474435761934166
0.49165225438582605
0.4071725074749951
0.46431722618746485
0.49626948569863316
0.5154111822866805
0.5277288302119651
0.572878660702082
0.43608729691780923
0.4948251929943559
0.520932400775497
0.514385256918566
0.5707938094615524
0.5028433986785832
0.5286562710172633
0.5750211502868965
0.457108694984961
0.49537301380220533
0.4948971994875245
0.4563544101109466
0.5174760500804687
0.5416075518403182
0.6112675687981054
0.5735720181590882
0.6139629896288398
0.533996895490398
0.6100753515355469
0.5305104123128153
0.5491845471272712
0.4611109949573982
0.5528951463250731
0.49303205474463685
0.4386993059634804
0.48274379053827154
0.5114961986555072
0.557139287496761
0.4719813037359372
0.4055293742293551
0.4506779125609911
0.41035383646924006
0.39552285195103365
0.3835729851931084
0.33154521066850795
0.32075834042128926
0.33860432126484247
0.28996896721557736
0.3595284722553508
0.3806492501348436
0.20486441829148686
0.2683394415998839
0.281880394203446
0.27033572008937573
0.2823194760737864
0.2752091743694138
0.2212819670624905
0.13099339241381397
0.2962248033034192
0.22074319981604984
0.2070778769246393
0.1553228312260294
0.1934651382639902
0.21565546071644726
0.20487267846783802
0.210966949334362
0.21026880100606643
0.1776165291599618
0.08285136127158406
0.12139987222146603
0.21455167522271099
0.2565191800693214
0.195221759052127
0.23085113195974144
0.17200547074458822
0.33093349956838847
0.25924049764055734
0.2878880913115692
0.2850051220091254
0.25413300690816903
0.31173790032906284
0.29222916891303896
0.3067948300656434
0.2746087132775008
0.2870683120659435
0.3216852018948273
0.3909594686626753
0.30488190445070423
0.29533830952111234
0.2928323773091825
0.3369261252866557
0.2925769840899766
0.45807851167209307
0.3691979110320343
0.3452124377753785
0.26013231571871676
0.3974979081649891
0.355647527691179
0.43599620565453107
0.37947880659941496
0.28225725482230357
0.33021857434425783
0.35865076264088613
0.3768017849451866
0.31256191138074524
0.3399888077196679
0.5061593243431313
0.3961017679996948
0.3595763529971226
0.4380413703432089
0.5011163087083993
0.45389348221308734
0.3869330022076317
0.3762899770861067
0.2935947323164052
0.38105999599373813
0.4018125604406605
0.48076904787619934
0.4132083708098273
0.3057848081904294
0.34387121314492
0.37143617218193464
0.4097119604660918
0.40813098016022753
0.37479056893964935
0.39712415191645667
0.4578033057307993
0.38831997950141617
0.5051653919057458
0.44632441961985836
0.4872629597939329
0.4286308183155478
0.4352169176947573
0.5326151681613941
0.4196745527760625
0.4135163040826979
0.5316457373314067
0.5516672864473938
0.4456353666246979
0.5793024553062834
0.4693583793599876
0.43762410168725724
0.5235485242572295
0.45851532562075736
0.5405345178071257
0.4115153175444178
0.4703969814158524
0.40436231302578907
0.22890897860737705
0.4898712376994932
0.4396534088779394
0.48919596551343586
0.4319984970646822
0.35295815872871517
0.38682105183518256
0.3196961711011391
0.3884764650403112
0.21018469244656401
0.31246070471927967
0.2983346543530444
0.23271687005710462
0.4004475634307094
0.4002022391170636
0.3599834502233086
0.3433903400984452
0.38760006159831284
0.294046532319043
0.2963711698416036
0.28647845396176025
0.2872468431108054
0.2656402233132965
0.2515575852656935
0.23022639643215817
0.28172527245931744
0.26688358855106925
0.35926684889099736
0.1852341883978573
0.35402415601449927
0.3430805124200058
0.3311081991698539
0.2464526042842923
0.16002355745723645
0.24277588813687384
0.25671089047460505
0.30325480755785506
0.16156612226439385
0.2238259198277735
0.22834179199708696
0.25329126248061895
0.2965026427026968
0.3809653519755414
0.3513610974725944
0.33896805027894084
0.5573180096368555
0.5420597230612977
0.5910081517101347
0.6832767297585157
0.626745852525727
0.5569563954646105
0.4274195440458993
0.4371952524757692
0.3453700977268534
0.34206741003407626
0.36420989292222583
0.28613071644717236
0.35710838343087015
0.36901545441425704
0.3682302815886584
0.4357087443637485
0.4029240778095884
0.3868235570241378
0.3033482939640121
0.3936878800262089
0.4186273200826966
0.40830564451202767
0.3528007293537423
0.28280632090142227
0.17942167718399787
0.3948849677430485
0.43939721383310476
0.318035243802374
0.2995036878902923
0.350611702359778
0.30215685710329726
0.367207426605051
0.2885914466961672
0.2935583671679117
0.3292321111793671
0.25263643339088704
0.3076318444471686
0.3408879644297273
0.36710659925816325
0.2897376140287726
0.42587882650981135
0.310690795608102
0.33575000754529516
0.43107800267267327
0.34574705675627115
0.46037329713494146
0.35618290252583906
0.3696908972592885
0.37080502059808007
0.40397627724920193
0.38109971853326075
0.3768584972416634
0.3101324586487798
0.40845308448677403
0.27832338444101967
0.46795186803746597
0.42348731642346993
0.49563250207573994
0.3952490847125827
0.28321990799154595
0.38712393257652145
0.5699526692439617
0.4817815481792904
0.387924111269057
0.4151788720481172
0.36988308907466255
0.39396006157079444
0.43420046798766676
0.34787285485919706
0.5146947354391433
0.3806361272450475
0.45022872845779294
0.39098482819620817
0.4319998662011067
0.38958343766616865
0.37688624402415605
0.4621258951288374
0.47119209775133175
0.6007533913025136
0.3149065687762579
0.538877200077529
0.4473801193865534
0.40253103186800654
0.38698184751866777
0.37434523225964866
0.40507757578749254
0.474470187527284
0.3954199140268888
0.4250405610565161
0.37492577455390813
0.3523671018127964
0.41522059442345083
0.2593422261100529
0.41836441790791684
0.3700201748896587
0.5141050019002564
0.3491060820638358
0.39944894750316956
0.42410276746495
0.49561428738987456
0.5420698026514938
0.4249225736165141
0.5171860904376879
0.5966102370239676
0.4380084811336049
0.5402072934656931
0.5108582099187228
0.5694506207760687
0.47426053002762775
0.5420157989340532
0.4637573301187211
0.5385425349859447
0.4486843623641167
0.4900475018342645
0.61161146575711
0.5061406275944415
0.44896700689940827
0.45145797882127214
0.3520666910102401
0.519349684311956
0.4246921661340479
0.46102872608517087
0.4841809559519028
0.4898838051278993
0.4795215144633755
0.6180034563630624
0.5313870348775093
0.6093671415157722
0.5775461548032396
0.5055805719763982
0.4115892700395938
0.5283625697144927
0.44818091136580684
0.4918190527114912
0.3956091367117186
0.5588712214230689
0.5148787692278872
0.4710557340509637
0.4701656913060922
0.4801580313794427
0.5889814538372424
0.5613170380649636
0.48168754305163175
0.4935966203321853
0.5534216531554694
0.4491435243713021
0.3862147427097107
0.47083388386326575
0.538526042529042
0.504666650393254
0.6757248534739437
0.6570028188138268
0.5947778227504497
0.5385090338874686
0.5057402758978403
0.5274204911050416
0.6229375693387671
0.4317587690485488
0.5603496375726501
0.46692657389559467
0.41050987528430805
0.4666449403965118
0.45666262232760246
0.5510323403787933
0.47961878340406944
0.5443234365310186
0.5970719163142639
0.5702849158800143
0.48276751103221416
0.5204628058319956
0.5836605579755852
0.5955999444783461
0.43074918989244093
0.39057665379551765
0.5330092480295399
0.560474855001803
0.5332802132058764
0.4746361953575845
0.5678776505820359
0.5109359522046448
0.48484103379230986
0.4174259580211369
0.6024186781140787
0.4900472347056747
0.6406060116686078
0.5059745886318769
0.4214953864759746
0.4097868133849528
0.42078026781093125
0.46508028776622723
0.47358932326309616
0.5822735922137727
0.5196834951016527
0.427908010889052
0.45478829891054595
0.510827288101107
0.4855253966552655
0.5633700641091246
0.4525404028053247
0.5074568985903889
0.47598942033964275
0.5855587349407722
0.5854718747123501
0.44386375373977327
0.4596031543477398
0.487084573561099
0.3534873762191812
0.3917821575343773
0.47988595167556986
0.5199728117253276
0.44340459629380763
0.4580623339771185
0.4336251643485313
0.43683045331598436
0.36924151021023394
0.3266343263318966
0.3887128916690772
0.4513413716283842
0.33602100369857923
0.45146878607484264
0.5238770370356458
0.3209103290520585
0.4853420608249168
0.46953331598509884
0.3089457843503935
0.673314250895335
0.29347561442611664
0.5531623712595679
0.49037571646917705
0.4800488195346423
0.39007912788464266
0.549161360324061
0.39788601315803507
0.4611700788343769
0.46789792277575404
0.39661710358951696
0.36445692365202376
0.5337929541639156
0.45109048308849287
0.512089065170304
0.41512780469052374
0.48517181869304493
0.37283845423188045
0.4201210932802475
0.4025331218328787
0.3999487206114676
0.3451195151506857
0.41040976318362205
0.5313341699798666
0.38217985326961
0.5333457967246055
0.2915447812314724
0.36129917909576914
0.4031472717440848
0.29390031442675985
0.3484208664886991
0.3503569321408444
0.2823191741756919
0.2954038744161128
0.2836251699669162
0.3545561107216644
0.35902114139002067
0.5294827675936553
0.38198189753808887
0.3549639864923969
0.36288814294526334
0.3678599777760241
0.43378150872735843
0.32639432829910475
0.456013806094373
0.276801343549821
0.28835590744046713
0.3122021287282765
0.3164397707921766
0.2044089537620174
0.37145156801631163
0.28616972809340663
0.23747478443080391
0.5274176610829705
0.41446918405182603
0.4533831729209816
0.44097944889569163
0.37525032045068746
0.32450061551256093
0.30690032773735587
0.40328486515771145
0.41445187634540925
0.2815811209392987
0.4303884085255133
0.2507512520222187
0.34341206499884
0.39067666977478044
0.5633700841215626
0.3722473390612304
0.36301853569099607
0.4074688972936069
0.4016268775961587
0.36514820452469665
0.3708336164037409
0.3517633470536436
0.3790173496745723
0.4996241947443837
0.2827938238474846
0.38891109469947494
0.28257629081796787
0.34052923922254863
0.3576809748141383
0.27124829038527365
0.31209962394845253
0.354549153691449
0.39189874564469374
0.554115940485325
0.47116616891215457
0.49624192459002636
0.5589110182839181
0.48722358898158735
0.43941718856894374
0.5195021851261268
0.41898830687302746
0.5204361089350573
0.4839442770094765
0.5473784119745505
0.6110930399043407
0.5282841049200689
0.34859395684305833
0.569352155834862
0.5394753248203328
0.40084536260651316
0.4503319139680986
0.4657041410187695
0.5097752553340191
0.44357773815019746
0.4212253990523017
0.40778668378284455
0.4749222492341196
0.2875914427991525
0.5256898758922196
0.39765871533476504
0.32253329070926984
0.3598920642541913
0.2124104282777241
0.3779018613096516
0.378855108154867
0.3737493055117286
0.32195540290848856
0.48072353045474836
0.40723251580499936
0.41902291689344584
0.4100924078256858
0.5165345310234154
0.33165918756577123
0.42873941526341786
0.3525266869935019
0.36388068423700914
0.3699803594944131
0.3257208253043421
0.49632433366910667
0.5947942101780898
0.36021736585652786
0.4633604751992627
0.45053773791743845
0.3731206275419649
0.4195008420615014
0.3767690060354436
0.4116719821628597
0.4160209285397637
0.3950695489878011
0.3618458549564454
0.4592635940111799
0.3380208311508387
0.3478236286956484
0.5403555602290316
0.394680534026739
0.2564878409608009
0.3323312453445633
0.40389173031812653
0.3376462603608512
0.25149604575434886
0.3634402645553845
0.3741633117646722
0.4507941982798558
0.37675138587247814
0.3767803374470895
0.3141921224050841
0.3778341598635558
0.36805629262669676
0.33242211916621506
0.40915646224583413
0.5545028052919297
0.4128608344497826
0.3642333915911743
0.4798013949301365
0.36301417981036116
0.42710619068729727
0.3880487134461844
0.45591831818656303
0.4914271317645377
0.47473402481911814
0.4020889323526433
0.44229823231954596
0.49631902483340573
0.5976229371083228
0.43380463424767957
0.5785507140218789
0.4080117377381425
0.45364303383455934
0.4758874086145616
0.42164080475674737
0.5255377484500067
0.3861633693772269
0.46456978441377145
0.3324697653612786
0.3327173674926771
0.4204778271574598
0.3802530386955667
0.2628064095006701
0.3709578387526303
0.3539175087361284
0.3704087536823027
0.3134346917918251
