0.4031843750442043
0.34815561379045
0.37015940641106543
0.3448909123127971
0.2658785210213114
0.40381157592316097
0.39204503141021696
0.38007308243260307
0.2678208271929115
0.28270369720439664
0.35921425851110905
0.4447510766275751
0.3554916820977362
0.4014614546752378
0.43908091258271226
0.44276622419134193
0.393328488525668
0.3120926088684342
0.3795915139460476
0.36836402466232554
0.4070069859246662
0.30102855025578507
0.3893696415672364
0.3697697577723169
0.37077211905476476
0.40010777129285774
0.3435574175851407
0.4013156406266357
0.34892123850465073
0.44235298915030463
0.35747764905402946
0.33990380378654494
0.3734078644610007
0.3396371466727406
0.42841444485615376
0.4223372720642761
0.33473178133480785
0.3355106038303795
0.29462533103463207
0.2983132697387732
0.33211229220243677
0.3771218141609476
0.3365195305451384
0.3005611079183083
0.34315357535504015
0.32457103320205005
0.3172677864507276
0.3003480093705054
0.3380375718568591
0.41756140640146
0.394831701471186
0.35764305260136753
0.3569289368503691
0.3332422375658746
0.38633597162542993
0.2362089136817585
0.31696262452861756
0.3580952376864971
0.365213904512164
0.3747185504454117
0.43887509972734207
0.423021667260874
0.43573260650999834
0.5179813984575776
0.4803297538857735
0.49163890898897333
0.3901966476840025
0.4170896309417209
0.3530903854776991
0.45288197927714996
0.411112587853597
0.40560076512821064
0.44321682271889035
0.4641233337579861
0.416424762881653
0.3890795003531887
0.5413196520113002
0.543579223628199
0.49887787356089036
0.4399844438411621
0.5647829642686312
0.5643732892453559
0.5321256060078745
0.5378051799724068
0.5283618404669377
0.4731342376115953
0.5204394237808083
0.5353856799529259
0.5458045555912572
0.5012868076242293
0.571153768397599
0.5709046471507121
0.6575834470034895
0.5601310403369171
0.5968637418938073
0.5551220980316068
0.6366737640170628
0.6575209580878534
0.6114147743744296
0.684904442400642
0.6974407017826905
0.6918856869818123
0.7105478757734933
0.6835381293869501
0.6119488038988757
0.7194097828871189
0.6691353966260384
0.6604993577729241
0.5426718403940942
0.6004985703624872
0.6279830642233354
0.6344907002579404
0.5775639920973422
0.6591603647190549
0.5671214707892698
0.5725817925511002
0.5633699455829903
0.583574900023764
0.5974122528216965
0.5245936695733556
0.509647470916943
0.4899850189106236
0.49180761131015105
0.5956053905295196
0.57569808248917
0.48630067788681286
0.4908458780705887
0.4858102598645675
0.5427562617705562
0.48221258566537256
0.4677127011128223
0.524362494394226
0.5523695686507527
0.5082920505602753
0.5529440425181783
0.6073868222673774
0.49431389727306807
0.47978023774685935
0.5297923812974752
0.5353635060429227
0.4492614678396192
0.5147235305463647
0.5608458242043576
0.5023722031327986
0.5056523620291301
0.4581938716315742
0.46765823595917194
0.5067196141064069
0.48661534046910543
0.5041527068824943
0.44732911568041767
0.4174570309876371
0.43108149918451055
0.4714273616134551
0.422380008043148
0.46869685111296333
0.3680704627528222
0.41894769873606613
0.4736452261110965
0.42173748095138974
0.4452151652447368
0.40966069409865075
0.48376041882761134
0.4319664545636369
0.4604608815181005
0.5111015660344013
0.5357541059972692
0.443829054799898
0.5648490028083284
0.5190796439088847
0.5423097726087411
0.5777908632332156
0.5190772285412373
0.4842992609859631
0.46669350051659764
0.5366731914876348
0.4283253077758066
0.49947937017500343
0.4244579306996775
0.4323208457249387
0.39682381641839526
0.5029796165655683
0.4618707277892778
0.49737257983146993
0.40838792614557234
0.3555683775092632
0.3810015017584113
0.4319354169871817
0.3611075780021348
0.42977087509517287
0.3297620235741693
0.35500123172655623
0.33231477510286445
0.3646526192586316
0.35976067236384535
0.28452468967467115
0.39196227454409355
0.4959340378948791
0.3678763373222518
0.3937929403384484
0.2689121887442379
0.2973302828404858
0.38347542097737025
0.3678880130103444
0.3843413181627341
0.39810191569777154
0.4306911177898426
0.46356234057912976
0.3675678456203739
0.42653447718348336
0.4070956308223977
0.35820157155386523
0.42486977625471134
0.3442564045452646
0.3678046060707768
0.35028265386629837
0.3208238043313384
0.3326924214110299
0.3841084969833961
0.31645870976011886
0.18524260630869333
0.3639156867063499
0.2940263578125867
0.2699203237859745
0.34690127813180355
0.2985826770375366
0.4365941973164428
0.3670482773542758
0.328325651059897
0.3907866858850869
0.3327259500306184
0.37886353942100864
0.3083180613225147
0.40972522017967994
0.36949623030537826
0.4740703024971349
0.5412371423751204
0.4328010874964376
0.4727852685171046
0.5275319381862662
0.6297183001937039
0.4916416992305553
0.571832543346368
0.6302345199947291
0.7027257279382493
0.5605661235797326
0.6429595505915512
0.6157234895408786
0.6741716980135288
0.6877651585304352
0.8090910058882215
0.7109383563170616
0.8285929776915412
0.8228052806248904
0.8323587857698964
0.8716914541107373
0.8706494263195281
0.8476588741791258
0.833191513035139
0.8046086884712793
0.8818328304869556
0.8563613427955137
0.8232626828807819
0.9830335254226497
0.9328414899726551
0.820862177933767
0.7758275891712758
0.8132599724896836
0.7892747055024385
0.8308204050363963
0.7187957580678659
0.5991630416809745
0.6079747142276002
0.5767162754219234
0.6106475379358772
0.6747613796756345
0.6121858544386409
0.6247118009920408
0.5469431852422176
0.517174150941559
0.458949461869781
0.6042853056906432
0.5558977078225257
0.43579687496738284
0.5043858536532743
0.5904227493356535
0.5095468774088807
0.5262155561033659
0.5057562520337605
0.5080677950751638
0.5555335353127232
0.5406696874673965
0.48152371598050064
0.48895602528758253
0.4177953649903569
0.41008226833298134
0.5422495358562904
0.5694652287565269
0.5719826605039612
0.5409971036463219
0.38479545942413734
0.5250591900104155
0.5636035939374302
0.5650737114120895
0.5727517736478485
0.5345392767960669
0.5260797110154064
0.5102967960730613
0.5619818130961771
0.5992730140443863
0.6404381458811113
0.562265914110163
0.5639543203264779
0.5999986858975244
0.5825118232363127
0.4873091284766401
0.5536694980305178
0.5863608544959378
0.5616135552195802
0.6553455132619027
0.6643007236950063
0.5713500274564502
0.5232751757590164
0.6718585582544094
0.5588030777441972
0.6947237209029107
0.5954086068223349
0.5583777458950028
0.6365351488326159
0.5927249088503809
0.6107871446093283
0.553927565159199
0.6468296007757555
0.5944763052740341
0.6122633721787689
0.5496558089424046
0.5715951593906892
0.6588962680759709
0.6495217158937601
0.5912388282859726
0.6937815462145477
0.7162322670432575
0.7391704130338529
0.6699328145037208
0.6312768374081679
0.6488652801031616
0.7134711894272588
0.6712837787070702
0.6813931608776016
0.7915177160998239
0.6510557604686357
0.7584743886288591
0.6912072521639883
0.6442498917821576
0.774575975611239
0.8504349482122902
0.5953717468464059
0.7493037357515973
0.7622524697411555
0.6228387252773888
0.7268708477109823
0.6530732689207072
0.733124389287954
0.7287045788880372
0.7140831001794097
0.6287876020781504
0.6317437402658501
0.7599668341672892
0.6198725110388914
0.7031042484267376
0.657238147235796
0.568218062007156
0.5443171658876573
0.5655231382542223
0.49099646206885245
0.5463891855059432
0.5968207995590968
0.5670891425837535
0.49035033209991347
0.5494142815203106
0.6009267064672426
0.5758714386191595
0.5175516705983907
0.5046286689016335
0.5187474936327269
0.459874204102712
0.47640468423666354
0.49685124638795175
0.5099689886705594
0.41395255996636293
0.42854877421551685
0.4989172110914979
0.46846282432270264
0.4559010875270932
0.3887589428490819
0.5870529906057147
0.5544956139092769
0.6314585809045028
0.5411841958112539
0.5672462138863962
0.5023330909936844
0.5110862934250688
0.44744886600561856
0.6565185875211446
0.5938606469503707
0.5307216488193537
0.5908369932079938
0.6561161518857802
0.6675880165824493
0.5702233000529072
0.601693988451226
0.5846144225242945
0.5339785068482155
0.5979741497270143
0.46518858195306956
0.5766995649199688
0.636907372957187
0.4886471782145575
0.5970237759851466
0.49628210513143883
0.4285606342458229
0.5161711777737594
0.4161416452402419
0.49958253349643855
0.3464037215639034
0.4841746282489202
0.508438376352672
0.36246859162972195
0.40331261381157324
0.4325128350747819
0.33985094656179365
0.32941802593867786
0.30750358925004617
0.3615807597646522
0.2640974974113919
0.2641330377960367
0.29995298123240655
0.36395022678486233
0.2587695435774088
0.2708711969510137
0.2907968440928357
0.20947003420826837
0.19929926975929785
0.31962621775454636
0.2215041512397941
0.2920445027328646
0.24760097209716087
0.21801216030899892
0.23642313930381093
0.06884014136075647
0.05843237018906128
0.16427361698122867
0.21502470152086267
0.11971144989807678
0.16901889085809627
0.17608043486661007
0.11314516180007164
0.18351245776299907
0.2749534782761212
0.2750805138266222
0.13880671040108314
0.34104107051967003
0.24173656145920205
0.26247172544735214
0.2144546790770376
0.22763001402463534
0.3144450295183298
0.3126808472075009
0.2561775686152506
0.20597627955984257
0.28991055469970534
0.2886511692789526
0.28158455556760853
0.2045541238183789
0.37030778998108244
0.37337032381444046
0.402420574774876
0.31731202017358967
0.2591339323112267
0.35404880143329137
0.3083097082320258
0.30177993530767816
0.24680668803710856
0.3593674857209599
0.23685481101864853
0.29683037069791474
0.3355886471531062
0.3206125630444751
0.37163917315247474
0.3206223563632493
0.3023784623012802
0.4443256769857578
0.5197097672863488
0.29336231914650085
0.3857090597847871
0.4596431255616449
0.4666480371254825
0.4161465371115196
0.5346239142213698
0.4136775386092782
0.47886120743653543
0.3310200770246233
0.4008476068408595
0.5805489249241811
0.45793189232552045
0.44850642940182983
0.39200447600645516
0.4601173323299325
0.33875080315061695
0.401768085262332
0.35225904074986236
0.5462326960753809
0.483047067889509
0.5554455756985579
0.524820685520344
0.5500252539197938
0.5013154571602958
0.5276257535998883
0.5475030302674646
0.5633684525103262
0.43895273728698925
0.5477329655014234
0.46726080827754357
0.6551586675094324
0.5076271719313317
0.49447602499445686
0.48595821916137466
0.44396801589605617
0.4562033232136349
0.4726927223612258
0.3868368093913045
0.47937145523886254
0.5405958664981078
0.4553140305664441
0.5196919298269278
0.4456967253812967
0.46561007327135856
0.3916107165421839
0.5037125441562592
0.44580866431468313
0.49390519768111274
0.37515414811803427
0.367214294129972
0.43880751661360845
0.3941252967368786
0.3253056733009573
0.34847279316656204
0.37821658718186024
0.3171633182526863
0.4039984817021741
0.28793764696156726
0.3676853310530255
0.3563564785434525
0.3436263261293161
0.2765247667515549
0.42056613338951776
0.3894722374977025
0.24564118471316065
0.29640774999890884
0.36084923690016685
0.3730092531820747
0.37669722516941556
0.3938587708873428
0.42438322165287035
0.3738341946894057
0.31564969093556433
0.3188602734048447
0.35463422185316795
0.37218257303629604
0.2908442915130075
0.32149380565346974
0.2550747059666515
0.2889253926567248
0.1451917183983208
0.29324647399168297
0.27763011139259264
0.2604344517962848
0.2935609559688229
0.4296778457489814
0.34640967073149426
0.41728176697120944
0.44725236193570367
0.5731019713011523
0.6402986892740173
0.5151691131789224
0.44538987506669236
0.35683664037688023
0.43917357195986184
0.40510897250981415
0.45306378420142557
0.38842171560034233
0.35541543454961677
0.3533501596841798
0.2584887746204624
0.2812174799453029
0.3303955944488236
0.37168458731948917
0.3159595743423258
0.21545912920142557
0.3118659265709258
0.3623292879501723
0.3111962275419967
0.23217825308133455
0.3868973281750797
0.326306369022018
0.2914751732219023
0.27858980221151974
0.3199661379644979
0.40149556890396776
0.3995019394543853
0.34408434599293414
0.28915784573555137
0.3837323922712965
0.3290296366894958
0.298908120748938
0.3269254262610781
0.33225486849639896
0.359324731056783
0.35705392419946863
0.34337773326782384
0.32638333350193904
0.3136929970206135
0.33713689693925797
0.3958153464425639
0.3860551659401805
0.28820321279515976
0.38233995655870934
0.3320533149563357
0.4367309836766488
0.3758693646670719
0.4693580579042717
0.43148736263910314
0.3408255406633187
0.3768241539801109
0.38057713395417886
0.32448395506715483
0.44244785578751566
0.36062010560146185
0.3984680071884121
0.35714000173627364
0.38303633382401236
0.44997859607054747
0.35566361084558756
0.33805605395930743
0.3340104389836543
0.4765672744777461
0.36866681477690577
0.4337247110051149
0.42674693149700005
0.4744468032209204
0.4193974057409929
0.41716065898341514
0.44828295618869646
0.4652388500368356
0.420458876701642
0.410509011623413
0.42305897708552426
0.4277298565586056
0.3796022732367061
0.48077351604408625
0.4548815985348618
0.33653973613341975
0.38784267212476115
0.4481508251554834
0.4456285396080807
0.5293352415117294
0.4705885358733554
0.4333470175165539
0.34843880675699757
0.32091415951840613
0.4150677416030757
0.4927629859987651
0.4392511058744571
0.37218266818537327
0.46001806425231206
0.44141829296336665
0.3935535000065472
0.4360915020560624
0.4728369479837162
0.4535093261350531
0.4456232993142537
0.42016600842570045
0.34392702021979205
0.4545554784154143
0.507854425240087
0.5548825147571212
0.47973388884745527
0.5432844038473101
0.5409068323095612
0.457188506102409
0.5710895607258476
0.4643614147339383
0.44151399757812176
0.427433808043729
0.4792407859804273
0.47803607633174877
0.5733812024574855
0.4880604593411483
0.4771226820933714
0.5168221016912989
0.3798726306832359
0.5239275396128834
0.4509970097234679
0.4442141439906256
0.4467973475450261
0.5481320012871256
0.5308749979508206
0.4787589694464459
0.42483940025484135
0.4081743299263453
0.45553877741668913
0.4542643817399665
0.5060731691149015
0.5471162467866932
0.45840492402168087
0.3800785941888789
0.4669769464354635
0.5124927398465841
0.44056605555354356
0.48938849784292027
0.5067878931309738
0.4567675968313752
0.414530874247911
0.5081093684193148
0.3062203864299198
0.42278932010437087
0.4292591965239961
0.2978860297695741
0.41034205988176087
0.549951817167092
0.3950772531824834
0.6594361566114106
0.4645918368368791
0.49269237656629755
0.6490478197686704
0.6006893984206159
0.47768751451851865
0.6389347869566468
0.4895728453117015
0.48384962994848013
0.49199286968755795
0.5467104457526981
0.5901455426153492
0.44475781583322394
0.625991810960651
0.5129216972288919
0.40453115642521453
0.5219006181463889
0.42898103626921374
0.44590319876220363
0.5645730637691948
0.47508891900239913
0.49323950507356396
0.48861509175017653
0.5085356502994927
0.49253838104005593
0.43987487788313706
0.45512167527657793
0.5314320657558077
0.32912253109274925
0.4825401399403813
0.3941993695490459
0.45050622821364583
0.3988600675745302
0.4512557590993531
0.3277371908328316
0.4857576995609932
0.40395361069362345
0.47323574897688103
0.46134772201094937
0.46270066370349855
0.47722577814770795
0.46710772365992753
0.40048004458313813
0.4112531077129451
0.5405962323213475
0.5420526417890222
0.5527852848667466
0.5474328993539833
0.33979567642184116
0.5374644902198413
0.5211573937847334
0.49538969904527874
0.5665804336914796
0.4775379232354821
0.42619378976658095
0.4259138017386064
0.5735981841036547
0.4189416517041896
0.38548229106774246
0.4649879842831475
0.443883594402811
0.31262237026044504
0.3811118927310499
0.5235514922997054
0.31724457959369945
0.4136834356331893
0.42827203200022
0.37021143879637786
0.3958435416921491
0.42827336385373566
0.3876454028332091
0.49692292993350706
0.49551577755780707
0.47137445849292303
0.34685739248114134
0.4756315175493919
0.47178011004447706
0.49246730681062295
0.4632220373788143
0.5195949411229684
0.4415337999141615
0.5356679363769448
0.37224025828113383
0.5019271612062586
0.44539265970268266
0.5180998846051026
0.47975375745793664
0.38569271522285536
0.5170587148781407
0.48689417835815707
0.423698921984895
0.5038787114070533
0.4720261461723102
0.37996241754506943
0.46387530542627536
0.46460029409794423
0.33919947294593356
0.4945393512453296
0.5320244901871418
0.5300025906883622
0.39555606085681266
0.4001731922248285
0.4338053684604224
0.4383930839029031
0.44647548096011935
0.4542795253623019
0.37245333282999793
0.3800440808537094
0.3511818197703346
0.322218177826852
0.3605444707561764
0.39660817369112256
0.5466742091068704
0.4666724538560186
0.4003775684137997
0.36366543727577355
0.5422080956449387
0.3433950059930927
0.3844155509678266
0.31181071248688874
0.36575170899377313
0.3120941708431608
0.3475362680386002
0.31642527649397817
0.46872373015797597
0.4572538370529572
0.34561278205668833
0.47473905949472694
0.34030140950409654
0.5092345452344887
0.37240821657681744
0.34835842479315776
0.46689270893408236
0.486144029631157
0.5006652648892358
0.40732061696133176
0.42195319713526835
0.34304589754709974
0.37496764950349865
0.4585523885666428
0.4982948789023621
0.44031856115442725
0.5029285861213524
0.503916040559316
0.5448075818661975
0.4981177524281445
0.4951082995176754
0.5355260477606034
0.47476380292614506
0.4273480030788128
0.49689679240315054
0.4849796352800692
0.5070107407951261
0.38791783055315704
0.3562113348885639
0.4075220774252187
0.4335283662858178
0.5066235456537258
0.43171393457652807
0.4463299241848124
0.49003392162410814
0.38116171680525257
0.415928722509482
0.5339803149434458
0.4585074309633812
0.48802751014119394
0.6403639223018883
0.516390199621684
0.5147453847624752
0.4920281998041284
0.5630246826019913
0.5665835462545752
0.49730248804034644
0.48965541713491245
0.47394953207105633
0.4316818528418649
0.5141862964920865
0.3823429735347908
0.5160555072681531
0.5459751255670753
0.5045465134103778
0.3088478016935573
0.324952882652824
0.358052837050461
0.5114802427203621
0.3909857079750445
0.3338672414032962
0.36440302217877113
0.5079217127756497
0.3870955417168488
0.5121373412553772
0.3863930372480317
0.40388398667743586
0.4233480977315616
0.40568007373805326
0.3740703595457071
0.33100113754094
0.4511733287589371
0.29467356440545134
0.34321591712389826
0.4641836431495606
0.33374808375261766
0.4630932534676679
0.4657664279341575
0.33397621311022613
0.3880638506072484
0.34363527096006224
0.36174453249359234
0.42424947790264866
0.38609535201720785
0.3190453465057727
0.3952337782319086
0.3304756354642362
0.3019541741431609
0.3594375937449422
0.3956296876157111
0.362869494194191
0.36904538916082097
0.28936047023555705
0.32786636351510823
0.41443696610846215
0.3664359319352142
0.33633439957815586
0.3041262092512727
0.28877705831080847
0.2643974266889717
0.34214884232345405
0.39882837210015926
0.30121212602146397
0.29984356691731107
0.31629470959598005
0.4010304304062234
0.2679461386736636
0.3689589446913362
0.3574157031216824
0.3837066424610217
0.4361223349116431
0.3739111053322912
0.38675968065587285
0.381586261944709
0.42836663984595486
0.43186417388930354
0.5112634226436907
0.43089212887214084
0.43860471582942706
0.5203361757915843
0.3731215455012945
0.4319101789207015
0.38021365396849827
0.49533578026162906
0.4728147971383864
0.5291597371555643
0.47437519313197085
0.3593057181164938
0.3675404854871454
0.5333396787461764
0.41010086996299094
0.4770875658651533
0.4405280825173439
0.36725557761832694
0.4384803179433132
0.26231964837642435
0.36090538571659364
0.2786886452568397
0.27998755751369764
0.28874588643372257
0.40025022916869857
0.33206818951027695
0.22871298850157415
