0.4361841250272219
0.4038087591526076
0.28330748581656917
0.1940046012036115
0.38170290244289296
0.44281591848751267
0.3627064690862138
0.44219589056337044
0.4244011986340614
0.36260631528030507
0.33190119055708045
0.34712596561568654
0.4044849089688916
0.43260855538047577
0.2605989452371609
0.2961013781247694
0.2964704151295583
0.2749124831355163
0.4074667205670525
0.44461333271275194
0.3663033036568228
0.4217063094143977
0.27170110455742635
0.33077194785783826
0.3697644025442086
0.368406143866578
0.2532185410933062
0.2975899838773365
0.38788527779412807
0.32946022470564706
0.2638158414028262
0.300859704760098
0.3067097630809482
0.26117441397212693
0.38448732903429295
0.3261492604867734
0.405230591999286
0.25519584709911697
0.3692254248517193
0.48132989030147433
0.2761987890384465
0.3608482937529298
0.44728546857241686
0.4035133938050162
0.31573928177062766
0.4113744754884327
0.3785427639792094
0.35682776650982856
0.38081494364639945
0.3259562521940361
0.39588379410321833
0.23091312464972405
0.379779020112793
0.39272178758529674
0.27542411166587627
0.330677398214644
0.23723051834731643
0.3951193795445007
0.3328969502935528
0.3531405197294898
0.5440892090929439
0.4121374584022863
0.4103234023151252
0.3920822815169095
0.3866077341534431
0.4472321143082606
0.4838917352393931
0.34827839682227335
0.4546888173997553
0.39426030807018614
0.40519209660351846
0.3924046376106029
0.43833458181582846
0.372204504915903
0.3849490963423291
0.49687631572756785
0.5446521024734643
0.3959317998915868
0.49319393128972927
0.5041141583821243
0.5058670121561591
0.5039790070179877
0.6194828518628194
0.49644030490199037
0.5147745477370268
0.5989915543554059
0.5071207859992806
0.48322782734968717
0.6041651534106415
0.5655049062106027
0.6973734281564159
0.557850596247778
0.6457807661541386
0.6455941959723932
0.5921451820152693
0.6121900271800504
0.6487035958517029
0.6650053815409285
0.6574660867764577
0.4756738463622944
0.7488164093155456
0.5796977091461006
0.6144157132211394
0.6233341287476812
0.5808776018353323
0.7659346185055143
0.7381211531485435
0.510378832363372
0.5614308679594345
0.5134056196200366
0.6342598292566624
0.6376089751310767
0.4849689152342057
0.581877449786167
0.6220509615090466
0.5023666833725555
0.571702091211124
0.6245994211227791
0.44073436238445
0.47706993559920247
0.579517843615717
0.5680886877238271
0.4612941135669958
0.42968436849771485
0.6733848393150277
0.48763173101513213
0.5147173627122745
0.4793847387566154
0.5028625511891285
0.41429867726312714
0.5258093639670335
0.4941482445035387
0.579991640577177
0.44004365683896657
0.4065765077880774
0.6024173704661762
0.4386283062742694
0.557439794941609
0.5477010607902861
0.5307020870211903
0.5907233198895352
0.4617885520103555
0.4393138900042414
0.34697576279764814
0.5004450164068722
0.529364929203748
0.4866166448302122
0.39980632964723484
0.4066379713410544
0.40964453358514674
0.5044374945669683
0.4360641265840601
0.3693505347617609
0.4531811060536871
0.4728204317529946
0.40615766609983084
0.3485294276217199
0.4653794659015612
0.5400224832859502
0.5485243661311594
0.5295039484321116
0.470193359136595
0.4732507475498226
0.4156421414358106
0.5122381897123294
0.5555943688702656
0.6080977407573847
0.6422755333811019
0.4361320984168007
0.5711308169533001
0.5649890900180531
0.5073492900990046
0.4332714122530425
0.4564152602034732
0.5327070405326123
0.3961797132288125
0.38263388731662606
0.4828487680736331
0.5077967997689176
0.4776383909906933
0.5025864226859778
0.36048982573005056
0.5873055885842375
0.35900819646973336
0.580145322554737
0.43625370922727424
0.4428468136966615
0.4456858454746342
0.3843936252024419
0.4238403108688601
0.34963765780275224
0.31953924256698163
0.40677028970414114
0.39310023679688744
0.4160359919355384
0.25196378943068487
0.4034191218080403
0.3694846139066832
0.2989424521168808
0.40996375353860104
0.33387305091092695
0.4743041542133925
0.30826188217280076
0.41199229839678997
0.41293226739733724
0.43766249068244534
0.4551330225748587
0.4029035809900582
0.3598213321344402
0.3753731688853292
0.2845463715122461
0.30933788595727013
0.22767204474122413
0.25976086154530215
0.22035470086850767
0.2799551858811143
0.3450236443519541
0.3826325584008628
0.35411080290137265
0.3439751684328164
0.19800999226023305
0.4301021659837747
0.30245045453714814
0.3272511363554905
0.4932554006480364
0.4133996121130886
0.3224682201090372
0.31232157242462183
0.3167464313121934
0.4441716745630934
0.3240481093756484
0.34306244106959016
0.2614019205647102
0.36867776844325584
0.4244660083287808
0.3354312850345357
0.4793252517923073
0.39020850852389033
0.42403215607634803
0.3991488654214453
0.43302333914303837
0.38604076416922045
0.4052617113446547
0.4536550196265588
0.5095467576928953
0.574480344465062
0.5551235682163129
0.7429663520043179
0.6227066298686148
0.5830254050833086
0.5710519989972428
0.5699057423901461
0.6531538952098557
0.6741381167267106
0.761210800771069
0.7050401236646352
0.8121605507430772
0.8183248116978106
0.7585756632892435
0.839977973568282
0.649997549141109
0.8984219134145628
0.6110355426534759
0.6925505184866443
0.7775711130210927
0.6151441829432134
0.6817681914559475
0.7540534063606831
0.593266620079314
0.5959045335185116
0.7506342689034924
0.5110328078382252
0.5851020258986374
0.7087597891746447
0.5772695909948125
0.5303061001600151
0.4336903788820873
0.4398858336418572
0.271838807742715
0.5495487469018467
0.2730895235399065
0.44073134613689624
0.49467996856237106
0.34495667608408986
0.45199268912074086
0.3260394703378429
0.42943462446228764
0.46135681516970095
0.4748114130970871
0.37270899036628197
0.42663743220257955
0.3702788428735435
0.35449814385930867
0.3735410955778429
0.24752969817533935
0.34545467067069535
0.37729484140393676
0.48612347674450423
0.620774275290365
0.603105526714564
0.356109134045676
0.5659025546581917
0.48761056680112486
0.5432808047722034
0.4816105671544927
0.476739037593399
0.5635320738425863
0.43209085598934893
0.537289645633569
0.44068254350388114
0.5146875281116796
0.4658145095086763
0.4755860415029606
0.48541941288223933
0.4769180376247981
0.3454235995348063
0.4579439199567155
0.5209467019213421
0.4775071645344615
0.5221023472615148
0.44205515598618883
0.5821486031214906
0.448872007718363
0.44210196360492215
0.466525724527903
0.3076748716845381
0.5854025973652284
0.4373065896250575
0.4636595106803433
0.4128984425157736
0.40072556276616805
0.49492947129799403
0.5835463236561342
0.4392858603564715
0.33162388357193573
0.5615030143292709
0.48510584933946954
0.5316485269454645
0.6038278496017695
0.6191350633755259
0.5151739390456502
0.4790865780164167
0.494446463801849
0.6840359711877937
0.6461137808337484
0.7127739106146775
0.4859758936447387
0.684630573785694
0.6320744892495889
0.4327681272439494
0.4939740469944999
0.5313805450871713
0.7575465125565249
0.611420026127014
0.6670975856288701
0.4659760266625178
0.6335807611262179
0.507644031247416
0.6531604946080599
0.6318294089134129
0.5755399805001489
0.6551828474507685
0.6557545147041941
0.6509723266480499
0.5561987562257116
0.5660192685465908
0.6015474326760926
0.5674393085559155
0.5129632312608239
0.4236139746812899
0.554589577049905
0.5901379217685842
0.5651659771617308
0.6538108798649044
0.610504188621331
0.5157599661614886
0.33106547190619073
0.49325505990040475
0.45907408317937426
0.478030025621193
0.4786726996329315
0.5216356083193308
0.4654992066385514
0.39639108100394044
0.29255233782659146
0.4564530763756285
0.46646882244988763
0.5110718749327969
0.5210153166312811
0.5657512152574977
0.6233461722834162
0.4662143397507302
0.44671678576343266
0.5869619620137569
0.558246208538964
0.4544166327349334
0.3358821559905302
0.5457856469222513
0.5079227007182758
0.5123996215530601
0.6030035805761129
0.6404179484246404
0.5825801117874349
0.6180763327195165
0.5087495904718279
0.478239368850578
0.5653261477314133
0.5623272134385615
0.5044587312213981
0.7583514003617073
0.641725153768048
0.4204730824010563
0.6580010744403838
0.49175324298355194
0.7365611070047516
0.6199765192069091
0.5510115035390807
0.6306426078814574
0.5397748392655561
0.5350739217911997
0.605557833404394
0.7072869244482236
0.6182448177838158
0.3841232230263417
0.6694159441723118
0.5435390066686583
0.37753778335942034
0.5581850473679593
0.619543792683689
0.41862588545165114
0.46165905150397935
0.47529342889142123
0.36600759604716593
0.3816114947452677
0.5035523687715245
0.28058655161478535
0.33288012417550433
0.38327702802641705
0.33089210380212775
0.410718990122963
0.5216668288793663
0.3226773323872496
0.310644967369502
0.3096070957438248
0.3033256663433519
0.19602237437291078
0.30697792238041555
0.24379520900752988
0.33094545958071786
0.21819436921353733
0.332914627775869
0.3759703561171166
0.257661557538746
0.2128612982474668
0.4669759786044815
0.1798954298776206
0.25239637460673936
0.33955450730366044
0.26729157249832425
0.25176733983927413
0.32799611012599983
0.3490376941592625
0.38497189993105285
0.2686227058976398
0.22373325942222733
0.3441082955036154
0.30839759236305303
0.3296006569008564
0.26284185392557924
0.21620730116668962
0.27594954905710845
0.31189787571363914
0.33314130142979725
0.32881046970571826
0.4051309879328896
0.3272756515069476
0.29536067985361686
0.3606973301842531
0.21506622821448945
0.08040374851169008
0.26673971747326597
0.31378162554490596
0.21230467083728305
0.3822332019242196
0.3044604336975278
0.26159463379523906
0.24259064316090226
0.3355998829241619
0.2670137518676756
0.2681138308605488
0.3226128667214353
0.21181036281192417
0.3157368511041889
0.36663723507376456
0.45409389853757176
0.2682071172134497
0.48050413864501174
0.3293929320965187
0.3581940317471792
0.48427924480430534
0.37170355465910043
0.3271258548096049
0.34311010308145906
0.3756346298435761
0.3401826445166235
0.3489273819849605
0.16313876576260683
0.4562141019846051
0.1987866489222127
0.5669978215372897
0.309692749627424
0.3110454977848375
0.45380438370061216
0.2643117839314725
0.44728798884286247
0.4047519135124963
0.5106778144315658
0.25891081836879115
0.3208346820208728
0.2837528167208851
0.38986423579493795
0.5178789560421421
0.32297120980351635
0.5648917936965423
0.4855937401277839
0.4870277588669854
0.5086730123635356
0.4570723125032371
0.42182582475313973
0.24900874368518916
0.4946925676429482
0.4888160688203196
0.35823535661031725
0.5286418665155733
0.4696271509126332
0.3354588000271791
0.3553517923981677
0.30006912305492417
0.4319713103619285
0.383968513000557
0.25900974245435826
0.4368399837006526
0.3008263384996059
0.44741194854034316
0.24541204137514233
0.38654214376803886
0.28355437718854626
0.23767707569070046
0.310926997621632
0.17685589510061445
0.22993990801934153
0.28124266799438774
0.4443681880131344
0.21859820715255024
0.3322689448363407
0.2991686762363409
0.29546774452630575
0.34309954823426597
0.2274655781538263
0.46060759694573
0.4677545435289198
0.48989595561335536
0.403585165857269
0.2513417028860365
0.3595877582147691
0.44775579344171357
0.2991632734933377
0.368995276833977
0.4295595397675707
0.24243938553963973
0.2371442738597297
0.41147704809771446
0.38774965039292997
0.30711217669486107
0.4797370089586844
0.3202432016809005
0.3441788807444876
0.33711085661329565
0.37393220419496176
0.5171986089722537
0.5816705195548251
0.7579349131133924
0.6866404141229645
0.7787179428414274
0.7880514697530695
0.5240878067271356
0.4747254086472763
0.5411165625964506
0.5194729964316908
0.4628221072217195
0.5824010065028783
0.5497154247416705
0.5040654405574085
0.42001463195570665
0.4387327923708069
0.46664035253598524
0.47086849049606905
0.5023550578205822
0.4605782414110647
0.5452479827487804
0.400819994788328
0.5185449806056543
0.46963728348516875
0.3030193720833896
0.4998467514029464
0.42697429505877565
0.28973553995778367
0.5361428453446958
0.4431626524239878
0.42341794786934794
0.3341079618233421
0.4117912300343342
0.37559982840454076
0.5138450447368828
0.6300130031820277
0.5425402405284527
0.3412638147924049
0.5217674264144132
0.49480578571305256
0.43120399970074785
0.4135646048927726
0.4325511987198793
0.3251059273328164
0.4395399717669133
0.5429828144058204
0.4262758512607814
0.6344681974430096
0.4608186668821874
0.29820253276957354
0.4017585891876889
0.5604027513326766
0.3244788244782195
0.6170857606764311
0.5737788740708822
0.58006422436601
0.6048263348144833
0.5377928791519089
0.45429069998246285
0.40569419151995756
0.45794980277527075
0.5394915371413405
0.3937259748941184
0.4772065849908897
0.37729806992464476
0.4975920326540222
0.4122959335631975
0.6041252473196792
0.44002548666081553
0.6373506692434928
0.6695486206990202
0.39357490531506745
0.3359253337635672
0.3113154097891595
0.4225049350353282
0.4694720208838419
0.48711132482578207
0.5964445425404992
0.49302049200727216
0.4410020294928938
0.43475859418532087
0.4891916183957682
0.5838204833951912
0.4145032040878408
0.46160423252981847
0.5233593357430333
0.43475394815446544
0.46718126946110683
0.4795626935762054
0.43671270083034386
0.5609888084847876
0.36225181053098976
0.4351755504033392
0.3301748401338316
0.39390972848118133
0.48698341195096345
0.534311416176436
0.42184586399515134
0.3591347428203464
0.6191912155563459
0.4261985404188783
0.4754256074217763
0.5539589781246078
0.5114289943522721
0.5807643461567857
0.5510536078308752
0.5580943827525765
0.6532500519198429
0.6676435514242696
0.4692179432957575
0.6413956649430053
0.5640847856838744
0.5253094228280317
0.6095981295630526
0.5010829802767194
0.4678873520637847
0.6421061500050834
0.471307437051797
0.6087042632122497
0.581035697630547
0.7736516298186386
0.5441575400989289
0.49088407149703106
0.5183439728205554
0.6301670897658493
0.6889138293158262
0.4246474632575615
0.4393725331764514
0.5347072942507747
0.5530205510701949
0.6595852399635687
0.5679212107677059
0.6505101272215357
0.4267915541231927
0.5479888395811642
0.6196777539551714
0.39408269273619945
0.7502387313243795
0.5318617027022853
0.5853927694463159
0.3709351510814421
0.46276354406210146
0.5859932866658839
0.4247252594755354
0.3259378755480611
0.4380710847011785
0.601580533910649
0.4130056205186007
0.5784631128320914
0.4831824440560538
0.5862835201017377
0.5554530158992339
0.561374024944342
0.6718388387886104
0.6905172538951494
0.7460071757917537
0.709836223563158
0.6367575878944632
0.5454372387790796
0.756887566709552
0.6436246516928191
0.545075804989777
0.6594280858938457
0.672702915971836
0.6767595465623308
0.5122048055310358
0.5697602242210282
0.6198796007366612
0.44065115257002974
0.8045347896264508
0.5794388292880616
0.5195612874243124
0.6412472087720859
0.7721935366282503
0.6335435270014985
0.5129809064714892
0.4753268759217224
0.6154301121054659
0.6401220328327254
0.6592366129846958
0.7003249528430519
0.620288098841246
0.7422445006108722
0.6458117757030482
0.6942748665758477
0.5152543100536907
0.6574628559840989
0.7793671339671273
0.7345585548807125
0.6253511856149778
0.5289612159531276
0.5224719895350597
0.6133795420775874
0.43267957703072213
0.5382613849336643
0.6456583897973193
0.5825143146818008
0.4496121183891552
0.4763271277216018
0.5525725345697308
0.3756688492351755
0.46106015119502464
0.5374187718223618
0.5311583670303294
0.5157507695091144
0.5315571576134985
0.5089829018896197
0.3945585745683535
0.4103379964099839
0.5106098006994868
0.4842734013610319
0.531419847928623
0.5178481761823766
0.5118674191855153
0.35342380393290407
0.4410556558503441
0.5046915547390625
0.5390106849370666
0.6669730696293302
0.38026879611892994
0.40176006172226886
0.3425399838319035
0.435617426631482
0.3729223756197947
0.22749378779206741
0.38669273276672644
0.35142749733434386
0.46106724505590335
0.46452304418179224
0.4530394438857305
0.7151824110413945
0.35149261521636566
0.3878030919894422
0.5581198474541003
0.46986264866819166
0.5869487023875859
0.3776391623423689
0.34067488602117924
0.49826782329706193
0.6613547835565996
0.5015651760362843
0.4352534854444223
0.5874221088775006
0.4679213753361917
0.48624043849525445
0.3080749737674805
0.5372129776688641
0.5444373532198026
0.3223738976309306
0.44160746811788476
0.404892194011908
0.5075443754378607
0.5111504667333893
0.5514970580606704
0.4688744588296596
0.3497724681668514
0.5148810768049201
0.30752361860657745
0.5020576260279095
0.4086743003895831
0.5077549882676804
0.23805873494690544
0.3665692268946098
0.25121452324964005
0.3264724777885549
0.3486531505626981
0.3433408707550796
0.24987203790607906
0.5272337117836388
0.39521889754056944
0.3459069745335821
0.3149389655366331
0.39584730533239254
0.18327895496689398
0.31748661669505895
0.3085982596529261
0.3400202547964394
0.4081937631875644
0.4691185934018538
0.24369981128134138
0.45145748716441536
0.4682988083626234
0.474023415520989
0.274437809821629
0.29507486250706866
0.28255775621874524
0.5636659800896364
0.2412023711794745
0.22515213170203896
0.5209946168436754
0.5049737376966127
0.41359352452287507
0.29306003438168843
0.4091052605780433
0.4536683559840483
0.30918111983503577
0.39782827248220065
0.3432417795769701
0.20636563876651984
0.3261141114851538
0.4092041041462071
0.31628375812026843
0.4379046834979506
0.42935213678044065
0.4997072980368595
0.5058088260905867
0.4110386020623965
0.43011240229503367
0.3995248047112222
0.4625388028258529
0.3716252329325569
0.4053031985046278
0.41698500942634154
0.29657006942467967
0.4036901512121882
0.4100309658827317
0.3484159972784613
0.5601000644543075
0.4655183008737981
0.46630195555822995
0.3918591223592942
0.5981097083190177
0.3218211703928977
0.5960807598641895
0.4703675788573313
0.439968989946279
0.5985900870102864
0.5260573298046349
0.3783507567272921
0.5535537910773793
0.3178354410551525
0.3167752787542792
0.36538844422304545
0.493054474642369
0.43881719934523955
0.48382254554937654
0.5142466695831298
0.5609343666046724
0.26290180733553425
0.5097433223812837
0.4390703632248598
0.5246137867905218
0.4649540434931287
0.26048235023182453
0.5623730747885016
0.40929780217272804
0.39570265064301346
0.4829596188311175
0.3721023803266553
0.5934458013379721
0.5889892233892001
0.46518044152008375
0.43884129121241644
0.4783450917348153
0.5180962497971922
0.4273601551527453
0.3955146710281018
0.27741114841442305
0.4032060270734342
0.36947488745484336
0.4294598549313654
0.31858537813042326
0.2592177848859697
0.5137003292177413
0.3607026973380593
0.5067932247962101
0.34839275728036334
0.5110560546512759
0.42052989866114954
0.18493342195127538
0.38993843220348823
0.24437739072324421
0.22543466171736204
0.21935374132317706
0.27930128991404174
0.3723022495098534
0.2248500459277326
0.35643093711858354
0.2806775824707707
0.4304805485602731
0.31800320752055766
0.5063888616010332
0.26177531348529703
0.6008486332385331
0.49005364301622334
0.43821110269871116
0.2578372583253733
0.4647077695306194
0.467891495554985
0.4838632732207395
0.32191060074463707
0.42235734284895915
0.4181604612905137
0.6084470239909554
0.6501062728761553
0.506439366710178
0.559164503466085
0.5734471570087345
0.4737822881097451
0.653212353368722
0.5517744945299151
0.5568389485850695
0.5270179125224603
0.43488211898786144
0.6527056871335006
0.39893966202479214
0.5673075310981432
0.5375085214672521
0.5278190942554393
0.40978591689533783
0.5416145793947534
0.5484869088798429
0.6507246566298737
0.5880225372502786
0.20961967566681283
0.5505293398350338
0.4380421438690011
0.43765662780393655
0.3491763980824843
0.3432652843485981
0.3355037443873817
