0.24749762092008182
0.31978315158707504
0.28361644818959597
0.2540462627740036
0.2559268533949838
0.286385262204069
0.30279739900859853
0.2848278491947849
0.27609824554222423
0.3121989880546908
0.3372272986098638
0.33388334495676586
0.26445987372469193
0.29728707112507513
0.35148476338938583
0.29735603206646194
0.3315288958969745
0.28971112886301437
0.2690190643434904
0.24193442710449092
0.2714995380963218
0.28833182386573025
0.29802512698613737
0.2284651599265226
0.2571120592016895
0.25265737186064485
0.17987826359196868
0.23137673474622472
0.27203311624959725
0.20529202739731794
0.23696927991724506
0.23238893147527168
0.2427135398833472
0.21825681886287526
0.19500215093977824
0.27952827620875387
0.2035651585718629
0.2254563153834791
0.2591227718010016
0.2271618017111945
0.2682701896523382
0.25385004791747084
0.24885985489043674
0.2261593427882831
0.37334432969642445
0.23462772975054585
0.2752437670381485
0.23430038507851508
0.2752550603254038
0.21998324977278422
0.2641322723016676
0.2683998447037413
0.2789418180135408
0.31303844742393533
0.27692047614346393
0.32779340876956725
0.31977829019640513
0.3268149120298386
0.29385279177069773
0.3513538025050296
0.31639995197677423
0.34230126330507377
0.3323207442930659
0.3314467523650735
0.35059568791258866
0.3890524640864079
0.2502971718455146
0.35596343885192216
0.35968645814046885
0.38052599234924367
0.3043988776720229
0.3804006667766471
0.3482659142646282
0.3844273627070274
0.3527932038664434
0.3713304433598801
0.4098684711393693
0.41926744633622315
0.38130083037320184
0.4279542157104326
0.4171719406880451
0.43212073045111343
0.4461445750369586
0.43827732302288414
0.5045280004365224
0.47403392138887157
0.45063168724484726
0.4795507586060623
0.4616450733340998
0.4639130100057338
0.5438954835753993
0.5003785027186582
0.5032369991343906
0.4996013349177844
0.5451762406847538
0.5251022005809902
0.5530636341328155
0.5434602587442222
0.5983655167348917
0.529635934029038
0.6065892953513329
0.5136283438231102
0.5421271823146805
0.5887213135567416
0.5994679527003125
0.5369639488383989
0.5747694788112168
0.5365056213464575
0.5771928161749978
0.5309108374136656
0.596097830159546
0.46747133494205084
0.5389014903646034
0.5288853953975261
0.5090824763629896
0.5471339364600992
0.5435133843475363
0.45814429090604186
0.5216624603371545
0.5432218530285172
0.4657564646401979
0.48176362064568756
0.39776607027662225
0.5256278755323512
0.4419306387644573
0.5509953479165987
0.39449772594033744
0.5568421991863364
0.5494063012705404
0.5127661599863232
0.5089282543655009
0.41581112414770305
0.5060034565216288
0.41037124087108034
0.4412471639922473
0.5713992053996884
0.45150542426966955
0.44265768823792506
0.4100220761551182
0.46445459804179356
0.4813925398917895
0.4151298179926385
0.5092706272613741
0.40798265135213235
0.41022690081393726
0.4227797066354562
0.43487130115875317
0.42659298840416027
0.43213419251766466
0.38611793168232017
0.4206166027710044
0.44651621994758733
0.4180932484233626
0.41362734933782097
0.4168685341266008
0.4401010460893364
0.3174490830121184
0.3850181233335378
0.4692832469638527
0.44759195554422676
0.4848926352425449
0.3964419098476053
0.46149975605600185
0.5002520466967054
0.4483720666145532
0.4695893453744714
0.5274281528256903
0.4241488327197899
0.4906965539238434
0.48131160565459374
0.5470251724311648
0.511270493554336
0.45853515003503015
0.44530916821238853
0.46044812331383805
0.4408860331380174
0.4682588762871098
0.40907686048953984
0.45144650866222735
0.37383286543905503
0.4948780106569116
0.4126145331706513
0.3824381001412452
0.4017083994711898
0.3543212666285346
0.4303540489161702
0.38990728280469833
0.3130773859670021
0.3732110625823331
0.31547503515805214
0.26860401281546575
0.31740158148799685
0.34442576474620645
0.41490576286845227
0.35322825021440396
0.3560082889947317
0.3605361051552717
0.3921767903019576
0.36992298374167837
0.3748949357824321
0.3501623699458811
0.3372387849510078
0.40835728264640025
0.42167339141395
0.4016123304060104
0.4006122487486582
0.40296991919253433
0.3703631505785623
0.3986594523434591
0.33379582686679354
0.4090411873954654
0.39805788267179404
0.366776859868914
0.30937388147996636
0.3213061414497392
0.4336258195145647
0.4247029526856479
0.4058285791733873
0.44177389116113547
0.35675301498906153
0.3636262476246725
0.36610670703075976
0.3137563489800808
0.3641428330211557
0.39595462336725207
0.2736394274133206
0.3560122767212619
0.33072597279532234
0.3129508701843406
0.31957734155818074
0.40893563554231377
0.4370659921781673
0.31283697606113087
0.38823869363023666
0.41740228851336925
0.436234319389176
0.4021330743356457
0.5066470904597086
0.466199277633692
0.4716220154027855
0.4765495819169873
0.5636333586308377
0.5523898397630209
0.5566659473674843
0.6016230908045402
0.6431776461719363
0.7250102434337947
0.5848277680834962
0.7047128484991082
0.7698761378965883
0.6684300533779992
0.7327233994790809
0.7782556503697391
0.7689754066059231
0.7785495846361478
0.7769554798806885
0.8113013745840283
0.808826655834561
0.8214607634725335
0.8165901653872224
0.8503466139955257
0.8276450082064402
0.8269377043236368
0.7924458709827484
0.8766778739817287
0.8677875573146596
0.8090837173496752
0.7027709014302963
0.750392305780109
0.6253318310467337
0.6598174042413265
0.6895698418101885
0.5837426711819794
0.6399732215819501
0.6095475618456621
0.6255702744183343
0.6157432547335547
0.5596322991040775
0.5918464485652607
0.5798657964325318
0.5299320714871164
0.43835006856153536
0.5756154512469245
0.6591413951154653
0.5723756844214168
0.4914618916125184
0.5462273374246437
0.49913657862272776
0.49350868508831985
0.4936137111568477
0.507005037519775
0.5600249624945044
0.528331711096117
0.557650409751348
0.602674016205252
0.5791443885365284
0.5756823292255222
0.5585054436246188
0.547374766057887
0.4381836426440861
0.5122537737082551
0.5864284587350754
0.5822390529430861
0.5147921188036897
0.5088297011053563
0.5763104907891548
0.5641370510032184
0.550149877341759
0.5419106402847198
0.585167492069501
0.6115436450459829
0.5430286415245691
0.664169384842292
0.6302958170840284
0.6106972655703311
0.6199238499830556
0.6359884834702122
0.6228608494600484
0.6576683755877922
0.6444718462436304
0.5857415126343873
0.7028573755444218
0.6608941393391601
0.6267881846876477
0.6496729889608449
0.6019937224059468
0.6442468117631334
0.6891804556422667
0.5283450280452786
0.5896367891750881
0.6406590190584893
0.6153099234250163
0.6629563852610494
0.7144161721349143
0.6743953716024461
0.6352291309198133
0.6890462187547699
0.6821249822112987
0.7528928514248624
0.7233813513729284
0.7192785047474464
0.8014285036108681
0.8349575277365521
0.7195817745227508
0.7927246520594641
0.7480966282759417
0.7231853409143608
0.7468923067100343
0.7277006241595072
0.7627286355316341
0.7593195788676042
0.6918910032452193
0.8129683321160164
0.7155043934771225
0.7377914462177889
0.7600904322444695
0.7749628951346678
0.7397079846010863
0.734094374283154
0.6829865491981677
0.8104150016865235
0.701926136425522
0.7234243006688127
0.6533032926379326
0.7507031081045501
0.6944304940878445
0.6365252171361392
0.7145077783016672
0.731055216544602
0.7229980683578144
0.7069798587011384
0.7858442949522949
0.6656523698656265
0.663236943832645
0.6652070889000921
0.6739101750679874
0.6383317443990637
0.5861276988305967
0.5233438006229921
0.6063578291832107
0.5372828491246362
0.5735484795973145
0.5206329665177319
0.5527671252806567
0.5581267860936432
0.5480528559762651
0.5245427867134979
0.5420987507918718
0.5786971310735831
0.5884956046082881
0.5581775884821673
0.5912157391359595
0.5729869396114815
0.5848295409502436
0.578762300771699
0.5955755818994095
0.6068362571839984
0.5637003595060781
0.5334918858527635
0.5260939618393856
0.5780898180468328
0.6313404903739332
0.5779493848266033
0.5716234778458147
0.6461732540155309
0.646730443699568
0.6775167300836858
0.622859687027576
0.6398056062320635
0.6146729543910547
0.59658029310137
0.6015769516610402
0.6037518196254811
0.6350616209295281
0.5618278425363811
0.59703000776163
0.59751797770517
0.5151697181666111
0.5752329678466637
0.5726674933774302
0.5733333796027056
0.5022884240748124
0.4675750670596993
0.5460036209943571
0.46206384397759176
0.48409597892582695
0.4899952390064252
0.522339186468718
0.5155058172915439
0.46640524619436585
0.450003030367073
0.44493851660270956
0.3822319638141196
0.3289120478746387
0.4053501842564799
0.35533207678934176
0.46587631397726376
0.36916878223020616
0.4158178641637274
0.4230287903862302
0.36749283878440236
0.2972241978367915
0.34803968137470576
0.34091717178978914
0.3165320544903535
0.3051391362920674
0.2843634124726181
0.1820881087213362
0.2585123598444998
0.28074137545427236
0.2834386415144229
0.26638339153659807
0.20762722690365967
0.21165507439994324
0.17264551628720123
0.17714088653105933
0.22120262083306855
0.2872268678270354
0.2821384722496326
0.24419048539271382
0.3012998338371262
0.24025824886883126
0.2820420912743767
0.26967616068539757
0.26865938459886957
0.2617461308959155
0.2720466743381386
0.32065927655068627
0.2484563592334774
0.24769812361746266
0.31530539650746625
0.34605832676829107
0.2635071783311625
0.376277324522986
0.383562631482961
0.38237600284055884
0.33088194386721403
0.34986226146003935
0.4333584065752506
0.3650955056411439
0.32606149889262326
0.3918384862469318
0.3261648420014008
0.39325195069897273
0.38758870703317194
0.40335115826984413
0.35387808780053465
0.38977389155216746
0.3333692254369317
0.3491734174333764
0.36800917805454525
0.43267272758025893
0.3455170910543276
0.4881597615038018
0.4823857999374614
0.45143016034246625
0.48501292993497735
0.5295515231122443
0.4397125525546452
0.4681831257872863
0.36954493779371267
0.46035366469170924
0.4309940197770422
0.4222966766007977
0.4293451981934437
0.49668347696572523
0.37205729053879033
0.481203827165484
0.31894109308547913
0.43964462907814594
0.46994681285316814
0.46431048526640184
0.4857995670083385
0.5274915020786837
0.5328157901257735
0.5379527416135089
0.5011368478527272
0.5447329556892014
0.5472487960482334
0.547044395434983
0.5153265829468984
0.5577837095612231
0.6569487908047134
0.7865302783118182
0.7751815814420415
0.7584346002652311
0.5656787344242734
0.48858435073774653
0.4694082575971968
0.44048021668818127
0.459630718453085
0.4339421492551767
0.353058485507666
0.44328681731547315
0.40971250855090235
0.37512340559542023
0.3741354784564582
0.3300054572725827
0.425090569099837
0.3342883024081744
0.44567488931506116
0.3181508403872234
0.3925639080270402
0.29908433366876397
0.38417483494686294
0.37472400831662883
0.32324534879091865
0.26131062601047017
0.4270704490495408
0.29565048957017415
0.3073526967354795
0.337581401077303
0.29257343219536863
0.23955093145258965
0.25921720634675244
0.27071836783887465
0.23830828857686367
0.250471557199054
0.22798559454022738
0.3026304772904657
0.24990657172248143
0.3038621425956646
0.29832446361355447
0.40555200949499204
0.25889653208465246
0.2548116908673672
0.23134966577013194
0.19768850386244677
0.26595737269606523
0.25062843207155727
0.14731048342027628
0.29229405771427464
0.3471628163511997
0.16045421409489824
0.26467484813582876
0.20667912895714838
0.32733785519214903
0.25775555743615186
0.2776924346202669
0.35615427738134786
0.4244214577006913
0.39388163370400286
0.4975892237061617
0.5259752905043925
0.47377590864017993
0.4813929832282744
0.3371198256825683
0.35175691018490907
0.23523690801643718
0.3885044023405036
0.23600349046880814
0.3163761000278952
0.2985043598118974
0.2290824219890484
0.29784462678148477
0.2501078594266449
0.33427394748319444
0.2769695853787075
0.1706076380152297
0.28309121941328774
0.24296551932725358
0.25133883216058456
0.24670659136686707
0.2526878709683173
0.25815256206674975
0.19299952830227846
0.22413439723788375
0.20477125377572702
0.31326064178562335
0.20442367141828505
0.20930970451896957
0.2748850400244902
0.2693876554429763
0.2372340710720335
0.24927486560434742
0.22560037567562138
0.22853862279033374
0.3319165173531193
0.2491441302971062
0.24819894719869645
0.2808680643645498
0.23486399307906247
0.23196829013721598
0.2667208444213668
0.26476348058585475
0.3047851456230919
0.38440794567300096
0.2973139742079382
0.3781745592475747
0.36905369066004523
0.3535707434816328
0.30720787253030635
0.3183676118613072
0.3117821827486741
0.3222683767559119
0.29164654544803925
0.30731507003861447
0.2640113779932406
0.3445124239145875
0.3265644531540587
0.35084142396700113
0.24445842777027374
0.3830461705163253
0.3870961421079318
0.3501756720192091
0.3147835616105895
0.3614432217302269
0.36343211646016305
0.2778403926092461
0.3679065076272868
0.29781042034765537
0.3042748873623849
0.376701607368704
0.38347706026569606
0.4084972985788259
0.3571011373811187
0.4017102199623976
0.38310940616070305
0.3572573177788386
0.36949550762297323
0.34499795341795786
0.36750554284521547
0.3232675663083755
0.32067872388827345
0.32011794107831637
0.26719874614516653
0.3143153381677728
0.3710522025262881
0.27719961674832994
0.36958169292601917
0.36019692652097013
0.3742000059080972
0.2971328780530095
0.324713532116609
0.37309724170676006
0.3721186066013006
0.33787301865210245
0.42633874939461947
0.42831786480888945
0.38543514780155014
0.34822942930819284
0.42914128399037993
0.40837293932766655
0.3822417852126321
0.4748033812023673
0.3956629763298176
0.4011591793168143
0.45154822589300003
0.46954259661430403
0.41292424666217825
0.5264210026742157
0.4590844735034668
0.3631782076012807
0.44080804429320075
0.30120318965738707
0.406662808964308
0.36356137098257346
0.4062223010245182
0.4043619820533387
0.44752072802864296
0.446429465627061
0.3476110974784627
0.4452568288121088
0.4009757133002921
0.4408559228425948
0.4570714927044102
0.41266047612467877
0.39358294431824103
0.4034954429546789
0.4031149660532248
0.43650235682286953
0.39888594007127676
0.4678083426509471
0.36206705304953
0.37762602311642607
0.3346921602046564
0.30621485418341426
0.3712652722311398
0.4340248273185279
0.3470242511830596
0.40877571723425155
0.2870490114867563
0.31685271505080065
0.3767815022382155
0.3125370104702395
0.4106502436612908
0.35647837011042716
0.32876175578889955
0.3328872724524338
0.31214866465900665
0.36788276952836385
0.43560369708624136
0.42657543731788006
0.5034408942375734
0.44920685385349113
0.4739953101759864
0.44948543632662485
0.45173185874716815
0.47840995134368125
0.3462918127377109
0.4210749721148367
0.36068517033978104
0.3924385352856525
0.40172572251404853
0.41394372641869387
0.4058435072696254
0.44876689115997925
0.3905857643946232
0.3974247618279487
0.42500818965019027
0.5171440293443503
0.3882869931078988
0.4517329789502513
0.46671958563235605
0.4174822365289155
0.4374181437357788
0.3640493753473133
0.4314782486433796
0.37305867876163246
0.3541236941212057
0.49041025948575545
0.46306391668782193
0.39448480488698356
0.3951524196091244
0.3165873856961923
0.4222408701741042
0.45371466772731084
0.3557438231897935
0.39181313739928353
0.441816431810318
0.4036220436566656
0.39749199761828685
0.32352470237050657
0.4018084800164181
0.4648030215823469
0.3881719183269769
0.40916029948476285
0.5220841333850043
0.4032886939328895
0.4446137012832738
0.4158169031926115
0.47104336947381215
0.3890453647205202
0.493924621045145
0.4721815310425294
0.46767488348848807
0.3946139960497959
0.4099903971499372
0.43240265128265853
0.3518373804998469
0.46286517537905014
0.43596006533570275
0.36515875169245143
0.354428566882364
0.39457235059709816
0.2706124874402324
0.2891436491593879
0.3407038226993717
0.31459180893316807
0.3265042557538846
0.44139469027946865
0.38463679876712525
0.35616512975239545
0.3282288220635853
0.335289502475606
0.4479288002478093
0.3858551470620874
0.4266155713971792
0.41912464468321864
0.4090198567265907
0.47240755328216255
0.49162069258983093
0.5070376746300989
0.45204431445952514
0.42192807169668645
0.5499653975183136
0.5011215141305063
0.4110124138698611
0.5015978463271167
0.4093313458069222
0.4988091230967765
0.5156748890045129
0.4457885616738979
0.4002606070449438
0.4907691360209594
0.4304943372645869
0.5052883978478618
0.46919573581526586
0.47929712473893793
0.45238939525454647
0.4445339570865456
0.3857455652979025
0.3560618145113767
0.4020298215987538
0.4704303204826113
0.3672396395001036
0.3546011856993346
0.39716350712759346
0.4146007853690626
0.33056198623026234
0.4272137163987362
0.40174562705147376
0.3846193096208551
0.42281600474705405
0.4153898476049248
0.3397514748530109
0.3693591058322603
0.4472412813224531
0.5062008584468072
0.4518369236268244
0.41545861043242205
0.4328793169297708
0.392503512582428
0.40592445257818094
0.42271463467854903
0.36435739003785084
0.46965264657877004
0.4648277144317279
0.4859308914214474
0.47622485353910937
0.5061380046862338
0.6240406342686693
0.4747413074858946
0.5859589589420341
0.4689081157547048
0.5314566555367997
0.4658278082004551
0.43420755938098016
0.5655774873603251
0.544592279411488
0.5672760500199461
0.5211632424504947
0.5277985790675347
0.6262419885575197
0.5269016319444908
0.44543131750411463
0.5475977461993392
0.5439908956093729
0.5906365896276685
0.5251779541779644
0.5418446089093272
0.6149686474086807
0.5029429171461717
0.5873800731462651
0.579908897217466
0.5351877797734172
0.5021226027387699
0.610328854095165
0.5597548854548408
0.6220700292933464
0.5575164933388539
0.5760116434665759
0.6021532525862879
0.7049710079657712
0.6737893885949855
0.6654695402576818
0.6236703194133553
0.5939337636685328
0.644537527638716
0.6066058894630364
0.6693947284513434
0.6555615835676718
0.6448663909233774
0.6833697214956809
0.5917491203101505
0.7688669882951598
0.71116796849234
0.6091750692764817
0.6727662504194456
0.6749439459358497
0.59630478506724
0.6219652365270051
0.712811061502617
0.6475683915951957
0.5402369674143725
0.6422680832101771
0.5501120228143543
0.6769549149443324
0.5845986110562252
0.5653374417746478
0.5912401233642733
0.6367740512852633
0.6064254957615262
0.6671087463553795
0.5719762509394059
0.6571318026308562
0.6166891831200358
0.6811280621639979
0.5950741977026234
0.609528555150886
0.6338073875885595
0.6252622384475011
0.6519209387681719
0.6502844069436603
0.7070109401643014
0.6228297930775977
0.6455854752947008
0.6861305856270721
0.6575455570908851
0.7161991776509173
0.6364831404291281
0.559304992084609
0.6195062629481116
0.6614328979547426
0.6077171515568115
0.6402483258313466
0.6674331956154715
0.37856221239058957
0.4848097622100836
0.5364607948853718
0.4891562765482718
0.479352898773873
0.5458742575301969
0.6133118390229124
0.5023079174322721
0.5800041686190303
0.49951381309420384
0.43572046051385704
0.4449272283613379
0.5254410824946435
0.5451241658556502
0.526695612250629
0.4477429069407663
0.5329061367852379
0.5796420810482389
0.42674914579335455
0.5739145231161504
0.46109432497071734
0.5634430663353698
0.5370321900283368
0.4903530536599987
0.47139023253448176
0.538933605505599
0.5335971819556713
0.5340184326331211
0.5351529717777317
0.5787863941960807
0.5573282418068694
0.6360127806090208
0.5763697244558112
0.5071014859555235
0.6013493784666992
0.6032610342698803
0.5984322412760958
0.5094238872347094
0.5697201005287953
0.5367430121484388
0.4745358968299331
0.3783831250058016
0.4497235124260539
0.37230157824275756
0.42064720128741784
0.4963855833439779
0.4183591973591492
0.41177270770532876
0.32467816760934154
0.38985223938899416
0.38790081586894265
0.3697095959909277
0.3570172145787475
