0.3755345265282239
0.37531057587776123
0.37859005862301626
0.39417458215692625
0.3661031689242742
0.41046702824805237
0.31004099129412077
0.37206799522721357
0.403829597138325
0.3646830381066829
0.32627990034456816
0.38118379058173857
0.3492252201595439
0.421732722827004
0.3102684485230252
0.38904235537316506
0.37304873221316803
0.4129649558996499
0.3795869407395407
0.3583557533841365
0.27964556203927615
0.3675175284788458
0.32058841841759916
0.39841354469970724
0.2983539183140872
0.3337336859057139
0.41442202267165296
0.3615952579820479
0.3530036288486397
0.3590899142814222
0.37396783478570916
0.29963866366738634
0.32605108401749455
0.321567343562148
0.37807942764574687
0.38792034521033364
0.3095340740036043
0.3018015941461575
0.2739583537200248
0.18940281539475004
0.37657383371660325
0.3451918230054911
0.2831756559342973
0.255032272345835
0.3357877943067149
0.2765099068863164
0.2778466729494157
0.3605265297649189
0.32488471735186525
0.3433016480725021
0.3381468713246725
0.3272238786653078
0.3378579985849009
0.27270319505726226
0.35837195040498704
0.38700669942620985
0.3984863582640564
0.4036662858210849
0.33434760764829125
0.39234271081607935
0.42570372305320514
0.43716912849880896
0.41225919832957325
0.41286249437306
0.42324903607824166
0.4813998606392648
0.40001835480009434
0.4099108815215008
0.4365109049033764
0.42078695150502815
0.3925606599535493
0.4340712739275726
0.40736413619405004
0.407354936440447
0.4320440601890761
0.46686839760883897
0.4155428711144304
0.570196527912542
0.41870233134849744
0.43304046837154453
0.49635210957600595
0.511402906353219
0.46656444585159895
0.46011801359634313
0.49538622869294496
0.5350749624462672
0.527547135032592
0.5204647068605296
0.4825429483531266
0.4667725634994318
0.6299479739992921
0.5505870745092677
0.5634393750703199
0.5685233134951867
0.6071777743835066
0.621985402355187
0.6339331109299036
0.5813834844719716
0.6393676710277482
0.5938610968016289
0.6052811585462076
0.6344326740931602
0.5620430390660411
0.6965091000641317
0.7265191715759939
0.6056404098947126
0.6012989287701085
0.4882060407846864
0.6201041999142167
0.5295775349092804
0.5653833543670869
0.5532301163221602
0.6062856856360199
0.47950993337521597
0.550644702258879
0.5707307280679452
0.44044691601094077
0.5310376429916533
0.49684725068744573
0.5269246911498826
0.629916063503192
0.5184800864666576
0.5614486053847552
0.5311347368460015
0.5500471642739518
0.512293591480918
0.6006430541633694
0.5013811390669167
0.5020938041181211
0.49561773858588476
0.4371153103545386
0.53519930412032
0.4703841047902926
0.5046828929097025
0.5296306205362924
0.44705074539045536
0.5606799188957166
0.5024658187148455
0.47461101438645426
0.5261310217389646
0.4439696923484959
0.4250603970375928
0.43883532234858835
0.48135360421823475
0.49073698594382453
0.5032472901283731
0.400097964094734
0.44503831356419815
0.39392036849821355
0.4217933636981287
0.4411013971128244
0.4398229752781945
0.4065770684014859
0.36258995604301286
0.40925428568776445
0.4044043869330929
0.39808687767713125
0.33546521791303247
0.42256653542166006
0.3645940774277807
0.540678562549846
0.49600216908209804
0.3464196945320218
0.40300907171436423
0.49532403295932337
0.48980800018059206
0.4494470845065319
0.43835188548237736
0.5622922541125873
0.48813202009167267
0.5997568736368433
0.46934377943655864
0.5137382409158275
0.46096700479586017
0.4334135227202203
0.5011625213808834
0.4326374688933353
0.38325655621825055
0.4488696028786849
0.42676040462785886
0.3786722478536887
0.4336865796395923
0.3569346584783787
0.5049769610862604
0.3551057557976154
0.3999585494817294
0.40045113445410047
0.38057130993491767
0.3553064026339528
0.32686380092996625
0.3468766566945006
0.3276588552032707
0.29253455453579186
0.3323588008030344
0.27166522124756903
0.30146562540981936
0.2524583819312357
0.32167660051047536
0.3625657514289875
0.3049059653801569
0.29842377214332183
0.30298274776528106
0.43225799463315084
0.35632328400555763
0.290070851725403
0.30989351051982617
0.31231999423421314
0.35231016153990713
0.34094669625736607
0.3255357142803106
0.34617797380350185
0.30760420384975234
0.4213738330740746
0.3603844580991694
0.24881991812622234
0.3113066733989661
0.29734364360108784
0.374061918508353
0.25066564500726995
0.3181970561300139
0.4059270649292533
0.3023031036977479
0.230140261647858
0.2617971641859158
0.3156977393022546
0.18685128626210382
0.2501314496885307
0.30316397171026827
0.22507586542923558
0.36518826885369454
0.33539933491764473
0.3726277145388023
0.3152495511109975
0.3362310639800778
0.3878143858672683
0.37869439300827157
0.3469958302624355
0.4086442617506611
0.45340284206568643
0.39241503688053425
0.4456088814204293
0.460255220290101
0.4904693295620391
0.5851775345356528
0.5886289229784107
0.5540781025684015
0.618550746071938
0.6342500106964915
0.6719385924232708
0.6258469882561697
0.6584115332761327
0.7680338552217839
0.7783902969287819
0.8951827577874094
0.8263107269902807
0.8324530263295982
0.8639611978756325
0.8342039738112439
0.734069415124366
0.7902042471623899
0.8390186644055213
0.8748366456346416
0.8593288147813818
0.8699018381889009
0.8497604276116539
0.8764373966437766
0.7382022376262892
0.6900746362682166
0.7144114115128165
0.6844946859175705
0.7445198036031029
0.6882216583737019
0.7203086858520348
0.635505508604339
0.6477283289518334
0.5574500385888205
0.6172175020598732
0.5410250427508302
0.5125372949833947
0.49369354378030783
0.35272554707101367
0.4824153323661856
0.4751378907901276
0.47259620572867733
0.5066679470042103
0.45158027247041144
0.5017821836824193
0.5243535855304521
0.4624596625001677
0.4293368445727029
0.4630273713324821
0.48915063155000577
0.5092277826434353
0.4874216748008541
0.5076852832045736
0.48683253668777005
0.42132965338288075
0.5859184654681285
0.5213555553351505
0.5341594234278637
0.451647088463944
0.4893571935449439
0.4983025775170882
0.57774033068832
0.4996737850831766
0.47224429951681574
0.537208304454387
0.5551319939328516
0.5094294374935685
0.4988546706243758
0.518863314353644
0.5797767264314378
0.5088006568474892
0.551612380571317
0.5694559736927277
0.5443135010519573
0.6471403200883385
0.5972324594851061
0.5850987879342925
0.6459255344427332
0.5432017784307649
0.5477877168644012
0.5325601596200114
0.5528393016327149
0.5487056312387959
0.6439444567900829
0.5689171818239492
0.6174962548103574
0.571972919155862
0.5465415138828771
0.562078449191587
0.6297583581018555
0.6587941226969486
0.5113422329748962
0.6463856012516056
0.6152863750106874
0.6551416298442068
0.5820864337244184
0.6087057390932112
0.5600966560543237
0.64656036464022
0.6757766233676554
0.6946524794851853
0.6524520998073285
0.7331665926357245
0.7186339216218685
0.7852721279826285
0.6858250443906384
0.7108227738982968
0.715227640560038
0.5942772153766152
0.7006931485933404
0.6272353984925518
0.5932236038132394
0.7353812918683647
0.6988418860528043
0.7117082579032519
0.680833784283101
0.6426860969000772
0.728666992049881
0.6848721322483396
0.6122123808447688
0.6980920413794226
0.6826885230095467
0.7250757335060362
0.7392618812986671
0.6288724162002118
0.585974538161034
0.6690663160074364
0.6187279566112014
0.6282963043417331
0.6427704398571759
0.571849917711192
0.5740503956989993
0.5237652084236818
0.5343271063336799
0.6102964203161285
0.5466234784858638
0.4781811243948634
0.519650699870986
0.5390898994479459
0.44613189837697675
0.5198795730700528
0.40223385624487346
0.5308130805166338
0.5562151872967607
0.41914132969393725
0.42747574111710734
0.4277607854806299
0.49952597775115043
0.487002106050597
0.4957260348790742
0.44935528652288026
0.5193757524639188
0.5413952025339629
0.3946886422923379
0.46070526393882805
0.4955235280224213
0.5454147106846443
0.4199367452968471
0.5602482684662584
0.4580402863602489
0.598311396358518
0.566612293888177
0.5602188387438558
0.5400619347407496
0.5474368912029364
0.5654084444115695
0.587247155856458
0.536716565934451
0.5496889175674271
0.43472228864386697
0.5828464244972202
0.45792600719753146
0.4447315001226605
0.512187887854731
0.523092036672621
0.4827403300978706
0.48784257307277423
0.4962746287778576
0.4411994028962698
0.3969713348898486
0.5022417529461902
0.4542757738133969
0.3958836276030424
0.45721744654547153
0.31043634183734714
0.33520202223163653
0.4434278681565246
0.36194529263200054
0.29948547596616515
0.3662360004997822
0.33186739879054405
0.2571326639664456
0.310560148983143
0.28462622540022675
0.23431985431518187
0.23218096641084865
0.30033608645499094
0.1438669353932249
0.29474177399344476
0.23197298396988839
0.2795551140970832
0.15906040080199257
0.17109730397547326
0.254867842729363
0.15538321651415662
0.08317907311100942
0.19845425876339823
0.16353992678453066
0.17780214459028637
0.13468517000520108
0.039812309034122986
0.1569439718929192
0.09023225966898105
0.10140205200182266
0.16537011362686055
0.16947876461525008
0.18924396044340241
0.20575180690361533
0.15495367456686449
0.13159643698548837
0.1685210311781821
0.36711004881313825
0.29356514444707654
0.2317371116451551
0.3100923781950474
0.21599768652297696
0.21549455181835175
0.34360744177431785
0.2737766440364918
0.2250681216268031
0.2170054455070375
0.28228921032883914
0.35839045308393835
0.36952416892781786
0.2559544877576079
0.31537331979856476
0.3630956311770629
0.453739103710463
0.34204678270500144
0.3571341849104779
0.40485228181817867
0.33454295677830115
0.3867160821090923
0.3189084940191518
0.3521698032831013
0.28956520913732026
0.3338159744231124
0.3565732320048867
0.33817145574573415
0.3080563745922198
0.40259165926141993
0.3720987014742972
0.5197848825319062
0.5182692186957043
0.5097536198156271
0.3305334310136169
0.4486123655738089
0.5815679148277169
0.41512737346317113
0.5261576584011228
0.37550096641661945
0.47325236229634177
0.4705852884064174
0.4758557152816995
0.4203850236079376
0.40346374160865744
0.553178048689031
0.4988516867697735
0.44756362374541414
0.4818070820482306
0.43410352595085644
0.48091853196995665
0.4057159245127258
0.5389047616128363
0.5597563500581021
0.5003266721839489
0.5536184866254996
0.49683374670312325
0.6720295068937974
0.6387897372376461
0.48711679146273046
0.5767064720003499
0.5294181081773235
0.48707396519534585
0.646574085008895
0.5819516136316345
0.5911850254872246
0.5253966822304501
0.5597185957890086
0.5459630071659762
0.627449815838898
0.6241123506041822
0.44463446214353947
0.4534649398316038
0.4312850452901727
0.4650879244225405
0.43506931866368515
0.47626994519412036
0.4196977833193976
0.4859267717912844
0.5226076737647307
0.5008309581624102
0.46400626054677
0.4270478959111225
0.41815934905314456
0.39159531424453653
0.44850262066950686
0.4342521686946199
0.4582212046952315
0.45374977399926836
0.3738065598471735
0.3304170692202256
0.4559619083465532
0.3347034820463052
0.32955078807061833
0.29976767292682527
0.28417377544902633
0.3263558112221786
0.4320388822938914
0.43610497880036514
0.4425871401669845
0.4000815708761315
0.3942823706309483
0.3974211224580274
0.30888322027561427
0.3851566507231069
0.43243541374813743
0.3003875826705132
0.29038517697836075
0.2811107819354882
0.25221597749389224
0.33453132194577584
0.35577429830541013
0.2637686516934114
0.36586830041131235
0.419005635548483
0.36128136601842226
0.33280007389029975
0.4616443407474322
0.562733894535967
0.6248019866072707
0.5479932977241576
0.5441849739653883
0.6079924036312405
0.46257295413824
0.4889839550900421
0.4214924404452497
0.3927466393598528
0.4063341019230359
0.4083580813148147
0.32661353977371743
0.3395608976761509
0.3875868366137869
0.3349607525463665
0.4242795622501835
0.4040280175820068
0.3980238167721114
0.43305871048206895
0.51049376274446
0.3372878501963207
0.4021305307558781
0.3668152000519844
0.4192666022921433
0.4105351490239375
0.4436483205359322
0.3344257525269108
0.37353687779857814
0.3515740898105948
0.27805271857647573
0.3285509453916445
0.41877510504088955
0.2684042142701994
0.317122261557491
0.37495443999940165
0.33279561923943135
0.33748456372123625
0.3886785318124828
0.34885624575630114
0.354634863658149
0.3076900792601398
0.34105116824066534
0.4474450302903165
0.2999633689204859
0.3796647134762225
0.4144790281370122
0.44235415847776005
0.43140774328560727
0.3968336329397244
0.4262105977337554
0.3919238255145555
0.4296428389695324
0.4240986723525579
0.3975581624248726
0.43771779635452435
0.3900837074155401
0.5042331538811613
0.35674224006959643
0.47837453111745576
0.4646047094372864
0.4532964739327593
0.49867589161324166
0.5548767326073684
0.38496383928144307
0.4119103419884072
0.5125647980265902
0.4640447603843152
0.42601810319824174
0.5188497611325259
0.5192337861504618
0.4864710444352487
0.5275729390374374
0.46429098969139593
0.5192100811986315
0.42980758178636186
0.4812821229991025
0.48475218622279537
0.5045701173287316
0.4025372683481242
0.4578445990148649
0.3946146989206868
0.3923279768221157
0.49924723365877666
0.4690685512346272
0.5475111446456739
0.380951345219805
0.38184200106477745
0.4970797506759174
0.39048926031848563
0.4704728464895943
0.4598793098388046
0.43559839657928556
0.4244950199927967
0.43127849893635956
0.43129764170191803
0.41809970604888264
0.5193416487486702
0.46197512737917645
0.49847980408942477
0.5685619621627106
0.4792408887820421
0.546300326907492
0.4962823501313516
0.49215292937530725
0.5987846350804349
0.5676120238859267
0.6353155828283671
0.6223375715677799
0.5963162494572389
0.5780456997249742
0.5819213987906622
0.5763365077994954
0.5504893429448795
0.44317803297971015
0.5737974717772761
0.513812913368286
0.6067579628430804
0.5463143215086591
0.4874289818342102
0.4253319414540247
0.594755176960971
0.5128439188581974
0.6136490078487374
0.4862582434650611
0.5504897603432366
0.5085444497303728
0.509582579601498
0.5068967146214203
0.5160965128107751
0.4746664182192882
0.4140506698954386
0.5045002955102504
0.6338474948328937
0.5174343278847292
0.5286090735175936
0.5018410892340601
0.42142885438587996
0.5384858252846365
0.5067907152332765
0.43552808405093685
0.4924580323741654
0.475813663113997
0.462576119034879
0.5120213228040383
0.4704617247248546
0.47807285024879353
0.4272026359702902
0.5073194077959189
0.39413483746188915
0.422692726541096
0.44962904601775755
0.5435154494889847
0.5577120464729745
0.5527313147344518
0.601642088682528
0.555175055588573
0.45597236184086315
0.4394710218676676
0.5095054394801894
0.4791066917467319
0.5189166909513763
0.4937069026542532
0.5185514323330054
0.4538612956243637
0.5067112137887579
0.46795956072057865
0.501000535399157
0.4811067270241101
0.5977480796714697
0.46137589526281925
0.4749220384019934
0.46348266337799776
0.45824310686971326
0.529169728068769
0.49819124781759183
0.4080954923384164
0.5379228962462752
0.4064775934105712
0.5024894349634745
0.3958944574546259
0.48977238917364607
0.47880528884368734
0.3071627580882931
0.42061562570653305
0.5147567127082642
0.507218703508396
0.37557788811581505
0.3284704943685304
0.430132871418338
0.4109383109192213
0.48487157176247275
0.495779148140461
0.5012463629220103
0.4335352760175945
0.4987737565587775
0.4235135772763952
0.4268932466520593
0.43120835444885225
0.4445329849502856
0.49055057995454676
0.6003212217237135
0.5435969272376258
0.5195329588875656
0.4040495104010913
0.4084170332372672
0.3844808051709248
0.4141764902636346
0.41291217816103404
0.39371728737376416
0.3947705460883485
0.42680146247632667
0.3052185527497039
0.4509387828375949
0.4578365867798473
0.28641284395501176
0.32608531891454773
0.3790132861374597
0.3359050482409221
0.3512606488160769
0.37539842056901457
0.2745061510072952
0.4980689984741977
0.4194360550762062
0.42449133610827955
0.3195727574037054
0.47432370409296787
0.3769707130341018
0.4617121634459469
0.5244774439047176
0.42261397210739565
0.4693469323052997
0.4465381901138582
0.5115560439957897
0.4297602990423201
0.44018497694840764
0.37604745447406923
0.3629654128309573
0.3732730002834523
0.3167363433351635
0.37218609691409016
0.470196268467729
0.4592681329139463
0.4454116398368822
0.3490437933691175
0.4537556257410753
0.3651515272336159
0.37359952464499147
0.464270124846739
0.4183316378102998
0.456318045220195
0.37554107818651994
0.3173643140798569
0.33944910791429456
0.33181506254565835
0.25180041161587463
0.3284272188865247
0.2620209560924239
0.2695842433258815
0.4196578241236384
0.2623862742984087
0.3282435093165466
0.34438341501682945
0.4301154116414544
0.28800230064162774
0.28637887607616064
0.28778734429133074
0.23005298650870526
0.36301794742604415
0.25316094637195824
0.4124110000654818
0.23704924728111781
0.26868833605379033
0.2795316312116605
0.36952125889392934
0.32758022168938317
0.4101009081118164
0.3679515221302948
0.37204685301778323
0.4423195593207582
0.30093024925571604
0.3317753402127482
0.2770405740687576
0.3471852788185779
0.31928421107597466
0.3155750757354018
0.35851736989479455
0.3098392387421939
0.4099418115665291
0.4233768604447541
0.41867498768212336
0.3089044927622472
0.4628929293089307
0.381080350740906
0.3769841904392397
0.4704094178649572
0.46704515412139097
0.4222161702465199
0.4677230046002869
0.3088802364043547
0.31708538069119074
0.38901348171722955
0.40855867891298325
0.3995865592354301
0.3722107797955973
0.30312802371912967
0.33016802674224466
0.44599224429946394
0.3783788175102095
0.38717540972856024
0.48072479292116577
0.42561533837830046
0.3875371306270034
0.45526578472605855
0.39817026118105703
0.5243908842487113
0.43245266168063246
0.4548794557536521
0.46268641291613155
0.4595404025115325
0.4898321597489029
0.5488913090085369
0.4051125494216369
0.3772619439199486
0.4886577262322274
0.5807403958851224
0.36978468281223076
0.49897571802760265
0.47557311886032894
0.4245734721267418
0.42654047447139515
0.4270481256361621
0.34831530474281874
0.47142292449932094
0.40774397786723304
0.39931959010748147
0.3111823495925079
0.40909646570838093
0.43378448433251604
0.39210708247067905
0.39932652095289717
0.3741012845714833
0.3763337167708468
0.4480319685953079
0.4318498364869029
0.5036223342845128
0.34036198234169435
0.4159373727266054
0.4619754760637735
0.4331268025440364
0.3487257966131979
0.3011993476468688
0.46238601592622575
0.41300288088820475
0.527702849597302
0.41309992912914734
0.5152455870786659
0.37558538572780736
0.40650435780376376
0.4329231045532309
0.4668115255901857
0.3892383228279851
0.4103665391630609
0.3443692214951641
0.4110885699041537
0.4288302073455318
0.2748584572962763
0.3256892651667886
0.3601818083350581
0.36694600000548955
0.44274846102771287
0.3561599958422367
0.33422558200844554
0.2775077886601708
0.32271123784576117
0.31876133578111737
0.3168214921881623
0.36179747653099315
0.2945726851230282
0.2899925195697362
0.31997249867109745
0.38347409246882513
0.3885258992815067
0.40684168000711507
0.4202426885951459
0.5069142351952252
0.46545268916677424
0.3711274342168291
0.2814501595416846
0.4303088809121003
0.34543107044400034
0.5978324123920857
0.5273738220479085
0.4702961783002013
0.43289678957821326
0.430101374514454
0.42172681459740424
0.4624725046489298
0.4786029735547839
0.44754830217144775
0.4529932662199329
0.5430825262022553
0.47338811734736463
0.48860332134316314
0.4509097905824938
0.4497532728213445
0.4056426539229919
0.4440088587816321
0.35442752799654065
0.38020360624401356
0.3581638392095229
0.37724169143095965
0.4462605099185555
0.432411703523345
0.33717124937968096
0.2739916813519146
0.28796027155266923
0.18342294173074541
0.35077002925993006
0.33921965625292355
