0.25195490787690744
0.22958390452792435
0.2898025327832321
0.3224105497989295
0.2596507379819051
0.2549133280985941
0.32913155115822945
0.28772041410513016
0.2749894373340807
0.341155625592508
0.20178168495809895
0.18590237737422582
0.3155571420192623
0.22853138607405535
0.3011725660155562
0.3236534597286146
0.3480665643564797
0.27680238951577474
0.21138485272401525
0.20028160354328853
0.23655258478900484
0.3099941371848691
0.21897790734462724
0.21827793907980575
0.2716806828417417
0.2998481914286669
0.20891951324165486
0.2989440910247778
0.2024628895088509
0.15702644643335717
0.31876772490644767
0.19628253888992112
0.27812707984472773
0.19461441552434702
0.29364573108157854
0.23928097661011782
0.23296068849143436
0.2901946241379374
0.24283451364084496
0.31727289391714597
0.2821039141475005
0.26864283914127496
0.25232837128746527
0.21506010102195777
0.25580944405314954
0.20325560342861387
0.23332565765482288
0.2451437797071097
0.20939276325510434
0.2470798376283928
0.26059373775423866
0.2611193584034329
0.22012560400821904
0.29543891307351217
0.33596702826833
0.25877438391375995
0.24053095463564317
0.13236039702643523
0.2990084266155626
0.1885619116132023
0.2842465554804041
0.33917582881710523
0.375652902922428
0.31776516186827697
0.22783104139952193
0.29839722894092446
0.2527855073334807
0.34657235093398264
0.3773029782676822
0.2136555492855115
0.28149667333571704
0.4041537943274085
0.3009986288827906
0.298841538701031
0.33679908232359346
0.3781192124884576
0.35420058156224277
0.41863134057320933
0.37161225539988996
0.3507364458718383
0.48582789329540715
0.416319888933655
0.5301602716593843
0.4607935844396226
0.5395491146630582
0.44471815776267787
0.4575390119768131
0.4914130813755019
0.5085665921038116
0.5031872055646911
0.4910272176204119
0.45937695028130066
0.5629806057135026
0.5719526056892956
0.591865653823743
0.5284734846761192
0.5202912680179417
0.5440126925324701
0.590004948377396
0.6501537789578329
0.48819374279443645
0.6384723149650837
0.607224453443781
0.5059753245589336
0.5596044382031133
0.7078447560117134
0.6183017653601346
0.6068558345440316
0.495688778239032
0.5006723374200679
0.5605711139665932
0.5046010610965421
0.4871452040845013
0.4191638752598297
0.4670305819101696
0.4962436918801264
0.46217450546198924
0.4253184369626217
0.5120635044037549
0.590989082799023
0.5518629825598604
0.5001449979728944
0.4873935618430677
0.4368043912121595
0.4174947056391136
0.41354292611641663
0.4438099993492255
0.4977005250520326
0.4601949896068263
0.4368759206369119
0.47043908151905983
0.46352456985014845
0.3598270973515115
0.38247576358918656
0.5094138268359597
0.36822825340168064
0.49425607088028345
0.417597796014912
0.4375138592108806
0.4337479681152568
0.3214983598471243
0.4685717319413659
0.4284496027471998
0.5120466445164484
0.4590466955535375
0.4020558536415535
0.3168615157636365
0.4029567848217596
0.3597628995658789
0.37159674654344166
0.35880755845526485
0.3651218860406953
0.3899656253917288
0.3822889183099275
0.317663061704618
0.3787989195722108
0.34295488160902465
0.47497858980345176
0.4194553859037262
0.3690613686027067
0.44893909172379537
0.37766014462773234
0.3854331957548398
0.47401025367302196
0.3576256205175451
0.46155980487180326
0.4550438001369411
0.46571773964067376
0.3738361127312936
0.47917400090076656
0.4914928112210796
0.46509371024452173
0.44267627065603915
0.3829042737116364
0.4585309121254745
0.37027044667122455
0.40990217287746955
0.31943729701338414
0.3181171266103262
0.3647071474019242
0.32188246961321865
0.32477856959623036
0.26709805087483296
0.366059017343104
0.2827842490324939
0.35985872152032683
0.3401273144125958
0.3160497433443593
0.2703647896304797
0.3702733581931251
0.2582308982029322
0.3146470095321178
0.2936891570224207
0.2426610889243361
0.24813391020366551
0.40995486007976334
0.2673649492206289
0.28512510623797616
0.27063612296680384
0.2190643803886675
0.3399296098340411
0.19230874584790117
0.26085980471799697
0.36544589139485284
0.2943364987942117
0.34272856644390226
0.3268898171692145
0.27565940136307204
0.3115256770493445
0.2333077738325816
0.34439196558000074
0.20460043535367517
0.3197953260223069
0.26919936422814095
0.28438146853405954
0.3096728233743502
0.2554170240525051
0.2870177653618803
0.2981077028153375
0.2777997251746022
0.2693317089660083
0.26877753929831255
0.3016018188682653
0.25221431710781855
0.2640433399175299
0.19024486139187996
0.2701447866949895
0.2811813410781797
0.3326507846637625
0.2537438860611023
0.29966337001095844
0.29832032063198577
0.3178536589517471
0.3799575191307697
0.3348178244516275
0.4679517894901
0.4278957506398683
0.3460257097017886
0.38698995724648355
0.4040683927188903
0.4219641295906455
0.5450641619857021
0.5004669486438528
0.5350048142966699
0.5898321603717811
0.49140825337723276
0.568490748372428
0.5288643157752122
0.6703650264800318
0.6521793273843676
0.680302351441068
0.8670329771428342
0.7204631152324648
0.7097395008256719
0.8732804120388291
0.799546463116411
0.7377882652462295
0.8242592298779883
0.8195154103614328
0.8565289253597379
0.850945473065117
0.8391370366808167
0.8277603331857561
0.8400873147021897
0.785858213989642
0.8054593227916864
0.7605256619851343
0.7942710187190274
0.7164598323365802
0.7692861514385516
0.7172957428261624
0.5972355027793463
0.58367693611566
0.6300338893037856
0.5691405363755787
0.5311149448890863
0.4890129662469992
0.4919154899276812
0.6088618921020257
0.4748769212220715
0.46823136492862805
0.4133617379366961
0.4996346406255677
0.4880340730636611
0.405198947871907
0.4950316737282795
0.48771212188465085
0.5227699358874583
0.3241361573714009
0.5050578510461065
0.29534942822830607
0.47577400569763995
0.40673018936572225
0.45667311682104467
0.5185940502557316
0.46562784180956546
0.42456872289751113
0.520917853123113
0.32637276590234665
0.46414757235703197
0.44463557859320124
0.5034094160061663
0.4925229793786282
0.517614525740132
0.5208881025984159
0.5327036942116443
0.5481471545232953
0.4912713663846534
0.4512589633793219
0.47357400611958234
0.5227919893694546
0.5468991978764615
0.517981112045396
0.4746384703706016
0.5433042357494353
0.5554956721630614
0.5200364101643263
0.6008146258573275
0.4526861996463842
0.6293751723244406
0.6510945230048719
0.6294073587650301
0.6355598432462957
0.6479994280518535
0.5919901327845142
0.6291056631956768
0.5699698649531878
0.5106918057625853
0.595690158590221
0.5104531716152341
0.6223227891161989
0.6346746345062471
0.6371647564880419
0.555501677302777
0.6137286120018477
0.5881951903809732
0.5565537341326272
0.6356826837334872
0.6980407288371808
0.5406502867744909
0.6445706265600429
0.6781111219036149
0.8363073306551035
0.706926681021387
0.7293936188084714
0.7693142923316862
0.7530642912406837
0.7691940014119488
0.603754855280313
0.7085424198233904
0.7071406370604303
0.689967406982228
0.7543229319931984
0.7589274590526389
0.6699431517037235
0.7474014222873292
0.765839618568567
0.8308719965130213
0.7574230468650358
0.7217208431138394
0.7636683841872041
0.8125295861056969
0.8013977528347409
0.7725193005663755
0.6651855504674662
0.7737888554254986
0.7048721724684391
0.7471684648281514
0.649921428514652
0.6131818092177802
0.6742790462689873
0.7416378108657515
0.7479244771586742
0.6335594905220581
0.6857073410539569
0.5293551868769036
0.5722550571771888
0.5625373227610222
0.6421178006063627
0.5586338059639853
0.6507388299767021
0.4987094589780836
0.5083376644313067
0.5470886586029645
0.5019327619034943
0.6045703934708071
0.5945280199248707
0.504682192128258
0.46392957909311916
0.5547100219249804
0.5445604932246855
0.42445545596714274
0.6516340757744535
0.502859012716144
0.5924839710884502
0.6711965308964865
0.46852388517038335
0.6068325507845954
0.5630469838364986
0.6125897571206644
0.5161130574384306
0.5464768473905194
0.6425122385370221
0.6086642762123458
0.6435261268106582
0.6662851275608488
0.6915910437238786
0.5871045309715389
0.6102510092994431
0.5872101477302857
0.6583751838966188
0.6136044964242354
0.5597999697567093
0.5668385157427234
0.5667719686595176
0.6824578830692822
0.737850796598578
0.5539298039960338
0.6636907629054216
0.5522868373420988
0.5251430790535567
0.4580462501717129
0.4849356036279119
0.5552136343603297
0.6020500280603021
0.5247572076042905
0.42606357099093956
0.39622005469907207
0.46998981635575615
0.4068857198106092
0.40648686842175147
0.34475291888026743
0.3502811032121011
0.39377615006099476
0.42892505852570173
0.3933641540361854
0.3603123724726054
0.3444483407170088
0.37366596920460443
0.34854945693710626
0.21985909185973526
0.3525499742193028
0.14801417505349368
0.2818215366467176
0.23970365201050492
0.25501364875452204
0.21964523356012539
0.16016315852532173
0.2460001976637644
0.15754489589762022
0.21681304568849685
0.16265609043428259
0.2020795565090693
0.13134082507311193
0.20152893160860738
0.18144982906855306
0.19942183630493496
0.17704034616719855
0.26889347342729386
0.2486715325114695
0.1597596205157697
0.17637557085765743
0.21444648489302243
0.2442323479241721
0.35328300930062617
0.22496337140261893
0.26984704318550806
0.30995056091967166
0.2347627359060635
0.23329678819618274
0.2127807578580117
0.17790518409654343
0.28529938198145816
0.28647159221225293
0.24237960088080068
0.33393257146936256
0.26469399884557715
0.27234953764793973
0.2822237102728079
0.30385689877582756
0.3087586890710454
0.22484311456848827
0.24318365789053994
0.3422535978566392
0.2689016346162587
0.3233625783528969
0.24028080853574715
0.23555986284879177
0.38199446925145664
0.24493085198311654
0.3004762866698604
0.35294931870763924
0.4401297571504274
0.44245251756676596
0.4582754589044771
0.41310354795715665
0.5126484418295614
0.4494640992248926
0.41635273244946797
0.3122814761333227
0.35747696739265283
0.4197614766955755
0.4958808688403521
0.3809526970431983
0.2963377574441788
0.4309073923163198
0.40719652866630984
0.3845872576750275
0.4568101224542306
0.4412061248725053
0.4134708081843253
0.42418013412976874
0.49903015277118057
0.591265436648196
0.4781775188768608
0.4758585111894319
0.5942641535125881
0.5090097040690653
0.41239629350602397
0.42534968747604396
0.5683856060266226
0.5128555030759011
0.45438055725232185
0.4282275364331911
0.42510485559757893
0.48023843733979477
0.40936121031112616
0.4395198070850022
0.47675682046696033
0.5509709430470744
0.42228933689133075
0.47258996800064634
0.29589356734841543
0.31235762659123145
0.40431817178556184
0.4986913727767524
0.3673599421793974
0.3966651958479027
0.4313334064380538
0.34534439217438373
0.36287959820288057
0.32811637718996456
0.5192305548946752
0.31760489457285646
0.44888858899386963
0.319558376330646
0.3229000596098027
0.32730320793626966
0.3899007919333499
0.309500175693446
0.30726878930918444
0.35025883233539623
0.31879355858726455
0.34782518776327565
0.24049290298133202
0.21726618781993184
0.2998960997430459
0.21078355055306092
0.2421849144673105
0.3357715924351805
0.3559811387472753
0.30254057337302154
0.4218551979242298
0.3582399485477637
0.31507056382538856
0.38726990268066064
0.1955849259886407
0.2655620488192716
0.18570932971429338
0.26564397879794566
0.19891094047959312
0.2652391471398836
0.23593327644773723
0.20810085483267987
0.25386050917700775
0.3157744272114548
0.2707530328955565
0.2964690140570212
0.33370492716742417
0.23110640678128902
0.5174484829953527
0.4440241132712386
0.6739978185418998
0.641741133813513
0.6120145109343169
0.41103432366650305
0.3403205901221279
0.27699102237712514
0.2578287561550724
0.3532533070983146
0.2955431614218147
0.3092275889330358
0.18560347194769408
0.23718135196807538
0.3695394869473293
0.21329886440691817
0.2575871084529522
0.2568278538106047
0.2737476022529636
0.2930784495282226
0.2213963627579315
0.3504105984265736
0.33003769191856125
0.26310125912895704
0.17613653845006028
0.2716128957871984
0.20579894951031008
0.23501326637327757
0.3051915893239318
0.20835636418842837
0.164988726743901
0.18718440537123657
0.2589584164294339
0.17569716907615848
0.1949438449872426
0.274222353963157
0.2584774411759794
0.29258809937378427
0.30428371095432977
0.2869993854368533
0.21628180436347766
0.2795220713945408
0.1789823542852124
0.2770886937653114
0.1422937560499378
0.18689182220414727
0.2683527691808829
0.2532171939735159
0.5089228151582796
0.3037523830950154
0.26400738489675246
0.4352784482367299
0.3892989137729472
0.3935436824001799
0.40864733416896626
0.3028328444220688
0.302123937365394
0.3550655397681455
0.29271479761366476
0.366523674564487
0.2915354027963924
0.4574031037409035
0.2727138102475315
0.3848600890379707
0.3719115829982004
0.4348005295468304
0.45932605882632177
0.3767622150260113
0.3846226843321552
0.41020921776275876
0.3284974285465109
0.3339392376115668
0.4364279862537155
0.3498877707800685
0.3717202821875782
0.3913247785974942
0.3506619515887801
0.5160167344168223
0.3527772248511093
0.3358349872978913
0.3401718204759747
0.37111186366639276
0.3614518558826665
0.26766920159204555
0.2895924440143007
0.35383770967218536
0.3413759033457539
0.4408442436118981
0.2187414024805288
0.29397386243167234
0.3510226713940412
0.2978417409111418
0.2871842171415734
0.24382499495790955
0.364114165764317
0.3784257609578864
0.26380831300604934
0.30615972381945766
0.30917164956723053
0.34218446564345006
0.340063895305859
0.408080251919399
0.32437352848631906
0.475056426300133
0.4601285428106713
0.454915319157949
0.32985002529186835
0.45696078591666334
0.43826820706930913
0.28868851382853805
0.46721616741274075
0.45448825201873216
0.3871827073244269
0.39515848673163484
0.3742012501977219
0.32759695221980023
0.34440542982965205
0.4153629651297057
0.3407010777023156
0.3508559678272171
0.5688118165837897
0.36591495756278736
0.4219604639798021
0.41852166910876276
0.36465944919122145
0.3866630181087785
0.369307964469751
0.40190551316251083
0.41310572889593866
0.2719025012926482
0.2804804266422294
0.27412090563097935
0.4167523083772152
0.37708783224575493
0.40257854878746835
0.4543380212548266
0.3368762607748065
0.43758247503468883
0.30178453657833726
0.2858745070636059
0.2827928451854576
0.29640202300881135
0.418427251255828
0.4096439056895613
0.21576112629765956
0.33639042895774635
0.29916433341370785
0.225497081490883
0.3309030456495345
0.4663315339278774
0.4274460337257882
0.38899734463577373
0.43160474044211194
0.372713148592819
0.4171322260683929
0.3758505210366057
0.41703687854215243
0.4297831785741625
0.344466067433746
0.4058544258374286
0.3867196379851027
0.34256789043598546
0.3214536641498562
0.38142272335173294
0.33382606627737976
0.426708769755758
0.3134150092721978
0.37255545792355904
0.34354105306892346
0.24525670995097731
0.5004555188804471
0.47624935280165603
0.29125536820357584
0.2994285271788705
0.4180630906041146
0.27844004202073097
0.41111018908211294
0.4660089314979815
0.44735921455030725
0.380036816321725
0.3972324287195119
0.4306575997777868
0.3630599010526334
0.30524583736606525
0.46885617182892814
0.4464629824884431
0.3573403402163774
0.3051219185122909
0.29603778983764467
0.49464794888002506
0.3274528953650562
0.3927620589055294
0.45423653310659
0.4842299480260407
0.4001474985278797
0.34801678584772777
0.4243238261443686
0.49475830935350085
0.433441445555983
0.3895620022122328
0.43945014211143885
0.40689680897325564
0.3375733884990415
0.41087112676467386
0.3979526189824536
0.3678551699052627
0.42295330809677223
0.3781470933477785
0.3684689960358363
0.38460091617292436
0.25485217269014604
0.2459787483102659
0.3549318948643242
0.30558696844870503
0.26851260063695337
0.37174343800167065
0.20773776761401175
0.2788314819345198
0.3794471885335935
0.22659519206565354
0.2624770102639994
0.28918053999138904
0.2718816259567219
0.18746074950150615
0.2896364003950269
0.39082119682972916
0.3659781733079768
0.37290207914866885
0.2745865463746438
0.350809473631155
0.30142974101927633
0.32719238703013215
0.44581195144457686
0.4095467831850673
0.42610143777071424
0.3218607462916383
0.35505217122123206
0.5159238371630297
0.3502890926259316
0.4237345014308953
0.40602332945604247
0.32374097939949303
0.33291463466572646
0.322335188729857
0.2695468608477822
0.3346424845103774
0.34457843817838585
0.3647875843701056
0.32382447442601325
0.4144577880828242
0.3065610808841822
0.2582028621812834
0.376669523615465
0.33413614571475614
0.19261084566961134
0.31152413794307077
0.37093438357156505
0.24210850499633257
0.22069187346467528
0.3234382471412719
0.279540992159798
0.2385421621344314
0.41570190004074054
0.31813633828966686
0.2702015902747968
0.3331291920415776
0.27720100551896576
0.3075004947960711
0.32802474297852807
0.24559635852273015
0.35656961040062146
0.32651100624175544
0.2905182146529942
0.3415167786963105
0.3655098759060652
0.36541720048980886
0.3585392018223651
0.30819779903833644
0.23546907272386408
0.31285040725242824
0.37962249123586533
0.4703297541296654
0.491270794699326
0.35399589724111513
0.4555853761962707
0.4082895567780884
0.4031003683051295
0.5119247854471535
0.3222178862470072
0.32608196820194163
0.4910365058571565
0.42638827859260164
0.3917765315012137
0.41278439012267143
0.2945075123694386
0.4188098232136843
0.3222242045088388
0.527689908941915
0.3918601020181608
0.39386567590265587
0.4802576565317687
0.4850575468918379
0.37402765233021684
0.48200164341319307
0.49245432140935547
0.4261008582133313
0.477527511648183
0.4007178138306374
0.3879898112348134
0.5361399597827117
0.44977844347573614
0.49117806438464934
0.4674165897331888
0.37913908773688
0.5286315684794309
0.503218242808517
0.3999487844684342
0.5781825240175387
0.670695803555305
0.5659590379022993
0.39281709919548125
0.49017693049323735
0.5535459495929738
0.5463022186566832
0.5973671073267861
0.5125908197212752
0.3915579178158495
0.6570843689758367
0.5445441961998856
0.5894020140548405
0.5327413859393504
0.49735754574991053
0.4415405076315263
0.42794241425973734
0.5176970334295855
0.47894424753899983
0.4524748841218136
0.4539928219180514
0.4765787422315325
0.48891945984351404
0.4948297049994729
0.4945275535669934
0.473495843187018
0.4737827348730156
0.4338802682342656
0.5802074638595274
0.38401150854264376
0.5675614993526936
0.5266443133009683
0.40466400549289516
0.5353450607230604
0.41066567622379724
0.5193975495806964
0.45277395171815527
0.40736292884708014
0.4875141790905441
0.5399982355042848
0.4200568033066378
0.5673294729839318
0.45583285677183494
0.619167360645513
0.48449540976053246
0.46144863889203536
0.408615205466575
0.33487435744601957
0.5637882600067924
0.3701662811727422
0.4833725650411683
0.40371347413690944
0.4144591561102755
0.2636986570261006
0.34802894045723537
0.4090268498745715
0.44396703807141
0.4082737412594763
0.33777391557003816
0.46050285016109305
0.3222311288087288
0.3597682649594572
0.3489637802355029
0.5105103395120509
0.4801469170405104
0.4709985494629615
0.4703175485587118
0.4905640557691842
0.47623799410340534
0.5360637982381593
0.5370163937288182
0.5415021277973768
0.4312403878264934
0.47680240479744873
0.6255964227975158
0.5070456258608407
0.4713851111022333
0.5952151154417102
0.5135109988319692
0.4390076861028396
0.49133169618511563
0.6706162356312818
0.587229977939409
0.41547826855834535
0.5335019944292515
0.5116334640241096
0.5310428883032161
0.6810370709447409
0.6128221193647538
0.6349806902162011
0.5428887605959184
0.42111574676986063
0.5057237243241585
0.4540393779402359
0.4801534089688093
0.4047604878618472
0.353763974162833
0.33731550196286425
0.3049995424482884
0.36927411784992215
0.3384160681678924
0.24412244416753281
0.29866028723447813
