0.45655633983124105
0.4644367804350192
0.5459985706902415
0.4803105839308385
0.5084150868800322
0.43873739884525514
0.38307127583130984
0.3512729598848275
0.46399974728704174
0.4598637870677346
0.43029315277946406
0.4568706055252008
0.47665671805222876
0.4792809644151222
0.4019745080457482
0.4425275759708265
0.4268604495135243
0.43609926747097016
0.3877060139416549
0.5453138894947858
0.5080130374867173
0.43067340488208217
0.44238201632207785
0.3520158538163301
0.363043088045939
0.3881967064718713
0.41765954413801526
0.28622824886235865
0.3202679333771986
0.3200374658311739
0.40312050613740064
0.38367156398342334
0.395174288081538
0.3950451552439021
0.34388559100811994
0.5159080016223199
0.4542461391256738
0.3342561513886411
0.37656646317437614
0.4581245912346709
0.387481208085502
0.38265171328158826
0.39050430963769744
0.40205682698880635
0.42385529922389825
0.4428931211842686
0.3829082155991417
0.4521440204093538
0.41155020339747594
0.467269050216907
0.4360951829987546
0.4909061056873966
0.4953952331521997
0.5738615283303408
0.42078669504938704
0.4551253005493859
0.4476351918057639
0.4973157680569047
0.5374216355020431
0.4210487601802322
0.473835683294418
0.42192355677156407
0.5588094710348249
0.4701065147499805
0.42128951902670464
0.41089439279672274
0.41841202340294703
0.3737409776622436
0.4439542870405036
0.49550194965167943
0.4093360350901756
0.39234029271788295
0.5613625064177543
0.505689171054692
0.5716792035333544
0.5550482587756325
0.530080677162383
0.4537536882018711
0.5450128260535096
0.5032942571304754
0.5566143728835027
0.5557961845811843
0.49284549959157986
0.545284681793472
0.604823196007126
0.5622432932816459
0.4952354168930294
0.6110064707863829
0.6444695092061757
0.7151974108663308
0.7510566457253784
0.7260416218409879
0.636004192867045
0.7737471320911167
0.7971020027852187
0.7171222488560665
0.6027647303833561
0.6543806733851856
0.7900291008846021
0.6818824175627274
0.6728192893574634
0.7039688247259557
0.6964490975201787
0.6637006934654932
0.7584779183214582
0.6109684557012224
0.7507526326467853
0.6482010947913124
0.7187442496091784
0.7270497361968615
0.7137013722612273
0.6217015996759971
0.6419707460234984
0.6262904788384132
0.5904266127526637
0.6811594818101145
0.6550517708173481
0.6792632532891367
0.6382649138443294
0.45066375708543255
0.5827106088212481
0.5553457087164622
0.48776374417862534
0.5226242623654751
0.43206802644822495
0.4330780533555981
0.5794958142572346
0.6758435060871775
0.6592404892941074
0.43325017492875106
0.7141508169974916
0.6126340038932581
0.7366381503143333
0.6320588220259173
0.6996811494452329
0.5991386541196937
0.5883589740858048
0.6258941558448274
0.7180657024626758
0.4848132694150631
0.6647332111572296
0.4465550492121799
0.6097565510344867
0.5122001564283389
0.5568504957712914
0.4891087750087842
0.4836100296878496
0.5381726858914746
0.5157052880447884
0.48676610286491423
0.46959066835907426
0.5367058198068908
0.3838588206726056
0.4820317134017136
0.4447645661085836
0.4761482521434493
0.44551114927200464
0.5813173206890379
0.4483250039815455
0.5119546823152139
0.5267190080102078
0.5417677015368161
0.5249670052169698
0.606852063626743
0.6690511456549789
0.6366112219333337
0.5275730150949877
0.6571465304347779
0.5599105577171171
0.6227308501408246
0.6852474501718625
0.6364738178532675
0.5244516295390169
0.6027093889441988
0.480969312618175
0.4320747181051984
0.6686693495380921
0.6080693010460703
0.5544098378773634
0.6144923786051297
0.5199306562765174
0.5851692850308148
0.49218805891232925
0.4794485067090075
0.4425211126687869
0.6439771801099031
0.5220901504015869
0.5018009232791452
0.4233793581208129
0.509747456584681
0.4069498230189796
0.46425274327190036
0.5325630794604795
0.4564101497082891
0.4476012783185902
0.5070298362166399
0.40050112805549565
0.4280624118008721
0.48002675453327137
0.4179307472749295
0.5521659408662292
0.39389540189252414
0.4414738702156234
0.4306633887416845
0.452651666911994
0.3627038445006803
0.3645415185608286
0.47157643290360574
0.544703145480536
0.47495325784713294
0.4801874373131415
0.48975352719863213
0.2873550650832013
0.28134443672275666
0.4382776641195594
0.29785435733712096
0.3545503409085101
0.38888028093403887
0.38196497783281097
0.3851128035118381
0.3285836676662832
0.3581941562439583
0.3335568897869425
0.30095347944139844
0.4242130795416529
0.27274735172459663
0.4328942446527374
0.46438497517786087
0.3165127352300388
0.39090139937992785
0.2950620002549593
0.443922551188975
0.33395904275146976
0.40286635353873634
0.3892354081575424
0.4710225638478958
0.5918747680180725
0.5308380368813908
0.5504210788392636
0.4947659138537519
0.6160560385139133
0.6333039627530126
0.4437179831177459
0.565968848366801
0.6327281059546488
0.5564312970432831
0.4925672969396543
0.6503276901899588
0.5819095160115313
0.7846112497669855
0.7295854880353021
0.7187537517703179
0.8735260366231614
0.8968745595790029
0.8823973899168029
0.8038962805131504
0.7937917692347485
0.7938077364960193
0.7428414989064833
0.8278818942947638
0.8057459502292372
0.7692459633082216
0.9331379768710386
0.920541221635114
0.8394608827263146
0.8267938986812063
0.7078797092166924
0.6568296395640985
0.7321621140134482
0.6351159567314002
0.6936729784772088
0.7673542026833859
0.5972833046989201
0.64519191741244
0.6124698604081863
0.6235324741945404
0.5255044097599331
0.4829912549289834
0.4883153105795811
0.5718663111195899
0.49779138366380565
0.5684915114943774
0.5600762585593686
0.5220095665550216
0.39809105596318933
0.5406976006701445
0.4835344654713222
0.5091492544654389
0.41090911536726965
0.4228824169618661
0.4647171031884476
0.5258496301403127
0.5541618177011398
0.41614475654085187
0.5545441076726392
0.37482540299866474
0.5866101829110786
0.4783077170600464
0.5485595679580244
0.51354519103878
0.47079605629505694
0.378804580181735
0.48184787583450206
0.5924762023232262
0.5583855912422364
0.43488166213586127
0.5877175330550735
0.516852623202984
0.4939444296366895
0.4689997458530945
0.605916162979852
0.5789187919477152
0.6956388350113998
0.5050798691354618
0.4906231826561675
0.49047412929582657
0.564976574354018
0.4802492057776625
0.534259906377348
0.6002255225905593
0.48185475686786106
0.7519485990282091
0.5843980275931954
0.5805325449197464
0.3959876065746005
0.5313146968427764
0.5668472534790857
0.511120296193339
0.6871120816177977
0.6412361290086588
0.5801407606124874
0.5429826354688478
0.5822701808064212
0.5396728905193114
0.5083790493452984
0.6554093107268157
0.6709721672179403
0.6124917796255056
0.47080239585910716
0.6739053730168507
0.6156407277984018
0.7056537792861257
0.7680844984498738
0.8009021227455481
0.5564749207797134
0.790903889192418
0.8072684643963552
0.6768360008368133
0.7709488341278217
0.721048193644151
0.7950529982725225
0.6315738131643327
0.7831641663293354
0.7759909098066686
0.6245260135187911
0.6622158832332437
0.7238755435901529
0.6301710108296256
0.7921234730213915
0.7078745304909915
0.704475636670729
0.6107146857544024
0.8077264361148662
0.6544346140441011
0.7673496216378568
0.6961903652484869
0.6076297826166814
0.7088151192579668
0.7530364002518506
0.6299430111605417
0.6189109642816859
0.5901134057091948
0.668883353655433
0.6405697968127055
0.607268417125609
0.6812744702191065
0.5905679264267207
0.6487747292346997
0.5038372297827804
0.6646301787242572
0.6399771648001853
0.6387287445150371
0.6045850267641941
0.5738674073048169
0.5344854750874014
0.6016155367735977
0.5263501553530794
0.5137387486884849
0.43875531585428307
0.595509852770006
0.4839043733391233
0.48035811242794607
0.5261178649468696
0.6319672669798941
0.49367261265064444
0.5328470835930172
0.6789302812801269
0.8086475679380152
0.6276749097176315
0.5218558953700977
0.6545004003904376
0.7517272719421658
0.7038690814957016
0.7196279058324027
0.6936350088828585
0.6325965040292236
0.6850764034866126
0.7818588843230064
0.8360239757496424
0.7173852572498634
0.6603345580342708
0.7382531890781596
0.6984993428114623
0.7541176888553601
0.655873985728428
0.7335498583012713
0.514918376642785
0.7024661086969558
0.7013420426034804
0.6454237961290048
0.712570180881084
0.7665714074593541
0.56379942726207
0.5521219596793556
0.5629113102636791
0.6592117949069847
0.5349641542452581
0.6356754279739772
0.3460128196778092
0.5286019335819998
0.5617759430258786
0.5672381485185888
0.2883649121330037
0.4221507937101153
0.5500079945063224
0.45142491630077
0.4442831855326265
0.5388390606971077
0.3891736297023438
0.5172014227990298
0.41828266451808205
0.30841783740622386
0.4030679675264477
0.29234770774818664
0.29653376326068304
0.3150520897647162
0.2846583914526698
0.46526805613758204
0.2709954379560652
0.15059130870089807
0.28218509778598205
0.241657184413906
0.19102657316821312
0.2719506189004016
0.32907964142862456
0.311881654680012
0.36096149656184895
0.32883522912807084
0.3456474706207523
0.33718237435849496
0.37325463610184206
0.23371438014180795
0.39258037652929684
0.41378917086379496
0.34071924496803396
0.3467791556869671
0.3040865605530678
0.4452975693136906
0.3322784601355496
0.3088684933529385
0.3884026191733616
0.3750100008011838
0.3526312871884652
0.32332486773954383
0.4502667778838453
0.20112757802110467
0.42147111966750106
0.18060704549597653
0.23131234045511634
0.23466567175597336
0.3298735364531738
0.2282062047815484
0.28030189375674586
0.29006071713417403
0.2950564040742715
0.37880821140488247
0.43983098287490385
0.23677228209763
0.515339596150874
0.35680298901145135
0.362703257551254
0.43085670206905546
0.4443774344817069
0.5482331303359622
0.4811470372952946
0.5534875669883565
0.6205499789146399
0.5083112987967265
0.4666144541978823
0.43280842486650273
0.3507984333956568
0.517046435069526
0.4781319746229805
0.42829490417817206
0.3876805111212726
0.44011585794042934
0.4892664071347014
0.43066366148616253
0.4652031619723419
0.4493501897750233
0.595227985464611
0.434951307284971
0.402905548894843
0.438789351038152
0.541493208992647
0.3661586876265285
0.5196314552701641
0.48979046161142814
0.43862650780120815
0.48024944436011674
0.38339549907616377
0.5712453152126293
0.5121516234410959
0.347173842905594
0.536684351134213
0.4232775772631049
0.48410075689601856
0.38537638039393113
0.4664273445299564
0.4749527657169301
0.5233618906638422
0.46821429981100987
0.5118462018389414
0.26744662559494137
0.44135350255537203
0.4046421608229379
0.45680176928711635
0.45056930814047724
0.38845235007204765
0.5178036333772793
0.538073741295287
0.3920988189710593
0.3725216716930613
0.5247665912484822
0.447510180358131
0.3741392737064759
0.3452186244043309
0.4027398720645301
0.4639084726819562
0.2315518444535988
0.41949908711399747
0.38220013115766693
0.28836265210988254
0.41025003030760354
0.2223537327534598
0.32001557927575974
0.4713442349017836
0.3346444626656353
0.37978882840787387
0.42795931021044764
0.450517702673194
0.4589227468613829
0.3814331214609289
0.5048668024404015
0.3408971854752202
0.32064121004523444
0.36564519528916006
0.1292610470691102
0.3680182526481549
0.4423051400910099
0.36625580288119675
0.36676846170497535
0.21823314150455933
0.4156164915131661
0.34406848515274435
0.3471613959571495
0.4071018066154274
0.4810646793287108
0.47233259788397824
0.47905742682588065
0.6288072312672058
0.7159179220537157
0.7727732104170346
0.8669770636949967
0.7331878390093465
0.568968045012008
0.5915513760233696
0.5469683833833514
0.4184505228981149
0.6522672520196611
0.46940542421867326
0.4647516652904369
0.6254653014460453
0.39907337201684423
0.4970648556253618
0.4267212436287933
0.533802201458223
0.4045082551826612
0.5061748970663761
0.5063412359809574
0.4472186020657897
0.5595395575422092
0.49847287923031414
0.5074922826972661
0.3894123140136243
0.5431721410542034
0.4333486644000438
0.5058673089703501
0.3474928697131583
0.3864154128841881
0.41486273391332606
0.497510617304895
0.5032029067015967
0.41727414237094085
0.509299339670622
0.5061771684216054
0.6907113329667445
0.6037636754478344
0.45356392122033096
0.5119937842274443
0.612415914076833
0.6149180496486606
0.556030316942897
0.4212826911145005
0.6060137653916451
0.4771788307124222
0.5160943341314492
0.4747720826106915
0.4254483235685341
0.5269102690742542
0.5897555290094086
0.5004619513878725
0.4257911905290605
0.5466993694343485
0.5745189816751717
0.5640985166513491
0.5184481528103105
0.5173452757427786
0.664756762436224
0.5500032423617311
0.46936106212759343
0.4571725277230713
0.5770958611067787
0.5869236310990052
0.5067395734474582
0.6850959728266307
0.5693350524308807
0.4898362305270103
0.6233501615815112
0.4059517755666318
0.6229988890406502
0.36883931720536695
0.5133573470173961
0.6529736854864622
0.41832974776846493
0.379781885142875
0.6586823044044993
0.5094265930363394
0.505434547489771
0.5666441049373685
0.5621446077943204
0.5324478707438225
0.6088180646963189
0.6334339355775147
0.3906610574810404
0.4978055024147648
0.5732442108756864
0.5522520603796618
0.5030846151537314
0.5828820349654724
0.4436200759485278
0.6110467723087118
0.44873524393929953
0.5254002081125666
0.528987997268459
0.516609381842484
0.4029428674676643
0.45428751487954877
0.49540397250356444
0.6393550284686563
0.5446308281905995
0.7175511268891085
0.52966390114104
0.6725976246327152
0.6007354511845626
0.5188084952016703
0.706890445932119
0.5701687239062756
0.5768293292788429
0.6113800607722063
0.6689744727819646
0.5284417647982163
0.42755204253954987
0.5038121013163924
0.5591641524489348
0.44554612141087235
0.5018284945836835
0.49649547801431765
0.5665977344638706
0.5114696113420237
0.6594751677945934
0.5740124618945699
0.7854554569632504
0.6107817370300668
0.5808931004408386
0.6807474507739575
0.4723233546322607
0.6100730756513368
0.6685357981485367
0.7311193585878448
0.6457049729278594
0.6840237595576502
0.5436230641061132
0.5687036184428533
0.801844010706625
0.5604731067878728
0.6132239690058472
0.663838888717563
0.6417858888485165
0.6649022822352415
0.5207218038663284
0.6147451149062577
0.5901594570750224
0.6345677890174608
0.5475965711667643
0.5948414498655673
0.7418138989123568
0.5549223950945038
0.7430441007345386
0.5008656796255608
0.6068462828374187
0.7020643483748186
0.90414745377695
0.6594094106275492
0.6243770027254393
0.7043940193691696
0.7312331636880273
0.7201865871160862
0.678178634058806
0.5888571957210859
0.621440360064545
0.5528671054676515
0.642430813812686
0.8282741644312237
0.7701090306968523
0.6254243803599885
0.7336295184986823
0.5400451324966298
0.5899104175671406
0.7265506230314891
0.7378715088961192
0.7822243496042167
0.6302791230612164
0.603595617125634
0.6622412737381911
0.6590499481545233
0.7758433623613814
0.7247143340319897
0.7283899618076588
0.8198909166802647
0.739241860432674
0.7704614840470887
0.7620469775767835
0.6303510709808933
0.6637276383557721
0.5480991199783326
0.6552612424605967
0.7233345487719696
0.538083722298089
0.6961384292853474
0.476710133332168
0.6552358735967622
0.6276056069225278
0.7144505745920955
0.6146968392387788
0.6442851973743412
0.6646965721334014
0.7530859214088135
0.6314898766766751
0.4922248929930313
0.5403714695511506
0.5910064399487661
0.6046084848953509
0.6422830017620751
0.5386315018653934
0.7335238065591065
0.45705975993975323
0.5063732496514408
0.4802565044681035
0.4468485320292658
0.6501229081715779
0.37300282888304115
0.49137534924764814
0.5409673909283426
0.41464339045283316
0.48561196868045875
0.5165960830463705
0.33183982631882236
0.32822954212452415
0.5245993035492007
0.5506280471018961
0.458586365995593
0.4932413277039438
0.32028044559011704
0.4902607734907393
0.5674985691035072
0.5349911351017882
0.42932928012105165
0.4834666043526551
0.44348913116929745
0.5018839767848549
0.5321193183219914
0.5194467940822027
0.6338476934418145
0.5154739149610488
0.4229244879192474
0.43637123784739495
0.4648670263776401
0.5302670074552334
0.474431478202804
0.4704793311689734
0.46940442779984215
0.490497226408993
0.43513512008746036
0.4052423111283563
0.49622326404456646
0.5016360429848116
0.4488460321770563
0.3296884687297821
0.49128180379859715
0.30723706392937833
0.488789777184106
0.3955374166704616
0.372317561540217
0.4024524083437583
0.48728229496355524
0.5595271473684992
0.3624521029843001
0.47542179085902203
0.3725124497538085
0.49357282706109573
0.43143315367481516
0.4538217608819097
0.5423400570343511
0.4362919405202731
0.3171833941220463
0.5091496892344617
0.43951024578544706
0.24055720525742652
0.29823072099027176
0.46152571884701876
0.38337447165397964
0.19891751998730509
0.4317015478918607
0.41048659865986076
0.4360376673335308
0.4151709743590885
0.4989224390528666
0.5854430553007972
0.40257837057464657
0.4043134818033951
0.41287511282714323
0.340545478797434
0.3070466640281776
0.5543503215326567
0.606938492539896
0.5090667989992965
0.37841702207493566
0.37044996971642974
0.44543757470766826
0.39522131162597496
0.4908714125797904
0.3707686967614282
0.42125351653894816
0.5011802603914788
0.38376144377330973
0.5201181721901831
0.513651186258848
0.4651126500554457
0.40959421985640454
0.43632453392971626
0.4257458075794821
0.4459941414992138
0.41122080199452254
0.4925961896056009
0.5739445100636389
0.469204498678908
0.3190442875078611
0.4073597002977094
0.4605343616981701
0.4685464689485421
0.4780044383693158
0.5212939194661647
0.5537172436412329
0.5019372936538841
0.5153761171289332
0.5334453476988139
0.5084692703624782
0.5170133375056869
0.7202667567674366
0.40385502882204366
0.6086085410123838
0.582614355942542
0.6005298697944894
0.5514659865189219
0.4274589898918727
0.5754167111796264
0.4637637838684219
0.4060860017797659
0.6029743439488847
0.5032252883916919
0.6664943460631894
0.5943944983617926
0.481150666904525
0.5684080469093671
0.6101843626102894
0.5750747269169094
0.5101771327719085
0.4408600747992222
0.43587901268194607
0.5203607866554152
0.30270909873202984
0.5094727176042613
0.4870033281935097
0.5053186300464672
0.4987169949560171
0.47633345252710746
0.6018419520312225
0.4852934734300361
0.4172118527118832
0.4537934269461119
0.43801429005866555
0.46722534852237685
0.5264025478152821
0.3490960579189678
0.427706816907943
0.4925151459920774
0.37846082220837685
0.37302268616887496
0.5543405518698334
0.5717231084873016
0.4750489168117229
0.4327438206276577
0.48555743252285377
0.4177980709403992
0.33508443436280755
0.3929109895621006
0.376926281369766
0.5011693284153547
0.43998303133834515
0.48577132101085235
0.503841215062826
0.46391169869227267
0.4535065226888795
0.6135544101267302
0.4201423214189218
0.3051652012840348
0.5040297913482384
0.46995657187256934
0.44612854859343765
0.33105690511854136
0.4577164691529279
0.5154395054796792
0.4766705331090869
0.4497773569817916
0.5623438067979922
0.4614206178352708
0.47729886431000584
0.5087606681363588
0.4459654077942139
0.391405464764505
0.4876949338105265
0.5142367145871195
0.6325966151666045
0.6091960510515135
0.5979724159031548
0.5326960752609601
0.32602889987903994
0.6785141112732254
0.4722535847492917
0.6705894918781703
0.54296540928125
0.5098547874984308
0.48196204781012264
0.7468581001589486
0.5115946013251593
0.5028780443468435
0.764725528107119
0.6546876885451876
0.5435138976192511
0.44316486183470505
0.5483889058100232
0.47047951616810335
0.5258402925319167
0.5030156894802735
0.5651429169040879
0.67052986806008
0.5497395340827516
0.666427020321675
0.6551349879295136
