0.2819653816819468
0.40031761565164226
0.3574528185332932
0.2829009903262972
0.3679144788769114
0.27375101903920157
0.4425278218636869
0.2277672553702932
0.3091693988549742
0.3582956658620835
0.29862086074815813
0.36250695455803944
0.3625448363013821
0.43080532736086036
0.39580867204091863
0.3614770826633107
0.36113576201934805
0.39132781769384783
0.3877066989083372
0.3255756221311221
0.35585665486890794
0.2945024662114901
0.256812488436273
0.36438929513509705
0.3001391282192707
0.24985762190824196
0.3164877900305442
0.3614851553854005
0.3406614751517911
0.2910268856182008
0.30231903258439313
0.2996410532153973
0.29305339840820854
0.3545138437007604
0.2267736529199056
0.34775802794676014
0.24673221158695055
0.26332537757670504
0.29975612011918884
0.3182907763918664
0.2735161322127774
0.301512349004585
0.307135504384913
0.32636244051807184
0.2749824765275284
0.33088305522589967
0.29690979529191464
0.2989399261421115
0.25251204358355717
0.2572413350557294
0.28955551064061186
0.3272046203246548
0.30372028948082896
0.32579774180525023
0.2757615471205029
0.37734213852273785
0.34302194719663415
0.3486590991813821
0.42436691878111077
0.27291426309353906
0.4079708378733057
0.32958406072756186
0.3868032049084058
0.3846118049457685
0.4992997072514441
0.38968575796576693
0.41543182736578044
0.49094986296149046
0.3629884273523629
0.4629702064948657
0.37834177268894503
0.32866968915040584
0.5036879142642577
0.3497049065092822
0.40682439409214766
0.47214111308937845
0.5116288363651189
0.4826816400548366
0.4256059686990903
0.39579727600969483
0.5052862207980156
0.521268723566935
0.5369103938531824
0.43271993904113304
0.43917530297889923
0.5181106608234519
0.4518841172954222
0.49964864458489233
0.5901804149754828
0.6377202952529567
0.5713279464133711
0.5976217063790081
0.6218333484242895
0.6114073603661965
0.5510019717695396
0.62378052244558
0.7262042670682953
0.6591147820365533
0.5941910815835737
0.6301354146787044
0.6557319893608649
0.6515524123251248
0.6980043993463374
0.7046284879768702
0.690853408173149
0.7469110383990967
0.6051351355226617
0.6149670411012039
0.6319729481927123
0.5028805475704162
0.6223217253127841
0.4971823057030299
0.5716922068432639
0.5658962717509306
0.6474296966673435
0.5111312501575225
0.46151692759135265
0.5362690675218276
0.5930946991780766
0.5660719292085974
0.5013738796880216
0.5369744641698854
0.45063960276265286
0.5343437377801324
0.42202901449805685
0.49566142182958534
0.5129840591715101
0.536713136920714
0.4374484610426984
0.46728271078572114
0.5346877841542459
0.5244029036703372
0.5378146938326884
0.5074813543402394
0.4875993731214826
0.5200778570349178
0.5179682414496839
0.4663954628882376
0.4550746879660469
0.5404567443752494
0.5146088392598558
0.540652188569239
0.5766332210951282
0.533616798612344
0.42960512938782824
0.553959127512168
0.3164790048949464
0.452419025643849
0.39040216996322635
0.43338931715448015
0.43106118389189463
0.38334919305316095
0.4960054842497452
0.3978544605302154
0.32440383064172157
0.4099271670845539
0.36345492444601
0.3639490028626131
0.3836639707183534
0.5355590090411533
0.4207897454769314
0.5954768343181797
0.5281353905208208
0.5542412096165303
0.5346053646985922
0.4749332756221186
0.44223656905433006
0.4040754633567756
0.5225892609394844
0.5783740598030583
0.4963366231300509
0.5251873168127537
0.52312365630766
0.5670073653217388
0.42278639840132093
0.41107779772989317
0.3780681170934327
0.49790373456921
0.4694606214873372
0.4884382059695366
0.4813047420439415
0.40974187110095417
0.4154166652307202
0.4034899999373832
0.4149507898401802
0.4058065544826564
0.40464920018757616
0.3054207073282804
0.39191435730554625
0.36058480667063775
0.3589462201561274
0.30018697738396893
0.3421684913441321
0.25709103541215245
0.35155436373712595
0.3452640766769172
0.38918190815936704
0.31208360157724724
0.35357410757527574
0.3439464692304155
0.38616097329130294
0.4152844462874534
0.40675864820799057
0.2709205433239581
0.39502234289694393
0.27186955152799597
0.2663547144185364
0.37368832493603343
0.31031961385316975
0.31863945591199005
0.4661882141458359
0.49861451024841313
0.3768058730678362
0.3365331391319041
0.3173460868385252
0.41218752634000166
0.46017666112623434
0.3302347732961883
0.3130255444343402
0.3307536529973615
0.31505695192821137
0.3773316177145816
0.30838304671989164
0.23900197581766436
0.34157242680024424
0.2445819589832703
0.18687905622724846
0.24880763367839015
0.29137542627489293
0.2804378471525423
0.3157612189849135
0.3007525643658142
0.43437534135000444
0.3938963879711085
0.48096555459341633
0.3982787501202993
0.49670200126041164
0.49135675486548136
0.4364366598454021
0.4941299609277604
0.4774592837229962
0.5450418701468502
0.5860663396916932
0.5382936028298211
0.49307100111540064
0.6279806860693432
0.7057113059041047
0.6593890728719316
0.6932015437550747
0.7114581284395227
0.7772294829939599
0.714696631503022
0.6993655494384869
0.8350060243513902
0.7902144986591964
0.7586226362781456
0.8704465623138521
0.8512081605721684
0.9439761263809985
0.8158271176130549
0.9225439400247085
0.7351952756407756
0.9753714203601177
0.7776844730438222
0.8499367805144803
0.8585411401023435
0.7552344689426149
0.8868904883398161
0.7614777167922568
0.8333105888960384
0.7762545001724972
0.7226092937715318
0.7238505176609948
0.6599498067441393
0.5450313223101351
0.5267724507282521
0.6606155546284443
0.5106515496225766
0.40573340295532434
0.4901540836625706
0.5114604555058362
0.5622477342622897
0.5482971304782693
0.5101825140228224
0.384285401992838
0.39069833687559674
0.3821685613481811
0.5013078736222609
0.46521609925531415
0.3939665075021796
0.47773658568053645
0.4433049731885007
0.43918582240158643
0.39100983550063795
0.4414345439100391
0.5404569262160324
0.5369932320399876
0.43622631674307066
0.4764191965652589
0.3987841889672705
0.41976079264636634
0.49036094439686895
0.5516914967693471
0.4712751437200148
0.4699981793403071
0.4647268527625159
0.570651201554484
0.4780913273066614
0.5731456495553738
0.4112244318036682
0.5557732677953061
0.5328449411988981
0.4076313358064745
0.5460634482906672
0.5406593025527688
0.5639801880585519
0.5441223731793925
0.5513786840120728
0.6383652641133384
0.523728040743404
0.41772790282737615
0.6060883609562727
0.5543086347982386
0.498249987367118
0.4914743959642919
0.5752966002515851
0.5232678699667322
0.5559538811232372
0.5321190121324528
0.5792748407253118
0.7352113753674778
0.516942551586901
0.6151309787682442
0.5112705485939234
0.5532800023004134
0.5041963781009576
0.5656306408667777
0.6079423646742801
0.5718948531742224
0.545729344066491
0.7610963031873981
0.6911957917110525
0.7749658861790614
0.7646795472966275
0.7543080680967142
0.7590009710960564
0.7508909455307782
0.7967467286769283
0.6641844845146236
0.8499455894686656
0.6752360103028697
0.7257380083935746
0.7305660975819261
0.7180168312134447
0.6026285669839143
0.6602682747136952
0.7470580033547846
0.6471598595093693
0.7884241770716613
0.6865275338113108
0.6506318626258982
0.665638646633262
0.6654425272025892
0.7068335906267467
0.7323867561710007
0.581464372893994
0.7335067854684023
0.6344193575117167
0.6126743921051512
0.6834281556722082
0.6276405698081493
0.6798336387615223
0.6289724263024934
0.7097426363972843
0.552270979577359
0.6048635710616183
0.6139950761666035
0.57519521504719
0.6334527767364417
0.5549000375571407
0.5917930689356757
0.45332396700863664
0.4841091919044811
0.4930141579311997
0.4955745999869554
0.46904400516860495
0.4598062583136385
0.5373561863520203
0.4691419923861971
0.4436681338986265
0.37283070642631855
0.40351372052281076
0.4420626327516235
0.36334676520134546
0.5778727383785007
0.6019686679216929
0.5402030841962372
0.45292569896491364
0.594952126719368
0.5483734488263756
0.5554528441286848
0.59007912802779
0.579790953503366
0.5794744996566028
0.6410444994347451
0.5069416781587281
0.5819393998049018
0.5580027213410963
0.6526465351340394
0.6180832715144661
0.6010282367338459
0.5546030894641625
0.6423492136535256
0.6409097505281258
0.5362217566491588
0.4968994920350677
0.5489467683722418
0.6650225208581684
0.6527271086983071
0.6220311520791779
0.5097724054915127
0.450924495308766
0.4010369337093691
0.4718838194925731
0.45489558177131195
0.46105619928975883
0.5639629723001595
0.5218759259218149
0.5295735033186806
0.4656178912557992
0.39248450103490046
0.3721660012086233
0.388322795390767
0.2850649491437835
0.22474882553344602
0.37802663508450357
0.28916774712310145
0.3576445025560574
0.28717947614344475
0.27405142306231667
0.3278506591087883
0.20112044523549685
0.22067520135293575
0.17208493624396798
0.1551109973793932
0.28111440929146303
0.2955585375961973
0.16776942629593894
0.22877444485874834
0.2016528066483788
0.19382290051843304
0.052778253236059475
0.08317132607219824
0.13010382738456114
0.14165140085866312
0.13795633598481336
0.2909291037773055
0.09325132821674562
0.3551722739371522
0.18822539286034973
0.3078448249293247
0.15040524765751828
0.2863808547627119
0.3475696346137176
0.21727163784853976
0.19789653205539046
0.19292785104996768
0.17376114086171296
0.3271047066286862
0.24263341531319554
0.2033576127032976
0.32639539811563384
0.2108735046264108
0.2480853478008137
0.2860414797138981
0.2570281904795293
0.2552357112582317
0.3249570509885611
0.2978475228754083
0.28557857613541526
0.2690588435281883
0.3627550964047991
0.24300011397340593
0.20712208491501552
0.3021414966344872
0.30891138401449114
0.19271448511633849
0.3021562067719634
0.20169538380929292
0.4200534051857988
0.30713241690287996
0.44778159099895565
0.3969819711769179
0.3665690204813995
0.44206652449907835
0.40069615337618353
0.5494565824571851
0.44153029849296854
0.2833172056646823
0.34153839558677357
0.38102580228818683
0.3461520538966269
0.38698829883497265
0.39480614744957526
0.38810955017184706
0.36266627397565354
0.3429731318601174
0.28082479500091084
0.4416065818263707
0.4873170387085309
0.42451857361085155
0.3940947583535812
0.39147707529404163
0.4382021794671732
0.5619193834589196
0.5055383792485536
0.4469339711489086
0.4657242001317391
0.5106297203857199
0.5174509695348286
0.4092506287366278
0.45307627706014847
0.5574116544046994
0.48923291485966103
0.41469146919040667
0.5169490399954516
0.4951319037553721
0.4357587394063956
0.4186093141303405
0.4759057946539049
0.4098834297129501
0.46174330066975366
0.4377747656385629
0.4842857805999824
0.3990807522819574
0.42287650601474946
0.4071775256699738
0.5369739273759737
0.38511304540443725
0.370300892227284
0.368860342780934
0.3220601695918529
0.4085231512511003
0.40619287158198725
0.2967508021196903
0.3934047500923432
0.33510982074509466
0.2950715167667978
0.2732762896082844
0.28585462580720006
0.4482662389063261
0.3623301499000967
0.30615638974246007
0.3727119478432498
0.3572859747143048
0.40952056798088915
0.28017472910659486
0.3643553086378327
0.1901550590738749
0.3666959888685846
0.3316829888925408
0.30049574805995405
0.2836149340116294
0.2681693123027585
0.25507833154132564
0.2235946155512139
0.14267191822077396
0.2821569964389905
0.30569421372676314
0.36736557839529316
0.22877825044280184
0.2584694232478887
0.35876637199867234
0.3407707855305779
0.33039648938435284
0.41602511024507655
0.4252960470708115
0.357552343362177
0.4063293418318332
0.48464810356648935
0.5143940634770731
0.6998129956625422
0.57418824042898
0.7201600115450141
0.6343088652727595
0.5383123273761501
0.48302638480269855
0.5307167765190531
0.37683104808347323
0.36997596310618797
0.4866261199485496
0.3842238930038947
0.5022108069268927
0.3476619638462505
0.36178479541754766
0.37044293737357614
0.3867634175289882
0.2952567534660828
0.3827790728968177
0.4665379931125132
0.2832794802201627
0.36780552440266
0.2336012073308943
0.5006540233220159
0.34153604989522424
0.26126734659117984
0.24645719814564943
0.3509310000467375
0.39986925988804656
0.26373039494159645
0.25505955118989193
0.375395544727292
0.3436490267056217
0.31900363114486713
0.4731836762495966
0.3017493375135343
0.25224762191278804
0.3705505417181241
0.4076525486405749
0.4187711077913021
0.38105572447628183
0.3860791475322706
0.43374510998513005
0.4518200776624366
0.3618108621804219
0.2859225313199315
0.4468681796497839
0.4529435407353256
0.4038685801516485
0.4077693524280331
0.4956585422089002
0.401281545044635
0.46645323594860816
0.42219176334913455
0.490547124270437
0.33115804668104304
0.4105082325847388
0.42250857791517127
0.3535724266474673
0.4146139317922968
0.5947060889922196
0.40468550803480763
0.35791103164065496
0.36650275484703504
0.4832753990313574
0.43497033359029863
0.4215696122747695
0.4818564955982181
0.5399362828917674
0.3797581488537459
0.41945608551056346
0.4075202836393652
0.3503023815817543
0.49711480940729447
0.38467215464906246
0.5167833329238672
0.41501321798611757
0.44747689468006424
0.47286624872220484
0.4236126787632243
0.4772694244574124
0.4306297566926466
0.37411566829429704
0.5129850244898326
0.46981743848407653
0.4515352688784219
0.40144768021488975
0.28512766149290586
0.5459308368057655
0.37387715159477897
0.4285542591274176
0.5063942410402943
0.24874862413588733
0.3882398755889833
0.5709353100357234
0.505987823866717
0.4711154996239578
0.44420428222058234
0.4033089822430651
0.5311631736228312
0.4663156098625948
0.4244838411419506
0.5301446215506465
0.6210971866130617
0.5909418332157009
0.5176644934258865
0.6064466634511807
0.5622492816609829
0.5401021777677875
0.5418406862948253
0.48446322390739477
0.5423532139719441
0.4813104857087822
0.5156858690405389
0.4553843747297345
0.4965339203406741
0.44942726002208544
0.5654886305228779
0.5151864175248648
0.44925821741702177
0.48237400426974775
0.5304999636610656
0.45771797812651727
0.4934792246251426
0.5057012549519272
0.42460382393322654
0.6148581460626887
0.534819407660372
0.5479818141531423
0.5263341962213424
0.4434153923925066
0.520493804404683
0.4234095916982038
0.4560246092778004
0.5274677421671851
0.5493110983102124
0.5652237893587369
0.5930771346680984
0.5379333614784376
0.4244599552612833
0.43219661149277705
0.5815121417777858
0.42765027460989535
0.5219899707031417
0.4634836651219113
0.3815806954719025
0.47286281499588084
0.5303971010156436
0.457538786126957
0.5011669345399294
0.5111711796944576
0.6078130161582553
0.6152576442540953
0.5898226632357814
0.7663550959701255
0.7293785064525307
0.538114792858922
0.645591937896803
0.6446802266064136
0.566144671493465
0.5268998862188949
0.442312003077267
0.5143965702105515
0.44798352840436473
0.5524446359899868
0.4439313709892244
0.5747003119624222
0.506967541780476
0.5429445300001703
0.5706955884724008
0.6120854598888006
0.5815891927498248
0.628316814746056
0.5428223860755665
0.5035963504286595
0.5457817850436608
0.540675305303713
0.47823198841867753
0.5725829160042591
0.5776209743211673
0.5673235939101956
0.6808092178636137
0.46476652291022263
0.5353033095009978
0.5210953277812731
0.6706563122968662
0.42335836001691174
0.5136852021922964
0.31915650105263876
0.5214703389330286
0.4437162200298146
0.6287543776591374
0.3364264109329237
0.5255444373759905
0.5197372594926518
0.45488389524521267
0.4034686169120155
0.41901049150165626
0.4763189931584245
0.3655500321962677
0.566318390198699
0.4965109212733967
0.3805944299439945
0.4147503962498942
0.49651787669167696
0.4036307511254269
0.27887703164348354
0.3507070722420317
0.38737459541972197
0.5046682813892076
0.3812319136253241
0.37581342119417277
0.3579744083247227
0.38720014403532566
0.4271354323635838
0.41450296875331216
0.26737215357455124
0.41928008475353196
0.2938096024617936
0.2775185401438758
0.2836584807641048
0.295284608832187
0.3199669663485084
0.352690432799017
0.4025409087284087
0.30532041467145293
0.3859632198501294
0.38748212056859566
0.3786925762746729
0.4815586731626041
0.50582258611489
0.41336798271346786
0.4995335039862417
0.3624403595715243
0.5152490770967737
0.4074169407852266
0.4055493848623999
0.3982720460938022
0.2747927085482702
0.4273529895253939
0.42755368688616746
0.4837106152633345
0.3536269219591429
0.38873341855925836
0.38802567101057606
0.42290875141697326
0.25707909650110145
0.3679479158093828
0.43984451719644724
0.48792848709810793
0.5530890846296587
0.45880192663201286
0.329988298503626
0.366445255504808
0.3082363132338858
0.3515012517007251
0.37183003703768736
0.2512275688679552
0.28039265821778225
0.3090910111005195
0.4256947355787595
0.4183996813175883
0.29453728745277563
0.4061985763661866
0.4781888087548314
0.3984023275525288
0.4750337768855864
0.20881486064067478
0.2095574961526241
0.3289063336484448
0.3326108881741
0.15913650794650547
0.20024662451496253
0.21544879776848486
0.263502057704818
0.35695714192122924
0.32595774865124116
0.4676910032729257
0.2054737681998662
0.2902150035949413
0.16578702006225915
0.34939085370636525
0.1911012592387023
0.2505747268065122
0.39066795873476357
0.2928140627583613
0.43748023662163893
0.397672243936928
0.41138354840128455
0.3837857537350886
0.44057943308446484
0.3827093758539747
0.344883502622113
0.35585908621236106
0.37054451788250176
0.4118346784152002
0.30961931319062636
0.4347768785748123
0.501328274122147
0.5095151193959405
0.4940167939625527
0.4351362737231265
0.41419559418236995
0.3401533436572367
0.4623468876300477
0.29900772915711527
0.44406180459349853
0.4466785757447587
0.492043705590798
0.33321734141087905
0.3940337152461911
0.4666430883550188
0.42287078241520804
0.41314461199338043
0.38557312407645755
0.3701791153944192
0.483642749505435
0.44703265323177116
0.40442411105734083
0.3406676934097381
0.4926054809978695
0.545268641038834
0.5105222933535696
0.38248388170375147
0.3991459078993313
0.6360561174767687
0.4565032620876832
0.4389248760979244
0.468738671963779
0.5153410598256205
0.5160055422167082
0.4024847665107231
0.39585610281184314
0.2571274879251595
0.43428465900534907
0.2798710361704656
0.46924683296992287
0.3539903459458734
0.46987044896973296
0.5147404744206656
0.2306242295270644
0.45964116497007523
0.31567912818364985
0.3544707463212607
0.35570506428563375
0.46387876913379933
0.47352442234238684
0.33078551885842206
0.5200182867805159
0.17876713256332766
0.31218617543640564
0.324386342770018
0.42003874187544976
0.2778570774682654
0.4457557803533287
0.3567891132148142
0.523112247270227
0.3208815194272739
0.414820923664021
0.3935298020085407
0.46893058130514886
0.44714604485408904
0.34270721237969787
0.4065742531285653
0.39827496702597365
0.4352445561544389
0.3833604442134583
0.49724196723379344
0.4631412303388669
0.4046492542183494
0.42546958850402977
0.34813955542120323
0.41282266811432033
0.47999164375752845
0.45333864019101644
0.38754036312358775
0.35140675870740934
0.3946305800660526
0.3106296049121571
0.40543992371551946
0.4221627764271713
0.4977878365132124
0.3139887954070232
0.28305905200201475
0.36181897754099634
0.3709485932042099
0.30762233619021656
0.3711300241641657
0.40939933791428623
0.4548726565127033
0.5546976679871631
0.578783791023432
0.5285257172732623
0.38092223185045065
0.4567811297193293
0.5768501632668059
0.5074144197980562
0.5683555694475728
0.6174387629818703
0.48312537963137664
0.5981769916121324
0.47906648437779986
0.5145804450495798
0.463925423441863
0.4762356593397107
0.4363677268228281
0.5399653766408246
0.4409046234084733
0.39463336780438407
0.4312943508052789
0.45718679609842916
0.5614474075812776
0.41162819901549264
0.3856298254386793
0.38480626313799027
0.3705440512448598
0.3276426837141
0.4192036295765966
0.48709655489894776
0.45018982166225174
