0.24888261464179032
0.37163489337552896
0.3591434806459567
0.34518338023425277
0.2865560052964008
0.46468301225634745
0.3553342081423137
0.3583492459342473
0.3178487218495692
0.3491518034773914
0.3334566462697719
0.36698952464179135
0.4177666967333614
0.3287394163081298
0.2762516579066729
0.38164244916238543
0.43856709062971805
0.2002993731292732
0.3306013592023009
0.32753191451069696
0.4297712587866193
0.3530755944798686
0.36237088014237867
0.32473940773032783
0.3277204690100011
0.21820217363923505
0.3188068519551448
0.4109049632401698
0.22472423551247725
0.3448186244234361
0.29865089817628493
0.44451875853172085
0.3138986972999345
0.3550711703055542
0.3275160346241824
0.22810810264882703
0.37240766121542157
0.35505473574423646
0.33363222603651943
0.3020266893812397
0.30666398022360075
0.38050087330728855
0.2850035378533243
0.41889115445472147
0.48425550717225596
0.31211058276347303
0.3235235880014144
0.4030112509921182
0.335361708990539
0.4171272620630861
0.35671008170108515
0.37265493791749515
0.3778103561313728
0.29476841505502716
0.32005320485446176
0.40407194209444086
0.4622734544128131
0.4735622753295387
0.45202412532173314
0.24064707121990464
0.44423232520121386
0.3336903999056026
0.4691346319629782
0.20630906628763393
0.46043757846736044
0.3506060181939446
0.39709954919096485
0.47234969014679135
0.4812887341587151
0.29168860148409925
0.37712332284587513
0.5250604033770184
0.31447451580858643
0.3396444420371258
0.3720467299052437
0.5650665768580023
0.5029255845759084
0.3735890642432578
0.3587754785290843
0.632373791464514
0.45149932847858565
0.6227308881859127
0.4260565694627033
0.5332330883431228
0.4795408429418695
0.5524486537701835
0.558735651125759
0.4761184873002385
0.6724042033466422
0.6944152859705732
0.4921737852536781
0.622080486726621
0.6073661090570792
0.6307673224920869
0.799714828436495
0.7865242223494713
0.693664657967957
0.5328429338220328
0.6259570341011382
0.554054314538418
0.6769817836943166
0.5669189428207236
0.6776525026691347
0.6021079360388586
0.6753873997380762
0.6012810572565228
0.7287388239325034
0.786677409326018
0.6686797447824899
0.6420804477575743
0.6257016317763706
0.43278869882428134
0.6452931545398884
0.5703358658544295
0.5945032193937785
0.5562940016958338
0.5429401181856245
0.576617723446395
0.5281250879649848
0.5989853036714555
0.5851386043384667
0.6161172523965143
0.4747364189312713
0.546537382588525
0.5808616394025439
0.5331945176339058
0.4579544629741685
0.49313392030517506
0.5125073080653539
0.3609160910359127
0.38106387780187806
0.45834296304017086
0.6004179176609754
0.4736203310232586
0.5907395606204248
0.4171190341754677
0.5498583950737637
0.4972629755727547
0.6128139033810795
0.6111234355909365
0.4656088983581366
0.24509906793476788
0.47925229156297144
0.5612046358431078
0.5959923067953723
0.4130920472574862
0.4613423102567574
0.4728988094397074
0.3335566824642916
0.40060392084065366
0.4291465179833821
0.4079506339194549
0.5264190272526973
0.42222232229657874
0.5626484587370226
0.35453620254122803
0.37383263704120995
0.4165032048322679
0.4733119262986031
0.5901131804654879
0.45715402238413166
0.43957619190244773
0.5111809988680933
0.4781408420091488
0.48724918312432985
0.4007964927258481
0.5168604814684515
0.5417166157898669
0.5147097913125117
0.5222857312766139
0.4484868867399766
0.5676514928750661
0.4493208885567527
0.4583932434867375
0.5580415591393358
0.5045970320124897
0.5206427760930872
0.4741747450336271
0.3963801272089188
0.3288904406178801
0.48874883817044407
0.5093725168942203
0.4464951121257359
0.4109942839844949
0.4035935517365083
0.45475302135925155
0.43543064223646405
0.46327572284367763
0.40831012498900904
0.5772424075254579
0.2332116395723129
0.3670723110379254
0.3378466141775514
0.4215896168197277
0.44388546575213694
0.33799455013270724
0.41801171173191914
0.33233649186103503
0.313110990595299
0.4406812813158589
0.2958914255028879
0.4149036284234992
0.4393343203685563
0.46160669633029705
0.43760946931231676
0.30504882910898784
0.33189758625552046
0.3986876553260227
0.287171737562863
0.453035704818303
0.28007341007456965
0.47469631747639596
0.2070669643233132
0.19643659889159693
0.18415464530664846
0.3265523810597682
0.26904910851013475
0.30362761794675175
0.12025253539045166
0.3174173553710671
0.2675317933377146
0.455364057394419
0.20724981193255615
0.22619800704109572
0.23653659358062318
0.27274547926920795
0.34703405542457977
0.2076093315947835
0.2866453838025377
0.4008916687423737
0.21278393710654128
0.3467066476403179
0.41701507063891996
0.3008820395831781
0.4064877962060439
0.32782959802050615
0.2763725417341052
0.5061501063581153
0.47186663975957766
0.5400057870187223
0.3315651658758688
0.3802860833008452
0.5599626964765578
0.6578296651787006
0.7008419925466164
0.522864904812656
0.5012453815554764
0.5162176778203285
0.6412220749526608
0.7281667416100234
0.8233839436909267
0.7790236487521982
0.7526433594989153
0.7823812777296689
0.7918238460969845
0.5842568320045494
0.8600961418263005
0.8360948246725233
0.7127942072950251
0.7955915095739943
0.8552057334212951
0.9569796499660723
0.7469820574576341
0.9165173520950156
0.8338187648676497
0.9349014996528555
0.8700676838729248
0.9538389840382151
0.8914732007704366
0.6627492513691611
0.7635230463547245
0.8006651122744064
0.9014318311497956
0.6914497732252246
0.6408466491171064
0.5355302917381362
0.5456124355485259
0.6013889259988354
0.5343033939624253
0.4617885248643818
0.45002186042460013
0.49547747899529476
0.4425519345990099
0.5168320807580689
0.4428398944093328
0.3614743945721929
0.5255139024293355
0.5405915350249324
0.4102494397723959
0.4657247577149965
0.42998057029850856
0.3612899735588677
0.5073791625347803
0.4169146657372665
0.4724232336154052
0.37177570987032854
0.49224060275707276
0.5046797991546865
0.5891585068451753
0.4525580478393817
0.36357630539691377
0.49960195597635665
0.46134941000200425
0.5872068770359923
0.48501366219611575
0.44526351846460943
0.584224990949929
0.5695535737720053
0.4132937772145252
0.3946008691377158
0.42284682628791703
0.3698668036255717
0.5526750679665426
0.4122213409798905
0.7074774412022371
0.6818095049689945
0.4833645330704329
0.45862957749603966
0.46092389222399943
0.46252702519238764
0.7313969435343068
0.5994950049666223
0.5847090447324477
0.5823429843002069
0.34274689973707595
0.6185296006774342
0.6428367424129817
0.7890835652178962
0.5243458173614286
0.2775880751904066
0.4487835469087853
0.5027923362619668
0.6246593815648035
0.5701117482953766
0.5897033454229037
0.5914556537466003
0.4219666694400407
0.664219937425511
0.5142495737890226
0.6478757151201971
0.5456987260459476
0.6763112653293839
0.6630716873717685
0.7482584937692155
0.818044357070769
0.6680817607262143
0.6946342337898264
0.8118861253205458
0.613636241347135
0.7223964092490773
0.6982274531365076
0.78605695004502
0.7750923902196847
0.5769280536800693
0.7644581403349504
0.7832659321589365
0.7459858944848612
0.5389728011791803
0.7602444328840117
0.6408238412719709
0.5675653856935741
0.712995844441169
0.7865472475219822
0.7094348327809673
0.6759755043339719
0.7222113080068312
0.8005234770837478
0.7724383162505658
0.6750453950482205
0.6251672865944469
0.6135793770916643
0.41142813179974913
0.7647524586715823
0.5914405843701391
0.6050056685839496
0.7356457139037977
0.44752612933666325
0.5540097895202815
0.5221116867519532
0.4583422044119845
0.5521896485379953
0.5507444399370631
0.6972464154573189
0.6059046914080106
0.6375098460974572
0.45333929767274717
0.5199460505831024
0.40913023607004595
0.4086554622241124
0.5072940503322017
0.47933965832089775
0.3943347693484674
0.6134677382670268
0.4221581429284673
0.3771460866490703
0.5515699870848164
0.5018120082114238
0.5370597011501859
0.7007401617006757
0.6001525955232648
0.49967318747369044
0.6584698804981326
0.7072160661216639
0.5964680836907317
0.6373691972387341
0.6010241636163155
0.6067639144990754
0.5726005842832081
0.5979819573659837
0.5725747603722127
0.6462844383113161
0.5417658240111851
0.7898279155146226
0.5846834981012073
0.5857670779843778
0.6221011310979085
0.7214880938061969
0.5539130067799858
0.7277029182967878
0.5976721352287255
0.6683892683557455
0.47878053205350224
0.5104209600712944
0.3835197044707407
0.6688834387564221
0.4810730666569637
0.6354169355084126
0.5153554282870303
0.5088903626797867
0.5507410887143432
0.3760854661060866
0.4132082198655288
0.2957850632946958
0.3538826121918133
0.3949241358266583
0.40091323165329074
0.5115137208543309
0.33215351339419463
0.498127177363056
0.3385445630619566
0.23739006331853266
0.29417782670122533
0.36348035806996754
0.2521272112476798
0.3651156226314307
0.18218575774386006
0.31066228096563886
0.2557331745102567
0.17194597001632778
0.07715892030249459
0.3322422710473248
0.235860964967098
0.28723982714045726
0.2768098519145674
0.1227230210294558
0.1904030106747575
0.32145704497615396
0.466423520222367
0.33969967259025574
0.22544217909190398
0.23916788207145595
0.18041830135620412
0.34665149329588574
0.19958497919188375
0.2640913994086148
0.3404370259831249
0.3584291256776139
0.3659272489519618
0.13531943593365656
0.10407201495964055
0.39446842937384596
0.163807224149893
0.36766768843391723
0.2291880866574521
0.2704698694530596
0.19302231658726754
0.49361539348363637
0.18817358874822504
0.37155004761515975
0.26918273948166777
0.28312896287750394
0.25111296963487495
0.1338607419096584
0.3009127360085227
0.2295887673752156
0.2508161118538001
0.4194960578226404
0.28843188400588865
0.2445847722120583
0.27655233903545606
0.3726995016740924
0.31329907896485276
0.41942071958731225
0.35076668745803663
0.3477411145342191
0.25869134170560243
0.47113673625690994
0.575936078150417
0.537652955886065
0.4479494553940261
0.4917510264380598
0.5756161342068141
0.3537340650682659
0.3437595876609079
0.24236596197198662
0.3447448669709446
0.3542593234294424
0.4036584544531368
0.3015725082553129
0.41089502140625656
0.45901994703864446
0.34122475897457294
0.5826777474343797
0.48691022978000364
0.33542935729556156
0.5708063571404868
0.5732715182795411
0.39864145832825687
0.49265347115947267
0.4157508465117455
0.5479081372517263
0.557579486204995
0.6476597597317312
0.5401599609036698
0.4935575420891789
0.4407002725002823
0.47706743431538046
0.22902390787329985
0.5957440145922248
0.5398731429555899
0.5137562164348461
0.5218563916497104
0.4590324113689242
0.33593929609438555
0.5388434862025047
0.41339049654365023
0.24825361399140505
0.37120672086004364
0.29671339614532605
0.3572863686453483
0.3632464987104214
0.49736791068372904
0.3618138783797844
0.5546325604266806
0.32695642009077336
0.3962968060836769
0.32820115796522153
0.36366558140754046
0.36678740845307684
0.35011136183311503
0.1561390635909874
0.13555651145012915
0.3674962490707309
0.5696328094884648
0.5312273930169532
0.33736382227732775
0.4771842823100365
0.49722570744427486
0.3768414256046341
0.3844895308243805
0.36802856751634927
0.3234850024193956
0.2429380785364988
0.3005589315374552
0.4944935248634306
0.290319044023799
0.33796464231173884
0.3981734224380185
0.198261454667357
0.303592008769788
0.41541098903941953
0.271664089146698
0.3374329751564891
0.463097886676894
0.39426150927013964
0.3710789174903821
0.39779370908498696
0.25408659347599477
0.6705622855848543
0.479237550656374
0.530861527395358
0.5067345389860611
0.8637846456802556
0.842752060829898
0.6656482406083604
0.6518444542662583
0.7106893766741305
0.5367975244371231
0.6012127357554545
0.7161876021326976
0.6150147064628025
0.5308458590715671
0.42097735118431573
0.6252375760323716
0.41459012048312655
0.3171859570566985
0.557297949600375
0.30845712280471893
0.26830337573459606
0.4294184084807299
0.43700683571842636
0.3262997591418919
0.443263452666873
0.4139553247435063
0.39329316224146343
0.40768653446440645
0.25742245017039245
0.3687485781846446
0.2982585033961841
0.36111957886589385
0.47817690763124787
0.30675551736127815
0.43608814540098406
0.37266043462834914
0.25598973172538053
0.5385538242057767
0.28287490175664104
0.20405200550711028
0.40363587811642054
0.34492705383578987
0.36901127821280444
0.4352130808159863
0.325641419295799
0.33742020137969675
0.24056719643413854
0.27239012318444233
0.3972598295716415
0.46664268041139534
0.369066797229114
0.5353116998284895
0.5260397806058814
0.523760754311154
0.48363113496085947
0.4587042810431965
0.2955178034269046
0.3439698475733234
0.5206570701238713
0.460662488781339
0.6262570911487096
0.5826780973487483
0.3062689286307448
0.4030480446897488
0.7103965986524792
0.41203855136304535
0.4388452196333228
0.5288688162557741
0.521280211812679
0.36683365537272794
0.41019608630520876
0.40333922463460803
0.47004020873504676
0.393747383028195
0.4588296418145664
0.5114150829337695
0.49694983149720817
0.634056758174347
0.5561088503011163
0.4738661444261008
0.35064953186155656
0.5307753209465607
0.5211574801837354
0.38865524120735956
0.5392320710088896
0.5106695474246179
0.3401481389861948
0.20227452133458174
0.4575918216376588
0.4720622271341668
0.6320487821213104
0.46152847092672483
0.5706193949533229
0.5039555819046263
0.4874270674836032
0.4723867445219796
0.5674781365345459
0.4470062580426622
0.4305487681679705
0.43273743930924075
0.5560230186699838
0.5841488093460317
0.46141466090360583
0.3457030921932761
0.4392717243197282
0.41826311465651034
0.4598236845483804
0.48388487187770096
0.3838652357440261
0.5298918217535283
0.5464977638655976
0.3909549153321656
0.6144432735860026
0.5326199593934463
0.5193347524868608
0.4766419943601759
0.3658605118078143
0.4120945255562669
0.45221043621852836
0.5906312831642945
0.5064112815205616
0.4199692504245652
0.4936270217088085
0.5586629917241562
0.45423739181139156
0.47797307380686127
0.41896964364876343
0.47950181048403745
0.6595727667768909
0.4677143440673861
0.3688886343218622
0.5183795900240693
0.5266145791170309
0.3904726181543657
0.389322366728786
0.5653607366667076
0.33082231312040583
0.3962455585591121
0.5285858557821416
0.29313706227103203
0.30001650269950286
0.5981038090784655
0.5925059356170359
0.5359245535736855
0.538992926040041
0.6340739299193462
0.5254207721724666
0.4924697095070287
0.4173217350151751
0.522657567117568
0.3319907406086342
0.6669892243034288
0.5621406994377787
0.6059293075091458
0.6768924775922073
0.4917517303020534
0.7386418295718375
0.6675382771875553
0.7489265936321017
0.709777096303692
0.5458673302380497
0.5404937251389661
0.32974617586397564
0.3477103472036564
0.3862296176249343
0.6074476479825479
0.29735736552135084
0.43594987895758697
0.38460341797854153
0.6097061915468264
0.5630560063657437
0.6515678488601436
0.3784188867335431
0.6122929574406762
0.6298341045601665
0.6175173525965401
0.6062729796822021
0.5965113611229098
0.5632806555409924
0.42151777703632826
0.6624939960430161
0.5433628688154373
0.6188537018573816
0.5060578562482945
0.6581317880469172
0.540526306374887
0.6112574706645658
0.7444031165022368
0.522597125549731
0.598128063390049
0.44945839487315375
0.5640179444850536
0.49883250638537513
0.41917157352392936
0.7157023444602817
0.3920229715843073
0.5812197365792751
0.23566063570517107
0.41532609174306256
0.7291971218269188
0.4659140896352522
0.5128054401803718
0.36728699739592807
0.6189227286059603
0.4659838439981901
0.3400983938452011
0.5160105165235878
0.39024107733780283
0.46702257892504495
0.4889345957759525
0.7312010271133887
0.5533652493284282
0.34646780543098576
0.4442228692121606
0.35153371508818015
0.4188619228274178
0.4027418007872013
0.39442098767244765
0.25546410454177726
0.3785118809446279
0.21627417924861025
0.42833272150200685
0.4559897845295917
0.36862935538400304
0.32296836186689015
0.36793841297277724
0.33534662151307093
0.30379130846489033
0.25501042874523366
0.382714475414979
0.556519360384435
0.4242412808184846
0.49504208175691
0.43926155351384266
0.36563420414222175
0.6542951276822255
0.38144317748349116
0.49598759303953566
0.43415368687562805
0.48471330942190327
0.35258737642812976
0.33463383257005597
0.31326475265351683
0.3811451305700279
0.5075407239363963
0.5021030453082096
0.47690883075664064
0.4276539615295842
0.26993917686985547
0.4089392898166796
0.7135657405770727
0.5136200174261968
0.5456499598581349
0.4113135126500933
0.3387851359350741
0.40617955289164076
0.32418116495347843
0.25076036859253253
0.5298866220375389
0.36354360102802874
0.43325989651077906
0.4474901131752773
0.13992864877084682
0.31048388758760515
0.4684576071507694
0.4052536431547789
0.23618677663454932
0.27303810533463596
0.3453734826578778
0.3822614887249204
0.2364725688204749
0.339140945697942
0.29737806534858935
0.40871268815384165
0.4013188211450637
0.26734362495479286
0.3802023398572072
0.47599096282443454
0.30917705922429817
0.3377618450870521
0.40623441243177616
0.43019550050128547
0.29400403247774887
0.3858198133655909
0.28565276136365214
0.45732965264922965
0.344671220084476
0.38744125498362086
0.4230824259958637
0.30580340255463895
0.46098802339962125
0.3967429013630076
0.2772715352737347
0.3834096334008265
0.5293397825491456
0.09327740883141093
0.43151805771722795
0.43940420824083154
0.5298275418498882
0.5447432626683284
0.3447978544980308
0.4074690395680113
0.41603961625565655
0.46380756939489376
0.5833248210754381
0.33813098872028835
0.3882853105838495
0.4829729456874735
0.43994995405947157
0.45416098192728027
0.5403428267292127
0.6147393161300096
0.44465469271226316
0.4438910078884476
0.3262330980911491
0.6889949462622899
0.3970275996485938
0.712801626978451
0.46711475755318266
0.5063223064247628
0.5653066717261864
0.5303362176134868
0.5902886874823289
0.5452379274455497
0.5650888647315387
0.5622810146384515
0.6134952160566445
0.2755962657576687
0.39562782745725944
0.570287074993907
0.544151866456213
0.3547470020250588
0.4240805219717026
0.6165860488749206
0.34135069010059915
0.33962563705095794
0.32460744781607986
0.2767396769626289
0.4795746197665889
0.359846520294431
0.47683457189472916
0.28049012373035487
0.32416710934869564
0.5262884946662529
0.4519273955009417
0.3589317862575691
0.532806465481354
0.57989223156263
0.5983672678501046
0.6498895605111847
0.4084406613801235
0.47716303806907495
0.4536535951398405
0.5552079236431278
0.40908712166222266
0.5442227745565769
0.5065184550458582
0.6238267905889269
0.36228278150425053
0.4005652471747542
0.21784162441018318
0.4006911385246825
0.3830041158519089
0.3282135425127194
0.41133196184194765
0.14108586141708873
0.3803470409203179
0.30782479514315164
0.47273016270447443
0.24722167881731344
0.44192278545119235
0.5091623359575355
0.41185181134556476
0.1707721629549716
0.28499913077696737
0.305598487281561
0.5470575017625567
0.3122339396265589
0.1618246890043814
0.2331329890833116
0.2966726511247156
0.39328218023376627
0.37936505092064005
0.5484033238452353
0.32142109955857584
0.3662992154199272
0.40721046806822997
0.595971164704042
0.4158953324380483
0.4404377723902495
0.4525720490258508
0.488889981866884
0.42448482767550344
0.6904490152484438
0.6089116091113159
0.6061675946977954
0.523858119742461
0.3953871999352422
0.49122116096710644
0.49887415956924175
0.5133387732047198
0.6388883629796985
0.4503279470674446
0.7491731059413368
0.6269916190551099
0.358092897053642
0.683651819108245
0.3561842656674865
0.5138084962932683
0.4979062331295663
0.5071049866988441
0.33337327891202206
0.17397372326407062
0.4635906118793461
0.6158322802899641
0.39078049956392424
0.4273189311461507
0.28969710126728776
0.4108159859538032
0.2699379783987311
0.3970225983519218
0.5680505173507
