0.2795398023205886
0.28729750854060554
0.3330694550164516
0.3113675864043381
0.3075522395745105
0.3393973815353814
0.290393199500611
0.2682142683119808
0.33596774172148697
0.3302392900699148
0.35101336783614023
0.43458646578840854
0.32133863752153663
0.35009081143921184
0.23298815447665217
0.2528310916152579
0.3269976332157867
0.2811105922201772
0.28655200974933437
0.32287680049072387
0.33822611186513063
0.2956253970753086
0.23173754663939292
0.30932382065366204
0.30760710879893394
0.306918980986046
0.20213466356171655
0.23982612650358992
0.30750598815459973
0.3391167395819569
0.30248952186622247
0.3929286655405564
0.2641502927198413
0.27954302178068724
0.2574286711194803
0.36414455049375893
0.2915620017649179
0.26806764060563115
0.3158683320082385
0.31284083941484253
0.30887050247484055
0.29869544997189823
0.2543282934035753
0.35228590222378886
0.200562744989504
0.2779262851217166
0.28890018131179557
0.38152227546921835
0.2430791064760273
0.27882451057980195
0.3337693242792465
0.30539819784067546
0.27686912008113485
0.32270940137788245
0.30445951883275413
0.3104282310933673
0.2625942164062912
0.3484206516399545
0.36635279091432127
0.356793738988257
0.35024262076141144
0.3000843283097836
0.39938379887425257
0.39465556248854167
0.3775302811285829
0.3740520533921991
0.36421666328124025
0.4060326605135446
0.38290136364763133
0.4566488751056458
0.3950162076152668
0.38136363585802097
0.3602497578341637
0.42764819619459027
0.43861976895710986
0.37734903459144
0.36464306002536906
0.4398750316351791
0.44969733806591394
0.4341524160450225
0.4674329506930903
0.4588717924035365
0.5431634284339781
0.550425898033158
0.45085447038646836
0.4799583630831047
0.5709136114665003
0.5276817123536629
0.5055456034541443
0.5295612326437011
0.5967489451443921
0.5557034425759252
0.5935990680488379
0.5544691515631109
0.6202843356111005
0.62649679245259
0.5868790354206523
0.6333852594811614
0.5994157178157662
0.6520941819026506
0.6274310790436884
0.5938179417415539
0.6407205801221845
0.6063191352141026
0.5669372400224059
0.7071022796351647
0.688068297614696
0.6561762208219586
0.5999759636255094
0.5439565380199276
0.6450337555972965
0.6280089415844936
0.5169672727797098
0.5718729437567781
0.5643020841372849
0.49341460705829543
0.4607606948962227
0.604302072116899
0.4494996340484381
0.5138837599187975
0.5470698387456923
0.5481003168599363
0.5605355159298337
0.40933006601644306
0.5917287193056866
0.521595929551814
0.4756027127142745
0.443386353902126
0.4334655143704603
0.4910266805676563
0.5475351337185929
0.5580495371607521
0.5210259673343882
0.4737557464783432
0.531424112612406
0.4984189860297904
0.580893705461218
0.47743415365624375
0.42820484567555606
0.5351126971314903
0.44908360472572806
0.5342916400245945
0.5147074231677087
0.4654891415877189
0.4747639469238274
0.4876301199536401
0.4831881319707484
0.49785096476706836
0.44075410896454204
0.4138660280694076
0.4569904682729051
0.3935169557395473
0.4384031686460062
0.41298693553423316
0.42570010176986245
0.37291256688800833
0.420657005745649
0.4196715100955629
0.49321069584056093
0.4083052801513022
0.4710502167234756
0.36297776761453554
0.49880292094420725
0.4957958403006646
0.4864110043409466
0.5530176400792158
0.43397483897045197
0.6357122866351332
0.5294251131356884
0.5886154630441525
0.5267331002588247
0.5072269003527125
0.5705563017845099
0.587617823369745
0.45469899011146114
0.5546826355649175
0.4799596668862608
0.46929721671677527
0.4771191461003954
0.431156894631841
0.5734018291858138
0.5232611629575317
0.46107890580932664
0.41505496512795237
0.35957858803186277
0.43471534122791944
0.46612093571581314
0.46704234357389773
0.4453817074991364
0.34228342325580163
0.38922481689162064
0.3323376281516733
0.36738757044033943
0.3391741706742266
0.4356259457474331
0.3710554054038011
0.3742097304008416
0.45449442985493027
0.46173876390348984
0.3942454351549054
0.4123970131432131
0.3893901331761819
0.40531167670392815
0.42602458270237925
0.40472238350882733
0.33942177316095634
0.3603728737904935
0.4732509859725193
0.3857167627240016
0.35800599112927234
0.4094855791266777
0.40262855305857115
0.3578174085065775
0.42001056503083434
0.4605045585100459
0.3251328689540159
0.4077358865337882
0.381428314337634
0.37802033716980543
0.3025104026732537
0.4163769365585047
0.4085179397062263
0.3408156064072921
0.3542958093646696
0.3955540422134801
0.3809167751352915
0.30511998316886635
0.38467698322549754
0.3814290942395089
0.43853969152462713
0.4007673432263079
0.3504075279490181
0.4549827497396397
0.39492188964835884
0.4593484945039792
0.5495287313131959
0.4768717578689036
0.49224131455175824
0.4932504792212826
0.582737966219629
0.5756332392936725
0.5084337127009337
0.6156224977896851
0.6015810693580916
0.5698055311786561
0.695263097171388
0.5866908068907406
0.7003089399068734
0.6614473753245622
0.7218339715965236
0.8134764664951808
0.8437383591222103
0.8524982813286961
0.8165035463058825
0.8833090452234642
0.8676619361923406
0.9826863401902961
0.8722971340555955
0.8812022106796203
0.9313377709527672
0.8926362288283312
0.8439282718210801
0.8677259660189875
0.914312297252202
0.9045689381700001
0.8451318256361027
0.9494135500815991
0.8119073736626476
0.7942853557766245
0.7766036060343213
0.7470328694586822
0.7370304920507808
0.7242833289645428
0.6299299585053075
0.7210778831624957
0.6382853632567478
0.6402441727772566
0.6201838806327897
0.6672252553235409
0.5712398581139002
0.4934982313396447
0.5878287849544435
0.5005530626003543
0.46798987281680976
0.4762132124772658
0.46698819575717965
0.5245875673826094
0.5146681389742931
0.4796856580658161
0.5566282394266491
0.4397887410370708
0.4580705065405075
0.4959272618220941
0.5947695249736686
0.4900678275693867
0.5115126390757022
0.5249145090532159
0.5050369610448775
0.4743191971086689
0.44407697991376816
0.4626271279551343
0.55367577511479
0.4646530019263468
0.5647205731444185
0.5332890346371119
0.5145875162317212
0.5251974008377307
0.4712793733204077
0.6031187713130586
0.589690661094527
0.5019473760289084
0.48847049169338097
0.568791678828107
0.5679336884693067
0.587726345557281
0.6397713267561659
0.5336195109246511
0.6157270652158474
0.5150336967015813
0.49078621322165716
0.5627126016650572
0.5304756994671153
0.5534757446515489
0.6225882547871777
0.5944300108446243
0.5795686220992975
0.6197057231513416
0.5536901069579294
0.6163022616751754
0.5282648352611765
0.5781231665155457
0.5324102114407822
0.6160949486654854
0.5500188517505963
0.5912516588292388
0.5411166405344277
0.5806058222632646
0.573821647474395
0.5173371690385814
0.6725429224765844
0.641644618280135
0.6625775541936687
0.6881378809734702
0.6899317318237068
0.7466370712302715
0.7010078779446081
0.7870454603514683
0.7024492275562552
0.6530667836534487
0.786573584944302
0.7118947082116724
0.6536863552344478
0.7062475337627284
0.7176955478927008
0.6575396931623905
0.7505787475869067
0.635885964316327
0.6661615982787243
0.728279117948101
0.6390069399303806
0.7059564394687724
0.6344072616332208
0.6502881118287577
0.6798788536282518
0.679451264206367
0.7533078970885878
0.7317837558516718
0.667303246897115
0.6538849151238203
0.6698384067542321
0.6208832516658396
0.5954062207173657
0.7091877107221487
0.5770873534181524
0.6547785046404395
0.6127808495421279
0.5787592538213611
0.5507785691724361
0.5782259584732659
0.5444564354445964
0.47147617211941695
0.5361962192663496
0.4829268967399232
0.5218848639015159
0.6006076000038308
0.47149183284994656
0.39851082356441825
0.47153160974978525
0.5388393540159768
0.4334473890754319
0.4752958303975553
0.4949622086319124
0.43370281954676815
0.4302291436618213
0.5635213718004193
0.4276486557652336
0.4808263231420695
0.5674201337152719
0.5115926539867997
0.5383595280576923
0.549920252093892
0.5638276456276341
0.5645432521431855
0.5693903208889217
0.6028552070548326
0.5984015535120287
0.5518812720887025
0.549836902856623
0.661060043538551
0.5530873552942788
0.6208149823132876
0.6399174187642446
0.5627824011852092
0.5286719395440811
0.5109623820026369
0.6863595159326643
0.5729371433784437
0.5713341220490445
0.5619132055282822
0.5433098733166715
0.5636030677542114
0.5764405232729445
0.543656713182079
0.5255489277541951
0.5000353944705213
0.4273480913674274
0.5062679229097282
0.5039746358411773
0.47011212043944517
0.420139524253366
0.4354178864173756
0.3667641104654028
0.29484120827606375
0.34767056473277796
0.33259502026483667
0.310036610543223
0.3444302282166335
0.3346271360828911
0.3790399552405584
0.35313486556667095
0.30458442151144993
0.23156247658668033
0.37415919966590266
0.27502038771776816
0.2429581817177022
0.21673874815784505
0.18353582925209164
0.21454065078715334
0.1784864503886141
0.1742722383906326
0.17201774337366235
0.2144001091983635
0.16672604048911596
0.18020928480621853
0.11244346605933572
0.24233631952753237
0.2721758814562786
0.05612583552909588
0.22171508026463413
0.18386476709141353
0.24345115376647775
0.22466082472244392
0.20805337624595405
0.20033072253041262
0.25470871321144833
0.3053803853981142
0.2542209955026881
0.23426156105169374
0.2839597337555267
0.2563779256181898
0.30827239138515883
0.30353828535944505
0.1936016225275407
0.2261804360868198
0.29811019132998406
0.27185715733027094
0.24541904983572949
0.2702825564638366
0.30150847139789727
0.3661290592754221
0.25961652344107594
0.26469266149442205
0.2620049982803824
0.23642147316762094
0.28383863238235996
0.25762411754933706
0.27479436286338754
0.3818734667963305
0.31565004154758436
0.35870406385725084
0.3291663466454734
0.33190356405558774
0.2913469323441768
0.4248670517135477
0.35525416742844373
0.4017985748594388
0.43782750673789017
0.4836259642249307
0.4420347508679445
0.42218643245832266
0.3709489217692099
0.44226626236764044
0.40379538893422445
0.4599389835623904
0.36223455498219415
0.4904180891647094
0.3574730369910766
0.3830626632421126
0.4551907543672838
0.4179811613417652
0.4793550020464824
0.48733984183211515
0.41162142747489827
0.5390958873897773
0.4106378513380363
0.42018620911338894
0.41140798975545373
0.4867649591405539
0.45241339054056484
0.3688846173531024
0.5206600924817824
0.4303212185197153
0.5462975743482814
0.4049498480832373
0.4872952483044328
0.41013863681763363
0.5368682776074082
0.5114718205172615
0.4699177229081112
0.45256319303159875
0.40332423395113903
0.493540793191906
0.4711307637591952
0.45432272013299246
0.45633962928805555
0.40133828107362257
0.4805323940343884
0.45364848873116026
0.4303556639420987
0.29495417045006506
0.4297606035987801
0.37947925052014686
0.433079993914678
0.31179368830787973
0.2931087695500027
0.42106325616706564
0.41220438626044986
0.34168967150364915
0.25493149383123703
0.30683272354187674
0.30121373851489774
0.3651862011880508
0.3609338799068776
0.3232925490450139
0.33643474717863
0.34928260164412006
0.27540556996287335
0.21732696263793272
0.42099607123423544
0.3154221610668828
0.40029965394784883
0.29857927252736516
0.3551643139597726
0.33341442592494736
0.34738593717883626
0.3296550181466668
0.24128561765075063
0.2554368731623166
0.4060686285963115
0.3121026279921908
0.4252501427771086
0.29319711743849197
0.23496847459194803
0.29216497607773306
0.2784947277188
0.35646332908510053
0.3127790127702536
0.3791281388277197
0.39260446530836735
0.3389380433870231
0.38110306434974894
0.449389065303197
0.5987063359957032
0.6132852723077441
0.7164642747147598
0.5699499215275055
0.35430606477451376
0.336499002805925
0.3294850213858002
0.37481961141618675
0.37342098124998624
0.3666915139705656
0.3872855172366726
0.4362419589038997
0.3459232535273175
0.34733133512001546
0.317910276488839
0.3536500102733399
0.3602791301564434
0.31037451846722697
0.27872122076181277
0.3735082913939135
0.24395901466565784
0.274358552147403
0.29104205158026
0.2941711477006744
0.3239541451372463
0.29448152323676946
0.3660814683957448
0.3306200807292281
0.30732288635780497
0.32479230112
0.37408239429019075
0.33163997991384575
0.3013746169544502
0.23997853240996403
0.23779097498062018
0.35630368697823633
0.34115638220243333
0.3777613357855534
0.40708336980506665
0.3269826776428031
0.2685752964810463
0.31482909422621735
0.2922948159410256
0.3050386986157607
0.16508293015780823
0.3046018792825758
0.372191190612159
0.41163380093784085
0.3911582872501762
0.37571095769135504
0.40102347132019633
0.48251396636921495
0.4147853919788768
0.43080242628479726
0.37468759810330754
0.3259436504280354
0.3827288026837668
0.34507325479171824
0.29092461829060867
0.3554585654554392
0.36386779417164666
0.40019278672864433
0.3498712636737661
0.4519558494586332
0.3936331396264947
0.3792558837028701
0.44331908700023737
0.4451870112844189
0.371158249748742
0.35994499137885205
0.42551193084338756
0.4091719243924338
0.4671859071456362
0.4614095341401752
0.3342000268883237
0.26627171521693616
0.3767479913841139
0.4505773866765742
0.34937138985938165
0.3591298099465785
0.34100729172699784
0.37835905393285435
0.45183551940144534
0.40008713655669553
0.37621694179648285
0.4751432090810966
0.4065773543215832
0.366317947598058
0.34004040829372006
0.27835615478405384
0.4918325388726061
0.3916959969837593
0.39492947063203376
0.3190759543997334
0.49972113482573044
0.454940231029023
0.3910306787791187
0.3322358906452927
0.3767251110367197
0.37129550881035017
0.4289920373203733
0.39158917877910926
0.418051635842138
0.3589551931801427
0.4004388025029959
0.4789675028613828
0.3935088105685344
0.5027265839927271
0.5419259371320619
0.474185211556702
0.45238776561087457
0.38367587062020925
0.4228598393651441
0.3793266017796645
0.4187565530563906
0.34160186130787273
0.40075669579072526
0.37247175400623767
0.5019859617514646
0.45241983457247603
0.4576363127459041
0.44167324934669394
0.41974143632526445
0.3107482716504315
0.4423301104064899
0.3769907218360893
0.39181671242225025
0.46226554139549114
0.4711149413777668
0.31673306227221476
0.4573402866967096
0.3763979562951011
0.40369007829608794
0.36444488020299803
0.3676520506970269
0.3457498078125079
0.4860041536141835
0.36731201091461285
0.3913322104134015
0.48256822841325253
0.36807784061607235
0.3872956836258945
0.40203373187824754
0.44389433764491304
0.4009702855553099
0.32533175784349483
0.49630088841237063
0.3975913619200195
0.49805431732495964
0.4869987612016444
0.48338852591389464
0.43928440319943907
0.5850635308057206
0.5389696541868699
0.40888145581845536
0.5346518213575464
0.519814188871754
0.4454421362849176
0.5110584432080874
0.4738996548559786
0.40467678599018886
0.4693732632757978
0.4388328895398031
0.3578318395550241
0.33580015033678623
0.4616014019140782
0.43413536712296674
0.4822748629979559
0.4381202465211135
0.5343153299896461
0.45196980472217174
0.4236538428269542
0.42501041566006204
0.4707791497660295
0.5006608909694529
0.3836292989468022
0.437792105484473
0.41387972459654865
0.3697160039150198
0.40484764401331774
0.45777891156660366
0.4781251612325111
0.5011591316227038
0.39820251406195334
0.4140732676466129
0.3714480940498388
0.447938058985175
0.36971849322498074
0.46482984869327126
0.5215336209457702
0.46495353452771826
0.46244745369139334
0.5844939913076114
0.3602172637256291
0.45231763595930086
0.48087512259720516
0.3525897288511789
0.43336012594185264
0.47870510458682997
0.5042788689395536
0.3535776045739468
0.40943668978921677
0.40215750148227025
0.4994433687221953
0.38942554259690565
0.4204650028913449
0.4435411109851748
0.3686469918607911
0.43902889872659523
0.4950188695145096
0.28538764108704057
0.4590218425432453
0.3476587565559548
0.3220960884257338
0.4125225565662164
0.3680115999815672
0.3015717018374716
0.43780528312847644
0.3170490211528297
0.28562141970371946
0.35262180059455395
0.33409353830926825
0.4165105299273888
0.4076841505094125
0.3323577984147066
0.45905024181130794
0.46484019193907916
0.4472753063897404
0.41246706767804636
0.39698915196507123
0.4361481799549249
0.5094801901285544
0.5091359384297915
0.3578541109123627
0.39318826055283385
0.40908336688437064
0.3581841769437969
0.4686681064646874
0.3416441752500201
0.4302755822740863
0.3706091965731749
0.4318792910646748
0.37627906530959043
0.40557779080371936
0.35025479007211036
0.4160682081846091
0.4983066196338457
0.3859652800793927
0.4676104978835608
0.4065710058885223
0.40413645530517894
0.41193228290459716
0.28323879834833854
0.338848228342049
0.27284603827605897
0.22692322125730732
0.38231308330381486
0.28203205642190243
0.38759565735342894
0.4432284786969576
0.3586477180740171
0.2987363884762564
0.296977542463066
0.31249935826779657
0.42524329692857554
0.36325003582583465
0.36770295161774513
0.3539576462979208
0.20597842237262776
0.34870508598323346
0.34826370054939104
0.35213911819792926
0.3418899198247148
0.3010240937644828
0.26299225197584936
0.43546324682793147
0.32791722926218797
0.26789147489224974
0.3381183199110901
0.3094796689033084
0.44345481600137704
0.30697934140264893
0.3796480947063286
0.3587326450853979
0.3095985613427072
0.42568567769947263
0.45575084107315056
0.4560004614256383
0.35898751819191554
0.45393897932323757
0.44909072064770295
0.3592885208296243
0.40606883309086217
0.5187735177413053
0.4279941949927089
0.44732551628448436
0.39787224882955924
0.37958032267194813
0.38237335139455
0.4373140970924667
0.3917941831701416
0.47280509047008656
0.3857799093300879
0.396545340757351
0.4163699336556479
0.4700790130415232
0.4755226792852192
0.40330152676609543
0.44917891974059604
0.41637403526640404
0.3924428160769198
0.4147478428555373
0.44564255068993985
0.30284531837653206
0.42863162659049026
0.49248276343136077
0.41936386243521184
0.3965796831855693
0.45462740896206766
0.518894585965952
0.4746428791146632
0.5282753224307035
0.4367557420801049
0.48843485159710753
0.473875816417346
0.4459591008374558
0.4149673787519031
0.44333499420643363
0.38600071408948555
0.531970845396414
0.3710982616486572
0.39013990242890484
0.37358028334448934
0.4660681389433602
0.47909395023808377
0.4392830950174915
0.37119358802303015
0.4107060884651882
0.3416509011658344
0.3151491235078353
0.36459062628788735
0.44648363223118026
0.3915661544546382
0.4642595229542891
0.38213344202546806
0.4887072394866695
0.506880167826695
0.3722763132621658
0.4423485669599804
0.3494819664334932
0.4913936691695234
0.4404184806973175
0.3289631889090824
0.3719264229739751
0.33094308209475043
0.3564491684946051
0.3954311147003069
0.49940607988368224
0.3966131287241359
0.40844302466713844
0.41675468163305096
0.3287843278635213
0.3897824118111261
0.3773432142705975
0.3247589871392005
0.3412804548692594
0.37762845103751097
0.3538987285442434
0.40171146961435705
0.2841960321037206
0.3187457116935315
0.351051885851434
0.31120672426335205
0.3575181531995636
0.4343520063055208
0.32585715092213896
0.32756320689070306
0.4308129462608342
0.3986827622261029
0.3353424646437252
0.3791312591872209
0.409606212623501
0.40422823747799586
0.4153571421676687
0.2884494161820704
0.439687494177683
0.31021738124049114
0.5224462987926222
0.4546605054731378
0.43980575159903756
0.38470503024950065
0.42305453936495185
0.42502992526365624
0.5113237957930973
0.3965957418142257
0.489852424319552
0.47108317619099577
0.40743507334886453
0.4579530424168998
0.5004363919347412
0.3308560964962065
0.43642987807124706
0.30040365100820565
0.4737228277256252
0.4245842210670727
0.3749740693148037
0.3912760001314279
0.3004509215029926
0.34332476280051827
0.4054523680024022
0.39176642277956686
0.32560619706918725
0.3478668460854796
0.28773762062835
0.2734862795878048
0.20744818045281815
0.30127548780568764
0.2865913545869813
