0.231919659637688
0.3470736556468058
0.3103578598462768
0.23546589005983823
0.31428155187333034
0.28869692459524476
0.24171227500904055
0.2943257122240979
0.28117995422661674
0.3015392630000458
0.2552514598672861
0.20782677081966194
0.22359392904162328
0.3308230480919356
0.24580680775834943
0.3492718694200165
0.25743109923822083
0.24187345292182752
0.16121306934630394
0.24587925368156854
0.26603194538082103
0.18222172643493656
0.28929727642174385
0.19195112381369614
0.27296383422514153
0.3095282434939871
0.23848827984342508
0.21260538909828333
0.24425629059967066
0.25095018071107517
0.30051899153501965
0.26911695322147233
0.25496355610362587
0.23623219896595327
0.23107872604948124
0.28656967346683415
0.23061652829468365
0.20988615842746616
0.2613759728936772
0.24962452899209778
0.2489643653501847
0.21558359191048332
0.15420734851837836
0.28592102889193516
0.287671444489584
0.2826512619692226
0.22157331651862097
0.3037971626023006
0.32099999686805614
0.2883560550430648
0.29811864274512984
0.2912981632067357
0.23865944594890873
0.32936665099262963
0.4201559216166829
0.37397063347461623
0.33556682866968146
0.31071562574801165
0.34703337706513837
0.41238114418095817
0.35795009882033463
0.3714392152442074
0.36849577695290237
0.2682172913918157
0.44480249875887856
0.4073659317080177
0.39630325123903026
0.39430557287586204
0.40481908314627096
0.4324382135406218
0.30126741255348405
0.3531859298001761
0.43569090754590056
0.4282862680269281
0.37903464025339484
0.37939394121649483
0.39115484579381254
0.39853342962099325
0.4126345839273675
0.41982609758940065
0.4669915363664378
0.4362371359047442
0.4956851513115722
0.5023680352638319
0.5049456163062108
0.4472445644645496
0.5311445507505324
0.5227130848598581
0.5919331465691768
0.6151468927650894
0.49569433643345656
0.5338501362231388
0.5505312822069987
0.5899596184456126
0.6108748419348442
0.59658346322448
0.6334649128814607
0.6319231051294047
0.6045984426149598
0.6287997563512491
0.626264715798412
0.6695069427360263
0.5961000834496496
0.6284370311043985
0.7383233934850115
0.6598357468708952
0.6050459700207855
0.6122603787442301
0.6483354462018474
0.6061014550886151
0.5927601793437814
0.6171635563388188
0.4673900342172086
0.5603617303441077
0.5401520109554261
0.5088950713812571
0.5722211846822278
0.5526420675166471
0.5448602208893859
0.5106655945605003
0.5219580117048306
0.528077498637384
0.458030311287975
0.574052307292319
0.4910619906778724
0.5062900250008083
0.5282159742938175
0.526246053803451
0.532611607851938
0.4764918585472925
0.4975027988699885
0.4626351870406335
0.3852654134313049
0.4340557891838284
0.5346506030102344
0.5127199351923025
0.5849223500259985
0.4852988587129609
0.5166335470994381
0.5286449908360874
0.49732704581693815
0.39423315297259365
0.5059767259263863
0.4989235532263433
0.4238574932103074
0.4552900236860305
0.4540225391076252
0.3932950034161798
0.46078084458863006
0.46700887790099244
0.4416144164911688
0.4780836831889394
0.3660682538371938
0.4526732807197303
0.3011317005879941
0.26172520722617193
0.41976251609410153
0.38801376051880543
0.4133625008995102
0.4228424883305113
0.3461466346784133
0.34897984750386973
0.47976975908188235
0.4466128503673604
0.43753988455089876
0.4111199627164215
0.5231545161095439
0.45134406895429763
0.5562963992143871
0.48405530703824806
0.45399909337571354
0.46012869513337984
0.5073373949287749
0.6302714230358946
0.5194783897537879
0.48725587954325367
0.3892651915706937
0.3523490149423924
0.4292776524120374
0.4430144948462238
0.38809552229789424
0.45867619018705397
0.41841902719630103
0.38384738764080206
0.31566508823673545
0.40273778104555535
0.33160167197359336
0.2843555294972856
0.357711288464657
0.2389897509430034
0.3042569264946854
0.3021577250314489
0.29854203069667684
0.2791623008943278
0.23249459615891005
0.297214053495622
0.38041776331082694
0.2675111634488209
0.3701963633825054
0.3214055043530307
0.24521973300166006
0.2819219337380047
0.3145103100240809
0.3185734614564443
0.27532907664827866
0.32307449025180834
0.340727205732678
0.3633263401520637
0.3601674182869877
0.3266938662769131
0.3728969934672754
0.3533974017292048
0.38311298717574166
0.3347533057820439
0.3118245729526278
0.29519455264482575
0.30781939402354797
0.2997900726801222
0.294173353561519
0.34480234805128784
0.29380828135777437
0.3026547175582384
0.3037999642692115
0.2720347521005554
0.3092912096614959
0.307273453784899
0.28295407241330617
0.33734948380817836
0.2726543881976806
0.2183001320231805
0.36529082419212777
0.330622076105135
0.30517529362080564
0.36580769905415994
0.3396029422123838
0.41491478425172906
0.39749639191330216
0.44111285881929013
0.5307532300627318
0.5519211408979066
0.5205796101021393
0.4797077825882212
0.6079639281596485
0.586499292193413
0.6274845695009232
0.6748873578653531
0.689836322362288
0.6629174148079002
0.7019311471495181
0.7545915710780076
0.726919080866427
0.8425808167469404
0.8125158942674168
0.8425437562172624
0.8173307488441545
0.8861531555891896
0.9148637138676341
0.7959378130256763
0.8736846567662184
0.8873895831463854
0.9387990500148444
0.9482304274833322
0.8968386821625405
0.9903040141676505
0.8131705700670516
0.874646094939803
0.837352312310784
0.8211176969891807
0.7142148784394099
0.722419465287608
0.7635123480566222
0.5928322948177511
0.6756513703552831
0.7143829750066596
0.6715098359123931
0.6507144853739767
0.4972796861402518
0.6246298110948361
0.44295309318955334
0.5425982621056619
0.5237378359294922
0.6103039139107523
0.5127741234559478
0.4471408457435728
0.533692663367403
0.4159554890904995
0.5436052431822227
0.5036945965378573
0.5465820360776161
0.4658908499481721
0.43162224379877734
0.4813210575024388
0.44885331105808457
0.4318936145519684
0.44055491179539163
0.46038389094302634
0.5298242818172646
0.5701641704204092
0.4223085865849218
0.4662891545335483
0.5171095938937676
0.49623719631066493
0.47758775161015604
0.5607558696746197
0.4915922958552933
0.4449950875691535
0.54550930787767
0.45774455274936376
0.5521391182461707
0.5221732621107545
0.5469537924899569
0.613957155347234
0.5464723260445711
0.6144135110255087
0.49264738668515473
0.5801854385133246
0.5425182354743818
0.6185746888014062
0.6002873482238235
0.6337303670233657
0.617252504253283
0.6100142897982603
0.6493957233311072
0.6636532531851792
0.5521933883348206
0.5605790996381439
0.5953914981001697
0.6260690723603461
0.692133122068744
0.569910630391654
0.5884347659200143
0.602686694662066
0.7025091234505778
0.6387789013565474
0.5449356117649693
0.5623670107114004
0.5587534987342943
0.5773360649498288
0.7252898991230498
0.6578836724752244
0.6299212478771499
0.5916600333222625
0.7441736821940501
0.7199469237123133
0.7559727254126812
0.7344809561226657
0.6608572510032198
0.6739588511450623
0.7441473956655398
0.7538264707673548
0.7500104301878049
0.6696353637726449
0.681916207189108
0.673858273133555
0.6903162778853924
0.6294578218107197
0.7562385596895997
0.7934366103350678
0.6797547790826657
0.7559314955975753
0.7154506579647818
0.6984285292423593
0.6803191719885973
0.6844952434183807
0.7592816961631561
0.7304521664707162
0.6739996870320096
0.673281353528845
0.7020283735978583
0.5992157072112676
0.7434088245363005
0.6478926053571387
0.6557216238685153
0.5891107919694879
0.5917086531943659
0.6183726984589063
0.6109207400953488
0.5325187680652375
0.5437656941367545
0.5370181959089777
0.5006641816302964
0.515860318639157
0.5386069732039196
0.46150259741907096
0.4353444215032844
0.42716211681388316
0.5104946328908493
0.5461028572300157
0.3825403589751867
0.483227924155616
0.4609385262471389
0.4877703378490132
0.5222853875357973
0.48982313978881253
0.45949903493576655
0.5111192181395777
0.5359340696246162
0.5226569131090208
0.4212091391653615
0.5273435326512599
0.48576946863975057
0.49340806555109035
0.5086879462059384
0.512993768549656
0.5543538771354948
0.5771572925633165
0.5409777205764914
0.5011292246110025
0.5913765900411314
0.47863605743874316
0.45549783135588584
0.5932985192416185
0.4326153333364543
0.563488532728342
0.4800237895712619
0.5055456905173765
0.5481177342488679
0.4463996577263762
0.4061003160798574
0.37739034227020846
0.3713284771866562
0.43288116161410456
0.4769585173779913
0.45960860563983796
0.4151139343633558
0.29844151013590464
0.32885509748312497
0.37732381356138256
0.30550828754131226
0.3231747615398705
0.28670470512430624
0.29666674038202734
0.27074984400956525
0.25113669332040445
0.2545477064573209
0.23713697416292748
0.21648230111827543
0.25529626978583214
0.24150680742749323
0.28877114289722183
0.23792590472503708
0.23001309673256026
0.17680388659663387
0.14270584403156927
0.16456110249400746
0.15268873516256537
0.11426084795048283
0.07962025672136391
0.057046562411040246
0.08718292971086573
0.09437989285673115
0.0929109784648213
0.10987033764800043
0.11420095395425706
0.0917787943989096
0.08265514802811266
0.09457587948943216
0.06068318357477146
0.12534896361003567
0.15726191213872423
0.0747307378580093
0.19970681624487668
0.22996262275578624
0.16612416754024018
0.26533004569601054
0.25857447509545284
0.15209170346676976
0.181611331558351
0.13733932192136783
0.20661296835717155
0.29630023474892836
0.2813229601596634
0.25961573572044055
0.18355971870940097
0.16539563639565924
0.18848450501667813
0.26507946969652024
0.2942578308373034
0.19754952884901203
0.30731792066094804
0.25084444694634317
0.22899355961182438
0.23717175662595386
0.2891599026879087
0.29967659808348873
0.25724802930377566
0.3630072150025919
0.28994891977584114
0.25384747245511563
0.35796130055137443
0.3930388094186452
0.3243931021029965
0.37155462452226184
0.4038322741919583
0.39301614545174707
0.4612363837655911
0.43810608459845535
0.39419641919008197
0.3900257163191335
0.4158800681456509
0.3990249163873815
0.3733211121295164
0.46876663328523865
0.43078677818101396
0.4064564102637963
0.435829028253516
0.4183874040562695
0.42009519714988375
0.5665553750836207
0.3857071924416376
0.4525430866868334
0.628672940072207
0.5059982059549941
0.5421043035161258
0.511024402353171
0.4801779105897037
0.5827193129748292
0.5166769829356046
0.49379297467907884
0.4827633522927226
0.6329309669892588
0.6190973452576977
0.4420729079426
0.5553088645478146
0.5468961296432349
0.45868686921140067
0.44414938421187633
0.5363658528826014
0.46443734778016915
0.47838499886815916
0.44914889297572835
0.458727506549658
0.467822542840962
0.3988112864800739
0.4000976037752766
0.5163515553834389
0.3482324610038595
0.40931417519702123
0.4405607750437985
0.36052598217802123
0.43530625367413806
0.3865645791366965
0.4179709764003539
0.4305035237876421
0.4476974302220919
0.4099293719428806
0.29356223615328564
0.34633186990760634
0.32184408660275954
0.46842629576400596
0.29947497587300814
0.38482411390014676
0.3930522594979011
0.34584592751457766
0.2867499492650133
0.29328437607878566
0.2852712362354361
0.29230488255139386
0.23752164148046379
0.31964104720700826
0.25423239470405556
0.23279936100248394
0.29861872742203804
0.28881592001966616
0.3392848492348652
0.17624330265281493
0.2455988727845238
0.24873419594498866
0.2708970397597344
0.16038545828082534
0.23284138733974077
0.12956717757309769
0.19572794033568267
0.1816062178444376
0.2624525997776334
0.3667287637790628
0.24444932546050538
0.2899665558024578
0.3303423118277207
0.39917601311146933
0.3162994307529451
0.4767342352286375
0.6041983496628258
0.6310302678749344
0.5087111170507524
0.4145077842803047
0.477254428375629
0.30913415635080493
0.2886891413673612
0.2974081211521672
0.29199070321642506
0.23546465181896498
0.22938351219136555
0.27305703661970265
0.22603515290574008
0.19424251272781595
0.2220915759628365
0.24794981743129282
0.20001253379987172
0.3933016647254707
0.3744280471254811
0.29874420560675286
0.21799215408724987
0.24792471904907037
0.32495043198119977
0.2908019294389063
0.24320784034922174
0.2824385465935074
0.32012873451620455
0.30032546427556106
0.25527674255425237
0.23375353653546677
0.23429844923739263
0.2715568271805744
0.21115000921117155
0.2505219627027397
0.23243671503961133
0.20374867840248567
0.24375699335428566
0.3548713420977292
0.2793597516908535
0.2569787363169961
0.33451245319578665
0.26225995569700516
0.23936438356347492
0.2781856075884885
0.2349761781574816
0.294672987140977
0.2743289557163795
0.2773559300219704
0.3632919708945392
0.3244536714212002
0.3229929309976997
0.3982831024866309
0.5109079137476115
0.32092859011589314
0.25896945929007187
0.38516649442378437
0.28965794633999203
0.32658683552456175
0.41427967518026343
0.33795349540209085
0.4345918180792601
0.4500352448751447
0.29645439103789084
0.37115839231779113
0.39919325795385574
0.46888614729075556
0.36459410361934425
0.4912271193269848
0.42257956012830716
0.4745235030180186
0.4811769156264665
0.48777419289670326
0.44915920836035533
0.5011486035098788
0.4021252403329732
0.37022194820756243
0.3889980145883461
0.5632289244050435
0.4930615722233702
0.4658726198369471
0.41035671095861403
0.4977974081417467
0.45563751448108847
0.39443472809940733
0.4529518298868843
0.4828935496784322
0.3890566743293641
0.39578269442433267
0.323415108904308
0.29710704240562713
0.2496628791592425
0.38742233024276057
0.32867876330235735
0.3772584308458044
0.3919826224216719
0.35441611073308493
0.38124728468641567
0.4149890596406977
0.5621035700821537
0.4138098918804726
0.4207032743304967
0.4210549393948437
0.4421437651938751
0.5376302815212325
0.5921109704067276
0.5757037366816447
0.5866728665036429
0.49380159984307065
0.5637891144367301
0.4544547564139358
0.5070230108957606
0.4833400214070135
0.4671479444132414
0.4354069829657383
0.4348339789702236
0.4627093962693945
0.4517948642279138
0.42602094232401033
0.3709198931923313
0.5072065560287182
0.48623860611518605
0.43979526636225724
0.46678192467552276
0.4870834437816049
0.5007098657717994
0.41699514813846694
0.4893279102057805
0.3799369714175128
0.41290383364103056
0.47820218831429795
0.42038546678905575
0.4667384611904564
0.46179466522930207
0.3664916565906965
0.38913063926805647
0.45686142707984756
0.42332204715282284
0.41804952961246944
0.38233027314754403
0.3408973082327653
0.370351325701464
0.4007014756818894
0.3401174930609457
0.27237482965131043
0.3942816110297974
0.34392057694504524
0.46197366623021136
0.4168776778044702
0.4155141814822018
0.41034480261182527
0.45751063286367183
0.39474879319648387
0.48531314519906876
0.5036047697889143
0.4412177617289754
0.49172395848409567
0.5201842644219151
0.4987495097080136
0.4605352557435576
0.28333356958238476
0.32103320464768886
0.3671889995570878
0.39498560591751625
0.3583384363943334
0.3929827595732185
0.3595606865256466
0.38192364391033595
0.39768027457931066
0.3684549376893738
0.43386012487133435
0.3316645762800805
0.3980594029895743
0.4458150568183114
0.29069789025481324
0.2960245680051084
0.39357153718125243
0.3413393848649608
0.2543580011815007
0.38185749004411224
0.28836018031323646
0.28001962346393133
0.24242674630053243
0.26637087207992644
0.28215935864613895
0.22603940156216368
0.25011563993266117
0.366600082836655
0.36849429243494497
0.38117638131684495
0.30716852190859323
0.4060506716596204
0.3680328075172766
0.4652300576601858
0.4340536933843695
0.3098741759060397
0.42389312363815584
0.39905778408977804
0.4549023535933354
0.4428746689839817
0.45187986983881934
0.4258816726083705
0.37154210304079116
0.4271448764820276
0.39926754649026297
0.3351244127470877
0.3163020884504146
0.4075974556151893
0.3306300198393534
0.282265470105169
0.3350256014375538
0.2606017863175781
0.3301596474264213
0.2537518856206336
0.29919421649048944
0.27995619787583936
0.22319119256416087
0.2768080736751456
0.29191397334901004
0.22495906780815625
0.2790939251523591
0.21797610486948155
0.28711407923778987
0.22513622729132562
0.3463183069468199
0.3123891722761301
0.33510708874464346
0.35241601479213996
0.34684544416281876
0.41668917085755547
0.2902764143899339
0.38282201936022453
0.3240827571149253
0.40758369016264656
0.38003646556443704
0.3293648250404146
0.37130158527398216
0.3230773502610416
0.2780654516577237
0.45681402720227365
0.3691983405297586
0.33416247983115693
0.3186276285048468
0.2947535983438627
0.3302877193634028
0.4451433293583452
0.31396992911607174
0.3590801928340739
0.3527863060505046
0.3381729841215186
0.38406662958340826
0.19120609869190042
0.34266891308103725
0.34798076427377983
0.2615769375708257
0.26898126176236903
0.2645127925636671
0.29597297212597373
0.32649190615128687
0.220376786936708
0.35676001335765034
0.3322487574183896
0.34877604101841375
0.3225180853795936
0.3016960243787921
0.26110064245562403
0.3116117034371876
0.2966840885895831
0.3705367464361979
0.2803492410163905
0.30267383099024475
0.29563919917732506
0.33180825987259066
0.24055965536467866
0.24663839710574367
0.26995076095886356
0.3423568085904583
0.3162893344814867
0.2915558171640875
0.42493007424314416
0.33069235711044337
0.37969821438939155
0.34673035324758017
0.3064288880871544
0.4232830108811736
0.4524460377633676
0.4300137713688111
0.34960246332750083
0.3261006124779942
0.41943172646825333
0.39430462835188707
0.3969482086388387
0.3261136289908708
0.3967278832795521
0.37944191384823023
0.38275968127776844
0.4252702084203142
0.26927612990669797
0.41540440775703114
0.3822868440225003
0.3686285804758074
0.3059415407619796
0.4223221313206941
0.4131201482542787
0.38629445786026506
0.3461722099923268
0.4181921458762104
0.3865719998826984
0.35514315842139316
0.4007362684764411
0.46528443562331645
0.5090890892046699
0.4190931152069234
0.4584727117537109
0.4922394836047737
0.37434204157725653
0.521903830364425
0.5105540391273198
0.4116917823623057
0.5059302652688618
0.5104416208899598
0.5838065407873975
0.3984890050488511
0.5515677322573218
0.4868343081885025
0.46482660335701553
0.5187619411784132
0.44113398810046084
0.41953126251370115
0.4719670230992773
0.39231215651206125
0.39946223257642016
0.5700775272171442
0.46808807684698334
0.4364835838094138
0.39963167883496836
0.4244186412552418
0.41611478420312387
0.40183685568673966
0.39958716739299033
0.39904317791393845
0.42973489316584157
0.41475555333222724
0.4648286153684027
0.46411280468073546
0.4365262907774719
0.38204021450526027
0.41728941214556675
0.411454406215664
0.4533992684244043
0.42258418245756074
0.3535116457471032
0.42651632423222813
0.4440130639375621
0.526731574731147
0.44163392152194414
0.4706404609477178
0.3594944021190035
0.43149672185933985
0.41937173819544665
0.42985622487017944
0.44964914769532266
0.4609279046799841
0.3642962324417019
0.34581384714933017
0.32886555776280413
0.4228884012124304
0.3312484455585615
0.3513679283163651
0.38937686272466665
0.3415151733557507
0.3913853304517459
0.3640443398515671
0.3095771402764262
0.2792905136125782
0.30828909520113856
0.4116200842660328
0.36050492932249567
0.35626257225054886
0.39305718720905086
0.3890206123912383
0.32426601066249
0.37803196344002765
0.3391446438994885
0.32617592695713826
0.38240058130527343
0.3885496761575886
0.4606106045329683
0.4634669485353324
0.39707869298246695
0.48228486866548215
0.43949178305698133
0.42888633242317764
0.42894496557064343
0.5328373917994619
0.42832735412826856
0.40369790141204587
0.37354522103201926
0.4270908415574959
0.5228768134383648
0.4274480187899939
0.4485518086379436
0.48651295934572786
0.5380969581415367
0.4173352686214238
0.47903875752510877
0.4269309920258907
0.4624681146653103
0.25216747679142326
0.26905625453559995
0.3666578272455091
0.35076514831759154
0.2648988238076325
0.22827347439657075
0.25673675611763
0.2648293643836121
0.33238221900149095
0.348955411882662
0.2937774374855486
