0.2123039359659829
0.27973299765782766
0.23222655964494693
0.21657699652316884
0.2934302987431474
0.25355219001573576
0.28060157510643907
0.2574613747812046
0.22732701943505532
0.2961577612967254
0.2878551939751384
0.24817142103213838
0.31543084585788717
0.40663533289065357
0.37116351712028045
0.3534466476861062
0.28028048326812216
0.2882125688305759
0.3083892059156467
0.2704594610156817
0.3076246917486396
0.25835645756640935
0.23516766692760513
0.2912780836621303
0.2869901211069839
0.2875641452196702
0.2863800107731309
0.265891176147316
0.22408926618285008
0.2937952845080202
0.1780262087793834
0.2363957196345016
0.2821666141682005
0.26630615633007343
0.27951901786256406
0.20403443010808928
0.28849203777497234
0.3297353240278727
0.3350260689040023
0.25271160724963165
0.2682448994006937
0.2575642872279235
0.2965695782685433
0.31676916168852304
0.29621046779739485
0.32308029798234966
0.32203470898664577
0.32120879023099314
0.22928440043844234
0.35860658188868005
0.37345710946161814
0.25608008226906426
0.3644080045687738
0.3415879628219387
0.3877443230927218
0.3296503078093941
0.4017726917754947
0.4460361384655451
0.368833776257381
0.41505685108941986
0.4611311313226948
0.4625567736170463
0.48495807828406706
0.4389930154074301
0.5183396916139241
0.4745776758833236
0.4614736394715132
0.49112021108957
0.48081290500937096
0.46523399969738133
0.4831685976515302
0.5125152683609305
0.46210958981038774
0.5483872688864234
0.46504541896693163
0.508851416211114
0.49814958481697447
0.5116860094245692
0.4369078127568517
0.5380281087215482
0.4990089047933572
0.6115790924183996
0.6082503478634176
0.5502953709369918
0.5919062419806566
0.5106569564195983
0.5427113422897163
0.6367929572144635
0.5809538310682424
0.6259952462453166
0.7642432845231483
0.6352394829383845
0.5778646425263435
0.7241950499448341
0.6995507808027884
0.7342083483672737
0.6339435214816013
0.6162157227257739
0.6888115508479846
0.6407502695115089
0.671198588944427
0.7200603361735178
0.7000021632895992
0.7469709969379575
0.8081151145947603
0.7385227995112014
0.7950672742386868
0.7035675701875518
0.6647536262714522
0.7764993535564422
0.6826431843382494
0.7678581003985084
0.6863528349743453
0.6781661559158124
0.6754474293435094
0.7323710639086833
0.7052723911797534
0.6977269539624708
0.7112093611957899
0.6748876232803882
0.6931757664480445
0.7332365435617703
0.7682318144487252
0.7036187950382382
0.7527753103563809
0.7213446859360859
0.7306416243656757
0.7516393014991117
0.7082742591215034
0.741227821828962
0.7908483816394959
0.7781791374857724
0.8060932850054265
0.7983501686347092
0.6958730312672049
0.7503632369561369
0.7830099636215533
0.7734662463642588
0.7493997855341884
0.7579762067022149
0.7221502135525611
0.7217521048664877
0.7231098430285109
0.7666617602051637
0.7395505266171768
0.7582211271457833
0.632076623446415
0.7417447952710804
0.6533682899139647
0.7261307261502433
0.6906601135104402
0.6789951509183826
0.6593327344042101
0.6563562091637403
0.6709620563328673
0.7128827043636926
0.7651335227196934
0.7223756937075692
0.7430749486505484
0.6883187917370502
0.6933635303103735
0.8112507004396766
0.8418426651604727
0.6924378648109573
0.7995542040262591
0.7564279407391606
0.7745534025500005
0.815206027552958
0.8010575345467417
0.7489283386554485
0.824833962484256
0.7984222549559084
0.8055240506936995
0.7559006074742942
0.8124992194126975
0.736768385938663
0.7533772893892635
0.719638234872372
0.7199825874793562
0.8361148965726954
0.7817243528256952
0.6963945918507625
0.6700332475952853
0.6821539767163048
0.7156620613139671
0.6464718359117243
0.684825787059947
0.6466601564464065
0.6823050665349162
0.6848529591940036
0.6066196705713427
0.6544643781439894
0.5925431990206201
0.5954035369561399
0.6328495408372933
0.6553152963623928
0.6483327948868994
0.6481105411594084
0.6483093966908903
0.7175769669341459
0.63186291330192
0.70366232725603
0.6915317466101916
0.7540017431064173
0.8251650315476007
0.6780673024131244
0.7615413640321145
0.6691384006353995
0.6430079145249133
0.5650949921242039
0.6130777522416195
0.6513240252194344
0.6167674454958764
0.5452174409120332
0.6331428437676428
0.6010922478870857
0.6745110272871919
0.5919114967624465
0.6059859971286701
0.6442657891849035
0.5480571797716451
0.5311611473598427
0.5626998475736547
0.6340748382542484
0.6324124804783544
0.5356187717745378
0.6612627955116626
0.5364200684612445
0.5863239748660564
0.6317380581796563
0.4944346074971034
0.4569759309826549
0.5615972265975016
0.6191093785460834
0.636499378696484
0.5799747975845506
0.5802132743349081
0.701858766367743
0.6264245032965411
0.6121328084346702
0.6438617432711835
0.6797929911058783
0.6518371224775632
0.709564783586165
0.6891354198180284
0.7461845130863519
0.7924058006299991
0.8207872571827445
0.7904749233873718
0.7385839971892406
0.8128344842244113
0.8277644715535369
0.8992634752016428
0.8881522939313288
0.9483151862299531
0.8513736687395059
0.8022178746400539
0.821953597903517
0.8581622767267448
0.927463349557138
0.9713971982061121
0.9026032839403098
0.9365641615790209
0.7922299508020376
0.8626782593873575
0.8458276274722518
0.8588319986438743
0.7554501067213096
0.8263395688015218
0.7664226835386495
0.8402860732993318
0.730018918357839
0.6736919999080592
0.60714637973284
0.6823579819251455
0.6662810351616687
0.7052253389896423
0.6680640658709552
0.6521410300345659
0.6385557963657205
0.5965463449853444
0.6073364340508687
0.5575524353840092
0.6538156613547543
0.5978510585482109
0.562663453148769
0.6401256611427862
0.5881460433693425
0.4942007376777222
0.6325881859159886
0.5905176292087471
0.6318710731877776
0.5899567391187522
0.5953123947764651
0.6111945740137927
0.5196773026438558
0.6462247261589801
0.6087990593256024
0.5644004402013982
0.5626460768356489
0.5136478147821276
0.6172747114370303
0.6367729485264169
0.5882121470202542
0.624249561324595
0.5540462574716132
0.5927004001415114
0.6367987159698018
0.635491552901992
0.624630216371764
0.5779674447746577
0.5767101520736517
0.6299228691058733
0.6097060240787948
0.6383685327389163
0.5234102386755985
0.7023675319160526
0.6465502284987923
0.6379865635198849
0.6889775704065559
0.5951394334879957
0.7524989784201105
0.6729522175319879
0.6809016387290684
0.5940886361792671
0.7017386603679453
0.5747656871148681
0.6682143362561355
0.5651270431121372
0.6393773443455414
0.571481451794461
0.6485070157427675
0.6115643799968765
0.6313894255355335
0.6115418312850772
0.6361628730074905
0.5988088677532071
0.6455173004092506
0.8026240101823179
0.5838671642850862
0.5346495861509358
0.7283925214693758
0.7144867357768124
0.7112468521076283
0.6436419372162712
0.6894115388335367
0.6859468991598183
0.748201184202977
0.6073723073512736
0.5992016724768259
0.7071048554201329
0.6769769612113049
0.6615825270025304
0.6768601116898028
0.5592831011453803
0.6901947313919201
0.6807742435830519
0.5888484997463862
0.6942011759793247
0.6835910100881784
0.5898171067092601
0.6358799976973772
0.6420715839308136
0.6359523969864433
0.6038107044421471
0.6852091671996893
0.5820181570909885
0.6734627476473685
0.6318354150069718
0.6974515415067367
0.6411592822326045
0.6307761840571208
0.6416359465861918
0.6234167028912924
0.5801137846352449
0.5880518015617785
0.5849773873753248
0.5404045298045529
0.5487562279506076
0.5520069126759256
0.5395793017037501
0.5168737024843315
0.562969619644801
0.5215432636811007
0.5371517873338342
0.5454656665747943
0.4278176416424401
0.44762385487109785
0.5154167681674475
0.5123968477700549
0.41403948343971947
0.5882172860698984
0.5440463818525194
0.5120724705020823
0.4324335512048999
0.5765852002025392
0.5088121654963524
0.5266708020447312
0.5793114577931828
0.5879255615383805
0.5180655717081504
0.5975257046299278
0.5039973626557007
0.5400232033790092
0.6339117790638599
0.4951625835818435
0.5751571131673922
0.5712216481529926
0.5247930336900308
0.5379428704204848
0.5512512415002837
0.6066078734418341
0.48226334139505334
0.5715093389171687
0.59353940469202
0.566531582430327
0.5511107185616154
0.48282178088068606
0.5800008600386297
0.47128706503366724
0.48682176968127383
0.5117641649036632
0.5034556317695426
0.5031417785041825
0.4395210171188879
0.4767266268634085
0.4249152681645011
0.40958622408387857
0.484971201679044
0.41266177177104896
0.47567437795547574
0.3788594937138608
0.404577392892941
0.3931456445735198
0.35655227217163316
0.3983882393066942
0.2831906417301297
0.41994756696141744
0.35492720279464623
0.2840522206455417
0.43736698609129754
0.2276626695563886
0.3919985550412849
0.3608687123106431
0.2855062187814552
0.2652436482328544
0.3115890586492401
0.30816354875422225
0.2903119078072597
0.28455391268029406
0.2734687611013807
0.2465526911967607
0.2810811983623176
0.19421114484877028
0.20943888489563714
0.2699972951367315
0.20478186480503507
0.25554347797247134
0.430372594768649
0.305234559448107
0.3040824488705056
0.36013316841368215
0.3346504891401909
0.2858356823269728
0.2849932124086086
0.36420810898716766
0.26119970826264194
0.3338191005564437
0.32082647234963346
0.288281995657853
0.3250037427878497
0.2931902471853927
0.3536521162212843
0.40153971248528936
0.3299649631373693
0.37818551704622366
0.3031252674336075
0.3758545120716617
0.31542113901657376
0.41615834670055496
0.33599104265442725
0.41156593274260445
0.3384293111719443
0.32566418245918155
0.3716244832402116
0.31339204622730354
0.39508779159113533
0.36338986454076416
0.23854148680786938
0.4268218761050075
0.44640778890679456
0.35050845074807824
0.37066426740760255
0.36904976183218624
0.4707219019428136
0.4550142229603019
0.4459802583094581
0.3783581620685701
0.4008088456622199
0.37834438649839913
0.49227785540814195
0.3727856336051321
0.39748411838329856
0.30871051888371887
0.3328820044737254
0.43194177790609867
0.4706238168605274
0.32184880753965533
0.4037519412436619
0.45003595355797266
0.4198712291879667
0.48293552601015105
0.3844088263476316
0.5207704730898501
0.5239177824032197
0.48926670250869475
0.5044220794740193
0.5381821211616323
0.43267758405107537
0.5408819802425364
0.43451887332564754
0.48074310621208816
0.5672597531121832
0.42536472117143037
0.5567757367256255
0.4633025536887947
0.4191461848865222
0.5338500727214187
0.41417207040747944
0.42431313741183285
0.417349746765752
0.4185298305871954
0.3061891461834939
0.3161382521845524
0.35999099451454547
0.3185055861319379
0.3188291806870652
0.4578038577899813
0.32989651054168123
0.2955255134336803
0.313227930275626
0.2707202320356958
0.37630658294119024
0.263931978977472
0.29374624229670276
0.3151941245127779
0.23568203907170007
0.24574195775927668
0.21537903344118092
0.17639640695444797
0.2507826164263186
0.21327393787134885
0.247363373584568
0.20803708815077857
0.26589865168165766
0.2496823437352907
0.2322379803701277
0.270469980217499
0.17722866030432555
0.21598253985986604
0.280002413957071
0.38547194440236515
0.16300652280738304
0.19452104713301938
0.18120729201643454
0.2347101569037648
0.22565496236718985
0.15988697645569858
0.15406362737145718
0.26085597202644834
0.18580071674332352
0.17523870869106342
0.0810870318048354
0.12201037199697802
0.13175140585605538
0.2638834330437718
0.14700057734875496
0.19815038035637175
0.28932057695853464
0.1615932037876998
0.2260053227845034
0.34074653808431943
0.2939231453311659
0.33181591608274585
0.31133404887658017
0.3248149689261754
0.2662647757846896
0.2756860644101649
0.15393207851151489
0.20878933247486808
0.21913045803133152
0.1767525323937867
0.04460677793702899
0.12158184305413483
0.1698797597245273
0.15595878372976368
0.07379668348171431
0.09804318567367676
0.16469263766620904
0.14718394034782617
0.0597903346170342
0.17213363721316055
0.16525143783448165
0.11166201878845051
0.10014681919982663
0.19523419737287004
0.2434226260463791
0.18037567541324145
0.1264334818095893
0.16020998080620114
0.21056327725789603
0.1471021524991708
0.06718940735407936
0.09381764173772308
0.16773488931037508
0.11416366971227156
0.14507457390267822
0.19837544210925626
0.18415995539936708
0.2114264283421003
0.24285039402287958
0.22902497100246433
0.18969968182528604
0.1970011892852233
0.1879882093130852
0.24772710337347698
0.2290604372247587
0.22076625128525718
0.24244864285259232
0.3064606949886119
0.21229597599109884
0.2893138822313791
0.2988510363252934
0.2868234389287405
0.21733648330482808
0.22915905882338802
0.29442436787747067
0.28787136385943235
0.27847687547130245
0.27212015848604815
0.30097594924766485
0.306492118208447
0.2634729521955436
0.247332351212804
0.35476845537795043
0.31742023599800084
0.26131106303589147
0.34237684157402404
0.27431647268180454
0.30755864270219185
0.3083706352673067
0.31803445412672393
0.3539217552627636
0.31689011167543707
0.3079063305791477
0.30363828443416857
0.2727965580526955
0.27630068126141616
0.29532694375106955
0.3806065276213712
0.2769734777396877
0.301602087274322
0.3024727041446884
0.30001450573080074
0.2531797560187532
0.17714508597351902
0.25375459809897893
0.25170066474961267
0.25049578947544326
0.3834565632703902
0.32450944045948316
0.2677606089290451
0.2495102976396242
0.23588809825127044
0.3330211472754073
0.24351327550322374
0.3450638817989411
0.31026022127399877
0.2758110878900844
0.34276876199850637
0.2789992208566008
0.3384186328842359
0.32480085825317373
0.4034990412189088
0.41141741666325354
0.3282221287895461
0.41154835743469315
0.32994470099665674
0.3935875625309065
0.41102229253257494
0.39263411985065616
0.526301202019424
0.25042218247489595
0.29057616790592655
0.46087967043706707
0.35438016486766094
0.44029686152891384
0.4173584233784152
0.31330538395909363
0.3562252489692363
0.32555932928186293
0.4169434855232792
0.4453308672100648
0.38646779752682386
0.3724520307480741
0.30870296389804985
0.28999504283086197
0.38299800854221977
0.4407244903409907
0.37464224474568
0.36852174069766414
0.32307463304407674
0.3524668981143444
0.3787574156160206
0.41475832921833117
0.4129109832459432
0.36412706753389207
0.4017820991351444
0.29808559681418356
0.27743941213288614
0.3895696451425203
0.4161319843983392
0.3828747651678227
0.33165594186132996
0.36035973003025334
0.3873501136784314
0.27126720036947505
0.3265278908020957
0.3458145722412367
0.3578797660571792
0.35154127182752976
0.36118840224348264
0.3286949591035287
0.3614615125163839
0.3772574749699734
0.3873280263560282
0.3925550229026513
0.3573832531642077
0.3150776850744642
0.40124902067443735
0.362142136269698
0.4526057858508796
0.38668173598394306
0.3255158633956683
0.4282286879217242
0.5804168610316833
0.24898026819689728
0.3802377316376329
0.34010432692221715
0.39577654114832617
0.3938248159946839
0.3584733678857676
0.3689009492762497
0.4243105885927303
0.4033875832468873
0.26197753199286533
0.29093196102762875
0.32999173816137845
0.3725728825202477
0.3115845308764129
0.3146702327950276
0.36104605573560455
0.2875980700935441
0.3460006899072451
0.25362162091086227
0.3211623550346767
0.2976888723329457
0.24906096556875584
0.209625571327605
0.33666205125795046
0.36783375816827807
0.33102238788882665
0.32212643679003383
0.34238776503211044
0.444840973550829
0.36862485532748857
0.4203484337226262
0.3785045833887563
0.3441233279710039
0.3641742633813846
0.4772084892687789
0.47528581405639403
0.4664540964972431
0.4223082747853766
0.36382863471572097
0.39135421650392876
0.26163128354821297
0.38570627707703437
0.3060760889969792
0.4091517070469487
0.34916706717269635
0.36404184425821823
0.3892253240522065
0.3131687514968586
0.30495250833557297
0.19022606632843075
0.2891942900266039
0.2591629705918974
0.25346439912089885
0.27366540167058284
0.2176662028683219
0.31710893998062034
0.36925661710086327
0.22637856628350117
0.3461527123994175
0.32622481916980517
0.3366378365602935
0.22209654220200906
0.37244586667369506
0.3241888730439032
0.40885731972325257
0.3223808276265927
0.2857560393343292
0.3512522291447815
0.368991098314333
0.3826199671798587
0.3191616621370126
0.3428558147069567
0.39352193199652413
0.40035553882614855
0.23777656864112404
0.4395014452665522
0.42881228980396424
0.3290441416769032
0.359159897496647
0.3907516492820224
0.36417660990743983
0.2995807370315571
0.4126676063862801
0.35763102330113933
0.40887528898954417
0.3326620668550377
0.3773498660893321
0.34097062271047884
0.24382530072840447
0.33323938372683776
0.3278254486148834
0.24186235446737658
0.3441108378412189
0.3459020390640774
0.27631988202328117
0.3217100495345311
0.32370849961797393
0.3323335982834761
0.34827480897746055
0.3065127800978119
0.37303482631661333
0.3692975550569113
0.272427541562206
0.3099813566434341
0.2841279581363627
0.42371555495447477
0.3335968659588384
0.3813982784216674
0.3482226492543756
0.35018855031319795
0.3247263631055243
0.4386588862952705
0.3538616974620696
0.3750366414276283
0.3938168389788094
0.38983481284800087
0.4117682465323673
0.38031033651800245
0.43085099510442026
0.3481448448563313
0.4207989854153456
0.3441484240360142
0.39925882759217357
0.4209055982489983
0.5186014639478755
0.4652852699907089
0.470537851110734
0.445208414317739
0.48851534801748275
0.5742916518379511
0.45425477799320196
0.48867255939961535
0.41557968333398165
0.4066723294305336
0.4524149872263668
0.4701358735701289
0.5026331551473626
0.42015487262530316
0.34994492095369856
0.49835136736760427
0.39247754026782367
0.42239210546398503
0.529967441373789
0.39858502353327796
0.3921548337498567
0.4764670683923182
0.46412396570716535
0.5300138493045209
0.4841861390093909
0.5497075883317721
0.4729317375597765
0.5285492421442793
0.5903846050388031
0.48921988486124734
0.5364616591055487
0.5710004465692315
0.6086269420242492
0.6131423804725875
0.538838577492295
0.5153774914331093
0.6211609474122219
0.6514941078631805
0.5193881716411358
0.57088766086585
0.5828035866000264
0.4734924990177793
0.5151607685148052
0.5937352665062845
0.5295726921448994
0.53690432393473
0.4892860431166228
0.4993793909501655
0.5731947093595686
0.3813913311946756
0.5116674948465846
0.5772395262261647
0.5987132300503214
0.5096389374742387
0.4689827892740004
0.5170875379625625
0.6056647026308327
0.5258749958551914
0.5285681470159151
0.5722611756867328
0.5925111011241542
0.5245601855971279
0.5323109055478223
0.5558334260998431
0.6413141742076774
0.6789800002685513
0.5894494900353523
0.6220147955815563
0.5970937213867111
0.6220243509962624
0.5524625598080127
0.5802188154053367
0.610053102877771
0.5882803326037787
0.5258891563685091
0.49917208821806297
0.4223673252986248
0.531242789095748
0.43337566034387526
0.533545210209302
0.44662617084797107
0.5108711503083371
0.41326328245155014
0.4467779423061987
0.5063225358002257
0.5091329670881232
0.4565915324146903
0.3671335953253067
0.48805950555533356
0.4906208921135117
0.4061309851732976
0.4277260666582563
0.5303746440851727
0.4619710883363018
0.47724006860607454
0.4304444938221902
0.28871392136482255
0.42515953518686733
0.4137171928685075
0.5005913384918842
0.4047671060246886
0.5409258562119196
0.4996033337513079
0.5323544198084414
0.42712661079137243
0.5346573454819006
0.5414204308296597
0.540657504223307
0.45973597517694265
0.46845025832382386
0.3617342772053292
0.48158088491070655
0.4634098903064485
0.5035003418312732
0.4394756657295612
0.42034585118801576
0.481697317019562
0.3419704960427815
0.44477184429955635
0.4087763511980864
0.4361353248722263
0.41754781144868997
0.3371606295922538
0.42596436760422846
0.45288074791140487
0.1739479101046638
0.25806589020975823
0.36122202686609983
0.29988041310908203
0.32562783992686023
