0.24804081404030517
0.2614042806967784
0.1869899559713615
0.2887754062221428
0.2737039128892479
0.2488975851034841
0.24331840790815837
0.30753795993234345
0.21804184583724523
0.24161042871223115
0.24902626808952616
0.2840166852242292
0.24486864292214536
0.2445332238373678
0.26126825438226886
0.1797343418126105
0.24471070809517365
0.20460032438095438
0.30434289381611623
0.24151299295297873
0.21530388360077224
0.2300962542902965
0.25349191802446824
0.22936016056794578
0.28451101718596267
0.2282792603609067
0.19635520514682775
0.16138664591086171
0.23188455843212366
0.16935230869204926
0.16378375483559918
0.17763932693193435
0.19683305053115246
0.21615873712682077
0.2019313040635928
0.3009882303325548
0.14315341246652685
0.23875318390458475
0.19325861044307688
0.1950125300302077
0.2007388090281967
0.20212994509953333
0.2176645826987537
0.22737487624341654
0.23969669556485423
0.16349742479776563
0.14594914087057825
0.2339206907510551
0.21613910526791993
0.208358760785122
0.21935223132535514
0.2902395697042824
0.21866850569628554
0.27158657663272284
0.23507407583796688
0.3156674424706324
0.24609160958924747
0.22199638945786482
0.3135082898774333
0.3273688556202999
0.3141264642249416
0.32853452152507734
0.35578195048039896
0.352675316182736
0.2919735212127666
0.32348252941946876
0.34870331733441506
0.3600007635441967
0.3739599494074844
0.4336151947416099
0.3197140555905486
0.32923316446505796
0.3638649358765075
0.4063338883329145
0.397966841839966
0.3465769238722816
0.30714450329401355
0.3176496350196075
0.2967772363662411
0.2906719507074377
0.25866024095700235
0.31232045564307126
0.39054423781779446
0.32050548312945726
0.3529775355560214
0.39774656126735997
0.33564248170952526
0.39804142477925547
0.39869885368589153
0.35614987128929687
0.2970482475576106
0.4091872732414731
0.39002865749118565
0.4845650432402695
0.5941706967644478
0.47051806907578037
0.4755582537223623
0.5221047081320976
0.4668899760288577
0.4536050517510879
0.47448619476903775
0.45054009183065075
0.5118601069414989
0.5587353312386321
0.505522277968554
0.5278469533501972
0.513190657419748
0.5364058451429213
0.4539558458394626
0.49127473607232
0.5221759240535752
0.5204651319396176
0.48822504221546204
0.4695265413795402
0.4688594259699795
0.4656860900130877
0.5371476977431243
0.40825077712554625
0.5481522640170012
0.47680743902215056
0.3932173438678652
0.42332026663696043
0.4123535184564877
0.5298636379477802
0.4546988746062312
0.501042240238673
0.467751243277955
0.5226731050859997
0.506797693228862
0.4809029401802167
0.4648052617643048
0.4587225862206013
0.43210858803565766
0.5146737576656294
0.49475180258371976
0.4475567622081872
0.47128215556239295
0.4641024492174419
0.3602698791310501
0.4289957692228156
0.45112913677424077
0.44700705859011075
0.4633088910817218
0.3926053660864228
0.39427688435983343
0.5218511888031255
0.4707051157123754
0.4073098053102089
0.48754432135454284
0.46059903223665283
0.4300821084771675
0.3997487245461768
0.49346680445811475
0.46719174469897146
0.3903589939938862
0.4782735595683295
0.48348939553281334
0.43826908820723826
0.40358878305371493
0.4922707009051325
0.5232023101453862
0.5267309809648527
0.5069817391946084
0.5258843941062293
0.5207034743815738
0.4885518309370466
0.456270705532673
0.4293505449242363
0.5038477566141172
0.5468540725803711
0.5015847494772445
0.5836448013606511
0.5372824146082587
0.5685001456470196
0.5094930042432138
0.4852246654083291
0.4931364631350595
0.44382059680716085
0.4935690465931154
0.4846707246984036
0.5003506012741836
0.4452012163104802
0.4642261226497818
0.571624162144009
0.43569250494122513
0.5106297451271153
0.3653032236942032
0.445571053210402
0.4940302099346451
0.4270274761668404
0.46209461238105226
0.48761533241094235
0.5487152766346173
0.42743439123570803
0.4599198828113909
0.44780039498951113
0.37177227718524636
0.4442059841715938
0.47731161438935676
0.4288573310437933
0.4942231928381482
0.5049149889462033
0.4663769986938285
0.4294807282457027
0.512353347333893
0.5164943887937163
0.5238853206748246
0.499262341108453
0.44874942884821334
0.5283271088895489
0.5169930761870087
0.4684597727655836
0.46397330227225253
0.5273065722982598
0.4591167104780678
0.5087792808233128
0.4538803494429429
0.4562351192635308
0.4992297000760797
0.5523213623518048
0.39696268963456455
0.466670596862595
0.4531778369631649
0.36469999726685887
0.3876582504397007
0.47003694946547325
0.49376453849128005
0.4458583993790226
0.5584817661162899
0.4633092791202814
0.4317687265119175
0.3879469487178362
0.4118237349545279
0.41529868050982577
0.5130714500461091
0.5346168789253655
0.5524438306954504
0.5405128042842928
0.5534027004880754
0.512707653050723
0.61375635015462
0.6072060037904378
0.5924809840619307
0.6084676063241319
0.5694343906572654
0.6166955928122919
0.6893998398003294
0.6982514982506209
0.824892437398414
0.8246926746659169
0.7907657981945939
0.8077984519045004
0.767821369799253
0.8841946640504351
0.9764152814694331
0.9343057973298222
0.9523821277441253
0.811727004895215
0.9151318166986826
0.8491740008766298
0.8715612974871828
0.9137389342128102
0.9609491370142944
0.9617223363816132
0.9129645779603448
0.8663739353583675
0.7595200705352873
0.8615574778380574
0.8659500478203296
0.7572357670710093
0.8721946246199331
0.754361804067907
0.7379206898351877
0.7307753333383785
0.7194184883068556
0.6763200891032939
0.6194838715990529
0.66286107530257
0.6426020062991432
0.5789462473080126
0.6037176793404558
0.6329552255080063
0.5690771999581014
0.567567149108661
0.6027814603949287
0.6359802078160991
0.5722533630530701
0.5577487926095863
0.5927167837667419
0.7024708993977014
0.6171950924353642
0.5950005545818171
0.5655478928518043
0.5617305382152665
0.6652836385927436
0.5316823915476814
0.5456220814860729
0.5160403089635316
0.6522574637288789
0.547662590687142
0.5001331237378805
0.5782932699990131
0.7113126086357331
0.6878327448724562
0.7018245091035051
0.6834289145414244
0.5997209646050506
0.5668730927362507
0.6205367479505417
0.6153089237637273
0.6597979977306734
0.6754579156274986
0.5963581617114303
0.6966683973347101
0.6315831573140617
0.7109665529561042
0.7732126714979797
0.6598000078186154
0.6789501855378656
0.6402976091859764
0.5665868407881647
0.6582691932909723
0.7777302863035258
0.6626064039088064
0.6687419756156568
0.6560554598206316
0.6302272107966691
0.6227501078433872
0.6062156329793441
0.6798275021581933
0.6257602314078795
0.5418118224117672
0.6006638954125696
0.5450085660114566
0.5965764779894648
0.5832938771226974
0.6069922475680226
0.5886514146463877
0.6356600567230427
0.6703874736139804
0.6310025913745245
0.6617648398598606
0.6207401958442661
0.711815386100054
0.7567350237964043
0.6320780727797409
0.7135748589769058
0.7022130538003171
0.7059962730945005
0.7166349889018562
0.7158329011483578
0.6938316161381815
0.7222905279884018
0.6559309548770929
0.6585039011854265
0.6768222953555737
0.6627876733502011
0.6902806487676931
0.7476851378966122
0.7395017662020921
0.7320616932142081
0.6713050667086488
0.623471874025234
0.5343550493047579
0.6092398874138656
0.7540535568409727
0.641896834188617
0.7228879193762885
0.5203508051751907
0.6570075329130208
0.6389560008138686
0.5532142101552247
0.6069519253003117
0.5481137397416223
0.5796583004749832
0.5303945518229352
0.5239010326212207
0.5103479736987946
0.5007537612866799
0.5919911251484128
0.5307007769110405
0.5202720936020346
0.4673135502438352
0.4853725635336016
0.4578630157363856
0.41966030140425126
0.44047421011376947
0.403042815210591
0.4483401542156822
0.3859603383137078
0.4422626701940738
0.46263365819471636
0.4316519534174411
0.4424808635530613
0.3999932201710059
0.506785753210079
0.438759925652776
0.5032748694997402
0.4438295216940307
0.47970360457935635
0.49601428483216076
0.4277681742920742
0.4890853020104109
0.5279909759102288
0.48169331206142907
0.5652316149138114
0.48359509627236663
0.5453420839483102
0.5589558938019925
0.6008347625283552
0.48664825596430933
0.44806262951992015
0.39995860761352864
0.5146463467181892
0.456256948240139
0.5511045891175381
0.43236079622813023
0.4262880433847355
0.3548086148030878
0.5214494700767077
0.42762372272046745
0.328497390332229
0.37973636371042174
0.41076340392437616
0.4331432169341377
0.40542797495787125
0.3799529181487851
0.43967921551232586
0.3713004801410783
0.4143864789819757
0.381247491909155
0.2628008531642327
0.3007054598857065
0.2841899087704475
0.3677250687515151
0.27001561144199904
0.3535794122840282
0.2703692979842578
0.40884155498667873
0.20785914571455275
0.2658951772398658
0.19895749367774318
0.24002019849160497
0.14107765490318533
0.2887688794617746
0.2264517146749097
0.13409962714073764
0.19204870211706607
0.2489862140745586
0.20651933895004285
0.15153292849423058
0.2299343065179729
0.13786327844572097
0.19559750177401108
0.2138841088376336
0.14615658917673208
0.15366592584240882
0.2547900448683443
0.20765757775919155
0.2737112545305912
0.17795827751563348
0.20149211286320834
0.2888817606018039
0.2135096516276579
0.306121110642519
0.35236070126714103
0.17804143538403594
0.27289660252236636
0.3745901071569687
0.3533853881838932
0.3903844690868478
0.3419291570775751
0.328066624147924
0.38069017478172584
0.2852470212497145
0.4686742857836988
0.3262661541536925
0.31789072144852043
0.3334693814197786
0.4084138087546416
0.31151247524687564
0.34098268740659654
0.3406957148154713
0.4154169093514448
0.3469683400544344
0.3040263893214488
0.3829719400881961
0.3075649493397585
0.38964702518312405
0.2822670866031206
0.3493403922930046
0.4311576766487698
0.4321731463241348
0.3499929333598967
0.5731604284929049
0.5048685939955443
0.3598540271244256
0.330865025679717
0.4980210804719185
0.5072493604714807
0.4594442222528689
0.3927669058157146
0.41975223039020626
0.4539345109492189
0.40600918803003716
0.46746157851868664
0.4669030729327872
0.48422278841038247
0.4109055031628517
0.4634389297925449
0.5259162735225479
0.44405247997371555
0.5081435483335286
0.5449875685460475
0.4649822073474643
0.4088377830590656
0.5359189483374139
0.4965159126418672
0.5510629195606671
0.4849074595520415
0.4183241231617999
0.4436701390735018
0.5002327098573989
0.6015854122760265
0.45183637199661175
0.4736190587379993
0.4767739038139659
0.4130094130441982
0.5090295681044066
0.447093530934458
0.45911348566072196
0.43846703125580705
0.41065994705997155
0.40941265374943336
0.48243615403945
0.4336748297607354
0.27943309904320296
0.3745206434344526
0.3911338395123613
0.27931244749127293
0.3095741500955322
0.46098405084394534
0.2926383686454046
0.32453202188190405
0.32954612358878693
0.3138313999452697
0.32182286198827775
0.3615556798457255
0.35876657195794276
0.2714169550966117
0.3674649383059664
0.3315988596197482
0.33020120980300127
0.2930688166862943
0.3525742429837687
0.3401435795694276
0.3795428722594897
0.18514611483502263
0.3548647140919842
0.3785722456215633
0.27193307000056544
0.3603737818782715
0.2667701651468008
0.3131626222363641
0.23832178553075073
0.1566497767862415
0.21868111068301005
0.3152080506094832
0.23641047678080895
0.217129108285944
0.22128836249222175
0.21159060548524558
0.15153845478996486
0.12584310222415507
0.23021119034756735
0.18456398613646685
0.11982977712463042
0.3054278522798422
0.19483908571174058
0.27122302668051906
0.307563118569014
0.36002644398427197
0.3388554795455234
0.43733024457853487
0.37723502618247995
0.3822543724353603
0.29898506104569594
0.28429118731652825
0.30445778697222964
0.21463025637394306
0.23343998954754266
0.18418192746802528
0.17386621953698467
0.20484133464826185
0.25206346348950015
0.21288103301745387
0.17097172784797526
0.18995619840021102
0.13529398066391807
0.20500011809869204
0.2057714570500846
0.1553475082935409
0.18924555952533195
0.0578757342424651
0.16257852418186408
0.18855876284823386
0.18603481351806797
0.20520790913207054
0.30980945812415606
0.27806914398838367
0.191622430672573
0.22521187941728274
0.23351925883574645
0.24034524827020365
0.023136430356646972
0.2593526133384712
0.1713499519241916
0.19990472520579422
0.18767805245712524
0.24451685391254457
0.0775708863297197
0.2803628114738519
0.17195384524761945
0.22262820661448118
0.24938133228918025
0.277131638972202
0.19504333450741104
0.316677928622211
0.17707137682492002
0.25928362393886517
0.2031445174658566
0.1789952688699898
0.2957079327277071
0.2589367427734808
0.23989718038649702
0.3394156144113375
0.3305520304033273
0.20553285093472223
0.20066877794992338
0.2735521201583332
0.2651099648253892
0.3282077617256214
0.20138358763677333
0.3138568232194176
0.25721957887356117
0.3327616858535265
0.3011915584404629
0.22970012187302985
0.2851882922162694
0.24459141781143262
0.2885644754506803
0.3475492279936705
0.3409443851085551
0.3372219360270472
0.3719370513725936
0.3142862156026111
0.30191418457360175
0.3173161845677209
0.18009818580645573
0.3420743172413341
0.2474061391363592
0.2918606340472938
0.3044680205854215
0.25222563757748057
0.32250096298637565
0.2784741668269836
0.3476597755999522
0.17420753222853053
0.22989259140874918
0.3687831534963407
0.26219686367472705
0.29298607047618985
0.2645394893345071
0.30354056480386143
0.25378513924149115
0.37068654529559647
0.3604840667752178
0.22806859615506328
0.26551471531394416
0.23379092414925923
0.30288023428466726
0.34793246547987283
0.41927448502824316
0.39824819871777595
0.29380530109839975
0.31471973179931645
0.36888339277393145
0.4319772984427699
0.41361473536179966
0.4536770485700393
0.40980233846015013
0.2640369598774396
0.3650043327758914
0.3205655254685614
0.3750438206401903
0.42895405146239673
0.374752512139943
0.3226577088728415
0.359858538976497
0.4199997893504962
0.3452448573924551
0.29755425706980954
0.24007873157762838
0.2401390592817353
0.35366592319121365
0.2753958923635988
0.35882009476721083
0.37915323334214335
0.38002207577877295
0.32895478777158904
0.3302384880166703
0.3365954224657744
0.3693870041596288
0.33178315142358816
0.3071998554279195
0.36881149959260767
0.2865946073437815
0.40215335852675693
0.2551335635952539
0.3406029208168515
0.2806404318536563
0.28083189273013853
0.23070233581377542
0.36618968693772064
0.29488620202849203
0.2660004521010746
0.2708528509096564
0.2551394586481286
0.26398963387525526
0.2868693251469569
0.29079099925038665
0.3507864770345524
0.36055791220022637
0.3848605550898825
0.34593706997916307
0.3172058056738564
0.48464563475178857
0.4964866916512082
0.4866619481820538
0.41880982933967736
0.4273579307682329
0.3523688645379562
0.3580969355028336
0.41689090153697494
0.38681512700598464
0.3854082341589524
0.3088833067305987
0.47898557658263935
0.28283748400425524
0.43251968717247197
0.3188652923417433
0.42181817419325696
0.40353528434622077
0.3187052903056255
0.29786083958722137
0.36641956001633325
0.3922375609660396
0.41260379609687203
0.36877164489931025
0.3320333760400699
0.35059523668930126
0.3818342110315651
0.30930734779693636
0.29520622634621785
0.33741134463748307
0.41535058609006603
0.39087849808928365
0.2972460455135006
0.3471026534558738
0.3220615097997089
0.3444197910077342
0.42036437929424314
0.3583140756143024
0.4669207347126907
0.47633756288936113
0.3534682452621576
0.48692979842577816
0.43007386326032115
0.45767759596952784
0.5430665494324249
0.36961995985512136
0.5210215023493686
0.46613432275292777
0.5554448100469305
0.44358002977147515
0.44739779413816905
0.443181776880142
0.41543718858399237
0.4548922021651009
0.430920520014089
0.4213348155281559
0.4415331263697942
0.3817832647019254
0.44453747273908606
0.3938974284419538
0.3997977909374535
0.2816143305484055
0.40411143243060466
0.3151198694493675
0.463934780407051
0.3935927579182642
0.3210228228855598
0.5016570282869505
0.33280569328246445
0.5139909351300274
0.41710804887897585
0.3629002527360213
0.4413583716378809
0.42502007557255816
0.401868559915636
0.4147198065148155
0.4512571268342836
0.48782246787607114
0.445312589884553
0.5623966823233396
0.47902492513868516
0.5125996722833601
0.4921425879260428
0.4706958847329772
0.4840179884071431
0.37238981042556935
0.35997712934472437
0.4699390360090625
0.48647193220691604
0.3895585017778191
0.43044534631139947
0.5011181897485418
0.501116919585058
0.4797198515851327
0.42785386573894757
0.3576343790787733
0.4795236944780088
0.4279861073519039
0.3400225525118603
0.3939278858536132
0.3320565269989758
0.3903535421726332
0.32791570582936586
0.32266425370954016
0.4067046917139692
0.3363188955834511
0.5403131514558845
0.2569612456972911
0.28199121769922436
0.4641359434526109
0.3757834414161315
0.38057056466744543
0.37025606110204584
0.4315387408780208
0.4624405523721664
0.4249602858200443
0.4186247204857028
0.4297971025907913
0.3537134687605581
0.41233177142591054
0.4128018933967936
0.3407915437094587
0.3915576210025943
0.41655890924240846
0.43045609811272983
0.37529326917955297
0.45694109637330477
0.3842785358133802
0.4618901088296318
0.5417836522584495
0.45147414643688294
0.489267318606796
0.4909112186575109
0.36450414384208596
0.49254384148822483
0.4617849672512327
0.5157604729076539
0.5553819887732974
0.554856705072522
0.5310752076090649
0.4267277537373295
0.4100985348001416
0.5405393114152123
0.4503125036002025
0.48697648838214963
0.4300579271674279
0.442724383056048
0.5082585210254957
0.45963303795966715
0.4313903840959914
0.44322741117881725
0.501579181967477
0.3933496288640144
0.3951483032760914
0.4364065199925901
0.4184191540460539
0.44623993045963384
0.3851886115647734
0.4697467279552282
0.4928400257773292
0.46316545178461827
0.4876008207328857
0.5041038692939593
0.5121262483694548
0.46984394969072846
0.49208645248448557
0.48496649443699724
0.6124012592502005
0.6037776758861896
0.47565756026130374
0.5971506063451969
0.41641417085969246
0.567151188644054
0.4748979856267625
0.42559855188829926
0.5137279293428539
0.486576601390547
0.5272990718262266
0.45958839906425347
0.4185586936761428
0.5946813506884744
0.37274137697579707
0.43986146348574023
0.4166218654859754
0.41067506369255274
0.33757404125192136
0.4286585926366863
0.3876298778314824
0.41794116766635203
0.43107447009478406
0.46741658291701943
0.45251015154665175
0.5028477667850657
0.4660745961470615
0.4358012063516272
0.356357616529305
0.3312485909500442
0.5098000584323406
0.4322239102033462
0.35507563835596784
0.3187680778367752
0.4430764400773744
0.43017896145552736
0.4525559449170347
0.4877485790678696
0.38795224628773634
0.35753602455990047
0.32928493507536455
0.46583720331499656
0.3558579915770085
0.3658292256278403
0.45889470662862897
0.3655624479130539
0.4045770859326092
0.4025804491905443
0.3446224628243394
0.3095274635134091
0.34788198190429176
0.2894600797739793
0.35408064000428824
0.34005008878852483
0.20999049932175196
0.2941194033692641
0.33641166331113737
0.31416011030128616
0.29741636455494797
0.30279270387244644
0.3078623011187899
0.35340746781895
0.30304976616217955
0.2715876761556475
0.37631932748723923
0.28844118885181125
0.30973523381926205
0.34237742355989853
0.3853462781390018
0.38809960212309635
0.38086396038131126
0.26221962587202025
0.3385561981784747
0.3982054397607253
0.4600154752669765
0.42011044782493784
0.3183904657045978
0.35747036168712615
0.34537279924895015
0.40429746438251907
0.3172178806625732
0.420138379370694
0.4023741428264372
0.3252715390202176
0.34083761907059607
0.32613840752156587
0.37989643564168396
0.35168435969853695
0.3001958604142873
0.41530848029108774
0.30171254310783024
0.23469532441493784
0.3161465013792722
0.341386910548339
0.2860926078847218
0.3076183417584297
0.18092741384447347
0.3064889487823325
