0.3600171148185396
0.39294179051221656
0.43438269978612865
0.3592233028066574
0.3014398974581365
0.4336108082590099
0.433810945691094
0.41518421457552385
0.4066453489229891
0.3334250090305765
0.35511681034905684
0.38499653117861155
0.38187110457430473
0.3375955116506387
0.3349184148376526
0.4868089529209083
0.3939083035450328
0.41249925875927024
0.374196902637406
0.34832431489243476
0.3031668504534153
0.41958305863862444
0.3256103070896593
0.445323954164484
0.3912809835183728
0.35218403580029867
0.363061941036327
0.3023329859512751
0.43887909477249915
0.36599044179653195
0.2558864172930627
0.33971988405699755
0.2984792666741068
0.2983735781313194
0.26078825514282805
0.34540382656367763
0.3080716239373806
0.38156773719829107
0.2951668719424192
0.35791087510892705
0.3898510718674534
0.32544418888899396
0.37818609716796403
0.43913500916354875
0.41591290865822594
0.3436849504195704
0.23783340509748882
0.3731927759996271
0.3490532473418137
0.32196568519796537
0.2974280775833213
0.5188012506942989
0.31674609762336026
0.403891826353629
0.30851438262442776
0.39607265337358777
0.31961512529493313
0.2678631260415203
0.30791803474318497
0.3874858534136566
0.4230080143632546
0.45180890038149746
0.3560453121517294
0.5387605824077509
0.3375301613104927
0.4612655660616266
0.4047162357601225
0.4040581612503853
0.39516195553187017
0.3915974895176493
0.3459488971235192
0.4048843487998147
0.4115301468500977
0.47880338080277973
0.4428954153032649
0.36790395148688776
0.3835247265442086
0.4269965313451922
0.44806427951389693
0.44340913999742315
0.5869655352928291
0.5600168880739973
0.5757864592511108
0.5593120426439344
0.5487750987578146
0.5292686345183639
0.5904169690792516
0.6041990170596641
0.6135799361013229
0.5505184053799494
0.5820857387247989
0.5859878829755341
0.6641422168609075
0.6583635810137913
0.6246808518615745
0.7108421016566926
0.5622189433573863
0.6764067830482348
0.62831728031508
0.629322231468191
0.7211577295621848
0.573620822464719
0.6482598745323427
0.7891066870133764
0.6368509909152491
0.6829028963614754
0.6294893930878145
0.5517230344060537
0.5763735736755169
0.6105580521953646
0.6109762495641209
0.5325558005863139
0.5004155921900925
0.5001349224138207
0.5204617233617245
0.5832017760720232
0.5123298373021521
0.534211560206084
0.5285544481740132
0.5374462228371656
0.5929815088864508
0.5106511354544461
0.5069761031698146
0.43159217025730245
0.5758542907152181
0.42513273067146873
0.5179068098300834
0.4685833534656437
0.42803487582940225
0.5334391037540623
0.6021993628826462
0.529524674920103
0.551479158697209
0.5457863896587736
0.4959684389912312
0.48717231704774155
0.49316762529313796
0.5124042788196113
0.5626697707195236
0.5524103799002147
0.5016760677257012
0.42967642412826657
0.4705129519770672
0.5204250351794291
0.4986550756561201
0.4632491414197314
0.3705782403410762
0.3697383536252017
0.40023699328961526
0.39598911651354773
0.4069814209647861
0.39198213436529405
0.35785053677910916
0.27687071103568706
0.40535514014737567
0.40897091823980003
0.3653485203391194
0.5361635613859093
0.4557708405310409
0.42900198250673405
0.5222727907412055
0.557575449417081
0.40313364180772804
0.42908758017603166
0.45824124129899163
0.43193160268173547
0.48947511130052823
0.5300777402933827
0.6101198798280119
0.5403111640975242
0.4615962698319676
0.6034107560525863
0.4856695351592986
0.4684699332866811
0.48343755727186655
0.48830619504299433
0.41131262600737784
0.41421807623810114
0.3616693535551966
0.5275215287183737
0.40859872112693796
0.47596433994013165
0.46478557953638977
0.5598025615334752
0.6260774284195829
0.48869676560718855
0.4719186119319974
0.4671800026549863
0.3978292258825388
0.43578571885241535
0.49450993938293325
0.38919866837780526
0.4310283489455503
0.46665042011595653
0.35493676868956847
0.4587781980897182
0.36467731386202673
0.3476460900999758
0.3623499358938381
0.37811599806210894
0.3822172519573251
0.5010214949895786
0.3795347567509143
0.36298553906655995
0.4217551565362265
0.42544016594744577
0.4168355498633074
0.324876103880823
0.34779920188087365
0.3159802026577155
0.4230110738108873
0.3371671829474408
0.37940291913098
0.23860378101913948
0.37710726281278
0.29645879515870066
0.3657567234689963
0.3883381420248093
0.3305041634225457
0.4058112909737773
0.44274535514422764
0.293878946228166
0.2729726770796362
0.3404940173499424
0.44608676898883326
0.43192981053117735
0.3040049028469986
0.3521189461380292
0.2960526624804386
0.35295743709595745
0.4661055173269502
0.24682783445289885
0.40331153551413457
0.3105925906854239
0.3469059983931657
0.4240350427253059
0.3775916085043421
0.4014070077362691
0.3748464012828644
0.41909048221012435
0.4319192593855068
0.41757205118233526
0.4614303956516823
0.47637882771345635
0.47256098379198797
0.6379614879652938
0.6327017695719472
0.4876196035346301
0.43750113893192316
0.5492663691820197
0.6757704961370221
0.554199984600439
0.6725396684987525
0.830385992006924
0.7779285894343995
0.6243586561811703
0.8623583719324766
0.720828283906292
0.8237168749910456
0.7649658312588248
0.8124125370563104
0.7907226252825368
0.8249205352208044
0.6885741042545447
0.7482438279562217
0.7073436259791865
0.6458302891806609
0.6598202538667587
0.6189806576585807
0.7023974035217768
0.6447539967947973
0.6889574274537462
0.5472658021420855
0.6292925651222313
0.5543886333835123
0.3302136710628075
0.3836227661910267
0.5774018777915455
0.4660523874131529
0.45912809772445246
0.5415800091264733
0.3611590363204714
0.4374584637486193
0.4675967679786436
0.4424048705738429
0.46964871775564754
0.3555189825872752
0.4612184734664778
0.3538643618438141
0.24856894552821168
0.4068263896393791
0.43644807848249123
0.39456435999805994
0.3315952764767701
0.4315935249955237
0.5607372727707365
0.2876524582685892
0.43223597130310887
0.35596341304913093
0.6168306145885847
0.4573269820248739
0.4557556916817088
0.4554404506059757
0.4974635405801249
0.33946460282963653
0.465839303104026
0.34372810331694875
0.4721675099616257
0.5128032660767559
0.4394718969923056
0.5185625315070711
0.3570342309870852
0.5301413919706364
0.45046918286141296
0.5020214884719916
0.38441048438588843
0.5100204534510747
0.38557595609981055
0.3531259328922267
0.44845332159258455
0.4969208133350475
0.47853613720444144
0.526309491775715
0.5247928866605465
0.4503860471596268
0.45351125307448414
0.5675281166948107
0.41113805720782154
0.4758612978133868
0.5023083620227862
0.43242385743452666
0.5706518901595753
0.42889165773964966
0.6122681580238888
0.43406038988697826
0.3742194904662586
0.4830249644774368
0.6063228956196772
0.4616722907269503
0.554496989599527
0.5722295546874256
0.704758236680744
0.65055643472376
0.6598330342752866
0.6176722254723149
0.6714831672240148
0.6808884357359588
0.709739109171672
0.7370284612736333
0.5540567722302846
0.6165910933496791
0.6609352998406433
0.664389128114046
0.6251281875163315
0.5794733673780483
0.6403869093218014
0.5796790753267891
0.6693110449802588
0.6023404287810734
0.7725126618581128
0.7117563703539985
0.7476422942656282
0.6309321318313539
0.696317357615088
0.6060788631205158
0.6379674143519828
0.6834037108088074
0.6478700792498395
0.6646407955142373
0.7190584988920696
0.6149035824590874
0.6611025005257605
0.7076878685257697
0.5711769729826279
0.5704129262758726
0.5427867515575465
0.6422555785886289
0.6387953911201215
0.375486612327566
0.44885541148000885
0.5724753023149637
0.38242420984083436
0.5386066882092714
0.450239790368564
0.4794133899126924
0.3983218136342257
0.4592377806019493
0.572088338539352
0.48749048699089814
0.40704375486429145
0.38084815935045824
0.46167049433943197
0.4453895637898077
0.5168035364117793
0.4514226798770804
0.4706012951461613
0.44192415397448415
0.4555099805527905
0.6498150692664818
0.5301350762875192
0.47914650658001323
0.5359693337763377
0.6401566387826473
0.586038624084532
0.5982120153308679
0.6784532712703826
0.6942130490082022
0.7121170333328584
0.5486376026594495
0.6239275647650402
0.6289912240178057
0.5259858188280853
0.5834153876015351
0.5889266240334112
0.6722137298237385
0.5988211847654019
0.6246658677655313
0.5562546140540734
0.5992841008526334
0.44293503186071814
0.5211096619423979
0.6247491065080129
0.5171513563577314
0.5314908402821947
0.519046208519018
0.4509172397435971
0.4210436593614444
0.5015722166952341
0.35612295020110546
0.4296975464337707
0.45874548935471626
0.46447050733560036
0.33628718115297496
0.45805101453809927
0.3317056597834401
0.33939555283649014
0.4935441064413607
0.33885176011585083
0.4486823179555236
0.3742846177855218
0.46429558944607896
0.39028455301290466
0.43408479603926853
0.3521910119315215
0.3226124911952112
0.2811252380133539
0.2099790533934702
0.34568255321560365
0.27066332677819416
0.25359844517567187
0.12138053356495371
0.33471388982935546
0.2137424052618017
0.2484393247252421
0.22024379767753077
0.22943190489339227
0.23838579825466583
0.35240013268088505
0.3276688198219909
0.46772788554870814
0.19364611297935413
0.3701608257945997
0.3807222731277329
0.4250213423802307
0.3905602704374657
0.3676427952300412
0.1772140730273498
0.3669993251534688
0.22023637074368652
0.2790110550667154
0.3832768096216185
0.4172307147782929
0.23687621595771097
0.2812594731542549
0.35230119788580877
0.2814771069008455
0.25601889655556764
0.3776419922258216
0.2560391383642486
0.28603818151727306
0.30495731962583283
0.34124993636034706
0.33226139451303033
0.4186279546555517
0.2530401921378088
0.23335689831991852
0.24027140952160408
0.3636217319414662
0.23990138640952452
0.23492320490712298
0.43593155361426517
0.14145855998780202
0.3710266960247577
0.33002444406543957
0.19268753033073605
0.40453218901362953
0.48089662847568115
0.6721880747359399
0.4438815890003638
0.37509308927093654
0.34399423291728337
0.33142145149994084
0.3010284121204596
0.33844340045494026
0.3657895025587934
0.3288475012107464
0.3315486654534897
0.35903674750920805
0.4300188696712698
0.37065435393545343
0.3977919491373467
0.4295902189267533
0.43115979882245625
0.3752274168046239
0.34351813546674365
0.5127680321431562
0.392073403820427
0.3956975028184948
0.42650325893306906
0.37188918591030884
0.4784779465674692
0.4613205754185189
0.5132366483293872
0.3708387073669002
0.35140626154331145
0.39199521317259
0.46816840033266327
0.4271110836869283
0.4546251065134872
0.39134108895358577
0.42544385172246957
0.39002324141457945
0.34608604435635815
0.41548022588252104
0.4275683346863919
0.3254612046829604
0.3785311607752275
0.2874749099496777
0.4917854869173576
0.4598936598168911
0.4242582568029901
0.34302907915249886
0.4544468955037638
0.36119223545847023
0.5145184105939689
0.35054895521505613
0.24973915450127931
0.4059718283025824
0.12337677380502943
0.29025472071110825
0.4431476578080539
0.255897931534262
0.29541743316176705
0.33721085104970383
0.2252045785021576
0.3859483558005097
0.2141366700032567
0.42078959806450567
0.38486751276642556
0.23755433678507293
0.2970608461325027
0.45389950895119
0.43496245842129416
0.28708395310573875
0.2638968846985967
0.3916991438256514
0.3608898293211582
0.2672346262990627
0.3367455247852029
0.2673995086156379
0.37708560056651186
0.44260029164334824
0.30467831485800956
0.4847571394839206
0.3542005683063738
0.31215513335751743
0.3830827051095348
0.332972676529987
0.49750297408787353
0.39209774213759113
0.47487208169245476
0.6043763533506834
0.7342099250581025
0.8237479082057411
0.7569163643651295
0.6980065743610558
0.4957042901310814
0.32378495716885064
0.42646422662671285
0.6959328326512191
0.44018276226180525
0.5498671009307055
0.4470609736590838
0.46820032387547234
0.407625128821796
0.5279534702356018
0.4955029366233678
0.4258223154812937
0.38292083571328384
0.5236127082336706
0.3724306679802726
0.6427850429916193
0.36317343336563535
0.2622579669044117
0.4412851624861597
0.3727536873241568
0.422038529268957
0.40923155569536984
0.5208188611027457
0.4346572674242752
0.3754175701293064
0.4965151989660767
0.5210295430081501
0.443209102706061
0.3940564172844282
0.38775692174910503
0.3758142787270565
0.5613471036921205
0.5553957473241196
0.443903146754582
0.41038663447038815
0.47204318622140773
0.43778678441612284
0.4838426882616968
0.3437653694467402
0.36255730276577525
0.6741569191612966
0.4741452195245087
0.536827056693854
0.5055069222251615
0.5845219052346868
0.532022544140297
0.5751303887069041
0.34818094705902614
0.4609879956317717
0.39921036890121886
0.5476775725764572
0.35565116344959
0.5027698342248237
0.4083721379154568
0.42254673837465223
0.3552159487207783
0.43596684693983145
0.470633355237701
0.5327864928494357
0.4430498532378948
0.49075499653423926
0.4187278362891101
0.6034371322059422
0.5189002210272402
0.3924214494446331
0.45537189925688004
0.5035353088884287
0.4915704437120905
0.4519398442730363
0.5067442149141494
0.48533789285738876
0.526241792514771
0.48121776551194384
0.4888524664035968
0.46595174113429194
0.5480613774732827
0.591347511040817
0.4283739840410793
0.386723511816355
0.49278405685433363
0.5414704077202597
0.5545513579000432
0.42112662253355926
0.40306397831508234
0.5105259844122243
0.5614925506864874
0.37118036643960584
0.6270239739508586
0.46572204072224094
0.49066358685575023
0.5222480556310336
0.535935020708074
0.5299290810018654
0.5511025761990389
0.44495539578619414
0.44270959619370404
0.6027331755706988
0.5242419858451091
0.5349587705593731
0.6661103724413358
0.5800779905639082
0.6164880999019404
0.5394058246938915
0.6323038927404153
0.6316351258399331
0.4864240879415239
0.4692263617272588
0.3806167512685903
0.5480467237512893
0.600273256468209
0.6121922507239822
0.5648549210831728
0.38699888056104625
0.44118176984571766
0.5146233831510685
0.5546661860062561
0.42700246163748423
0.6068087603265686
0.5745182511335694
0.6556929545511316
0.6740560669474349
0.5667297447035597
0.6046299187465182
0.5803754569297451
0.5431775190574009
0.6344302286876169
0.6099241932771429
0.5203874834261617
0.6360341011827779
0.627200861444728
0.6199505272022199
0.566733595941619
0.6576791294630696
0.502645029205041
0.5310263299574507
0.5440527920709821
0.5545845909936794
0.619773340511481
0.5094771415903092
0.4705897903892299
0.6615137331937058
0.5079392413397927
0.5740276355932314
0.569578068754246
0.6679992998851852
0.6381746557976031
0.6418700076142971
0.5965222519649517
0.7277637458086657
0.8243910268510877
0.6564254490828084
0.6867885487482
0.5385444989571788
0.6422217487185125
0.5372889414667404
0.7400240696439935
0.5496433410407128
0.5631197725685717
0.5783274237255922
0.625580299340404
0.563595561951904
0.6305225901254934
0.6003121185666787
0.6994520786126665
0.6508403952005448
0.6401312366527427
0.5493481469415682
0.6117953730089514
0.6626093549876442
0.5504214256686456
0.6726442399223287
0.657470179022582
0.7003799118483809
0.6711886691524342
0.5533852934907901
0.6393904675894642
0.5204280475605808
0.683540537659599
0.5921680458954064
0.545525908163379
0.7567386684295683
0.5787232330623917
0.49218277614139927
0.5643438898721329
0.4809689607991189
0.4858574313862015
0.5567636523770114
0.3616747654987369
0.6037781436009926
0.5117201876076058
0.5690743086649703
0.4160853988914659
0.46388335938481784
0.6564013523962063
0.5042875833952208
0.48584642708836445
0.4992223145778785
0.45591673148315814
0.49096915723232504
0.6053204129101499
0.39172626275494227
0.4557541550617741
0.383623677662178
0.4053527665580101
0.42740589084783137
0.4753793724958739
0.4603517591447898
0.49619616721888016
0.44714016757194397
0.37646656252705857
0.31213496309617317
0.48605116595216225
0.3668899879647416
0.4669386600111979
0.44308885647835183
0.45543811967010384
0.37573374946449367
0.4288300646121663
0.37776893286712027
0.5295049357596082
0.3453087286235925
0.5017202904127535
0.49821305343018696
0.39763209298502245
0.5582279791347329
0.5939709470744623
0.36976612475983855
0.5551341738742565
0.43770332143593516
0.5935117554916738
0.3792900333870778
0.3627749863220453
0.4028546833372877
0.5105646147583113
0.5898861474393341
0.3295296080256609
0.4139558344720795
0.4432791058216179
0.3679344002359396
0.38218874402415726
0.33490912161979736
0.48637222200572017
0.44528953318646025
0.6372985310759143
0.33025378422389584
0.5231076090989475
0.28152031108242404
0.3594530741825317
0.3928680901494547
0.4360891891719233
0.3659887052692506
0.3497319018407019
0.39237905408084583
0.5059105467799225
0.5071993635237413
0.419948421460819
0.33666699753382096
0.43993578223594404
0.4263707305598452
0.38071986014155296
0.3731488311689062
0.39250965595871334
0.3302818901944537
0.4139001732841292
0.2949511479351329
0.2819559236112895
0.23097071631586774
0.2950295657278752
0.354415994869187
0.3415543139199767
0.5255905721286833
0.3937185336819975
0.3363291019088436
0.390589978449262
0.20007301987594078
0.35040374639511906
0.3044917340074921
0.3867358941554767
0.41337413541714463
0.29801987663292634
0.3884750746582003
0.4352265452812186
0.39802544048928956
0.4729164568629102
0.39265117555562606
0.2811809641398989
0.4680818995647771
0.3112331249831017
0.44134620649573375
0.42483944494064785
0.37792412123524843
0.6185399131029302
0.35039491085195285
0.397491622131011
0.46610923948000427
0.46251010273156057
0.35392669646037644
0.46871026370788227
0.3020122111155127
0.46355926633452493
0.28599827073609
0.4137141148633121
0.4043326070213932
0.47775805257606513
0.209440475791633
0.4387021433703422
0.5289996764388669
0.42173607341525676
0.5209051843101753
0.49979321793451786
0.43335289411195277
0.4131496180170724
0.4982206067439503
0.4158992332872787
0.35417299029652183
0.512421265215156
0.5526449293125598
0.3116493911315895
0.5160437655725827
0.36465062381986096
0.527245371389469
0.38880076514456896
0.5554489904379516
0.3982142306967412
0.42866781617113536
0.5673960058052787
0.40199905972988503
0.4405253670983995
0.46145036974629783
0.42800053842830776
0.3761413179990012
0.4464138578244701
0.3949569226082582
0.3357960441914185
0.3772586979426739
0.29048747187344365
0.3922616186064026
0.4469352099818785
0.42349408673264133
0.3669450490628736
0.3503006274893194
0.36917341132754083
0.4453937185114769
0.5082636359046302
0.3235898930253519
0.4719263030991768
0.3332590906788714
0.46601178342207583
0.4570789457390977
0.3656207498118268
0.39360371069677635
0.32206682658173524
0.4320578715862289
0.17903858517847446
0.4598436969310946
0.50947921994938
0.44617094839876287
0.3815618725367175
0.3224837055074622
0.28229416072168595
0.39805765170850843
0.333253100097854
0.40342794362338164
0.3894038892370586
0.2527689634588126
0.41130376007120306
0.35384797144322355
0.34690942696784727
0.38831929217361705
0.39783493676931353
0.32619657245207884
0.43144948697262664
0.377473436729705
0.27589268039733655
0.49489272215663493
0.2816484313846365
0.43161855355199286
0.4816974165829405
0.4693170325313591
0.39391646703445343
0.3942982850137749
0.5434631648118626
0.3307479295372765
0.6339222346004694
0.617038814441335
0.6631483338283033
0.4769440019039781
0.5566976567808473
0.522871371671881
0.4970208595353942
0.5334772220586979
0.5134177013257805
0.5832613588494255
0.4752938542828408
0.35624665669037525
0.5555140191071953
0.5431167366136238
0.6199763921008234
0.5144012245498313
0.4891822885433508
0.4507305076323313
0.2922499737699478
0.4550315841466155
0.5289580357237912
0.567638765671324
0.48359545474776894
0.5510912197497959
0.544016914407224
0.40160856360877667
0.5764543464474434
0.5143496480380978
0.40747163387797813
0.28705380741077324
0.4244954821375054
