0.08537836147592245
0.17704190118824265
0.22805816135084428
0.19152595372107567
0.16433395872420262
0.23725140712945592
0.16320512820512822
0.12356160100062538
0.14646028767979988
0.2287742338961851
0.17972170106316449
0.1619824890556598
0.18489681050656662
0.2140712945590994
0.09624140087554722
0.1723264540337711
0.12017198248905565
0.1993933708567855
0.15666979362101313
0.12328955597248281
0.05868355222013758
0.19729518449030642
0.20149155722326453
0.021163539712320198
0.07540025015634773
0.1639993746091307
0.12439649781113195
0.09109130706691682
0.1202908067542214
0.14324265165728578
0.12246091307066917
0.14229205753595997
0.12147904940587868
0.10692307692307693
0.2518886804252658
0.11539399624765477
0.08521888680425266
0.11133208255159474
0.09680112570356472
0.16045028142589116
0.1646904315196998
0.1532989368355222
0.16693245778611632
0.08050343964978111
0.07225766103814885
0.1421857410881801
0.20899624765478425
0.16011257035647278
0.13937460913070668
0.14362101313320824
0.22608505315822386
0.16783927454659162
0.15963101938711693
0.20771419637273292
0.15569731081926202
0.13812382739212006
0.1862226391494684
0.1936335209505941
0.21047217010631644
0.13659474671669794
0.19722013758599125
0.2734834271419637
0.24339899937460913
0.1632895559724828
0.23956848030018757
0.23138836772983115
0.24514071294559098
0.31202001250781736
0.23822701688555348
0.2675922451532208
0.25318323952470295
0.2075484677923702
0.3088492808005003
0.30383989993746086
0.16437460913070667
0.17813633520950595
0.31701063164477794
0.28388993120700434
0.3476860537836147
0.2582926829268293
0.37526579111944963
0.2452251407129456
0.32470293933708566
0.30409943714821763
0.32417135709818634
0.3630081300813008
0.34243277048155096
0.312473420888055
0.45762976860537835
0.4182926829268293
0.43836772983114447
0.5147592245153221
0.4004065040650407
0.39865540963101936
0.4437460913070669
0.5201688555347092
0.5371794871794872
0.5166041275797374
0.5086303939962477
0.42870544090056284
0.4644465290806754
0.5283927454659162
0.5141338336460287
0.5561913696060038
0.5700750469043152
0.5965290806754221
0.4978424015009381
0.47113821138211376
0.4819262038774234
0.46457160725453406
0.4628830519074421
0.4236710444027517
0.3625390869293308
0.33270794246404
0.48114446529080673
0.4732332707942464
0.45903689806128833
0.36357098186366477
0.4369293308317698
0.3758599124452783
0.43367729831144464
0.3632270168855534
0.46166353971232016
0.391213258286429
0.4052220137585991
0.44424640400250154
0.42385866166353975
0.36594746716697935
0.523827392120075
0.40340838023764847
0.4237023139462164
0.3814571607254534
0.3548780487804878
0.35325203252032517
0.3516885553470919
0.39702939337085674
0.40175109443402124
0.4126641651031895
0.4080050031269543
0.30323014383989993
0.3736085053158224
0.33771106941838647
0.38305190744215134
0.42845528455284554
0.29557535959974984
0.3785178236397748
0.3644777986241401
0.2879018136335209
0.3176985616010006
0.38186366479049405
0.283411507191995
0.4164165103189493
0.33674171357098187
0.2883614759224515
0.31507191994996875
0.35112570356472794
0.3559099437148217
0.2825297060662914
0.41554096310193867
0.3546904315196998
0.3219824890556598
0.3267979987492183
0.43173858661663533
0.49283927454659165
0.4007191994996873
0.449343339587242
0.39477798624140087
0.3996560350218887
0.47954971857410883
0.4125078173858661
0.4298936835522201
0.40353345841150723
0.4521888680425266
0.36325828642901814
0.4213258286429018
0.42310819262038774
0.47489055659787366
0.36413383364602875
0.37217010631644776
0.4114759224515322
0.3820512820512821
0.36507191994996874
0.3668855534709193
0.3436835522201376
0.323639774859287
0.3598499061913696
0.29292682926829267
0.2978861788617886
0.2716166353971232
0.2640806754221388
0.350375234521576
0.286588492808005
0.3134771732332708
0.2215322076297686
0.2890775484677924
0.20656973108192622
0.2710006253908693
0.33230143839899934
0.2716791744840525
0.3205128205128205
0.2630050031269543
0.20864602876797997
0.31688555347091935
0.3032020012507817
0.29263914946841774
0.2945934959349593
0.3184490306441526
0.3016479049405879
0.31926203877423387
0.374390243902439
0.2763195747342089
0.3001688555347092
0.3521888680425265
0.3448405253283302
0.34371482176360224
0.24251407129455907
0.1726235146966854
0.29348342714196374
0.3799249530956848
0.3350531582238899
0.32770481550969355
0.3047529706066291
0.22236397748592868
0.24320200125078176
0.31091932457786114
0.3317698561601
0.26816760475297063
0.2921607254534083
0.2567166979362101
0.37761100687929955
0.392245153220763
0.341213258286429
0.2901469668542839
0.3204190118824265
0.3788305190744215
0.3528142589118199
0.4956848030018762
0.49155722326454027
0.47495309568480293
0.4302063789868668
0.5042839274546592
0.5939962476547842
0.5774546591619761
0.6233896185115697
0.6130706691682302
0.6090056285178236
0.6893683552220138
0.7134771732332708
0.8282676672920575
0.889899937460913
0.873358348968105
0.8349280800500312
0.9122263914946842
0.9050969355847404
0.8573170731707317
0.8845841150719199
0.9806441525953721
0.8765791119449655
0.9570669168230144
1.0
0.8772045028142588
0.9013758599124452
0.9474671669793621
0.9810506566604128
0.8832707942464041
0.8355847404627893
0.7909943714821763
0.8120700437773608
0.8207004377736085
0.807379612257661
0.7972170106316447
0.7120387742338962
0.6737648530331457
0.6260787992495309
0.6691056910569105
0.6339587242026267
0.58317698561601
0.6544090056285178
0.6787054409005628
0.5435272045028142
0.5271732332707942
0.560850531582239
0.5539086929330831
0.6032520325203251
0.5775484677923701
0.5674484052532833
0.5355222013758598
0.4879299562226391
0.5998436522826767
0.5272983114446529
0.6454659161976235
0.5103502188868042
0.5253595997498436
0.49659161976235144
0.5428392745465915
0.5578799249530957
0.49161976235146965
0.5566604127579737
0.6186053783614759
0.5429643527204502
0.6236710444027517
0.5855534709193245
0.641307066916823
0.5281425891181989
0.640181363352095
0.5770794246404003
0.6453095684803002
0.6948092557848655
0.6223577235772357
0.6624765478424015
0.6588180112570357
0.6489368355222014
0.6546904315196999
0.5447154471544715
0.6348968105065665
0.665697310819262
0.6433083176985616
0.7053783614759225
0.6611319574734209
0.6450281425891182
0.6695747342088805
0.6941525953721076
0.709349593495935
0.7120387742338962
0.7585053158223889
0.7080675422138837
0.7358036272670418
0.675984990619137
0.6724202626641651
0.6532833020637898
0.6122263914946842
0.6837711069418386
0.7334271419637274
0.667385866166354
0.8671669793621013
0.5791119449656035
0.7351156973108193
0.7222326454033771
0.8344903064415259
0.7684803001876173
0.7681676047529705
0.8459974984365228
0.8206691682301438
0.8610068792995623
0.9013445903689806
0.8666979362101314
0.8444965603502188
0.7879299562226391
0.8345528455284552
0.799906191369606
0.7402126328955597
0.789993746091307
0.7146966854283927
0.7050656660412757
0.6485616010006253
0.7452470293933708
0.7231394621638524
0.7229205753595997
0.7696372732958099
0.8194496560350218
0.647279549718574
0.7971857410881801
0.7688555347091932
0.6467479674796748
0.7278924327704815
0.7277048155096936
0.6587554721701062
0.6773608505315822
0.7429018136335209
0.6364290181363352
0.6488117573483427
0.6018136335209506
0.6610694183864915
0.698499061913696
0.5388993120700438
0.617010631644778
0.4449030644152595
0.49487179487179483
0.5948405253283302
0.557285803627267
0.44462163852407754
0.5071294559099437
0.5352095059412132
0.5038774233896185
0.46010006253908686
0.481957473420888
0.42876797998749216
0.43811757348342717
0.48189493433395875
0.500656660412758
0.4131019387116948
0.40059412132582867
0.4600375234521576
0.4225140712945591
0.3537523452157598
0.5132895559724828
0.3819887429643527
0.43520950594121327
0.44462163852407754
0.5040963101938711
0.45728580362726706
0.5761726078799249
0.5699812382739212
0.4919324577861163
0.507661038148843
0.6891181988742964
0.5266103814884302
0.4829580988117573
0.5206066291432145
0.4363039399624765
0.4646028767979988
0.5116322701688555
0.3960913070669168
0.40875547217010627
0.42141963727329584
0.47789243277048155
0.4468105065666041
0.4469668542839274
0.4346779237023139
0.5380550343964978
0.331863664790494
0.4133833646028767
0.4323639774859287
0.3575359599749844
0.317104440275172
0.36738586616635394
0.34262038774233894
0.324108818011257
0.3181363352095059
0.299624765478424
0.18106941838649157
0.18447467166979362
0.19101626016260162
0.16629455909943716
0.23851469668542838
0.2638367729831144
0.20474046278924327
0.18317385866166352
0.1334552845528455
0.10877423389618511
0.156025641025641
0.04067854909318324
0.20363977485928703
0.1946060037523452
0.041760475297060666
0.07966541588492806
0.05814884302689181
0.1117010631644778
0.09019699812382738
0.0781019387116948
0.009727329580988117
0.06954659161976234
0.04181676047529706
0.007862726704190118
0.03018042526579112
0.10881175734834271
0.13739837398373983
0.11908692933083177
0.16021575984990616
0.12628517823639773
0.04858661663539712
0.05844903064415259
0.10896810506566604
0.14700750469043153
0.21317698561600998
0.22619762351469672
0.20482801751094432
0.1678298936835522
0.1746185115697311
0.20955597248280175
0.1600750469043152
0.31072545340838026
0.18621013133208253
0.2899718574108818
0.3468417761100688
0.27863039399624767
0.29796747967479675
0.3298311444652908
0.2897967479674797
0.24038461538461536
0.3129143214509068
0.3072889305816135
0.33295809881175736
0.3054283927454659
0.3404940587867417
0.3786429018136335
0.3449343339587242
0.35184490306441524
0.324390243902439
0.38445903689806127
0.3632895559724828
0.38586616635397125
0.358411507191995
0.45606629143214505
0.42864290181363357
0.49190118824265167
0.4738899312070044
0.5496560350218886
0.40343964978111324
0.5167604752970606
0.4143527204502814
0.424484052532833
0.3595997498436523
0.5042213883677298
0.4268605378361475
0.5026891807379612
0.47535959974984365
0.42301438398999375
0.42382739212007503
0.4715447154471545
0.5411819887429643
0.6076923076923076
0.41779237023139465
0.5750156347717322
0.5352095059412132
0.5736085053158224
0.574484052532833
0.5347404627892433
0.541869918699187
0.40519074421513446
0.5280487804878049
0.5540025015634771
0.4485928705440901
0.490181363352095
0.48799249530956845
0.5514696685428393
0.4617260787992495
0.3845215759849906
0.41050656660412754
0.5396810506566604
0.44999999999999996
0.43536585365853653
0.4175734834271419
0.4311131957473421
0.3727016885553471
0.43939962476547845
0.4685741088180112
0.47898686679174485
0.43311444652908065
0.4341776110068793
0.441494684177611
0.4112883051907442
0.42798624140087554
0.40719199499687303
0.44268292682926824
0.2561538461538462
0.2447529706066291
0.3177923702313946
0.234484052532833
0.22934959349593495
0.29928080050031264
0.2597779862414009
0.3328642901813634
0.26208567854909315
0.20071919949968728
0.27693558474046276
0.2562351469668543
0.2668136335209506
0.3336772983114446
0.30674171357098184
0.20476235146966854
0.2497717323327079
0.301025641025641
0.25222951844903063
0.32851782363977483
0.31413383364602876
0.13404315196998123
0.16034083802376484
0.24917135709818636
0.2535803627267042
0.20171669793621014
0.07795184490306442
0.19495934959349592
0.2275484677923702
0.26014383989993745
0.11451219512195122
0.15338023764853034
0.16723889931207006
0.19674171357098186
0.20436522826766731
0.3151969981238274
0.37911194496560346
0.3085897435897436
0.38502188868042525
0.3958098811757348
0.35347091932457786
0.229812382739212
0.24688242651657286
0.1357567229518449
0.1997467166979362
0.21371482176360226
0.11199499687304566
0.1228517823639775
0.16498749218261413
0.28217948717948715
0.12420888055034396
0.1194652908067542
0.1678893058161351
0.13502188868042525
0.114671669793621
0.07869293308317699
0.058358348968105066
0.15998436522826767
0.06462163852407754
0.1787742338961851
0.08342714196372733
0.013105378361475921
0.07412445278298936
0.2164509068167605
0.04296747967479674
0.04460287679799875
0.06813320825515948
0.10105378361475922
0.13398373983739836
0.06998749218261413
0.08417135709818638
0.08898373983739837
0.0
0.11740150093808631
0.06595684803001876
0.2271575984990619
0.04752657911194497
0.1462038774233896
0.1698405253283302
0.19974358974358974
0.0951969981238274
0.2501969981238274
0.155046904315197
0.15371794871794872
0.17428392745465918
0.21987804878048778
0.2435897435897436
0.19539399624765477
0.08466854283927454
0.105281425891182
0.07587554721701063
0.14341463414634145
0.2985146966854284
0.20347091932457784
0.21787992495309566
0.11347404627892432
0.19669480925578486
0.32370231394621635
0.14115071919949967
0.14935272045028145
0.18883677298311444
0.22833020637898685
0.2521951219512195
0.2541838649155722
0.22803939962476544
0.3457473420888055
0.2914759224515322
0.2684896810506566
0.24863977485928704
0.20378048780487804
0.2621263289555972
0.19227329580988117
0.2600187617260788
0.2339618511569731
0.21729831144465292
0.3288617886178862
0.22465290806754218
0.13297373358348968
0.19452470293933707
0.1779143214509068
0.22697936210131334
0.17286429018136334
0.1343933708567855
0.11469668542839274
0.2263445903689806
0.1722701688555347
0.024399624765478422
0.28616948092557853
0.15082864290181364
0.1374484052532833
0.24603189493433394
0.20765791119449653
0.28499374609130707
0.14657598499061913
0.12074421513445904
0.22312695434646657
0.15979049405878676
0.26844903064415254
0.3395872420262664
0.28880237648530327
0.2911757348342714
0.29668855534709193
0.2928330206378987
0.2577173233270794
0.43211382113821134
0.3469981238273921
0.23999687304565354
0.2674640400250156
0.2699312070043777
0.34434021263289555
0.3311757348342714
0.24612570356472793
0.2298749218261413
0.26366791744840523
0.219296435272045
0.278130081300813
0.25254534083802377
0.23635397123202
0.1795215759849906
0.3353345841150719
0.1659599749843652
0.17795809881175734
0.20873045653533456
0.22700437773608506
0.11708880550343964
0.24170419011882424
0.18184490306441525
0.1657723577235772
0.20599749843652282
0.16806128830519074
0.19893058161350843
0.2579549718574109
0.229437148217636
0.09461538461538462
0.2099624765478424
0.29405253283302063
0.14676047529706066
0.20898686679174483
0.0867385866166354
0.03641963727329581
0.12057223264540337
0.16409005628517825
0.16696685428392746
0.17298624140087557
0.141494684177611
0.18818949343339586
0.23177298311444655
0.28787367104440276
0.2470544090056285
0.22188242651657283
0.3530644152595372
0.25600687929956223
0.2652720450281426
0.1901219512195122
0.23693871169480923
0.23060975609756096
0.1586272670419012
0.17421200750469043
0.22421200750469042
0.2679674796747967
0.21792995622263914
0.21793621013133208
0.1679268292682927
0.2742776735459662
0.23993120700437773
0.2274890556597874
0.27447154471544716
0.35272045028142585
0.23089118198874295
0.20287054409005628
0.26867104440275175
0.16875859912445276
0.23146028767979987
0.18161038148843026
0.2193277048155097
0.1382332707942464
0.20412445278298935
0.19810819262038773
0.23588492808005004
0.19550031269543464
0.23018136335209505
0.2836366479049406
0.20264853033145716
0.26864290181363354
0.28149468417761103
0.12550656660412757
0.32601626016260166
0.31701063164477794
0.383083176985616
0.43980612883051906
0.44024390243902434
0.31247967479674793
0.38486554096310194
0.24463727329580987
0.3076766729205753
0.358223889931207
0.3274859287054409
0.34055659787367104
0.2785709818636648
0.30104127579737333
0.332895559724828
0.26785490931832395
0.21845215759849906
0.3504377736085053
0.30106316447779863
0.26109443402126326
0.21801438398999376
0.32191994996873047
0.28825203252032516
0.25147592245153216
0.19282989368355222
0.26553158223889933
0.12874296435272042
0.24525641025641026
0.33364602876798
0.2531957473420888
0.18214509068167603
0.31747967479674793
0.2965040650406504
0.2942995622263915
0.3233896185115697
0.3180737961225766
0.3002970606629143
0.3419324577861163
0.2991776110068793
0.2470481550969356
0.35128205128205126
0.3711069418386492
0.35031269543464666
0.28574734208880553
0.35253283302063787
0.39434021263289554
0.37048155096935587
0.3778924327704815
0.36973108192620385
0.3771732332707943
0.3690431519699812
0.4297060662914321
0.3309255784865541
0.34158849280800496
0.2866197623514697
0.3661350844277674
0.4237648530331457
0.2562789243277048
0.2858098811757348
0.3841463414634146
0.29803314571607253
0.26821450906816763
0.2728111319574734
0.3587242026266416
0.3258599124452783
0.19291744840525327
0.2632614133833646
0.29923389618511564
0.3383364602876798
0.30244215134459035
0.3134459036898061
0.36513445903689806
0.25112570356472796
0.28409005628517825
0.2889368355222014
0.46579111944965607
0.20801125703564724
0.41929330831769857
0.31479049405878673
0.2822201375859912
0.3559724828017511
0.20776422764227642
0.32848655409631017
0.34915572232645403
0.3823639774859287
0.44061913696060034
0.3675422138836773
0.4383364602876798
0.4466228893058162
0.382989368355222
0.3694496560350219
0.3934333958724202
0.40803627267041903
0.39455909943714823
0.3091651031894935
0.5302376485303314
0.3542213883677298
0.42836147592245155
0.5525641025641026
0.45165728580362724
0.47898686679174485
0.40628517823639776
0.4273921200750469
0.5329580988117574
0.5040963101938711
0.4721075672295184
0.4276735459662289
0.4958098811757348
0.4138836772983115
0.36635397123202
0.42833020637898683
0.37460913070669166
0.38971232020012503
0.22349280800500312
0.38248905565978736
0.3320200125078174
0.24090056285178238
0.34055659787367104
0.37145090681676046
0.4086303939962477
0.5302689180737962
0.42676672920575354
0.3889931207004378
0.49818636647904935
0.5323639774859287
0.4196060037523452
0.5789243277048155
0.45681676047529707
0.39731081926203876
0.45037523452157596
0.4346779237023139
0.44715447154471544
0.5409631019387117
0.481582238899312
0.4597560975609756
0.4098186366479049
0.4974671669793621
0.4569731081926203
0.43211382113821134
0.3791432145090681
0.44502814258911816
0.4578173858661663
0.4237023139462164
0.5021888680425265
0.4868667917448405
0.29962789243277044
0.5032833020637898
0.3692620387742339
0.48227016885553464
0.38583489681050653
0.34568480300187615
0.42754846779237016
0.3624452782989368
0.4036898061288305
0.4762664165103189
0.3768605378361476
0.5057535959974985
0.45334584115071913
0.45409631019387114
0.48927454659161973
0.48386491557223266
0.46907442151344586
0.47307692307692306
0.37392120075046903
0.45306441525953717
0.38211382113821135
0.5457160725453408
0.61869918699187
0.46341463414634143
0.38636647904940585
0.4343964978111319
0.37617260787992496
0.3429643527204503
0.316072545340838
0.36113195747342086
0.28737648530331455
0.31998123827392116
0.3182301438398999
0.35403377110694184
0.3648530331457161
0.2975390869293308
0.28654158849280803
0.22242338961851157
0.3866166353971232
0.34443402126328954
0.2679080675422139
0.23207004377736087
0.33699186991869917
0.3137273295809881
0.3155096935584741
0.32357723577235775
0.28479049405878676
0.3367104440275172
0.3605378361475922
0.28433395872420264
0.3269856160100062
0.34777986241400877
0.324859287054409
0.3926516572858036
0.42292057535959976
0.4095059412132583
0.4117260787992495
0.3764540337711069
0.34749843652282675
0.45616010006253904
0.3866166353971232
0.3890243902439024
0.4133833646028767
0.35644152595372103
0.3933708567854909
0.32717323327079423
0.33914946841776106
0.21984677923702314
0.32573483427141964
0.3691056910569106
0.3656347717323327
0.24022514071294557
0.23682301438399
0.35853658536585364
0.14883364602876797
0.20183864915572233
0.32367104440275174
0.18288930581613508
0.23288305190744213
0.17348030018761726
0.19854909318323952
0.19863977485928705
0.1581207004377736
0.21771106941838647
