0.33099773626745926
0.37260729630257017
0.29100512804718426
0.24018664243805538
0.23553598102776538
0.38491152963641684
0.2878790212051681
0.32944238261699804
0.26320895637310004
0.21235967168178388
0.31545959930394074
0.23379583288418007
0.36771024223478144
0.37842832283597955
0.35830112262654573
0.2920214977593668
0.2102807336341377
0.3133652617152009
0.26245437885951
0.2422963795678889
0.2991668848268322
0.3559911914624944
0.24343594560882087
0.28486071115080774
0.32630087623388826
0.22909897285060907
0.162680752113587
0.31190230531130175
0.23008454348060428
0.25604816976454103
0.2666584535780834
0.26180759813357557
0.22615766050171707
0.2213068050572093
0.4474644655589263
0.2270046352618692
0.23752252182884953
0.2326408673021544
0.30475691824383633
0.26906078198869676
0.18715062291143722
0.1976377103962302
0.08493000908572926
0.2955941912930995
0.32146542033047415
0.4397338959299013
0.24999615011472662
0.2296379567888877
0.3016770100251013
0.15809168886767172
0.38411075349954577
0.33293807844526235
0.22015183947518363
0.3229745753576544
0.3179389254200225
0.31293407456457795
0.30792922370913345
0.3182777153240834
0.28245838274019436
0.3081910159077259
0.44175123581317277
0.3597178804071639
0.40083465512727723
0.25715693672328566
0.4368849808275714
0.4163881916318894
0.3805226604247194
0.3138118484069175
0.3087299998460046
0.30360195266181067
0.4370697753206954
0.3703743628439872
0.39602999830605046
0.39088655158076296
0.4781249518764341
0.47296610561005287
0.4832375995195343
0.5550764587215301
0.44209002571723366
0.5909111908465128
0.3855275112801639
0.5035341946809986
0.3135346566672313
0.5239231870890247
0.6110999892203213
0.5134976977686065
0.5082772533378506
0.5954386559280533
0.6979995996119316
0.6773334154642191
0.5950844664828988
0.7900272571877358
0.646180143831714
0.8103238523492
0.6972142230161541
0.7073471210557926
0.7174646195543374
0.9123458120947996
0.645271570907187
0.7785699986140413
0.5884472642715247
0.7525293746246362
0.7471857338651309
0.634076104532085
0.6287324637725796
0.700401928022545
0.6950428877219458
0.520304294932011
0.5919275605586954
0.5711535796233272
0.5042117744891202
0.5758196405747108
0.6782265888476524
0.7036204321111231
0.6828618507168487
0.5388607419498899
0.6104378089532932
0.45102175955156537
0.43020157999291625
0.5633768113710212
0.3885920199578053
0.6295486394505444
0.5470994964350063
0.40306758858586017
0.3976161510386991
0.48456196005359037
0.54066248825785
0.45819794570121813
0.6221260606433928
0.6012596824614628
0.5187951399048308
0.4517147389007808
0.3692347968030552
0.5485008546745308
0.5276036774104131
0.5221214407810648
0.6552196744537013
0.5110799698168995
0.6133637217610916
0.5462217225926668
0.5869073101621571
0.4273834639727736
0.4218242296379568
0.5702912053220814
0.5647319709872646
0.6053867594745677
0.5382139612239556
0.455641621879668
0.37310008161756786
0.39830913038791443
0.48511634353296273
0.46415756810447045
0.30457212375071224
0.34516531407364065
0.44740286739455165
0.28780202349969974
0.4053929192910051
0.27657575804241036
0.4557494186673237
0.403929962887106
0.3521105071068882
0.3618892157013721
0.47949551103377114
0.38146203243143356
0.34498051958051645
0.47794015738330997
0.5185025486240511
0.5898486225110493
0.5534133082834132
0.5939602999830605
0.52671050402698
0.6596547422886799
0.6539877111662074
0.4788949289311179
0.5964242265580485
0.49835994887352353
0.508061659762539
0.394582441443245
0.4813126568828249
0.5217980504180976
0.4391179142861543
0.5412014721961286
0.5663181237199132
0.5451899533393905
0.416311193926421
0.5491784344826525
0.5896792275590188
0.4761538106164437
0.39345827494340674
0.2491183762723871
0.3665860757349431
0.4378705514575666
0.4783251459106519
0.41098295270800933
0.389839382786393
0.3687420114880577
0.4553798296810755
0.3110399310100559
0.35147912592204755
0.3303201564593375
0.5863529266827849
0.21100451206554047
0.5132359055700141
0.3534810662642254
0.3323220968015153
0.4805580793692348
0.4285846281780803
0.31502841215331784
0.2938540431495142
0.18028242758365803
0.3131188690577021
0.29189830143061735
0.3169225557078399
0.40356037390085775
0.2899887583350016
0.29956727289526774
0.2167947395167624
0.3342162403560375
0.3129956727289527
0.26100682199670455
0.36298258311902304
0.3880068373962456
0.13579161340992038
0.2532146542033047
0.2781773103161526
0.2724024824060243
0.22038283259158878
0.29159031060874385
0.2857692840753346
0.23374963426089904
0.3665552766527558
0.3761337912130219
0.262500577482791
0.379922078322066
0.32788702896653676
0.4452623311825308
0.3162449758997182
0.4798035018556447
0.35078614657283214
0.4373623666014753
0.5701218103700509
0.4103053728998876
0.5431110152917443
0.39864792029197527
0.5006236814142939
0.7257957712860157
0.6737761214715802
0.5909419899287002
0.6621186688636679
0.5485008546745308
0.6350770747031739
0.8448034248579391
0.6387883641067497
0.8639604539784715
0.9043534502671822
0.9292853072978425
0.8310670342023808
0.9638110784298628
0.8501932642407256
0.8905862605294362
0.884719035372746
0.8635138672867548
0.9038606649521844
0.8056423918567227
1.0
0.9633798912792398
0.9267443830173862
0.643700817715632
0.7610915194727198
0.6782573879298397
0.74940326778262
0.6820148759566965
0.5991653448727229
0.5471302955171936
0.6644901981920939
0.5816560666492139
0.32944238261699804
0.6008438948519333
0.3332152701849485
0.37359286693256544
0.46016908696120856
0.4389485193341239
0.3869288695196883
0.5967014182977348
0.49848314520227294
0.4772317784930009
0.44061166977224075
0.5272032893419776
0.2596054637571801
0.2537998367648644
0.2787932919598996
0.3037559480727475
0.43654619092351055
0.24596147034818366
0.40951999630411023
0.5423256386959668
0.3825553998490845
0.5769130079923619
0.5095400157075319
0.5961162357361751
0.40554691470194193
0.5383217580116113
0.5787609529236029
0.35734635107873786
0.5363814158338082
0.48437716556046634
0.4477878559218936
0.3188320988034557
0.3900395768206108
0.4150484315567396
0.39385866301184225
0.3265318693502934
0.22834439533701895
0.4689622249256973
0.5402005020250397
0.4420284275528589
0.5286662457458767
0.3997104886274389
0.45554922463310593
0.41899071407672056
0.5672420961855337
0.5614980673575927
0.17076551118776662
0.33441643439025515
0.39028596947810956
0.4153564223786131
0.6252213684032216
0.5117113510017401
0.5059519226327055
0.577236398355329
0.5407240864222246
0.3964303863744861
0.57548085067065
0.5389839382786393
0.48710288433404686
0.6199701248902783
0.5526895298520105
0.516177217918906
0.4335124813280564
0.5355960392380308
0.7301230423333385
0.5858293422855999
0.734126923017694
0.7284906909774089
0.7536073425011934
0.8711674392103116
0.7268891387036667
0.7058225664875186
0.6231578298966691
0.7407487256879745
0.7196975530129203
0.7140459214315414
0.7700078537659577
0.48717988203951523
0.7279363074980366
0.5375209818747402
0.7166946424996535
0.6956742689067865
0.5822720482929609
0.8384588139273449
0.6480742873862358
0.6732833361565826
0.6984923849269292
0.6929177510510187
0.6257449528004065
0.5123427321865809
0.8301738608189476
0.5628224278916488
0.7574726273157061
0.6594853473366494
0.5307605833346166
0.5560158307282443
0.6428538429554799
0.6219412661502688
0.4161879975976716
0.47228852580193115
0.4821442321018834
0.553659700940912
0.5327317245946072
0.5888476523399603
0.33694195912961794
0.5624682384464943
0.4799728968076752
0.44369157799097586
0.5306373870058673
0.43277330335556
0.4889046306420069
0.4834377935537521
0.41641899071407673
0.5649629641036696
0.49792876172290074
0.4770931826231578
0.45627300306450874
0.4508523645995349
0.4300321850408858
0.4862251104917074
0.4192371067342193
0.5370435961008363
0.5470532978117253
0.6032770223447341
0.520920276575758
0.7311086129633338
0.5409704790797234
0.6742227081632967
0.8844726427152472
0.6019526618106781
0.5811940804164036
0.4680844510833577
0.8785746184763694
0.6884518841338528
0.5907571954355759
0.6162434359456088
0.7803717449220013
0.6056639512142538
0.7082094953570384
0.641329288387206
0.7438902320710844
0.6770254246423456
0.6872045213052651
0.7589509832606989
0.5843047877173261
0.44051927252567874
0.7124751682399866
0.44547792475784226
0.5788687497112587
0.6198623281026225
0.4761076119931626
0.332337496342609
0.4195604970971865
0.3528034864561036
0.4400418867517748
0.35790073455811017
0.12177495110645703
0.2706469347213453
0.527326485670727
0.4606156736529251
0.3323220968015153
0.3272248486995088
0.22971495449435608
0.3940434575049664
0.38897700848514716
0.38392595900642157
0.2556939803193865
0.1428230438732926
0.10700217133529422
0.1019880807551935
0.22015183947518363
0.38454194065016867
0.3179235258789288
0.2821503919183208
0.0
0.11820687743505244
0.0978271247516824
0.16988773734542711
0.19572816730061446
0.036820302754977906
0.18587246100066218
0.04235181791582611
0.09906524785561391
0.24814820518348554
0.07385927899348599
0.17677133221430003
0.15649013659392952
0.3518487149082958
0.5471918936815683
0.24974975745722777
0.30651246592851533
0.2862928684725195
0.17367602445447125
0.3382817192047677
0.3796756856645672
0.1593082526140721
0.07753668940665569
0.2883718065201657
0.3914255355190416
0.20188798373808461
0.12012720020943377
0.284799112986433
0.2647027118591866
0.2292067696382648
0.1936954278762493
0.019626715123889308
0.1689637648798066
0.2566795509493817
0.03644455395229222
0.24737822812880178
0.18116020142599754
0.2997212683062045
0.15653633521721053
0.25971326054483573
0.2551549963811079
0.08116636124243497
0.3229745753576544
0.14905061829157493
0.39088655158076296
0.4171427691454795
0.5358424318955295
0.34652047368988403
0.34202380769053087
0.0757287832822582
0.44082726334755223
0.3285646087746585
0.3548978240448435
0.39669217857307854
0.1612639943329689
0.26462571415371827
0.24482190430725165
0.2404176355544605
0.3437947549163035
0.30862220305834887
0.39666137949089125
0.34610468608035483
0.32637787393935663
0.3374501439857092
0.34850701449096816
0.4211928484531161
0.4323113171227498
0.4588293268860588
0.4083342316398971
0.34248579392334105
0.4152178265087701
0.4263978933427784
0.4529467021882748
0.15615134668986866
0.44453855275112797
0.5019634414894436
0.31296487364676534
0.17022652724948797
0.4124613086530022
0.5776983845881394
0.3271940496173214
0.19987064385481315
0.5345488704436607
0.515083850501255
0.26459491507153093
0.1835317307544235
0.3334616628424473
0.31401204244113523
0.21758011611253988
0.305958082449143
0.19415741410905954
0.26715123889308096
0.23237907510356193
0.2900041578760953
0.3168609575434652
0.23592096955510727
0.1703959222015184
0.3050649090657098
0.2549702018879838
0.15866147188813773
0.21639435144832683
0.2125290666338143
0.23947826354774626
0.2664274604616782
0.5398001139566042
0.3049725118191478
0.3627823890848053
0.22039823213268248
0.26280856830466454
0.2282673976315506
0.30150761507307083
0.20538367956634893
0.17084250889323502
0.382724794801115
0.24044843463664786
0.2983507091488674
0.24847159554645276
0.2756363860356962
0.17958944823444264
0.09895745106795818
0.17233626437932148
0.32274358224124927
0.2421577836980458
0.39258050110106724
0.28121101991160663
0.3546668309284383
0.30492631319586677
0.42459614703481835
0.4210850516654604
0.5254015430340176
0.36792583581009286
0.5646549732817963
0.6844018048262163
0.8349323190168934
0.7699154565193957
0.5201195004388869
0.43971849638880767
0.49792876172290074
0.26357854535934827
0.36800283351556123
0.42625929747293534
0.46913161987772767
0.29642576651215796
0.3239293469054622
0.28983476292406485
0.33276868349323196
0.4988989328118022
0.48026548808845493
0.4616320433651077
0.39681537490182794
0.563007222384773
0.29802731878590016
0.4026518009763309
0.5534903059888816
0.2885566010132898
0.3008146357238555
0.2669048462355822
0.44860403159985834
0.35311147727797715
0.3346320279655666
0.3007838366416681
0.2515361042240941
0.2639019357223155
0.49187674207308624
0.22709703250843125
0.36268999183824324
0.3751174215008393
0.5261561205476077
0.4616166438240141
0.21229807351740917
0.378782512281134
0.2218765880776753
0.34219320264256126
0.4625252167485409
0.42886181991776645
0.3336156582533841
0.34619708332691684
0.4665752960561776
0.2943776275466991
0.43020157999291625
0.42742966259605464
0.44007268583396214
0.46813064970663876
0.41920630765203193
0.3548978240448435
0.4292006098218273
0.39572200748417696
0.3160601814065941
0.3750096247131835
0.46475815020712385
0.18494848853504167
0.24394413046491215
0.4107519595916042
0.31576759012581423
0.4672066772410183
0.5570475999815206
0.5853211574295086
0.5519965505027951
0.410905955002541
0.47000939372006717
0.35973327994825754
0.6344764926005205
0.2778385204120917
0.6141952969801501
0.36538491152963637
0.40918120640004924
0.40680967707162324
0.21964365461909235
0.3712829357685141
0.3997412877096263
0.2896191693487534
0.24111061490367589
0.2542002248333
0.39051696259451474
0.4036527711474198
0.355205814866717
0.3991715046891603
0.4123535118653464
0.3947364368541818
0.45414786639358146
0.3133652617152009
0.34200840814943717
0.5708609883425474
0.32232779463171995
0.24322035203350942
0.3335078614657283
0.43922571107381
0.7143385127123212
0.37348507014490967
0.40225141290789534
0.46181683785823185
0.47519903906863575
0.3346012288833793
0.3480142291759706
0.4384557340191262
0.43649999230022946
0.49615781449712804
0.40183562529836614
0.5693210342331798
0.5982259728660086
0.45773595946840784
0.36347536843402073
0.3308283413154288
0.4059935013936585
0.40417635554460474
0.34076104532084944
0.3235751574603076
0.22939156413138886
0.2430355575403853
0.42607450297981125
0.3781511310962933
0.4380245468685034
0.3131342685987958
0.5270338943899473
0.6639512142538153
0.5236921939726196
0.3834485732325177
0.3664166807829127
0.5957928453732079
0.45559542325638697
0.3770115650553614
0.36004127077013104
0.4200840814943715
0.4493432095723548
0.49400187874401347
0.4616936415294824
0.41398586322127606
0.4895052127446602
0.45722777461231656
0.3325684894590141
0.34653587323097773
0.39130233919029217
0.42068466359702483
0.24988835332707088
0.5256941343147974
0.4165267875017325
0.3073594406886675
0.36761784498821937
0.5664875186719436
0.395768206107458
0.4560728090302909
0.6857723639835532
0.45350108566764713
0.43685418174538404
0.5434036065725242
0.649968430940758
0.848945901412138
0.5551380568859048
0.7541463264394721
0.5681814681922479
0.5208124797881023
0.5812710781218721
0.36453793676948426
0.6714045921431541
0.4855013320603046
0.5152070468300044
0.1907387159862636
0.3590557001401358
0.3118099080647397
0.48015769130079927
0.3713445339328888
0.739917150468916
0.4925235227990206
0.44533932888799915
0.5983645687358518
0.5203966921785731
0.6734527311086129
0.3953216194157414
0.5329935167931995
0.5320849438686728
0.7467853457966953
0.5919121610176017
0.6218488689037067
0.7441828233518641
0.4199454856245284
0.6193079446232502
0.47989589910220676
0.6484900749957652
0.7093028627746893
0.5391225341484824
0.6307498036558511
0.5991961439549102
0.32126522629625637
0.3821396122395553
0.4276144570891788
0.5501178064893666
0.4570275805780988
0.47173414232255884
0.40947379768082914
0.5936215100789997
0.39278069513528496
0.530745183793523
0.2837365446509694
0.4217164328503011
0.29793492153933815
0.37434744444615553
0.43537582580039114
0.28081063184317107
0.49586522321634824
0.4799266981843941
0.4948026548808846
0.35568320064062087
0.5553844495434036
0.216101760167547
0.477416572986125
0.2613456119007654
0.3532962717711012
0.38364876726673547
0.49101436777184043
0.4443845573401913
0.2129756533255309
0.4127692994748757
0.18139119454240266
0.3812002402328411
0.35003156905924204
0.3804764618014383
0.4879190600120117
0.21038853042179345
0.5488550441196852
0.2559403729768853
0.3326454871644825
0.3939356607173106
0.3628593867902737
0.42418035942528914
0.4701017909666292
0.6084512681522091
0.3310131358085529
0.43856353080678195
0.4075488550441197
0.3303355560004312
0.37631858570614596
0.2837211451098757
0.3143354328041024
0.31415063831097834
0.2523830789842463
0.26762862466698495
0.2520750881623728
0.39051696259451474
0.32879560189106366
0.3748556293022468
0.5133437023576698
0.4516377411953124
0.46692948550133206
0.3590403005990422
0.2203674330504951
0.1124967275975176
0.14322959175816563
0.40496173214038217
0.358716910236075
0.3278716294254431
0.2816422070622296
0.4972049832914979
0.3431941728136501
0.250781526710504
0.34317877327255647
0.48177464311563517
0.4047923371883518
0.2816114079800422
0.25084312487487875
0.29707254723809234
0.34330196960130593
0.12775613286724055
0.28181160201426
0.2664582595438656
0.25113571615565855
0.2511973143200333
0.3744706407749049
0.5901566133329227
0.32845681198700283
0.34394875032724026
0.4056547114895976
0.15936985077844681
0.3442721406902074
0.5445893712367372
0.20592266350462757
0.3292421885827802
0.36017986663997414
0.32951938032246647
0.3450729168270786
0.17583196020758582
0.3145818254616013
0.4379321496219413
0.45350108566764713
0.43827093952600216
0.40764125229068177
0.300029259128078
0.4541940650168625
0.3773811540416096
0.2697845604200995
0.5317615535057055
0.22397092566641516
0.378166530637387
0.424565347952631
0.2707855305911884
0.42499653510325397
0.34819902366909466
0.19441920630765203
0.27164790489243423
0.4874570737792014
0.39529082033355406
0.4725041193772426
0.5651323590557001
0.30357115357962333
0.550194804194835
0.5196267151238894
0.3350786146572832
0.2583119023053113
0.4741518702742658
0.42818424010964473
0.42843063276714355
0.4440765665183178
0.5213206646441937
0.38297118745861375
0.32160401620031726
0.3834485732325177
0.49149175354574437
0.4763386051095677
0.32258958683031247
0.4768313904245654
0.43087915980103797
0.43112555245853673
0.35437423964765846
0.32382155011780656
0.5088624358994103
0.4012966413600875
0.21674854089348136
0.509586214330813
0.6330135361966214
0.44845003618892154
0.21770331244128927
0.29493201102607147
0.5107565794539323
0.5109875725703373
0.37260729630257017
0.41903691270000154
0.31145571861958515
0.4040685587569491
0.2194896592081556
0.5430956157506506
0.48171304495126044
0.5589109444538554
0.4359148097386698
0.23592096955510727
0.35931749233872834
0.49809815667493107
0.2826893758565995
0.28287417034972356
0.2214454009270524
0.39100974790951226
0.2987818962994903
0.39133313827247945
0.43768575696444245
0.2684448003449498
0.314782019495819
0.2995210742719867
0.4844541632659347
0.33058194865793
0.22290835733095155
0.19221707193125648
0.36171982074934167
0.2848145125275267
0.2233087453993871
0.37739655358270324
0.14647427506660302
0.46993239601459874
0.3621972065232456
0.2698461585844742
0.3622896037698077
0.19294085036265923
0.3315521197468316
0.4393643069436531
0.3007838366416681
0.28538429554799266
0.42396476584997767
0.25455441427845454
0.5163158137887491
0.08508862435899411
0.26983075904338055
0.4083650307220845
0.4853011380260868
0.13102083557909977
0.269522768221507
0.3310131358085529
0.5464989143323529
0.3615658253384049
0.37682677056223723
0.3150746107765989
0.4843155673960916
0.37633398524723966
0.5147450605971943
0.6223262546776106
0.5913115789149485
0.3138888461123858
0.5600505104947873
0.5751882593898702
0.5287124443691578
0.48222122980735177
0.2509355221214408
0.2814112139458244
0.31188690577020806
0.3115327163250535
0.46517393781665306
0.43398986710196036
0.49520304294932005
0.26379413893465975
0.2633783513251305
0.49392488103854504
0.33946748386898074
0.38518872137610305
0.32309777168640375
