0.15878031212484994
0.24933973589435773
0.2726770708283313
0.19037695078031214
0.2617046818727491
0.20343337334933975
0.3516446578631453
0.30779351740696276
0.3071644657863145
0.21530372148859542
0.23865546218487396
0.1516110444177671
0.27105882352941174
0.28967106842737095
0.34666506602641056
0.21643217286914765
0.23502040816326533
0.24885954381752703
0.27711404561824726
0.29572629051620647
0.1991452581032413
0.256187274909964
0.34208883553421365
0.3175126050420168
0.3313997599039616
0.23961104441776707
0.2198607442977191
0.30579591836734693
0.2716542617046819
0.16068667466986794
0.24664585834333733
0.2173205282112845
0.2312268907563025
0.1731044417767107
0.2638943577430973
0.3978679471788716
0.3685810324129652
0.2720720288115246
0.10834573829531814
0.2759615846338535
0.28991596638655465
0.279875150060024
0.24102280912364948
0.2982232893157263
0.37943337334933974
0.14372629051620647
0.22975750300120049
0.21495318127250898
0.22896518607442976
0.22853781512605043
0.18013925570228093
0.25179831932773106
0.4098967587034814
0.2894885954381753
0.34672268907563025
0.2983577430972389
0.2740120048019208
0.3168547418967587
0.3309387755102041
0.3401824729891957
0.30626170468187275
0.3731812725090036
0.3968547418967587
0.3965234093637455
0.3962400960384154
0.3959231692677071
0.3908475390156062
0.49618247298919566
0.4575126050420168
0.34678031212484994
0.31287875150060024
0.3414549819927971
0.28836014405762306
0.3937382953181273
0.4607106842737095
0.3692196878751501
0.3450036014405762
0.48403361344537815
0.3829483793517407
0.46915726290516213
0.42091716686674674
0.3870924369747899
0.47812244897959183
0.36267466986794716
0.44891716686674676
0.5207683073229292
0.49656662665066026
0.4531764705882353
0.5874669867947179
0.4768163265306123
0.44304441776710685
0.5197118847539016
0.5243697478991597
0.6058583433373349
0.6249219687875149
0.6968067226890757
0.5430492196878751
0.7061704681872749
0.5427611044417767
0.5090516206482594
0.6193517406962784
0.6625210084033614
0.5615366146458584
0.5710444177671069
0.6381752701080432
0.5660984393757503
0.652436974789916
0.609171668667467
0.5802641056422569
0.7290276110444177
0.5897238895558223
0.5176470588235293
0.5127971188475391
0.58953181272509
0.5078991596638656
0.47424729891956785
0.6422569027611045
0.5078031212484994
0.41651860744297714
0.5701800720288115
0.5269627851140456
0.46452340936374553
0.5605762304921968
0.5701800720288115
0.46932052821128456
0.4213109243697479
0.4981032412965186
0.5557743097238895
0.4837454981992797
0.6182472989195679
0.4310012004801921
0.5318607442977191
0.5511164465786315
0.5991836734693877
0.41195198079231693
0.5752701080432173
0.5081392557022809
0.3688979591836735
0.47461704681872746
0.522689075630252
0.5563985594237695
0.5228811524609844
0.4845138055222089
0.5518367346938775
0.44626170468187276
0.4751836734693878
0.5184633853541416
0.4081200480192077
0.4946938775510204
0.3843265306122449
0.4948859543817527
0.4181800720288115
0.4807202881152461
0.35117406962785114
0.4425594237695078
0.5099159663865546
0.3803841536614646
0.5005522208883553
0.48629051620648256
0.4480144057623049
0.4049411764705882
0.5203361344537815
0.42448499399759904
0.4870588235294118
0.5880432172869148
0.5401680672268907
0.5931812725090037
0.5260984393757503
0.5983193277310924
0.632124849939976
0.49786314525810327
0.42120048019207684
0.5318607442977191
0.45997118847539015
0.5033853541416566
0.3931476590636255
0.3981224489795918
0.4991596638655462
0.48018247298919564
0.3507178871548619
0.49498199279711885
0.44236734693877544
0.41378631452581033
0.44279471788715485
0.3566002400960384
0.3904153661464586
0.3762545018007203
0.34285714285714286
0.3527106842737095
0.27610084033613447
0.33394477791116445
0.2573733493397359
0.30562304921968786
0.3394669867947179
0.32530132052821126
0.392797118847539
0.39784393757503
0.42690036014405763
0.3599183673469388
0.31215366146458584
0.4612677070828331
0.29345498199279707
0.3321296518607443
0.3323937575030012
0.31345018007202885
0.4337671068427371
0.3235918367346939
0.40549819927971187
0.3913661464585834
0.46847539015606243
0.3967298919567827
0.3057430972388956
0.4020648259303722
0.3255270108043217
0.38343817527010804
0.42691476590636257
0.42721248499399767
0.40830252100840336
0.4565858343337335
0.3464441776710684
0.337109243697479
0.3758319327731092
0.3665018007202881
0.4388427370948379
0.2662521008403361
0.3433949579831933
0.382093637454982
0.39201920768307325
0.39710444177671067
0.2725426170468187
0.4745498199279712
0.34038415366146463
0.40790876350540217
0.46585834333733495
0.46615606242497004
0.42803841536614645
0.4859543817527011
0.5486674669867947
0.49618247298919566
0.4532533013205282
0.5639855942376951
0.5451140456182473
0.607875150060024
0.6609843937575031
0.6660744297719088
0.7384393757503002
0.6763025210084034
0.796686674669868
0.8113805522208883
0.7684993997599039
0.792797118847539
0.831500600240096
0.8366386554621849
0.846578631452581
0.9188955582232894
0.8471548619447778
0.9723409363745499
0.9294117647058824
0.9393517406962786
0.9636494597839136
0.9543337334933975
0.9978871548619448
0.9885714285714285
0.7776230492196878
0.9843937575030012
0.9559183673469387
0.9754141656662665
0.9228811524609843
0.6735174069627851
0.7074189675870348
0.779735894357743
0.7752701080432173
0.7515486194477791
0.7134213685474189
0.6993037214885954
0.7140456182472988
0.5462665066026411
0.5466026410564225
0.5132773109243698
0.6480192076830732
0.6002881152460985
0.5477551020408163
0.5192316926770708
0.6779831932773109
0.7022809123649459
0.6689555822328932
0.5828091236494598
0.5014645858343337
0.6362064825930372
0.6509003601440577
0.5599519807923169
0.526578631452581
0.5844897959183674
0.6520048019207683
0.5466026410564225
0.6333253301320527
0.5663865546218487
0.60984393757503
0.6725570228091237
0.5815606242496999
0.6346698679471788
0.6925330132052822
0.6928211284513806
0.6162304921968789
0.659735894357743
0.6647779111644658
0.7706602641056423
0.5548139255702281
0.6799039615846338
0.6273229291716687
0.7332052821128451
0.7046338535414166
0.7048739495798318
0.6811044417767107
0.7341656662665066
0.7871788715486194
0.7778151260504201
0.6868187274909964
0.6533973589435774
0.6728451380552221
0.7978871548619447
0.8125330132052822
0.7406962785114045
0.7505402160864346
0.6402881152460984
0.7653301320528211
0.655078031212485
0.7033373349339735
0.6794717887154862
0.6508523409363746
0.799903961584634
0.8289075630252101
0.6610324129651861
0.6899879951980792
0.6709723889555822
0.7575510204081632
0.7865546218487396
0.805906362545018
0.8349099639855943
0.8398559423769508
0.7583673469387755
0.9361824729891958
0.8210804321728692
0.9028571428571429
0.9270108043217288
0.8647298919567827
0.9561104441776711
0.8169507803121249
0.8842737094837936
0.9228811524609843
0.8413445378151261
0.8510444177671068
1.0
0.8080192076830732
0.7456902761104441
0.8562304921968787
0.7650900360144058
0.7555822328931573
0.822905162064826
0.8709723889555823
0.8422569027611044
0.8663145258103241
0.7655702280912365
0.7224009603841537
0.8184873949579832
0.8233373349339737
0.6985354141656662
0.828235294117647
0.737046818727491
0.751500600240096
0.7899159663865546
0.8043697478991596
0.7851620648259303
0.6315486194477792
0.6843697478991597
0.7756062424969988
0.6555582232893158
0.7371908763505403
0.7131812725090036
0.6411524609843938
0.645906362545018
0.5978871548619448
0.6458583433373349
0.6554141656662665
0.5929891956782712
0.48729891956782717
0.5352701080432173
0.48720288115246096
0.5063625450180073
0.54953181272509
0.5302280912364946
0.5349339735894358
0.5684993997599039
0.5876110444177671
0.5010804321728691
0.47217286914765905
0.54890756302521
0.46716926770708284
0.6015366146458583
0.6061944777911165
0.5676830732292917
0.6251140456182473
0.6394237695078031
0.46641536614645857
0.6823529411764706
0.4757406962785114
0.6724609843937575
0.6290516206482593
0.6337094837935174
0.5518847539015607
0.6381752701080432
0.6235294117647059
0.5609603841536615
0.5991356542617047
0.5701800720288115
0.5219207683073229
0.4208835534213686
0.6079231692677071
0.655750300120048
0.46822088835534215
0.5159663865546219
0.5397839135654261
0.4050660264105642
0.5440576230492197
0.47656182472989195
0.5195198079231692
0.3271836734693878
0.5141896758703481
0.4082400960384154
0.398343337334934
0.3548235294117647
0.22486434573829533
0.24375990396158465
0.29626410564225686
0.29114045618247303
0.42046578631452586
0.3048883553421369
0.20851380552220888
0.21773829531812722
0.22218967587034813
0.3322785114045618
0.3175126050420168
0.3027466986794718
0.21110204081632652
0.18671788715486196
0.1911356542617047
0.14749579831932771
0.21913085234093635
0.22350060024009602
0.10304921968787516
0.16986794717887155
0.16941656662665067
0.10173349339735895
0.09650420168067228
0.0
0.14362064825930373
0.09512124849939976
0.11865066026410565
0.060571428571428575
0.21373829531812727
0.12680432172869147
0.22713565426170468
0.2074141656662665
0.15411284513805523
0.28324129651860747
0.11464585834333733
0.1669291716686675
0.2384201680672269
0.09861704681872749
0.15568787515006002
0.23195678271308523
0.30822569027611046
0.1395870348139256
0.23025210084033615
0.2872941176470588
0.3923505402160864
0.2908763505402161
0.2806770708283313
0.34729891956782716
0.34668907563025214
0.4228667466986795
0.2829915966386555
0.33038655462184874
0.26728931572629056
0.2906602641056423
0.3091860744297719
0.361358943577431
0.2982424969987995
0.3792124849939976
0.3064825930372149
0.4354621848739496
0.3723217286914766
0.3619927971188476
0.4429387755102041
0.39898679471788717
0.475078031212485
0.4263577430972389
0.5600480192076831
0.40564225690276107
0.39047779111644654
0.4521344537815127
0.47056902761104447
0.43137575030012004
0.5122689075630252
0.33380552220888354
0.3954333733493397
0.4090372148859544
0.42744297719087637
0.5082352941176471
0.41136614645858344
0.4969987995198079
0.4817286914765906
0.5001200480192077
0.451265306122449
0.42637214885954383
0.4927250900360144
0.6023529411764705
0.4526146458583434
0.4901320528211284
0.4652484993997599
0.46913325330132055
0.3914189675870348
0.5057382953181272
0.4904201680672269
0.3790588235294117
0.49339735894357745
0.5020408163265306
0.5395438175270107
0.5577911164465786
0.4368019207683073
0.4886914765906362
0.5165426170468187
0.4387226890756302
0.3513421368547419
0.35515966386554626
0.4213925570228091
0.42039375750300123
0.3425594237695078
0.4231836734693877
0.3165282112845138
0.39714285714285713
0.3048835534213685
0.29425210084033615
0.41326770708283306
0.3834189675870348
0.39678271308523405
0.3861320528211284
0.3370612244897959
0.23516446578631453
0.2484705882352941
0.26181032412965183
0.26074429771908764
0.24526290516206484
0.3401824729891957
0.14702521008403363
0.3715870348139256
0.2120336134453782
0.268561824729892
0.1617767106842737
0.10785594237695077
0.2075486194477791
0.2592557022809124
0.32052340936374546
0.21372388955582233
0.24141176470588233
0.36509003601440576
0.23906842737094838
0.2331332533013205
0.13111164465786315
0.17794957983193277
0.2007731092436975
0.055563025210084035
0.20323169267707084
0.13000240096038415
0.30167106842737096
0.14200240096038416
0.15040096038415365
0.2740408163265306
0.3304489795918367
0.23799279711884752
0.3856326530612245
0.35559663865546215
0.46001440576230485
0.44433613445378145
0.5151500600240096
0.31221608643457377
0.2629435774309724
0.4297575030012005
0.35647539015606244
0.2111500600240096
0.027418007202881154
0.2614453781512605
0.1449267707082833
0.2108811524609844
0.12796158463385357
0.1651044417767107
0.2502472989195678
0.2729747899159664
0.2428715486194478
0.21276350540216085
0.12023049219687876
0.25338295318127246
0.18965666266506603
0.21236014405762305
0.24946938775510202
0.19053061224489798
0.17961584633853542
0.28874429771908766
0.05693157262905162
0.24288595438175273
0.1215126050420168
0.23543337334933973
0.18608883553421368
0.1703529411764706
0.1498151260504202
0.11006002400960385
0.2719903961584634
0.16501320528211286
0.05322929171668668
0.2343625450180072
0.12257863145258102
0.3037118847539016
0.23513565426170469
0.24339495798319327
0.3236830732292917
0.3895558223289316
0.23935174069627851
0.2236014405762305
0.26546458583433374
0.451390156062425
0.26276590636254504
0.39586074429771906
0.38010564225690274
0.4171764705882353
0.39180792316926766
0.49128451380552224
0.36989675870348143
0.3493349339735894
0.35758943577430974
0.43786794717887156
0.35968787515006
0.343937575030012
0.3954045618247298
0.4372725090036015
0.3927058823529412
0.5018007202881153
0.41882833133253305
0.4510924369747899
0.3537142857142857
0.4580120048019208
0.36063865546218493
0.3592941176470589
0.381968787515006
0.25098679471788715
0.3648931572629051
0.3971812725090036
0.3910492196878752
0.3465066026410564
0.3643889555822329
0.3678703481392557
0.49618247298919566
0.4132581032412965
0.392734693877551
0.3434093637454982
0.3709147659063625
0.5232653061224489
0.46435054021608646
0.30939735894357745
0.40894597839135655
0.4124657863145258
0.40637695078031205
0.3138631452581032
0.3510012004801921
0.4217623049219688
0.42529651860744294
0.40963745498199283
0.44678991596638656
0.34470588235294114
0.4106842737094838
0.4142521008403361
0.39860264105642257
0.40698199279711883
0.4489795918367347
0.5870348139255702
0.6049939975990396
0.502953181272509
0.47775750300120046
0.3805282112845138
0.6050420168067226
0.517406962785114
0.4922448979591837
0.6495558223289316
0.5571668667466987
0.4503577430972389
0.43960624249699876
0.3232268907563025
0.5381992797118847
0.46504681872749104
0.3630924369747899
0.42441776710684276
0.44733253301320536
0.5230732292917167
0.4547851140456183
0.3960912364945979
0.5103001200480192
0.3747851140456182
0.3449363745498199
0.4447539015606243
0.458141656662665
0.38509963985594237
0.36490276110444175
0.37831932773109245
0.3965522208883554
0.4196014405762305
0.42345258103241296
0.3408739495798319
0.36395678271308524
0.24298679471788714
0.36692917166866745
0.22678031212484992
0.2691188475390156
0.40750540216086434
0.24338055222088834
0.31937575030012005
0.4097767106842737
0.28411044417767106
0.20166626650660263
0.2633085234093637
0.2721344537815126
0.2377575030012005
0.32344297719087634
0.24108043217286915
0.3700120048019208
0.4077214885954381
0.3350060024009604
0.3055222088835534
0.41530852340936375
0.4002593037214886
0.3612148859543817
0.3317983193277311
0.27357983193277313
0.2682016806722689
0.26283793517406967
0.3439279711884754
0.27137575030012
0.2948763505402161
0.30879231692677067
0.3275294117647059
0.15900600240096038
0.3554477791116446
0.4174597839135655
0.18656902761104444
0.45029531812725093
0.30587755102040814
0.3775654261704682
0.3724417767106843
0.25690276110444177
0.2086050420168067
0.28997358943577434
0.27053061224489794
0.21749339735894357
0.22209843937575027
0.32756302521008407
0.18815846338535414
0.26966146458583434
0.1255030012004802
0.09660024009603842
0.29341656662665067
0.04848499399759905
0.31737334933973593
0.3557983193277311
0.3174165666266507
0.29826170468187274
0.3079471788715486
0.2888499399759904
0.4954621848739496
0.2939399759903962
0.29891956782713086
0.3855654261704682
0.34738535414165667
0.2708139255702281
0.3191212484993997
0.3866602641056422
0.3485858343337335
0.3681632653061225
0.3157358943577431
0.35457863145258106
0.31181272509003605
0.2354669867947179
0.2695894357743097
0.37577430972388953
0.30911404561824735
0.2857046818727491
0.2143049219687875
0.3158031212484994
0.3693157262905162
0.24038895558223292
0.14990636254501802
0.36678031212484996
0.25235054021608644
0.13795438175270108
0.3885378151260504
0.29341176470588237
0.29436254501800724
0.3193517406962785
0.4404177671068428
0.31181752701080434
0.3177046818727491
0.33322929171668664
0.31517406962785116
0.4268091236494598
0.3992268907563025
0.35727250900360147
0.281733493397359
0.3454981992797119
0.36127731092436977
0.42031212484993996
0.3833421368547419
0.35121728691476595
0.477594237695078
0.37351740696278507
0.30789435774309726
0.35275390156062425
0.4264633853541417
0.23611044417767107
0.4107418967587035
0.31651380552220887
0.42880192076830725
0.46430252100840336
0.3846050420168067
0.4057863145258103
0.2829483793517407
0.3138199279711885
0.22468667466986797
0.18841776710684274
0.253032412965186
0.3080912364945978
0.37759903961584634
0.30789435774309726
0.4015030012004802
0.3559039615846339
0.2239183673469388
0.48571428571428577
0.23858823529411768
0.3228331332533013
0.30147899159663866
0.3522016806722689
0.3021320528211284
0.5018007202881153
0.3366002400960384
0.4019255702280913
0.4336902761104442
0.398280912364946
0.5021848739495798
0.4572629051620648
0.4268091236494598
0.4348235294117647
0.3756638655462185
0.441406962785114
0.4735942376950781
0.2993517406962785
0.5381032412965187
0.4456230492196879
0.43480912364945973
0.448062424969988
0.47577911164465786
0.3450852340936374
0.5553901560624249
0.5256662665066026
0.52
0.5912124849939976
0.3839711884753902
0.5561584633853541
0.627563025210084
0.4301032412965186
0.5640336134453782
0.496374549819928
0.6160384153661465
0.6253061224489795
0.5818487394957983
0.3655606242496999
0.5286914765906362
0.5142376950780312
0.5526530612244898
0.5142857142857142
0.5192316926770708
0.44737094837935176
0.6445138055222088
0.39033373349339734
0.5443937575030012
0.664921968787515
0.6654501800720288
0.5939975990396159
0.6186794717887155
0.6626170468187276
0.6346218487394958
0.6595438175270107
0.6988715486194478
0.5942857142857143
0.744249699879952
0.6301560624249699
0.8474909963985595
0.6711164465786315
0.6436974789915967
0.6115726290516207
0.6707322929171669
0.7587995198079233
0.7028571428571428
0.6902280912364946
0.5479951980792317
0.6604081632653062
0.8160384153661464
0.6116686674669868
0.7963025210084034
0.8561824729891957
0.632797118847539
0.5967827130852341
0.7193277310924371
0.5682593037214886
0.6093157262905162
0.5160144057623048
0.6244897959183674
0.68984393757503
0.5727731092436975
0.5950540216086435
0.7086674669867947
0.6591116446578631
0.7392557022809123
0.6946938775510203
0.611764705882353
0.7114045618247299
0.7247058823529411
0.7573109243697479
0.5931332533013205
0.8804321728691477
0.8028811524609843
0.8406242496998799
0.8112845138055221
0.729171668667467
0.8728931572629052
0.6949339735894358
0.627563025210084
0.6322689075630251
0.6130612244897959
0.5315726290516206
0.5126050420168067
0.6521488595438175
0.43168787515006
0.48984393757503003
0.37520288115246103
0.6112364945978391
0.45838175270108045
0.4833133253301321
0.5179831932773109
0.5046818727490996
0.42909963985594235
0.4448451380552221
0.4991116446578631
0.5487154861944777
0.4927250900360144
0.4848979591836735
0.4483697478991596
0.45996638655462185
0.5389195678271309
0.6179591836734694
0.4714045618247299
0.4210228091236494
0.43796878751500606
0.38301560624249703
0.4530228091236495
0.4655078031212485
0.4301032412965186
0.5436734693877551
0.5276830732292918
0.5262424969987995
0.5345498199279711
0.5717166866746699
0.39297959183673475
0.5841056422569028
0.3527587034813926
0.4768787515006003
0.4811044417767107
0.4662040816326531
0.5090516206482594
0.4560096038415366
0.5327250900360144
0.4751308523409364
0.5329171668667467
0.4707611044417767
0.36552701080432176
0.3564513805522209
0.3235102040816327
0.28108523409363745
0.3636542617046819
0.3358943577430972
0.3034765906362545
0.29519807923169267
0.26304441776710685
0.33666746698679473
0.25676830732292916
