0.3143011830633582
0.33004459145110077
0.38506880745635974
0.4265813453819107
0.3338209044582767
0.2569876344261687
0.3821571175482781
0.31579837489262086
0.3119956427751166
0.4299841417615068
0.37381822388364244
0.3578717290601909
0.25472043630403873
0.3371550729322744
0.3363598479774259
0.28439432048039537
0.3602790885844891
0.33608752183877383
0.3105237912628928
0.28231785217024613
0.32900387429460887
0.35145245409256537
0.2365355474033597
0.2461271104966048
0.20688140604728178
0.29895705030248987
0.3736989527912272
0.27659340611190475
0.2120707205773374
0.31296768199593716
0.23886184071833183
0.35397862837791383
0.3624103148296679
0.3234185751840327
0.22413318845432892
0.33480197127900513
0.2497748828109648
0.40453972046907694
0.2814642854733795
0.39202144295046926
0.2985865817763516
0.2815087514582637
0.24097454553675912
0.3306907380680353
0.2818376070030675
0.34569500383010043
0.3605306903150054
0.30792123481312916
0.33216739655218663
0.35641385989804153
0.29497581142943474
0.30181328600158974
0.2805120665247184
0.30559457419325686
0.28705726841595286
0.30819728229142995
0.36575709809239665
0.3217057345473683
0.3735199960786829
0.43833257494141276
0.26007253852789497
0.45175359586589975
0.38198844472995197
0.43414328859632634
0.38761613490216573
0.40533193241191157
0.4237773609935742
0.390366939438314
0.372307485168071
0.3286441667938672
0.42175611805122426
0.45618370875426695
0.37626686061527753
0.3974599980239971
0.20999150211210343
0.4802478833495998
0.4722132068979984
0.3537582788917482
0.45745954887494844
0.39981267734402104
0.4236351968005574
0.504644405203122
0.5314601602441682
0.5367006444063921
0.4883568092141646
0.5809552211077006
0.4926498557377351
0.5292475419324377
0.5806247192593794
0.5984906882679993
0.5143303055068387
0.5635584776006726
0.6605596456438063
0.5944778649157973
0.6133264487437848
0.6629181169391294
0.6934147449012654
0.5890085389206748
0.5418846344195816
0.6251096960880287
0.6441655582862006
0.647852569952182
0.663665165883415
0.6683894218291094
0.6232419834322085
0.6495965596621369
0.5627442231961213
0.605393828822884
0.6077208064957089
0.5658797924348338
0.6582333372703919
0.5206543212262272
0.5586132342155352
0.4923133921175169
0.5206757846662355
0.511196109060287
0.5083662386675204
0.4029508601840606
0.47571847439531273
0.5110617010841023
0.5779703196744133
0.47910862798266696
0.5092665154875575
0.518275815513682
0.4445235270893434
0.517417815821885
0.5073581171429429
0.4686812611415381
0.44439708941153333
0.7032871875283719
0.4914898062707163
0.4036943561991455
0.5993647734042653
0.4900874676465154
0.5453517867163034
0.45801518443416567
0.5021088402318608
0.4602280535870489
0.46531853378743915
0.5101334758770155
0.5310944773612971
0.47138709362648135
0.5221278717652278
0.5091877821553399
0.36702183515817577
0.5210776340550852
0.4171082725810814
0.4175084615806166
0.4308246676007944
0.4155187743176594
0.37675178095272244
0.4177793557523918
0.3000551816017922
0.4122641001349352
0.42205687583065266
0.3256520316673821
0.2926005307341056
0.4815851146030977
0.3846983532224214
0.41505900882220087
0.4727544695385579
0.3944117186368987
0.4242142561727008
0.3632075752344975
0.46268919126174735
0.43467642886619196
0.3825208566305889
0.49654007218761714
0.4369502999221083
0.46278109786308186
0.36279517429221914
0.41318788769684833
0.5057915170318708
0.499603409166422
0.5139433070478214
0.46376248521344154
0.5395407852441534
0.4777396571050687
0.5161030102311001
0.5309283366798826
0.29505036061869333
0.33515741633258533
0.38513820159838075
0.48289535126996197
0.3750456448495697
0.4185218822645995
0.4573082327515876
0.3810771297960218
0.3576678104810039
0.44452633882965625
0.34835454419152473
0.36177158004621646
0.34733132328795413
0.30112711692511995
0.3166240294524558
0.3412735774640586
0.2709227228192612
0.37245828006456355
0.24352426003882116
0.4513303475907739
0.33964603127028636
0.30553342692957797
0.34360102795391956
0.2943889692492768
0.3557812793021522
0.3119973950888411
0.32532179400602257
0.3346500678041217
0.37663061385216223
0.4139298409416047
0.35041800820164015
0.33837261344598085
0.21495999501231805
0.28336871652196
0.2614876145532911
0.34215092148997817
0.3494886310248254
0.28824492462547613
0.35806052771332
0.3139748413143282
0.281252908325089
0.2458574154307771
0.27748373149246147
0.3270112685054687
0.36042008671163805
0.1767362230932965
0.2272568858065895
0.26284941194800526
0.28764959612290963
0.19350297616004336
0.27808871809697777
0.33766137156419285
0.21995625105299
0.3359236581702273
0.33838004699146385
0.41305010204115633
0.4312580154238014
0.424530476724858
0.4403807857234881
0.4133620188546827
0.39233966430201983
0.378524882105687
0.49253707321124685
0.43978469156328126
0.5615835477959661
0.4983409657462776
0.5502463230159915
0.6194221569477095
0.6269635352289338
0.6322339700129511
0.5440151286425989
0.641461055623018
0.7843023718955172
0.6639647118821868
0.6907177347743692
0.6694750426107905
0.8640584034875805
0.8281015489365706
0.7859597271643719
0.724692808638733
0.794143463924831
0.8114081477106176
0.8304976966082278
0.9350507485011452
0.868946558263478
0.797155659958662
0.7869463454866615
0.6952552798885532
0.7272047426856967
0.6186600487380043
0.6572864244871
0.7221375045592091
0.667999319605868
0.4985532531206073
0.527933359286945
0.5275853090441789
0.6401893626180394
0.4835839577581254
0.48406203869407
0.4033510590247953
0.4866027042672094
0.3935178672929216
0.4602656106471171
0.3927671373470437
0.41532061208861915
0.45645299638626124
0.49030406791853715
0.37066171082222027
0.3905970323349813
0.5082941984086214
0.3809026397280948
0.3914098015890241
0.3884910443076115
0.4379870260929944
0.4352665742469758
0.24030805733379523
0.23349418915730114
0.38177486035571906
0.37843973515511753
0.4254775133463984
0.46503204171067375
0.4710775812840593
0.3865165992812537
0.5436113378766557
0.5080427697142721
0.48602141247745906
0.49618320407285577
0.41390435802947956
0.42361100544975666
0.473647710545262
0.5439012200466264
0.42783923171409344
0.4743712139501912
0.5428479759953563
0.526457432900439
0.4670999686567633
0.5307449034189333
0.4322870787305476
0.4738378292976647
0.47440956356951663
0.47972446197368723
0.5369436112355154
0.45790898763538823
0.6357702688212605
0.6319205552072658
0.5127448550904328
0.5260792000099659
0.40763502340236146
0.5217404631296294
0.45799996960554645
0.4586171890272698
0.5012335323359998
0.5035469257082718
0.47718302908641463
0.4748013079439229
0.5184191111113801
0.530481320868031
0.5391838575793956
0.6123202333154069
0.6705069262003274
0.5368533428072454
0.6459378441468272
0.7359947498013497
0.7175601315904195
0.672054113400746
0.6867865525357592
0.7514599447005328
0.6876335076429777
0.7339271953670405
0.7448166748458293
0.6275167328386851
0.5978769186893442
0.7023944409859759
0.5600520966661487
0.6701634335100621
0.740198090950785
0.6899009938606149
0.6122473404982358
0.6071896676577281
0.8066637625150257
0.6253474413778618
0.7852578367862793
0.637864090833891
0.6185443713650871
0.6705436425936355
0.6039577207365405
0.725131700976284
0.6684075666311041
0.6083186297016682
0.7054919901266613
0.6600561224970833
0.5661555102204846
0.49216916191271126
0.623363861724856
0.5766432358628939
0.48501655149625206
0.5740409239265394
0.6512769811156283
0.5265258749348087
0.5137286445255025
0.5024433621840617
0.4977081702582171
0.4008421452197346
0.5472603921112893
0.4652558926612207
0.4041344037060267
0.4294416180786945
0.579304661064001
0.42429729779388903
0.41647601981715143
0.3861121249379014
0.46297155823649616
0.44088576090493925
0.39581895126060107
0.5768056181082329
0.5186101430452466
0.4987737676078164
0.5694503795440667
0.4530646396505412
0.46962090859836825
0.49104378489637235
0.61932500750331
0.48680229541035125
0.5572511191493357
0.45744349739087675
0.5835888856619067
0.4883842434752522
0.524791279690976
0.6131483905460704
0.5688588974098612
0.6820728152684652
0.5263717914051029
0.5761344971650646
0.6663682604511509
0.6605092511863633
0.5770577131971207
0.5131170334690414
0.5012002183737041
0.6625397995626707
0.6829678883148487
0.6293934598826341
0.5289249222113308
0.4562459200731799
0.5407268015172855
0.5104644760157139
0.4914739401724512
0.592417562143956
0.39158031779835434
0.3214545658875031
0.4518189396912562
0.33825273287650914
0.315316343838814
0.24530221820698392
0.42415876756960735
0.37516653958770196
0.37485014041923526
0.4327260475052118
0.3201409350661709
0.3593724377089004
0.35037876658570344
0.29629762291073336
0.310382360923242
0.18140366489116408
0.33551445206143327
0.19781150571646428
0.33386918003903565
0.19536613757899476
0.1929239112967211
0.1435396369031332
0.25462709173223425
0.2113975263053257
0.14770628916474232
0.3008939721436715
0.10396435939417892
0.13875274319039277
0.16419527523033345
0.09487604513416065
0.17117275768548149
0.15754057124037804
0.21499120366513697
0.1528191874824459
0.3135039231848753
0.19503069355070218
0.15758245481697455
0.23613155988893808
0.4142850314426393
0.12013655919001963
0.29530905765997184
0.3057533635925578
0.2725129099913451
0.18847508253983408
0.23503831155919686
0.16134307643869586
0.17286991319677353
0.2786918178476162
0.28665606470461646
0.3882296215513086
0.2779755497823334
0.23689316507307195
0.3550255921964685
0.24115423201131686
0.306804557426522
0.35344616900394576
0.2663185163180127
0.243730194942529
0.18789687241144803
0.3695696035024807
0.20242302051463382
0.33267647027511316
0.2703192104142127
0.3857248670719892
0.4451050686820304
0.30478262296009156
0.39446405431254616
0.3732606025573053
0.4446350625650868
0.35312674817851764
0.33042487493396333
0.3851431194708417
0.421373708000675
0.38970304303984826
0.42077061501565194
0.41662379862631826
0.4276048610192025
0.4092471116664008
0.4474956902892351
0.34252848351817095
0.4486251969233056
0.3396983705185786
0.3539675600358267
0.3520775406667054
0.4346666895256813
0.4684995173806103
0.32750615862806
0.3727076663600963
0.45675734550777114
0.45920904560360276
0.43158306086793563
0.5382084228356896
0.4895844456358532
0.4325303260800887
0.42153185950488353
0.3938885893335535
0.48575302775737633
0.5183602466047526
0.46960028331699455
0.4073915341092849
0.4769511869232791
0.5447904066615759
0.4620122790868054
0.3930181956142812
0.5083392065483894
0.4097140470627666
0.416170616430779
0.3125674013653469
0.4871928050764236
0.3847447445235961
0.32735732096855413
0.29073148133051396
0.2444114942757069
0.37740418449226143
0.4566385612068924
0.4576471249835677
0.42214781500482695
0.25626832833765156
0.3307379847064922
0.25264291105646375
0.35514664743185353
0.32205812687899227
0.37555452158709196
0.4882781345115275
0.27071211033483733
0.3196470826014402
0.23203903792345676
0.3620253081867839
0.24557280963262457
0.28104273616243225
0.2285109581850674
0.3544213565925075
0.3838522623964248
0.2825732363007233
0.32649376475401654
0.3544247641146643
0.3423047202518991
0.39657068492225894
0.38678380709922894
0.36089733652679334
0.27941918060238474
0.27175501679038344
0.26653923609928853
0.2733095040069454
0.41419224472348726
0.22362104226526625
0.3269569228087718
0.3721642991646438
0.3446058887492649
0.40520802703695036
0.2917851778654623
0.5090649753850959
0.3128322086092264
0.520248668761474
0.37066962272776327
0.6286754356394315
0.7331973343765852
0.7246266049909713
0.4587037919471902
0.43579297075384144
0.4243474097438329
0.3967412208366293
0.44472092128011786
0.36437271385964737
0.3103406563366471
0.35582057716819215
0.5209823092209509
0.432510947093088
0.4506955522849724
0.4389777235390794
0.5329182923274955
0.39850417222437357
0.40765731050053117
0.399365749235949
0.32501128018698755
0.35071531045499427
0.3186814167769238
0.27455722612682865
0.43466912941123664
0.3400164622705754
0.4077580764935018
0.38859112388405226
0.44997981491871475
0.32377851923994205
0.2569601448040407
0.3863982116174367
0.38507494910874196
0.4891861770277364
0.3087718102339616
0.44723673582560963
0.35192955339576415
0.35821186516377285
0.4777777435752286
0.42295683099261183
0.34148526570622345
0.43683783332866444
0.4028085669815079
0.41166633486629856
0.38736286297457245
0.37850932265624815
0.5401034484567646
0.487985163639978
0.4211419891481482
0.4461988964470701
0.3897174199642352
0.573771996945192
0.36540328973827013
0.5085592068719927
0.38326171593091907
0.3791924595156416
0.2921019518415715
0.35663478844372976
0.4877118934267768
0.4681838277713966
0.2836100089140123
0.44153960151663535
0.35436614589704485
0.5165623214555474
0.44483098128716103
0.43797411986504076
0.5015311249429844
0.49346651462412716
0.4645158225232778
0.4661150099587764
0.4237466604835607
0.3771983387298915
0.5083835528984881
0.6379327313475281
0.4403199471513224
0.3956147506158688
0.5008398088955353
0.44351515089329135
0.3662741082539064
0.40829342287062886
0.40851344279283874
0.4962312761569875
0.4327614676847602
0.45574956845663506
0.5414102619248483
0.29303383513405473
0.3780781266678138
0.40524476430062084
0.45750755675624144
0.4681845226730528
0.5451358840643905
0.3562865473438564
0.45782536357368253
0.5096218937931732
0.5193692038197469
0.44671398264844786
0.4906318819022405
0.4200663116040664
0.46942179167372944
0.4033862282033044
0.4309754820455183
0.5299054154443227
0.4102381550322634
0.4721748843383718
0.5917690273456923
0.43597400904816136
0.6163072970515537
0.550033474536348
0.5924475189507807
0.6274629077776246
0.5147354290635322
0.40578725875881727
0.39854058558365896
0.5335974254908141
0.4913418781872751
0.4293006128242838
0.6015587946222354
0.5546084035800556
0.47255621914131696
0.5112929245538083
0.5489264900954314
0.5327330858083602
0.48508281776421597
0.6128234502891373
0.4563250930562912
0.4425907860608885
0.5421849114331498
0.61941434227824
0.37095018095677323
0.43736511612751783
0.2604028948475001
0.6283418756828403
0.4198486096400782
0.45516719971107383
0.438340137902399
0.3750864463515232
0.5132747073238363
0.44788595137151344
0.36843425154198006
0.3931380375568171
0.454355790506454
0.5129723333200001
0.484740594871194
0.5092007434197076
0.471559498850311
0.4295879631391445
0.3690648389572038
0.5008378466011432
0.5549979162350387
0.5633200662496524
0.5835058149126922
0.5457707896713555
0.5983646727893395
0.7292414527607649
0.6647501715908208
0.5295170817544848
0.5704838128156424
0.6097649114638808
0.5807539336364286
0.5811654118042904
0.4586846359381087
0.5023612630595966
0.5667989777194112
0.5632643770902885
0.4860860101219522
0.5567794249176178
0.5422240416632692
0.5704058578836981
0.5187438866149651
0.4955943702776976
0.4382146006559712
0.5909536499413968
0.520939619206451
0.5995357379435036
0.5243300721637718
0.5172551893079379
0.5734304953280595
0.5709653732538713
0.5576826543522005
0.6313566477739705
0.6323923181937633
0.41675838045307234
0.5115468864397051
0.47257962069973924
0.5451447215895608
0.5193936924982143
0.5328092625182971
0.5814269335020252
0.4657512616971191
0.5015386305943357
0.4596681383111919
0.6683918770331891
0.45476328903259916
0.5312563469752719
0.398808271967152
0.4380112961726686
0.524812032582138
0.4570367455439057
0.4577620056130789
0.6567957624291285
0.41547156767721694
0.49152715265942104
0.48684213732394555
0.599299664120823
0.4428976903460706
0.5279845488876548
0.3940367364130335
0.5111241196699814
0.33746212557700483
0.34225303459757717
0.3875717017103746
0.32674175642392644
0.40714164946129194
0.3000700741997856
0.3536793440355141
0.23893852855124656
0.4148520966827336
0.5950709918646514
0.4749890717989911
0.38254741079426885
0.3814252060532617
0.31179417413435034
0.47715363871905087
0.4048545173146857
0.33880475149942557
0.4851584093602289
0.4200878922662612
0.31294513027076504
0.5011306991861049
0.3584980666141037
0.43726412514927443
0.47029478395279534
0.5690682796566856
0.419841609889517
0.24034286487303227
0.44654153444337646
0.4322847081515492
0.4415266252373458
0.3686461091753003
0.290201670425541
0.5723888715232198
0.40571176350727856
0.3838048248384267
0.34761027331899075
0.5063207988075822
0.3054688700796282
0.46360549702233844
0.32258239302002617
0.3660935086229805
0.2293992210566695
0.29856343945744324
0.41190388882081497
0.40788074568309274
0.2875867083719921
0.49516471599589273
0.11301970145256816
0.3803547641441636
0.40656809156387885
0.29861874494017404
0.492034239057326
0.39392223993719677
0.35311840780649045
0.47570950616313606
0.3549590920253458
0.2567385277837101
0.4403107616047216
0.3592749980816839
0.2711526880613564
0.3193978363111529
0.37976872108778126
0.4054341930097003
0.22987328943401908
0.3452886303877183
0.28653812627801784
0.18895736881365394
0.2229022743994384
0.3844843444959145
0.20743469557129224
0.3826967716203746
0.4039126759575088
0.34462569265925647
0.5613266354735522
0.1970587976156974
0.3856376824666732
0.3745226319592325
0.45739631161009275
0.372772585121397
0.32666691049308794
0.4360311331948762
0.4313709750442343
0.4958874566018397
0.49336321298654456
0.403820480900143
0.3974625451920206
0.3430216618847405
0.47254741914427284
0.33481800370310233
0.32283579767975085
0.48207736466906637
0.26211596732298276
0.45167679492767965
0.47680298211513694
0.34804362886139717
0.3330547970839686
0.400627198319815
0.4842505182438548
0.49526373615361396
0.4169447452377977
0.23796557620568676
0.4580991825889823
0.32528394352982587
0.47473885441410424
0.4587723204734616
0.5981054942311939
0.4071017650334694
0.34850141720191574
0.4226485959106842
0.38711547541581515
0.3836628177632429
0.4877143018290122
0.4592494943594223
0.5050567943696868
0.4139428261471968
0.5258534874804237
0.4907978280470495
0.4873013575092555
0.42459034698474835
0.6080799157553733
0.4495250044626993
0.43937905631202656
0.48566399043817066
0.43077273444431985
0.30724570111543786
0.41211442298905293
0.3483776579041139
0.46637742699387497
0.37591565909510716
0.3467863302008448
0.3520159610598682
0.342222897402611
0.44553442501388857
0.4738592742381317
0.260891023278943
0.49953065189223755
0.5885615468331773
0.3479123668563281
0.38977477569388275
0.44303990440728536
0.5300332800401686
0.34310051290304083
0.5523414173969003
0.42512063017802815
0.4036993745335853
0.3899733020850307
0.3803247054025565
0.40006028721119263
0.32660788545022523
0.5018160868034754
0.4250918007949954
0.378285923127459
0.42935922704479734
0.4242685458044211
0.4118264385485725
0.32904326109724746
0.4644801333204919
0.47725516782372224
0.3593359979233593
0.24924241194530927
0.34472118493917075
0.32814227496962967
0.280503066280657
0.35194880807010676
0.3206857057409689
0.3681985418372405
0.4012205703401818
0.4501237791376559
0.20538124884289144
0.31526242548604166
0.38597087262785634
0.182350708928816
0.3324287889716504
0.3920192477739567
0.28053785862933855
0.42786104170683675
0.40353499026026013
0.39394858634726154
0.45154088257082203
0.2830465588138589
0.4783893572660813
0.5331810228375011
0.29384170305135476
0.46575971482681977
0.33914842394404127
0.6129988686378262
0.6066786768131207
0.3769447569969275
0.5583827663398675
0.5847288008171863
0.5666076229985875
0.4620553237755416
0.5784216360454671
0.5054036507270854
0.668206821378669
0.49332720034330274
0.4906354911086549
0.5152748212858216
0.4868752182791211
0.458519879450437
0.43978799909130617
0.3341457390970114
0.4616415359712198
0.4450675659242683
0.3830168413797707
0.25503759262448794
0.32165337985948317
0.32078352600394455
0.49189321480173576
0.4638036200881472
0.31507889908095543
