0.2308611435582421
0.2945452801197593
0.30885646505705394
0.3016912843353463
0.20940973054676496
0.3326426974352493
0.33469591052378483
0.2952602095552348
0.3008963419527629
0.3370597725864636
0.3265201324321859
0.1986428774012634
0.3053718622177823
0.30426522520348537
0.31132231136241884
0.32843179455653415
0.3677915054585994
0.3853600288212867
0.2114904024469974
0.28570833201765083
0.18682016120743858
0.27500409158969874
0.3409243199631171
0.329351700367297
0.3503498336148314
0.1853474498234297
0.19116810948168828
0.278484161355321
0.1822814881211165
0.32446820737686655
0.2983881669998763
0.30837076051414963
0.36554694844726215
0.27953443053465954
0.19001398890491616
0.29632883258789755
0.24870674041199536
0.3060039886511128
0.21033087604675169
0.28901891545779185
0.2604140090432379
0.3028528604301637
0.21579760168009474
0.23067017795200057
0.35858131103841734
0.24596667662726615
0.1210746720960468
0.20250047148547268
0.234813562375781
0.18797811753908067
0.2656574205207712
0.28006239143265693
0.24673332597700257
0.26098146196871996
0.2752606543082393
0.34169924662770956
0.2848478216495762
0.38423137805508983
0.34774199083961305
0.34546557916942733
0.2733763713863047
0.36560070477070417
0.33240225258118306
0.34203019664985707
0.3436996509073902
0.32662586012517547
0.37664399545043425
0.3541473000665352
0.3836774490895186
0.29960968368498575
0.28076143527753566
0.33408807294782483
0.4154481790108553
0.4713944838673315
0.42005239308214404
0.38362547682272774
0.4881420281917411
0.3576952896211317
0.49945966632520766
0.37978240577687866
0.38563969613868176
0.44858692153589735
0.4629815881028626
0.5951698245358248
0.5507388433550907
0.5790347229593147
0.6059449880036123
0.6110059902704703
0.5455966476241216
0.594769774385867
0.6093078209020556
0.6308604594374643
0.6389022707537251
0.654892216826479
0.699208114112164
0.6914766984883084
0.6676318196246913
0.7107768503205597
0.7607948967305996
0.6890384321722199
0.7349801008455634
0.6723040344052527
0.7322828268311988
0.6823893541794817
0.7761143672456907
0.7385415494819998
0.8277542810919343
0.7731480629176501
0.6107661751949127
0.7071819105690864
0.6383387100943502
0.5570665736695657
0.5813674052802018
0.5473941920868248
0.6235439548033773
0.5248796571630915
0.5762903605762235
0.5242270010366007
0.6091737062218928
0.6347501990256819
0.49280063363084053
0.5055766757582377
0.528045877977455
0.4805520868150435
0.531137970434988
0.34446443314884984
0.4290365914933574
0.48816191600924486
0.5321625286682043
0.5592822899671971
0.5267938968650481
0.4726364426758595
0.5190909407991265
0.5210399550154444
0.46472986373335134
0.45975087962609146
0.4409177166734868
0.5348248386440763
0.5619412379503801
0.4540835537659792
0.5584651830752813
0.4676831845575133
0.4524203618604044
0.5008265126299195
0.49506590291984764
0.5012826995931039
0.5278049227053128
0.4088528742888787
0.4965924124827496
0.502576189239063
0.39050219504139777
0.37294917613471545
0.39675570093212464
0.36945922442380064
0.4001204184797674
0.24157146004360552
0.44997360606565207
0.36761429929078354
0.4167026143813073
0.5075681014957658
0.42956459049101975
0.48829232440274173
0.3739169753757416
0.5807009793841117
0.3594091515476302
0.42856094937965017
0.512996232667668
0.5282672278464169
0.4443284395929206
0.5222150156247274
0.46247027598212637
0.36921013847809797
0.4814760818893175
0.38737330424188376
0.5126567221703775
0.47587249340277404
0.3980804943084586
0.3886334738695946
0.5017182004405359
0.45098085107379404
0.46616291339015115
0.4728038913383979
0.4752264992918915
0.5045281950361196
0.5179745450579976
0.515088507286535
0.4180074503781017
0.3826790032418474
0.30291782668027556
0.4382937796763906
0.39918380523113656
0.21606341775936952
0.3275371752468691
0.42460390324903247
0.3437332674836931
0.280312976902955
0.4226801258250718
0.3436744936080584
0.3705794101599302
0.30024596381303525
0.357634603282881
0.294514521734167
0.2615837736818478
0.344571366272541
0.3342059054768758
0.28683279585342214
0.36485568451548284
0.4146104599521534
0.3951344986472023
0.3107347904034321
0.3145362552974218
0.34274002587829444
0.263187126677197
0.29367256580536266
0.26321069129765284
0.37708408907844626
0.35383134250190357
0.29627990230595086
0.22062085387946218
0.20666796519965486
0.32155123054834567
0.22264525672123542
0.19396789743098855
0.33123020910552936
0.20146365678723394
0.3188050838666931
0.12457082846167837
0.23884096981814196
0.17461888196653302
0.29441936429721766
0.23694724681341647
0.35181523804675463
0.38046899386340016
0.2946931151186916
0.3082663065485682
0.40718065026862965
0.3255110912720112
0.37107303663774405
0.38716616218126154
0.3562839001463318
0.3869306952427475
0.46549316939604224
0.39544962944219303
0.46763404800088276
0.6445469779366666
0.44466854364500985
0.5037111221110335
0.6795318152724805
0.6476321646234442
0.6016838144018872
0.6829282865565769
0.772986119230147
0.7687377912087324
0.8320787372340396
0.7985072210278256
0.894713942587791
0.8842952899764961
0.8287505420538184
0.7804932129759095
0.862796196039876
0.846355324206275
0.7868381754846219
0.9333808534715311
0.9207397680479072
0.8231253721377926
0.918652181949041
0.7912145539485723
0.8468098557384567
0.9053873939886543
0.7963922337013516
0.8028248467693586
0.678075006825986
0.521032437139279
0.6194584496304905
0.622066580712531
0.5022177569020754
0.48494675256544667
0.48153146264934454
0.4591696370170195
0.5225006127842048
0.46187391906176356
0.3248592190587599
0.37771175317404304
0.5381998815157402
0.3437342272661895
0.30556481308970584
0.5182491749718428
0.4043808804895119
0.2526219302516688
0.4976156491381244
0.3703312083126583
0.31737818657978933
0.3509498931484145
0.40355446575996257
0.2897139165124051
0.40988022004264846
0.5259041983224733
0.2828482950325836
0.456940231814285
0.3636467521826205
0.4711757290829542
0.45162169279480957
0.4166475322052061
0.36039466394460584
0.3738427411149844
0.4428281004246527
0.3545517857522378
0.4036589263709417
0.5190218176220734
0.377491484241528
0.4190588506952905
0.40499063287490306
0.48334055957753697
0.4905712335538126
0.454319911023077
0.4390064782319495
0.3830454532951109
0.5130744919552449
0.3662701753259144
0.47661263071962623
0.5004894616343439
0.48469914184310325
0.5250343605317493
0.37346289913177744
0.49408576112521874
0.46294996157627966
0.5115429910669783
0.4898037921113901
0.5190620509733646
0.5109656656214616
0.42680840375806717
0.5771303515272966
0.4829277874327977
0.478554218520191
0.5129813979905256
0.6002033424980908
0.4569964010785385
0.6334901473498932
0.6887332500001907
0.5832634563437663
0.6943859938052171
0.6878960451597432
0.8051695801252717
0.7737330946068435
0.8029570622951788
0.7657115851327289
0.5971000749024397
0.7329969123777141
0.7358724466057622
0.7670985747131844
0.7333825954716641
0.7531914356514154
0.8500235648675987
0.7675655782224662
0.7378815259129494
0.5891752529880036
0.7652251086069708
0.6014308635920697
0.6555142156556165
0.6514131939639158
0.6421164279458754
0.7240443815002866
0.6682594639526522
0.7873473977666069
0.7316521550738152
0.710263622223998
0.7094161975814652
0.668893954622989
0.5556929649097384
0.7167896937449256
0.7033430345997106
0.5978988929141319
0.6064324400076049
0.6479444542567425
0.5942424481765437
0.5696997609025727
0.5139616497628079
0.5808215202637061
0.5538867944574443
0.4667199718358649
0.5224904687857352
0.41448086660157096
0.41088734399669513
0.4560253292115708
0.5114913931401632
0.45732574067970644
0.4852462543005235
0.4509541218795792
0.45529829199997895
0.5025167805948605
0.5230880608409605
0.5390708990910575
0.43447078628768226
0.4782355182566094
0.5684326923273877
0.3985688252245649
0.5058426039860354
0.48479890090588473
0.5126199787089076
0.46297415652427826
0.49805553548026726
0.5307317971226354
0.5892766193462144
0.6387030013463453
0.6668321803345367
0.6707629339572984
0.7175639394173547
0.6805585388028101
0.5348043724953193
0.6533786641175265
0.7818474058087709
0.8103714258968324
0.6717007678668747
0.7041603449636302
0.719450822188314
0.6643046967861141
0.6839332763401353
0.6507851740988309
0.6254793181548455
0.6943835906206854
0.5887589968751207
0.576464430307681
0.4693797100928939
0.4588328164950864
0.5247436985901434
0.5404252001432173
0.6518889124136666
0.45920450325387063
0.456987701744563
0.36509196944018096
0.37875568627088113
0.4028530105530844
0.32160678769643347
0.26938249001013526
0.363301061294325
0.2315245518145956
0.396916932738147
0.3032255730161763
0.322265962685226
0.23102274253348848
0.3363665052665306
0.39038904017390585
0.21738561989690072
0.22118106598632634
0.1156060253847666
0.14528583851235854
0.09147501062476994
0.119280850336694
0.11628567757500316
0.13477680175590973
0.07920983934546028
0.15447952423426894
0.1062708840546816
0.18456506607979745
0.17536278057089455
0.1518538737591593
0.21288347568996682
0.19793584098938505
0.11201203717612444
0.3213549319492065
0.14289167601042302
0.18120499997259054
0.2340887152162643
0.26355395754302535
0.11051907257918621
0.20225364965499104
0.17449534585827264
0.18511535780104088
0.27597534290392517
0.14890892480908108
0.22189013499557705
0.07652327103808128
0.12750374784734803
0.1472599087362118
0.1642657037466399
0.293564722750528
0.16904210237559333
0.17408092990993024
0.17292872309807047
0.1998703836546566
0.1967639761956661
0.17049604439373756
0.159274357129003
0.21607205189835135
0.16047767030190063
0.20051789140089063
0.2345280835019049
0.2102978165423429
0.20755575683433897
0.18459181725297552
0.43062105799277506
0.2119666465529845
0.46392259098226135
0.4222985164823625
0.35778333229817666
0.3443212752384719
0.4282059602726091
0.4747286359142027
0.44780964646712595
0.3773944476079649
0.379096730674364
0.3724413058126437
0.22554012808426688
0.336285693524219
0.2609710612337937
0.22230332227289837
0.28884684400523
0.31748137358269235
0.3531990377466256
0.27792959156378183
0.3404293176071987
0.4262365327632399
0.4340389293290188
0.33780475526432174
0.4365867099393044
0.44766820810991853
0.36991986685269684
0.47469381017729617
0.5385957383921172
0.41542548882292185
0.45084369104091476
0.46159241760094655
0.3243800175603959
0.4131573322323968
0.3407259073661544
0.37303300667481276
0.4327763218874426
0.4243569265242253
0.3531442465371845
0.4595895170581442
0.3908665137318922
0.404211689752688
0.4261719089245243
0.3341212866759643
0.35256148451125624
0.33522673664040215
0.34255187996286623
0.3623643326221652
0.21613805454500845
0.45652717755784
0.3537717070407915
0.28817911608832236
0.26762670649135123
0.4480519101305544
0.3273086934400617
0.225039081706872
0.28289544932197397
0.2770228310916827
0.1528852774987798
0.19912294009423764
0.1785669630679555
0.34039479842081966
0.24776921084170606
0.21078950233974963
0.27830698142476223
0.21820203605310404
0.23981568649799895
0.26360098897639667
0.33351760795214996
0.2256105381257579
0.27891881658390705
0.27652255793227204
0.3257339171768998
0.40218746523479043
0.16630986384421842
0.2685052860342836
0.25205579316179944
0.2783404094286956
0.14450994364348158
0.22522651521251463
0.2553097024878103
0.22923404937847908
0.2651105849297878
0.3015201667402845
0.27007668021604336
0.24601004396458703
0.3651496874720339
0.4461256724100949
0.4507191764258446
0.33203812173804226
0.6232016601344738
0.5956816280703654
0.6335044462033812
0.8823791142142645
0.8992192890125627
0.7732098731756032
0.44249946934507556
0.5613205244453473
0.4664017490836492
0.4322820087160897
0.4652539182831751
0.4884451224814371
0.45003062542841543
0.3581589025728139
0.3842039125534239
0.5159259699219965
0.4570391525832972
0.40201779706412044
0.45655855611871465
0.33718847638710736
0.42958257786259213
0.3549877576766738
0.25429061733765124
0.3456003074338235
0.26101446918399596
0.3501330610447991
0.3139295971856201
0.4105887867999536
0.6058843513882496
0.4733621703704445
0.36883122668718066
0.29567795891204135
0.2863526445919364
0.44043496927446724
0.432378316228869
0.46453832825387326
0.4259761768471255
0.45838149647307785
0.3811043472661341
0.4726750655557589
0.40251275863654123
0.35699170221114546
0.46978476934657254
0.38482462209765467
0.29233469387593425
0.3924766314821879
0.39285911255383166
0.38568224367481346
0.4046967104239074
0.4172732229687258
0.44124689064917744
0.43243220868425103
0.4118919166160713
0.5383545459251474
0.2921083814628953
0.38281590463829585
0.49114701891755763
0.4492215585539401
0.46894491411860706
0.41652080457316176
0.49832377834801944
0.46720974864433035
0.3249828789083735
0.46093482623898385
0.37968381234467624
0.39676872518936507
0.2760782946946665
0.4564299400756768
0.3675355189867438
0.26497116126163206
0.5095958808098501
0.3808944452428259
0.2587151397576647
0.35147950594317734
0.29719761116072696
0.35246089894587984
0.38702898114064777
0.5539554784208112
0.311834452932302
0.4336271144242715
0.3960698550330045
0.5194781895254732
0.4275610952371864
0.41563396253250456
0.4989550717663403
0.25988816670784226
0.3169926727458451
0.46767937734521825
0.4654544882763111
0.4054772595569034
0.4458860791928827
0.49364161396442807
0.39884900098343823
0.44117233805456724
0.3886500560839403
0.5170268343313182
0.4164648642439641
0.37761619993600143
0.3301736381939523
0.35337362409102135
0.4410471440374467
0.5349010641159335
0.4459699457703033
0.5038346111517353
0.5009981931731434
0.6462027326796146
0.34361275796461566
0.5286601973904497
0.5059753644701414
0.4789739114357926
0.5962011986656939
0.31690399305563416
0.49601794582715975
0.39987353594591085
0.5078262068843916
0.40980526909259574
0.39907766625604646
0.501265504308905
0.4001875555265383
0.3128813830367983
0.5544454395211842
0.29840293806570634
0.31762804941940737
0.5612923809186008
0.40548103234964084
0.7656365920705979
0.6306361828175421
0.44881249130028
0.554001855411233
0.44210801065532757
0.46507660095498377
0.4431179170562564
0.48463664292662934
0.3642086071405849
0.5066263660042002
0.3983533703748188
0.4817758959754625
0.559427922042331
0.38717072494009164
0.5033809247441139
0.5433189997636534
0.551535343416987
0.42741718520022937
0.29776804195949813
0.4134144549225448
0.4358191632759286
0.30469887467850026
0.4199511835715033
0.44505658130656894
0.4762932544335915
0.5180801096773167
0.51873549953178
0.4883452646446129
0.747329005935549
0.6641151536880308
0.6707910148928204
0.6494106766199924
0.6434445549127069
0.5036551772581191
0.5657189706962703
0.5330184388671892
0.45444857180088194
0.4180549449317108
0.49641269414936257
0.5645603418079403
0.3521240413465015
0.6235417859043184
0.5949720390086107
0.5186863962427506
0.6655379078884038
0.45818079450475924
0.6156323188653993
0.5804543956339278
0.4607306418754712
0.5216272883562092
0.5975608875706101
0.41903239429429484
0.611015145470174
0.5478805178299444
0.5752758839712926
0.5218924536477751
0.7013867423639157
0.5186332345562112
0.6686079000646475
0.49542371935111373
0.6578647800528129
0.5610941839790167
0.42860718649606927
0.38166589477040486
0.5169726044022852
0.4253473867646396
0.5035829174381903
0.5250124211007534
0.4106978798549096
0.5445466811325712
0.47316401271973957
0.41692483192046026
0.46867582924810186
0.41403966414290555
0.5237690030141575
0.327439180686331
0.45243950331291605
0.3776781836452984
0.4942161219792577
0.4148081493174153
0.37084621556904207
0.6698515483000173
0.4470249449078676
0.5421845499358433
0.33408417617366243
0.29506158823199524
0.3039182021198359
0.3453144251680139
0.3328202349233876
0.27544150631432573
0.27561506751289233
0.31802067445218996
0.24624483418880785
0.32888986921921337
0.2295786322763389
0.3470564289780328
0.3250995539150661
0.41276423208175717
0.21503830967465987
0.3164293601568422
0.46228268901872627
0.3172658835729536
0.31415754225978065
0.5446484651898755
0.42986285264250557
0.4312012476251329
0.38938881638858525
0.47764623014208224
0.43486627090638674
0.34958526028099157
0.39471527047822796
0.3046042475726969
0.4113528031447728
0.31401628606865756
0.27085748066934456
0.36140225529558523
0.42308974117654563
0.45317380319062994
0.35405519638940286
0.3650895790897435
0.41123822666599047
0.3125576336436939
0.4208729780916383
0.3602991152993706
0.3629497244719322
0.47787120309188535
0.31492829756014273
0.24675416518740473
0.32816044980980896
0.394216041493373
0.30056403136052884
0.3725288175675754
0.27447040836866543
0.42309406358146084
0.2522295224622231
0.32164926643947744
0.25838946003188457
0.35098739899290343
0.22998320675871564
0.29188116968107736
0.2517850791201119
0.21397698955814243
0.2626472041273943
0.269084808083445
0.23932661741806024
0.3126098757488495
0.2848811066991239
0.27794577946273147
0.3541591577604879
0.5013131500281004
0.3543337526707374
0.24994870529433355
0.3698718234254705
0.32444366723774476
0.4299297201014891
0.3548943301241897
0.2919074614858287
0.4545058493293007
0.3961443522415173
0.409233204418091
0.2458144868493448
0.2777582415371236
0.3476989202104325
0.3189938618888042
0.3046480726008771
0.3527351645225055
0.4646232864327946
0.39412775237091635
0.26971815931988286
0.42344147970074153
0.33436360981418767
0.31329053330660167
0.40835218245169935
0.45886882626688846
0.31197746644582025
0.24158875215939435
0.3908864294479269
0.3408169108764819
0.5746981180072377
0.35499982053956286
0.3828495262952348
0.40770189384853367
0.4369420646717261
0.3627436889849378
0.33445206343388123
0.4035906775336174
0.415346236898961
0.3230502401863299
0.37209771642131556
0.24680067197053596
0.381939720368248
0.4762118994096386
0.5255954256425537
0.571270849854682
0.37389221351498786
0.4567339470835594
0.34468820685427437
0.39119606151528835
0.43911466170817426
0.532202362517765
0.3609992903405785
0.4501361113184002
0.5474539557208481
0.3737579922119746
0.44114151568763854
0.5123689772521589
0.2757570746115471
0.504013768608762
0.396286178676676
0.32969271077678197
0.23340616265129088
0.26446751975482186
0.37561970110389586
0.400499821493524
0.3499894376729885
0.4237718272362701
0.4097580293015348
0.23821095965268135
0.3601836989555651
0.3768977417171814
0.35310154794062687
0.39111057820239115
0.32705722821226024
0.41188683245905394
0.23543634121607968
0.3146371067228203
0.2577690669143766
0.33669003291526806
0.3243837657880271
0.3241910718197729
0.3971491021188961
0.4865949179554061
0.39904861486936455
0.3430467020877037
0.27238701730931497
0.374078466477852
0.46781728894040503
0.45492271111558125
0.18717602399716743
0.3766085298107385
0.27583274037888905
0.19165550823132968
0.44564865917613405
0.2562390010310279
0.18582176505117504
0.18426739725018762
0.3760404986276108
0.3275115512615824
0.29688182405608843
0.20255518389829477
0.3271536173629777
0.2747127898496765
0.29662912605666386
0.314036391149714
0.41481290475707994
0.4520835356650024
0.31747627833485564
0.36289895361539914
0.2819883422556527
0.23252915605676
0.27732121086135586
0.3264751467622139
0.3671899837047691
0.39698583806604604
0.4984165966307924
0.32338414488149086
0.42913397143474846
0.4182470597393467
0.46122388210981585
0.35788851332933436
0.35641765885689625
0.3756260027348135
0.4244517987456849
0.3888792944718814
0.43275326325327956
0.518485429207842
0.3806838017237261
0.2710186936551929
0.36909324421013107
0.4643041579425544
0.4573728065030082
0.5858399122852568
0.41291844165743086
0.4081911098440354
0.40000986670372357
0.3754487117396162
0.414771434579735
0.42702650352707183
0.2449980786358573
0.43609935317286436
0.3375692848267332
0.3549688725621427
0.2895888145132217
0.26132048767224003
0.19353877738384234
