0.25029360603454565
0.3208428524371139
0.2722711918712584
0.24511643413717593
0.3757530938221967
0.2233737343539745
0.3437918481916772
0.2626652010278581
0.29865222850792883
0.24506060787283487
0.3080513612680537
0.3462852073936009
0.30109567883328275
0.3951850483705745
0.31262637980132985
0.29043790388987784
0.27382963547932415
0.30878176086715176
0.2742551514066871
0.3027384594653326
0.26320160815150384
0.24011146437387154
0.35079842407071093
0.21736043736491423
0.23816903578460846
0.2861660305715087
0.2366897294693245
0.3420614550375415
0.3345537180022187
0.3344015210064535
0.332035056944859
0.2581084547032518
0.2778864919901706
0.21359543000353792
0.2414687213731853
0.29022390417874866
0.2804565799790109
0.22070863680991942
0.2957152651236732
0.35578097668793185
0.3165252374444454
0.23344857919123146
0.19888100246012486
0.24205358315724126
0.34541776850752337
0.24663135408706158
0.22765754922276055
0.33463343064757656
0.2814472277474064
0.26258157501379553
0.3128911737942767
0.2717722859258742
0.19608097735156282
0.27886568310143806
0.1965948483878835
0.22658146669490947
0.2808485707905699
0.34982537971304895
0.37119509477138646
0.35380043172515785
0.3571969933645627
0.23640051255059627
0.4766948684781554
0.2980122197433741
0.3591003852990697
0.28761853005521676
0.36303992789720757
0.39772627932380084
0.4174423474121559
0.43379402205223616
0.37404831698973073
0.38478761057858524
0.33881186891801085
0.44962847059934097
0.3635106169263097
0.4105206661207784
0.5053557962079388
0.4777393293065072
0.4652131794028659
0.3960193544616615
0.5081046515247387
0.4118701695330684
0.48887111588591664
0.47673849058531026
0.521814259226169
0.5224291820923649
0.4812803050056138
0.598527683759823
0.661010572200377
0.5237200096996935
0.5573463263662871
0.5572458469314554
0.6697396452179691
0.5720059439672284
0.7016466862315627
0.6551260791890954
0.6489502651817487
0.6381087718582167
0.7078830720644496
0.6107656177709306
0.6933045547559277
0.6308262849451951
0.7532145378531954
0.6005810394853592
0.6183954559438644
0.7373406107527718
0.5707501209642597
0.5578532658527933
0.5974272194442296
0.6379339194887081
0.6090094069685826
0.5407625021042128
0.5323013995000871
0.5777912547889303
0.6600638336827334
0.5529820286080069
0.6525642785749723
0.5486595221896178
0.4730042485047422
0.5064108184913865
0.5899494736459986
0.4905879853908437
0.5425640041878518
0.5140437000795056
0.46980297313609903
0.4687288572250667
0.528570640207551
0.5061158754492768
0.48188312080793394
0.47668369882588585
0.5277715372979763
0.477790011553703
0.5775496118554804
0.49970292431722707
0.6186537943153939
0.6796601695277018
0.5158495943587438
0.5052445113941626
0.5650122886498959
0.4730974504220774
0.5125096984595331
0.43064049014869643
0.5826939745964179
0.5097382488989877
0.5049864013542446
0.596085276061697
0.41850987886903845
0.40663214614845405
0.52889718562038
0.5613298432620671
0.5008747958427011
0.4680281537102368
0.522336405091387
0.5031257695945976
0.37302562459023214
0.38541995634043735
0.41958487990864696
0.5264035726064626
0.42322897631107503
0.46682544816072447
0.5167632065960015
0.4693270446176214
0.4940675266437291
0.47993467859624656
0.467656319939305
0.5196702287125304
0.5050977024104671
0.5915965640559872
0.5497839573563161
0.5808437322962486
0.5563714034444112
0.6627117635661006
0.6137438335838277
0.5159354597601595
0.41698453649545164
0.41193160912589155
0.5838090236033353
0.5848411876734454
0.5412726280229456
0.5438001547482673
0.4540713806349621
0.44093156365660013
0.5594437528372886
0.45376950644196523
0.4839592736994083
0.3880997924442493
0.399642678200641
0.38032727521538257
0.3662993632960679
0.33593332723730146
0.44756098600248834
0.3793760468548849
0.39287542362788075
0.45844524351419025
0.40262609426417306
0.43432215808928953
0.4152641271634788
0.4603890181389786
0.41486946104238587
0.47815059498560886
0.45130890245182265
0.3813484584506871
0.4970835763226986
0.4141281182751266
0.40860475926666384
0.44077889815596316
0.3714885391920939
0.38000440351870995
0.43655840367207094
0.3585621016720044
0.5153099120002554
0.28871218185685765
0.3841524649689483
0.35518492165488524
0.4536198759454274
0.4424133449799576
0.39532972870167016
0.4418050697024864
0.3344515174977052
0.35490354496311316
0.3044725088261162
0.30861157582196885
0.42284262863952854
0.32705334804478403
0.3399847434145744
0.4459364990339145
0.28513678027437894
0.3883996702231523
0.250341899834376
0.4078912649158716
0.3342043564232416
0.35050131827023634
0.41542747081833253
0.39464646672447445
0.5206647301836123
0.44623586500085133
0.44392663499791996
0.50192173175949
0.5600651169453623
0.5511787847388554
0.5155174697653231
0.4384831686063324
0.5981357159166267
0.5521553291930563
0.6159646263840672
0.5883653827625195
0.6450950188156497
0.6103755630651593
0.6728229076030661
0.6822748582839362
0.7128445784004207
0.8435726037914089
0.7194707144917047
0.7105178285287084
0.9228492702002187
0.7917474765718393
0.8969466898905105
0.9281466335904187
0.8943763937249276
0.8792111117650601
0.9429713936691937
0.908430042410871
0.8554818766500742
0.9488126753873851
0.7863903001231092
0.8661857071870462
0.8101830159870168
0.8319229105326458
0.8533601149669939
0.6384267838667139
0.8418151941566795
0.6924839982730276
0.6109411489068834
0.6399473458713605
0.6818048496566345
0.6119504538485743
0.6557184663388131
0.5175564839478354
0.5035630061357522
0.46570382946783717
0.5217697718487808
0.5293097535564172
0.5194726944009015
0.49713606236279384
0.48657733949933113
0.4401737694714646
0.5491057576321623
0.48640992680970946
0.550499256320996
0.4500371718460836
0.5349350124881664
0.46049506431646103
0.3321961379164554
0.5347916195307861
0.4236345831333116
0.5615452328133181
0.5199138453989414
0.5801637277186579
0.43054655656471663
0.3953652662101037
0.5997012802880277
0.48050964986783695
0.4454816514229625
0.5657830898090461
0.5153015932966084
0.4545355284531928
0.4723039509770409
0.49972034369323337
0.5191972720251362
0.5124982720626792
0.5880897593181815
0.5223797767497393
0.43557854589426065
0.6122123387007355
0.49382985560298903
0.6161688188642332
0.6418334065103635
0.6402803330263871
0.5001299310490341
0.5091318642137898
0.5727252323124274
0.7044089447948878
0.518463372571026
0.6015601430653668
0.5503784667934979
0.5490062065014653
0.5152187882535404
0.6378547168084591
0.4591971367898261
0.5522077254301346
0.49314811525037106
0.6355812747786516
0.611648539836835
0.5578594949709474
0.552987292661811
0.6733076207926222
0.6308075102073533
0.5448768789833414
0.5778197297195204
0.6678999680323945
0.7734051106569682
0.7316507782605659
0.8136038736239268
0.6906582453699268
0.7488566639916726
0.6970021190229447
0.6606759975687885
0.7324312918124237
0.7932941346406082
0.6431584051349098
0.653102495173058
0.6403188806216846
0.7038300991634265
0.6968216196453956
0.6123792481120511
0.6386667075612253
0.6924082011115955
0.7042309292356392
0.6927581679842758
0.7242765447206725
0.7848213470462044
0.6868410006668209
0.6972567207677105
0.5986651748694786
0.6745715123731326
0.6012136079577883
0.5830278308507586
0.6324257272607526
0.670736885925366
0.7795355348091628
0.6772041950562764
0.5666879293362903
0.671507605525347
0.6490683520741971
0.4473580790409706
0.40704078369341623
0.5342915468838052
0.5325248838816627
0.7220282344706321
0.4839433857111962
0.5786295724496828
0.4522755853391375
0.6243113747925062
0.5096951348577713
0.41147314681816904
0.48710431111098007
0.5391558672892032
0.4515806473316765
0.5782026647158347
0.40207956934324995
0.5941263326943099
0.5290095517319061
0.40210985555081213
0.3927490804286594
0.46796066142897863
0.5164414154747152
0.5463196793165388
0.5254162437880175
0.47806821222254925
0.6309375136868955
0.6494141514095919
0.49361337133076744
0.561531779342603
0.6595372253149377
0.5333200313493159
0.707251193049073
0.5508067602017759
0.6058330728104884
0.6214520353198456
0.6165878013138764
0.5552778227018436
0.5773481847115658
0.6039053907041363
0.598069769001454
0.5835169076044688
0.6479074315713682
0.5805655102493853
0.540074806231392
0.4943415460636047
0.5507271016506785
0.5782113414782231
0.5664002171256413
0.5212554924013444
0.5199863449886386
0.5121888194374044
0.47067706587657265
0.46068453394038245
0.4576082547010713
0.44177346959220976
0.3869672040040297
0.39650519010979635
0.29403252907316
0.38850273084278253
0.4112817024050536
0.46720054839632097
0.3632140178622439
0.33320961530558013
0.4009786651992028
0.3112589339675431
0.31702178819454097
0.25419155384247977
0.37785306382573647
0.09823769244856886
0.21493031826099512
0.22048341820743206
0.17221501448597606
0.2649597540073087
0.18129828433019077
0.2287620591781091
0.2319874020558952
0.2640009857605701
0.17880800294357235
0.2808828241750021
0.1478884418972322
0.14091350639434658
0.06189695024476578
0.15909609401672214
0.16943178036693618
0.29820619551349625
0.41297901372698065
0.1390036154965622
0.19865290415159603
0.2810930201736277
0.2059250012554602
0.287865660635062
0.355540859859284
0.20516526052846212
0.18231017347448047
0.2860180762898164
0.2026894442470861
0.2267889787212915
0.19590897056198256
0.27037026744875126
0.19461015396828205
0.2819907593314032
0.23532890048333868
0.2980618376304361
0.3862141561125513
0.30305095155055306
0.295502135998747
0.22491135401451767
0.3398900375853148
0.31511032194628164
0.19705902963772076
0.2027319151987199
0.35948544397577115
0.311729812855484
0.30597503697985995
0.31395169849194493
0.30785176289257543
0.34210232661575124
0.46635453920046444
0.2957771158142254
0.3016931930821217
0.3667961378034251
0.40415673441464584
0.42687241495214245
0.41088728662705004
0.5429501677144227
0.4705819667903016
0.34847897232626796
0.3322326204110798
0.30145950371831076
0.4074638037144426
0.40062615697947634
0.3581930206463112
0.3739687370758976
0.467483774359028
0.4022775552779565
0.3251564300862036
0.3845724115107547
0.36237716591110153
0.46583886606135194
0.417959931007714
0.4637044422001536
0.5193875797392223
0.5297434330717177
0.47912406373298855
0.5615866159250866
0.5252438751938362
0.3952188068929639
0.4586014415078169
0.47596702563922433
0.5286564645713744
0.5367983384369739
0.42964639996765036
0.5255311922126243
0.3453012735216727
0.34469466706419305
0.4675420918729226
0.4490397431644983
0.4428513840642314
0.4421429894078777
0.46222279573000347
0.5078377923025527
0.325811505248239
0.45628301244381875
0.39688941692734836
0.3657172001985967
0.4323919737284115
0.5165842228240278
0.4532507586051192
0.4379831771783442
0.3866101311970763
0.2927510781858081
0.3578531426994539
0.3168641806369151
0.30465041139067356
0.27719007894119785
0.36474184061137366
0.3010994473045022
0.27060290545452037
0.3755057670077323
0.3650524025740797
0.26710416767006406
0.4132189306245013
0.26316144459120017
0.41172574026740905
0.3757589084233455
0.2500125708773791
0.28675819887459675
0.2926307113820477
0.25584160202853967
0.24819565299645202
0.27072307222452385
0.33668541259773227
0.29064921957697715
0.21629577723749077
0.2689374345863415
0.2439968319728944
0.32087022893380596
0.3478131785487969
0.19716282705464258
0.40537881893423117
0.30285262218200126
0.3084209780339482
0.20847624631027095
0.5125648691441763
0.38590252800176766
0.4274273961797545
0.4220281330922391
0.6309388096688823
0.6142426090795428
0.6106298330927263
0.5863478563172565
0.5393257293610904
0.41385200167261227
0.519217345359613
0.34883408112158953
0.4425153022856347
0.3102020091297169
0.3943305525031094
0.22821156112608093
0.23655034269436553
0.3579923154977539
0.38630414612330416
0.3532032486800329
0.3337945964763898
0.2966794221060178
0.2107761264792364
0.35689993630147476
0.44836824470126424
0.33601414679577446
0.1944850738738239
0.3795879421505124
0.24700408717131261
0.3056694172769591
0.41968105024797014
0.2739147056302428
0.3452226234421688
0.2659503097169295
0.2560059957965094
0.3099288917750328
0.25343804976096757
0.32406319726488353
0.271260447146067
0.27330643171449054
0.3600905553463629
0.3939333607925079
0.33565207529953456
0.30071539852833495
0.40946257380894546
0.3939713113368679
0.35355151077625635
0.3149695641009821
0.26124574283977664
0.4616697100584086
0.17588006677196497
0.3587284168206824
0.38792729805621395
0.38058114436324586
0.32264918534513565
0.35919159207174745
0.4577138279847419
0.3658245525265016
0.32976338172269687
0.3736937681912542
0.28235562944142656
0.28927798733779786
0.5009464126017342
0.35761402872610715
0.5008785533199058
0.40938004650780135
0.3324974515401825
0.4006813052153125
0.3677415082235104
0.32210660550261466
0.4855089708516417
0.4638703446263951
0.42157897126356897
0.4485281785793845
0.33112624424517456
0.27218657895613235
0.39062942325297023
0.1493013691263171
0.34534840700472424
0.4406618362758564
0.3600524103391045
0.41718745901731447
0.389598992190257
0.36018082857933154
0.43060887976269585
0.4065154128740902
0.3871969008471011
0.35421044597026485
0.3403136656696453
0.39840832559951544
0.330466259181979
0.4978839509307975
0.37416419610322144
0.3091480013393536
0.3333330917579881
0.2936012404006625
0.2998946976660215
0.420355019867296
0.36577943361509035
0.40489265280068537
0.30825710114019245
0.3509276753442212
0.41151851463930844
0.40942391083317936
0.38372066330361343
0.5077107159281475
0.4663196888285761
0.47841232096709185
0.5048366849312068
0.5079806257191537
0.5979946024357015
0.4507154121488989
0.6531843297805555
0.6442302992665547
0.32723456221128505
0.5528431951138988
0.5081696492025595
0.4679421813752458
0.30871761378161866
0.3478906384279713
0.45577923514545815
0.5505680732751764
0.4492996427244301
0.3689485202313799
0.4538830307651397
0.3301550126589332
0.3950121693405117
0.5503836381496581
0.38470964090960924
0.5031150641020287
0.4133120556043455
0.4482923099662801
0.473763185986464
0.48025131548134153
0.5354213621202666
0.44185726735117153
0.5533211749923493
0.3911710570843223
0.39876225340583904
0.5573302633872126
0.5158155165466967
0.408309962326515
0.45113747201539267
0.48729407092437305
0.4682285241806915
0.5590928233027759
0.35912235814197635
0.36966860394915435
0.42201163652649754
0.4604480811683967
0.44727021403066014
0.5670293702317795
0.4480833564852487
0.5384480020328507
0.4011228319922776
0.6381084448142595
0.5847155144527681
0.4755152725004397
0.46449294110435013
0.599104657875964
0.520570596921805
0.5128927248470934
0.4855481598676678
0.4911125748272202
0.48404072833090617
0.5605306952854142
0.5163018606900021
0.46207504225562723
0.44722234118113713
0.49367745620663706
0.4263822865855711
0.49919571334804747
0.6217421290218517
0.43596505206881386
0.5696070584157789
0.45857724169852365
0.5696523025572242
0.4847672505661418
0.4113242185548197
0.5451479634883749
0.5515098504901665
0.5070309241773991
0.5598871387483433
0.44623014090407426
0.392802970991819
0.5352674281270451
0.48474280879735265
0.4733526891269919
0.6347899198394538
0.3915371590610386
0.40692273887965935
0.4761351284849053
0.5833474104955964
0.5350570692846329
0.43608452075648996
0.4668264188348112
0.6013044646146534
0.5272656895222794
0.38973429483515437
0.5275174433184457
0.4670303069537832
0.4871038095453983
0.6051809856995102
0.6159110117973089
0.47693498570674575
0.41178542253158
0.40188151971850933
0.5274435826294124
0.47121039694351063
0.4269865393535992
0.44066332849868817
0.5260316708263582
0.4009871650389627
0.471647259835645
0.3319510860254484
0.3809091729495566
0.4249781990717748
0.39121532630818295
0.3206100515710256
0.3169324300268003
0.4640901273449454
0.3481255199247008
0.4311025106045131
0.319602637610076
0.32089185896713546
0.41161726218772043
0.43594408061193535
0.3943355559404317
0.3368762314620759
0.48891295591396
0.4719486137470656
0.5205349346524398
0.43002299600805616
0.5279146466862599
0.6128660441447875
0.4948578128159067
0.5022994589025341
0.3842344193553111
0.4700623268965747
0.47286257601933235
0.47857204950635746
0.4210561916940486
0.4662083794324471
0.46894808944890204
0.3064075070224679
0.4855950992790852
0.3882124158011022
0.42726376660168347
0.4141795996697035
0.41703092583004525
0.35308063859036887
0.4110536607802667
0.45767742571817926
0.4300821494830284
0.31212643776717214
0.40551209721921516
0.4344447831692221
0.27680591056355025
0.47338523037381475
0.4369077115528558
0.42340995296400574
0.3781115579150588
0.3179109282316889
0.3926628465664404
0.3672449623005569
0.21813331924740592
0.40122656385006883
0.4151300523862831
0.265467576643178
0.4321159968120174
0.3073873899998798
0.46637461948054926
0.318357450259962
0.31155373363967626
0.2638967601412673
0.41096015764836163
0.3828408028214381
0.2695785505417853
0.33927254469732476
0.42376351651492106
0.3596907706110626
0.39145684010565884
0.28876106022201375
0.3481693734297714
0.4481561720562005
0.43971254269246784
0.3292056000812924
0.38287933342929203
0.4636939933182207
0.4858308202810271
0.3935488228887847
0.3335844930481632
0.4067664218718319
0.4507300562543818
0.42647403091074665
0.3885673322083896
0.3618739596462843
0.3136031981252644
0.40152036693668086
0.3886726506177939
0.5465083438081647
0.4346397914777812
0.4151524947735058
0.414197367810345
0.3792980121757095
0.580335847919213
0.4988427095256821
0.44066962582003777
0.46893610897350047
0.552459626207753
0.517549932418367
0.41676934092108786
0.508093477678327
0.42223012233475743
0.6252934541539147
0.5614130158820377
0.29379972031007173
0.4017417417137269
0.4541502960444074
0.4506242610390554
0.498836546658441
0.6006650055833113
0.4512525831643631
0.43310270842112863
0.5663638427769587
0.45530262194805493
0.6789346725902939
0.41371269628216834
0.5363402758469502
0.4165756981762335
0.5791263741735864
0.4157414499602475
0.5402758396349017
0.33412953993243844
0.4923033118792579
0.4644121925143006
0.49097674587956347
0.45144033887364865
0.5009861044111742
0.373548246027095
0.4843017543285886
0.46314972452602715
0.2845026873806655
0.4001956407768576
0.33284047958474405
0.4941584865435926
0.41531849837335577
0.4492751160718026
0.431819471675286
0.37219917687607584
0.44807463895155475
0.35503860678944865
0.5105687246168507
0.5590197217628373
0.48087193525933275
0.40085238665425493
0.3727297936256249
0.3467163789973519
0.28828269242282983
0.31174524032981044
0.4413096431494421
0.22429112473811813
0.38337860528623974
0.4104279415885559
0.4313218193875361
0.35565953165560005
0.46162971270971176
0.34811302555284307
0.41467870446387844
0.4345463848877812
0.2023344336606968
0.3688950523374321
0.45323346136878573
0.35432627345987666
0.31754407030944837
0.3977584357541357
0.37985061170547996
0.3729858152525391
0.34685095331821103
0.24462730462387328
0.35761398335415706
0.2797247753471511
0.29788175832431185
0.39748478209291516
0.13074295465561137
0.3199442024145249
0.5292777225424347
0.40838267540620216
0.4285346199904351
0.3592005694457893
0.2885562731488387
0.34111834784126455
0.4378227522979059
0.42542864216266085
0.41484566544384793
0.36484869282439625
0.5230342657073579
0.3940655757592536
0.3781088645886552
0.4213272617834385
0.46879933617726177
0.46070361434279883
0.46517351528067363
0.43123569084615876
0.47251743433031557
0.4418953688371176
0.39680026727868284
0.5564773833002452
0.537131927124935
0.5164746081588856
0.44243374231478294
0.44574411068638276
0.35622443851710317
0.45078199856122453
0.4236982418457306
0.41556101402882895
0.3674971730449479
0.34423439457120447
0.37262309339032684
0.374352681348708
0.38717026934992504
0.43014626785331866
0.3808730403105751
