0.29782148425922816
0.3199224261865988
0.21263667442808754
0.25670038940461765
0.2699981246131271
0.19766863209286956
0.2663115047374905
0.299004409609296
0.3861973254236909
0.28365122083637895
0.33615350347612366
0.29626359083481213
0.296469628865504
0.31240696981506366
0.23931247417924972
0.24429551735950603
0.2335608956124205
0.36335106543495765
0.29327243338646825
0.2641381593385331
0.30153416995637083
0.25223488119097937
0.23655235816467957
0.34098002597554977
0.2857986244008135
0.262276093918648
0.29860762505074256
0.3179502199351134
0.296583067916524
0.2596871196711862
0.2505093192814094
0.23396994085943068
0.25465319833637673
0.24287255549109443
0.21395001034959402
0.28470461780971856
0.29994421268807486
0.2517982584448587
0.353762704989611
0.20945147759195287
0.260314814082793
0.1709295435744665
0.31077240914665116
0.2702762860179812
0.30519302863175524
0.19089650238897926
0.27249399826601606
0.28174030935697075
0.17311249782735288
0.338518571050299
0.20528481276919033
0.2912165689362244
0.2846863556820658
0.3150413619096969
0.23716786010223012
0.28958741836351487
0.24558914023769549
0.3674199279182935
0.25907277957188407
0.2815217611929427
0.32722358782831673
0.3510893977427464
0.3349123050123962
0.3261387692229022
0.4132559914311047
0.38517108003271905
0.3710692247663396
0.3216244643381154
0.3887268417346814
0.3673794379441283
0.3117978321948345
0.38890316531157376
0.35301102692862774
0.4146556801211068
0.36461765732653445
0.41608590081271885
0.40328189517305657
0.39730430578106235
0.42606407997914075
0.49254123946325834
0.49539525064559187
0.4652854110306911
0.5051602716034134
0.48059638436813784
0.5563165109061577
0.5385094206370434
0.5972501207131772
0.5798991054569692
0.5850510300312194
0.6410316204704233
0.6213270203760275
0.6640512469186852
0.6486905181083521
0.7191960194968428
0.7042019452581476
0.7655995666512945
0.7458477786268866
0.6238775958281108
0.637264127799382
0.6418189073207587
0.6414978158849387
0.7497676023603075
0.7640469441422545
0.7259101513069404
0.673760608039609
0.6466576680435472
0.6578188900520526
0.7028498816650618
0.7025522962151316
0.6796723483665295
0.6200224251256865
0.5429909894890358
0.6412102607690071
0.6834930927006307
0.5531286206259546
0.5557003058164716
0.5018133183246704
0.5396996886099543
0.6101483688795909
0.5157203137687744
0.4837035447638178
0.4623052446508474
0.5429001096148804
0.470885103513787
0.5409524609542953
0.4369466892147183
0.48503399040451
0.5064228709318115
0.5415743751653862
0.5339344036234084
0.4879818680632261
0.3865079376018174
0.5428141894830434
0.5550107521905112
0.5285278119308341
0.5476818868532087
0.5921713103118988
0.5575031986126348
0.4584075182099943
0.47029303647370296
0.498120643050753
0.44474451910120866
0.5931576808866637
0.4629050182291515
0.5007527841250381
0.47795438573968185
0.34606914797792027
0.48129072956007896
0.40055163654901976
0.46247357109138
0.33333622487318393
0.47478609627584345
0.4212070944720779
0.35597071323227136
0.4442738080136698
0.26872448175654734
0.2901120884958128
0.3634162650577905
0.4401315825902542
0.5108996959755773
0.44629051381662027
0.5119200783000255
0.4935808444831794
0.4627324033324014
0.43378450539737634
0.46047417160901927
0.5506441237287562
0.527147674001624
0.5825245965685033
0.4578074792593573
0.4610257743397613
0.5126156934746469
0.4936259083691776
0.44023076599894706
0.47479367857735955
0.4426571724789603
0.4198429006575783
0.4087828083976678
0.3488287453079974
0.43966292147092273
0.4877907568919529
0.3967399799215722
0.35192665508166515
0.5068954491041832
0.3098554961518105
0.3997027967616536
0.34912695380368713
0.40002320869910424
0.37857069331168625
0.25451809883218324
0.35462078095115457
0.36501889572989643
0.34579701660414686
0.39243640276369085
0.39167534203369325
0.29537527223819504
0.3972143995860876
0.33702120734329344
0.26367964568167135
0.2438329510352208
0.32488772308457364
0.3161634150919363
0.22679660068054572
0.31700816553542105
0.24441790430483246
0.35153140155735113
0.33780335083629065
0.3485773220309629
0.328115395480873
0.29211884231868795
0.26319420683904937
0.26468748174442547
0.3135657940873645
0.2781451710042743
0.2578821571220345
0.2871915435511382
0.29189344663387295
0.27096791726886255
0.31516809794408807
0.3441406854443123
0.2542240788399735
0.29499173445060944
0.3119829601856277
0.23386989200504438
0.26816762639179237
0.23148630355833552
0.2537075635033196
0.24772367290263553
0.2733339489357157
0.2849981058011363
0.37718846885718743
0.21717058704461567
0.34677787656171183
0.31185530052452254
0.3093060568802142
0.4790955275357096
0.4196310627302886
0.41933930655858237
0.40042357048291677
0.4563430186204208
0.48386649072033966
0.5057450643176592
0.5497784953941951
0.5016460341611689
0.6083010913616023
0.607632477115876
0.6096212560579897
0.6871524780680369
0.6852799486817958
0.676775434811429
0.6488216455534179
0.8230521357031186
0.6772801622551661
0.8702221966893464
0.801703659530107
0.9104877893924059
0.852778246920266
0.9404700275659085
0.894332980395443
0.8897529812894662
0.9037560467790263
0.927088910574281
0.9244690149094299
0.9505112477496089
0.9044249918300563
0.7604331415898244
0.7038932221392539
0.8354007732039559
0.7314938733921349
0.6948193558808147
0.6795376896083949
0.6933932840213315
0.6993717600466863
0.5640069196811892
0.5845474975197787
0.4805404828746806
0.5711152059903261
0.5522488686275521
0.4964585254314806
0.5021255735086918
0.46480273221135
0.5007101356243584
0.5573074944819151
0.5912489919234922
0.47659852527101737
0.4748286176874351
0.48736784438169733
0.44738102623268416
0.4092486316230473
0.47301882887548086
0.4429528496591467
0.3416008387667119
0.46852614879596854
0.4708551121972902
0.43196105421365477
0.4386797307767737
0.46195218355506995
0.48321667463056206
0.4754406232491436
0.5190046798185569
0.5580483526440172
0.4353295146139068
0.47994353471102014
0.5257632963529622
0.49783888468143656
0.5796878322336128
0.6245150840908408
0.4795229865390687
0.5577166036031288
0.4379313782733342
0.5586383281695246
0.5180113029492233
0.5171724083468199
0.579055895768365
0.5371060368199845
0.5456250499065133
0.5601953165174249
0.4919346734456401
0.6683316796256102
0.6240172805856611
0.45754720638564284
0.6121734477182215
0.5920695759868362
0.6350315327412537
0.6444992383739361
0.6372526303198026
0.5836424587671663
0.4840718205857497
0.6169327399202763
0.5317683267153714
0.6722143795582056
0.6240523440194574
0.6444993267706871
0.7060649156527306
0.625722001034214
0.6264951976094788
0.695041885823083
0.6565040590366013
0.5562409907852366
0.6630182184091389
0.7223996224477619
0.7894968940859729
0.7389695296625719
0.7215026342551556
0.8157322580641021
0.798181584106608
0.7688852716153769
0.7424975353468527
0.7795905643189072
0.7729962176723655
0.6894513694051994
0.7592224699297153
0.776498384336316
0.6935791167636463
0.8531206794566075
0.7064990466432675
0.7671918502072145
0.7820419786352497
0.8121834286083847
0.7834319840260646
0.7202696911542967
0.8176205186680449
0.6876575440318881
0.7510417383926884
0.7172897797565525
0.7312603248270315
0.7113870326385248
0.7214343332462548
0.6841469849870193
0.6499216083850107
0.7621516075513275
0.6316957146760565
0.7207082105930281
0.6850320644961204
0.5811025282588091
0.5773046457534189
0.6544177429061311
0.6393282452464584
0.5637655679128288
0.5132889616858253
0.6513958805404997
0.625001422230996
0.573162338467664
0.43586818665764626
0.48330577151060355
0.4869236233257441
0.5170508063291461
0.46621610507715167
0.4382698526257878
0.4896345535707645
0.5410444534388126
0.5163286688234079
0.5592299710779072
0.3923172114000538
0.5049848084661009
0.5838661766096861
0.6307602138018327
0.6071351926706465
0.5804574453682327
0.6093144055071764
0.6670902606831193
0.615648707014187
0.6522193930401288
0.6687037252720501
0.5957134649068487
0.6082648438483326
0.5774673219979284
0.6456813654643557
0.6344880009378704
0.6846795910964105
0.7175933610999412
0.5826755551122118
0.6500142683492149
0.7030490068840164
0.5809228700903282
0.6264147290074328
0.532543680838538
0.6171890796409245
0.6726501078491935
0.5416517214142545
0.51250548704979
0.45048699946162185
0.49207670220668925
0.545667110212162
0.4624917961831922
0.4472275646333094
0.463496191840124
0.37323537536360346
0.4094212176549234
0.4359437012449989
0.3535391190222356
0.28196617465451224
0.3736975653607484
0.39447951788833685
0.3206534610121653
0.3486022057407122
0.46263466426287003
0.32593132880476194
0.343777984065584
0.2854501947153325
0.2833848931079059
0.34523822916818386
0.28582008858418384
0.20803325607418052
0.23647539727033628
0.18348815481123548
0.2619500839942437
0.21944653371857864
0.16397578919590808
0.1454848516239507
0.13803389896019871
0.053810321313283255
0.1943370067925001
0.17131390813310793
0.07363499942296864
0.13495711790694656
0.13632980678209133
0.1844412387724495
0.2556469431685508
0.1667410126077112
0.17407083230529413
0.16416206461938518
0.1535855773668064
0.15418686798910944
0.22600565712184817
0.31933675536456924
0.23841477871193997
0.23276135047334062
0.19708403889721893
0.1312147578045272
0.2642096732390226
0.30722692459005385
0.18574214003786738
0.18246687053107818
0.18371855553583288
0.320579178236162
0.2731107983527593
0.34656294117820624
0.2551062819685661
0.265282402194447
0.26379701251017196
0.24906849650242374
0.14971982705848108
0.3738880485621971
0.3329502317694306
0.3164215099778793
0.3276849709928077
0.26925916058813676
0.37074971924766553
0.285039525286335
0.24506473518735003
0.4350816215563795
0.32277441693945486
0.3564016930546778
0.40505164928033566
0.47962758770402414
0.44969404217935893
0.3982235846637971
0.4112451057055588
0.4438855117511857
0.3829815659597454
0.3826255195978616
0.47727777322844195
0.417988639389688
0.44559219672604367
0.37325647148312097
0.4401923493130225
0.4402375471536377
0.49573804547508193
0.327143743008778
0.519586427067812
0.5357447608354434
0.48885843142434365
0.48598978077686145
0.4692035950093777
0.49469699315216
0.5372943443975533
0.4782081501060915
0.5609884309608206
0.49958419964934875
0.5163999322138698
0.4969128327249105
0.3986894767351565
0.4830153069505372
0.5231255961958967
0.44245154487607796
0.4163353990682255
0.47243188856488855
0.4584034947488519
0.5330538252133353
0.5107965413681966
0.5366745332785234
0.391804957608901
0.3360552072181731
0.47539459623195945
0.4105335100399773
0.3254506684752109
0.3726443525817446
0.43236826222513725
0.3337403930126529
0.47795236031343535
0.401289678565226
0.3374375025312928
0.36214134604395354
0.39439888597492145
0.3932568457821207
0.3421967827601141
0.3721611169108957
0.34153456159819606
0.4228489995673411
0.37713032002860175
0.33188827298666623
0.33565234388417686
0.36521708034737654
0.3435843927129276
0.22161890019582475
0.23879768220339678
0.32258135269055815
0.36098526589491625
0.32934425335162965
0.26279566176547864
0.37892143327939015
0.2911032226960965
0.302333747878349
0.33437546513821514
0.2958734709838901
0.30098018400491944
0.2448050290610704
0.20067132062413717
0.3552572745264903
0.2895758100155887
0.20748122631299673
0.40143447565599333
0.3784187346525707
0.3854467757024542
0.2190593178479871
0.31395866710009035
0.3730136542029307
0.3500031846490919
0.4541667193984079
0.4356242426596378
0.5849645524248678
0.6597979379230927
0.7283513968523347
0.6826484666022603
0.5996020110748257
0.5709424763372857
0.4558172148329674
0.3933120055874337
0.4259568383287952
0.37044890107584305
0.3483196260693474
0.3285351283973944
0.40137220513177474
0.29518727538073575
0.36379438834393696
0.25456101594139224
0.3222497888519642
0.3345201030749717
0.31443441033978375
0.2546938238511045
0.4311660684211793
0.2804759920813796
0.3087661553284314
0.3389844932299906
0.3725369440420233
0.31525239170769287
0.40892257867719084
0.4125608270551134
0.31851902821844746
0.3234985721899588
0.3818221428810069
0.3689830581600795
0.35366768815199223
0.3255397072407015
0.364730274930165
0.22207027687127712
0.29579513408744673
0.4684096466411294
0.36803786706891134
0.3318315386152385
0.31650857110007796
0.38538101914705936
0.2613622704738919
0.31256765459260677
0.34608914344205216
0.38532020978649584
0.3022164206827318
0.3573060671274232
0.4595741997610463
0.33610736227566096
0.2687226535272374
0.40717076556046394
0.352032424043081
0.4118398372001864
0.3295818504050975
0.3798550348990314
0.43547389852567614
0.3441688913242616
0.38976981318140674
0.4114328130768691
0.5217450081566614
0.3322328765497833
0.36635119701241053
0.39150370442563265
0.37239281897325405
0.3749385393896255
0.38114149797066643
0.3955431005503017
0.3907443187706457
0.3250218992153783
0.4067377076472307
0.36991505739281244
0.43643834310010954
0.40056206414228834
0.4077403891836525
0.32699395264059244
0.4319285014545439
0.3992876436614762
0.4010164589521831
0.3440383734521689
0.47851239381842464
0.4943044812704994
0.3976954386819839
0.28753311416967575
0.3270577262839073
0.37917878885160755
0.37724515172189466
0.4397023153335179
0.2755853663469897
0.38369278045187527
0.3310547291962436
0.39645283316435603
0.2915571600290008
0.40093380028184233
0.4343242471359482
0.28478046180439115
0.36687122275723255
0.4054134538244671
0.3604451317748487
0.42713318886358936
0.43185377068024194
0.4618591694451365
0.45113805422675257
0.520403985087468
0.5335404495901467
0.45926365897083155
0.48150457481895526
0.4562243744518572
0.5740897042496546
0.5093700494848672
0.5677625723119125
0.39193563936834563
0.41503349293301317
0.4564407649499713
0.4312339089032845
0.5548865000609727
0.36383110950204234
0.4062035479096946
0.4318569770535954
0.44237752521218787
0.4606358511801302
0.4359820895583152
0.47665448769604596
0.521880821904849
0.4563390210877242
0.443953763060475
0.4746046413003051
0.426061996936145
0.4108100261249204
0.43001749829253244
0.3390716749943006
0.40211581585847345
0.342887290204444
0.41258728669465317
0.42455345085003293
0.43890714032424866
0.3689764890641773
0.4800096298875083
0.4582082077025151
0.4262400345756794
0.41619919827401464
0.3113140195084241
0.3927281459851189
0.3038826102302442
0.3037679500993977
0.3243533404077137
0.3662539835729461
0.36007221475996404
0.372585477687186
0.5125495038021162
0.4759272492302575
0.4161947067587693
0.506172512057582
0.5621415194862687
0.5694139710041823
0.5669947630553217
0.560974570810682
0.45497678303529143
0.4501228305440754
0.47767464386031677
0.43004189164004253
0.362826130889531
0.499064116162676
0.49285276490896385
0.4713102774835429
0.4697172271646384
0.46017267846817245
0.4611986033267568
0.4566311582524092
0.3299315932790477
0.45963425598357
0.38532886147030626
0.43031924865740817
0.4323788683420107
0.5066222567947652
0.389550664415668
0.4621799155323567
0.3970668508737215
0.4419628720448619
0.4974247656531355
0.47666371817768005
0.416293519411202
0.4500501833277652
0.4006915999233287
0.41169210547139423
0.37178719219446854
0.4477204511347738
0.3956121384512953
0.3538585861605494
0.3595194633429596
0.4016067211253439
0.475345820247583
0.43103377342868765
0.3520670390719301
0.4626594312998245
0.4340523075732215
0.4828588242834561
0.4211725321988646
0.40599448006006517
0.5044101361795796
0.4649005607566089
0.36447754328321635
0.4021780965168392
0.4675480857486761
0.37257262422611176
0.3693551737307882
0.3208101901498539
0.34301832289160566
0.40293474957996367
0.313127718397437
0.3068040383735765
0.4356694731382773
0.26298980569663394
0.3406901358903669
0.24476008354484768
0.33480010012299805
0.2831519668040618
0.2345038950158801
0.3366624012163223
0.2589620348820962
0.31037091491785496
0.3424161425923016
0.39124418354787593
0.3543248275798312
0.40041841701359715
0.27472726216497523
0.35371725795302456
0.3684356265820776
0.38212535395801306
0.32420887774253515
0.46333395144248396
0.3324268868809966
0.40612291096703124
0.44439162432311863
0.47418202858668024
0.3999666248077247
0.39246153335200185
0.33326214103624374
0.38026333423987385
0.38155852081339203
0.2913767883045869
0.35047409371626126
0.35945822511782427
0.3980770352896855
0.3354558035377981
0.37417234817841183
0.27585599979740044
0.417966548103881
0.33094767426191557
0.37071142722151035
0.2900089603842561
0.27747961371945856
0.34825443591966565
0.1782994562417457
0.243617210042746
0.32548145859149485
0.2572281755618807
0.4129394795008884
0.229833015882905
0.2936610728066259
0.3201809482234797
0.34576956240515727
0.362830270803217
0.32631938411107975
0.30076992798416335
0.330207800213037
0.3414385205836787
0.26984963886693425
0.2869376320435484
0.32512095677684116
0.1914230874344402
0.27783374532861127
0.4029169007226546
0.31177285023399
0.24998054040945084
0.253299664517572
0.38507794721929317
0.3506090449688849
0.3709033575319766
0.2503567602099452
0.32463343388636545
0.2535475279067492
0.449840487353218
0.3560386526396513
0.3722248561704061
0.3432954502569018
0.20533079942427054
0.2837390895158244
0.384336066833759
0.37043109894189546
0.38197202005629177
0.3628687945361755
0.23835890918319502
0.3140277110270065
0.3889827883039692
0.3855315492452102
0.3854165517656563
0.41384782338940096
0.4588923128217288
0.44688060678615005
0.40724704326530126
0.4139749341929548
0.4273882075634037
0.30290504334487534
0.4118495146017557
0.36900833434934044
0.37660822549713274
0.2628364076163015
0.32991703216246077
0.31045197786027334
0.36392437312179593
0.3860251864225376
0.33501996393782446
0.5111883228591031
0.3786608371171797
0.39347676972217027
0.47197153312403956
0.3886082592211533
0.40336814316596514
0.4430532083004758
0.49878040621991254
0.4723864125272744
0.4257242583272751
0.48085913335048236
0.4629469747474236
0.5147012862488998
0.3405282568735312
0.5085462663403839
0.36945434820046175
0.4670730215168933
0.3815574632072634
0.43357372491827983
0.3509729059050501
0.3952002543875953
0.4050171168847035
0.3787514142212894
0.4279805456902099
0.38436445281767284
0.4444076973491774
0.40236279368257183
0.4295041577723764
0.4521289732469275
0.47743248090238216
0.38970485485379786
0.3920030850623182
0.3873549868286169
0.3699828296420759
0.37166875397403587
0.3287706013321078
0.4782159245536174
0.4408246089012463
0.38637157265752053
0.35287486208483726
0.4663181950012342
0.5037279972809309
0.47213022262724086
0.4471781834040417
0.43850390504043113
0.4832253563572748
0.33576501798234953
0.31948024606931635
0.38437859186357703
0.3839829583996228
0.37122599297227205
0.27247444286778155
0.33927686962146003
0.35737024110282745
0.3474147610793695
0.28837682948544585
0.31491787966381435
0.3800815181271441
0.39961167992673924
0.37708015947414975
0.4160006816306139
0.37549591599723886
0.361767213912081
0.24413585401367743
0.3496995934008589
0.2821748419845377
0.3365189192158489
0.3434487064232341
0.35754277896296693
0.370802664433881
0.3146790877060341
0.4811760814689995
0.42188912853316435
0.524382219905546
0.500097009390704
0.5557298731067124
0.43291948540579683
0.4411583252569798
0.48452456375656844
0.41347535545267405
0.49909537500416024
0.5242433994878613
0.37989007432945426
0.5903872420393448
0.49547848921273413
0.47618969045557014
0.42369194048895925
0.5344801061533959
0.5087772560342444
0.5434341235080323
0.4900530817852315
0.4631220222607542
0.5206639749222688
0.4539271654527969
0.35540764719553597
0.4124384804566678
0.4554418223725088
0.4171998020274641
0.4929637208606697
0.3994624356579051
0.2987911557580461
0.310021446294887
0.3025793305286222
0.42234403339793897
0.43549239733653494
0.3089116950046351
