0.3587005108556833
0.252382662835249
0.42145593869731796
0.35904374201788
0.41630747126436785
0.36191331417624517
0.4352250957854406
0.46064814814814814
0.5259818007662835
0.39974457215836523
0.4450830140485313
0.3747325989782886
0.40018358876117494
0.5014766922094509
0.4590118135376756
0.5403496168582375
0.5218710089399744
0.41562899106002554
0.317397030651341
0.3148946360153257
0.4082455300127714
0.45761494252873564
0.44320721583652617
0.452705938697318
0.4183429118773946
0.4078863346104725
0.3495609833971903
0.23140964240102171
0.38860153256704977
0.3302761813537675
0.42768199233716475
0.3853168901660281
0.35893997445721587
0.2886653895274585
0.4219747765006386
0.2998443486590038
0.46108716475095785
0.29104406130268196
0.38043981481481476
0.3381385696040868
0.3716714559386973
0.36929278416347383
0.382882343550447
0.29270833333333335
0.5258221583652618
0.3957495210727969
0.41335408684546615
0.5187579821200511
0.4006625159642401
0.27457694763729246
0.39596902937420175
0.43753991060025543
0.3234794061302682
0.4608477011494253
0.5183588761174968
0.3324752554278417
0.37408205619412516
0.499441251596424
0.32555475734355044
0.5427442528735632
0.49257662835249044
0.4703464240102171
0.47202266922094505
0.4856720945083014
0.38765565134099617
0.4691890166028097
0.4589719029374202
0.4965676883780332
0.4584530651340996
0.4122765006385696
0.413992656449553
0.36787994891443165
0.49732598978288634
0.5030731162196679
0.47290070242656446
0.45071040868454665
0.504390166028097
0.466235632183908
0.583772349936143
0.5057072158365261
0.5434227330779055
0.5651740102171137
0.5390325670498084
0.40513250319284805
0.5945083014048531
0.4646392081736909
0.6101133461047255
0.5999760536398467
0.6177761813537676
0.5197956577266922
0.685265006385696
0.6152618135376756
0.5612228607918264
0.6189734993614304
0.5808588761174968
0.5907167943805874
0.6524584929757343
0.6103927203065134
0.6322637292464878
0.6062021072796935
0.5761095146871009
0.5580699233716475
0.6557311621966795
0.6576468710089399
0.7313617496807152
0.7532327586206896
0.6154214559386972
0.7131625159642401
0.7070561941251596
0.6451149425287356
0.6151420817369093
0.6968789910600256
0.5790628991060026
0.5370769476372924
0.4911797573435504
0.5369971264367817
0.6706577266922095
0.5289351851851852
0.42712324393358875
0.5967033844189016
0.6147030651340997
0.5727570242656449
0.5627394636015326
0.5846902937420179
0.5667305236270753
0.5767081736909323
0.48287835249042144
0.4928560025542784
0.5627394636015326
0.49688697318007663
0.6426005747126436
0.4051724137931034
0.6067608556832694
0.4850335249042146
0.5948275862068965
0.5729166666666667
0.5630188378033205
0.41734514687100893
0.5710807790549169
0.5491698595146871
0.4953703703703704
0.525383141762452
0.4196998722860792
0.5694444444444444
0.45577905491698595
0.4339479565772669
0.5118135376756067
0.5138888888888888
0.5120530012771393
0.4901819923371647
0.45633780332056195
0.42656449553001274
0.4246886973180076
0.4866698595146871
0.5087803320561941
0.3791826309067688
0.4531449553001277
0.5670098978288634
0.4893438697318008
0.3877195083014049
0.5654932950191571
0.655411877394636
0.5019955300127714
0.5600255427841634
0.5421855044699873
0.5922733077905492
0.5026340996168582
0.3891004150702426
0.4870689655172414
0.5331657088122606
0.5433828224776501
0.665309706257982
0.6355763090676884
0.5100574712643678
0.7038633461047255
0.5664112388250319
0.66838282247765
0.4551005747126437
0.38151740102171133
0.5473738825031929
0.48176085568326943
0.46803160919540227
0.4782886334610473
0.45657726692209455
0.43889687100894
0.42117656449553004
0.36361749680715194
0.5015565134099617
0.34023786717752236
0.37842832056194126
0.46052841634738184
0.37104885057471265
0.3134658365261814
0.41954022988505746
0.4058508939974457
0.4760536398467433
0.49832375478927204
0.40082215836526186
0.3592552681992337
0.3096942848020434
0.3519316730523627
0.4181433588761175
0.34463202426564493
0.41083971902937416
0.48104246487867175
0.37163952745849294
0.45382343550446996
0.516044061302682
0.4665549169859515
0.5327666028097063
0.5112148786717753
0.5255427841634739
0.49201787994891444
0.4624840357598978
0.4329501915708812
0.3954142720306513
0.3818646232439336
0.42420977011494254
0.5582694763729247
0.4090437420178799
0.40345625798212004
0.39394556194125163
0.468191251596424
0.33894077266922096
0.40920338441890164
0.47553480204342274
0.3622166347381865
0.34872685185185187
0.295294540229885
0.43742017879948913
0.3401420817369093
0.346587643678161
0.32111270753512133
0.515205938697318
0.5935105363984675
0.44831577266922096
0.43083492975734355
0.5051484674329502
0.49169859514687103
0.43430715197956576
0.5445801404853129
0.5431034482758621
0.6214878671775224
0.6518997445721584
0.6265166028097062
0.6689415708812261
0.7273706896551724
0.6979565772669221
0.784323116219668
0.6990740740740741
0.8732439335887612
0.8398387611749681
0.7865581098339719
0.7931034482758621
0.8914830779054917
0.8102250957854406
0.9884259259259259
0.9071679438058748
0.8738425925925926
0.9642401021711366
0.8870130906768837
0.9893837803320562
0.8842193486590039
0.8589160280970626
0.8575191570881227
0.8601532567049809
0.8427921455938697
0.809506704980843
0.7123643039591315
0.7469268837803321
0.7455699233716475
0.7561861430395913
0.7109674329501915
0.7335568326947638
0.6962803320561941
0.7348738825031929
0.7095705619412516
0.6643917624521073
0.6431194125159642
0.569963282247765
0.4449233716475096
0.5673291826309068
0.4702266922094508
0.6405651340996169
0.6073595146871009
0.5860472541507025
0.4410919540229885
0.6154214559386972
0.5303719667943805
0.5650143678160919
0.5118534482758621
0.5385137292464879
0.6330619412515964
0.5839319923371648
0.6066012132822478
0.6173371647509579
0.5881625159642401
0.5310105363984675
0.7173930395913154
0.5884418901660281
0.5991778416347382
0.6657886334610472
0.6047254150702427
0.6673850574712643
0.7340357598978288
0.6769236909323116
0.707654853128991
0.6865421455938697
0.6414431673052362
0.6362547892720306
0.5991379310344828
0.6339000638569604
0.7444524265644955
0.875
0.7780571519795657
0.7928240740740741
0.6878991060025543
0.6987148786717752
0.8213202426564495
0.6764846743295019
0.7272110472541508
0.6702187100893998
0.7090118135376756
0.7677602171136654
0.8504549808429119
0.7056593231162197
0.588801085568327
0.6754869093231162
0.6703783524904214
0.7171934865900382
0.6641922094508301
0.766882183908046
0.6181353767560663
0.7208253512132823
0.7836047254150702
0.6588042784163474
0.6577266922094509
0.6925686462324393
0.5997365900383143
0.7183908045977011
0.7333173690932312
0.7162755427841635
0.7910680076628352
0.7181912515964239
0.8728049169859514
0.6522988505747126
0.7749840357598978
0.6981162196679438
0.7050606641123882
0.7160759897828862
0.8227969348659003
0.7739064495530013
0.6611590038314176
0.6761254789272031
0.5434227330779055
0.7140405491698595
0.7888729246487867
0.7519955300127713
0.7350335249042145
0.6303081098339719
0.6612787356321839
0.7600973818646232
0.6753272669220945
0.6983556832694763
0.7053799489144317
0.6485472541507025
0.575750319284802
0.690573116219668
0.6337803320561942
0.6048850574712644
0.8714080459770115
0.6629549808429119
0.6819923371647509
0.70102969348659
0.5644157088122604
0.5715197956577266
0.5506465517241379
0.4540229885057471
0.5289351851851852
0.5639766922094508
0.515205938697318
0.5223499361430396
0.42568646232439333
0.5445402298850575
0.47585408684546615
0.3951827905491699
0.4901021711366539
0.4333892081736909
0.5203943167305236
0.45170817369093236
0.4309147509578544
0.4699872286079183
0.3534243295019157
0.5481720945083014
0.49948116219667943
0.414830779054917
0.42600574712643674
0.4292385057471264
0.4643598339719029
0.5473738825031929
0.48275862068965514
0.5098579182630907
0.501117496807152
0.4644396551724138
0.47565453384418904
0.554757343550447
0.5100574712643678
0.6051245210727969
0.6881784802043422
0.48387611749680715
0.511095146871009
0.618095466155811
0.5495689655172413
0.5687659642401022
0.5201947637292464
0.5753512132822477
0.4748563218390805
0.4542225415070243
0.38568406768837804
0.4448435504469987
0.49205779054916987
0.5352809706257983
0.3829462005108557
0.42616538952745847
0.32173132183908043
0.24124361430395916
0.4481561302681993
0.47142401021711366
0.2632583014048531
0.3184905810983397
0.29790070242656447
0.273323754789272
0.2208133780332056
0.17230603448275864
0.2954142720306513
0.35467353128991064
0.28622685185185187
0.21778416347381865
0.21716554916985953
0.26447557471264366
0.23197238186462327
0.37907088122605365
0.27074952107279693
0.2222661238825032
0.2257064176245211
0.11740102171136654
0.16073196040868457
0.17217432950191572
0.0
0.21100734355044698
0.09874281609195402
0.2179358237547893
0.2014367816091954
0.21291507024265643
0.12060185185185186
0.11612787356321838
0.015845306513409964
0.007361909323116219
0.1984714240102171
0.2378911238825032
0.009920577905491699
0.17308030012771392
0.3003232758620689
0.08038393997445721
0.17571439974457215
0.1712763409961686
0.23868135376756064
0.3300407088122605
0.3216275542784164
0.19748563218390805
0.32078943167305235
0.3243734035759898
0.304015006385696
0.29962883141762453
0.446918901660281
0.3706976372924649
0.46607598978288634
0.3180395913154534
0.35758700510855684
0.37319604086845465
0.4087244572158365
0.43634259259259256
0.37214639208173694
0.40369572158365263
0.443287037037037
0.4549409323116219
0.4386574074074074
0.3585169220945083
0.5617816091954022
0.39382583014048533
0.5092991698595147
0.532926245210728
0.37699153895274584
0.5842512771392081
0.6558109833971902
0.5398307790549169
0.5276181353767561
0.48343710089399744
0.4233317369093231
0.5029134738186463
0.6463521711366539
0.5024345466155811
0.3665389527458493
0.462124840357599
0.6335408684546616
0.42181513409961685
0.609235312899106
0.6289910600255427
0.4332295657726692
0.5687659642401022
0.7003113026819924
0.44472381864623245
0.7079741379310345
0.5921136653895275
0.5879629629629629
0.6277538314176245
0.667544699872286
0.7472860791826309
0.6154214559386972
0.5235472541507025
0.5234275223499362
0.6311462324393359
0.7308030012771393
0.6230044699872286
0.5630587484035761
0.6747685185185185
0.5110552362707536
0.6028496168582376
0.5748722860791826
0.46707375478927204
0.6426803959131545
0.5189176245210728
0.5548371647509579
0.5349217752234994
0.522948595146871
0.5109754150702427
0.5389527458492975
0.4591714559386973
0.5949074074074074
0.5670098978288634
0.49121966794380584
0.6429597701149425
0.43151340996168586
0.41163793103448276
0.4277219029374202
0.5235871647509578
0.4837962962962963
0.3202785759897829
0.4640804597701149
0.4482359514687101
0.38851772030651344
0.46851053639846746
0.3648946360153257
0.4129549808429119
0.4649984035759898
0.33346503831417623
0.3536238825031928
0.5094987228607918
0.47377873563218387
0.3542624521072797
0.3305316091954023
0.37069364623243933
0.506625159642401
0.3472262132822478
0.3993853767560664
0.3677242975734355
0.43187260536398464
0.43614303959131545
0.30474137931034484
0.26114303959131546
0.44504310344827586
0.4134738186462324
0.3140205938697318
0.37822078544061305
0.2668263090676884
0.3829302362707535
0.32343550446998726
0.2599656768837803
0.35215118135376755
0.4284003831417625
0.4128352490421456
0.4292385057471264
0.4815613026819923
0.5697637292464878
0.6380906768837803
0.4948914431673052
0.3077626117496807
0.4159881864623244
0.4444444444444444
0.3331896551724138
0.3576508620689655
0.4100415070242656
0.21104326309067686
0.3153536079182631
0.40369572158365263
0.516044061302682
0.3888888888888889
0.3854885057471264
0.2823196040868455
0.3188497765006386
0.25960249042145594
0.45577905491698595
0.3726293103448276
0.4012212643678161
0.3819284802043423
0.43450670498084293
0.4112388250319285
0.44783684546615576
0.476492656449553
0.28963521711366536
0.3781728927203065
0.5106162196679438
0.31980763090676884
0.2686901340996169
0.38521312260536394
0.366044061302682
0.23115421455938698
0.4235312899106003
0.4602889527458493
0.42919859514687103
0.37816491060025537
0.39100415070242656
0.2761374521072797
0.37680395913154535
0.4854725415070243
0.4025782247765006
0.4434067688378033
0.4962084929757343
0.41734514687100893
0.4701867816091954
0.4711845466155811
0.4482359514687101
0.4931353767560664
0.4981242017879949
0.4752155172413793
0.4762531928480204
0.36955619412515966
0.6140644955300129
0.3637252554278417
0.5244651979565772
0.49365421455938696
0.5745929118773946
0.4958892081736909
0.4651181353767561
0.5899984035759899
0.4954102809706258
0.452705938697318
0.5456976372924648
0.3553520114942529
0.5202346743295019
0.49353448275862066
0.43095466155810985
0.5679278416347382
0.5931513409961686
0.5425846104725415
0.6716155810983397
0.5213122605363985
0.5386334610472542
0.5120530012771393
0.6810344827586207
0.6983955938697318
0.5401899744572158
0.5935105363984675
0.5270992975734354
0.5484913793103449
0.5140485312899107
0.49560983397190295
0.4691890166028097
0.49465197956577267
0.4602490421455938
0.5895194763729247
0.44743773946360155
0.39712643678160914
0.48255906768837803
0.47617337164750956
0.49377394636015326
0.535360791826309
0.4691890166028097
0.5107758620689655
0.7240181992337165
0.5301724137931034
0.5757902298850575
0.6054837164750958
0.6112707535121328
0.5451787994891443
0.6068805874840357
0.6725335249042145
0.5427043422733078
0.684227330779055
0.6222461685823755
0.7199473180076628
0.6340597062579821
0.592073754789272
0.6618773946360154
0.6917704342273309
0.6857838441890166
0.595984993614304
0.5900383141762452
0.5641363346104725
0.6500239463601533
0.5922333971902937
0.638250319284802
0.5964639208173691
0.6345386334610473
0.5369173052362708
0.6069204980842912
0.6091155810983397
0.5235472541507025
0.5217911877394636
0.5080619412515964
0.5263409961685823
0.5525622605363985
0.5588681353767561
0.5931513409961686
0.5196759259259259
0.5539591315453385
0.6322238186462324
0.5747525542784163
0.48140166028097064
0.5397509578544062
0.5302522349936144
0.6205699233716475
0.44751756066411236
0.40613026819923376
0.5563936781609196
0.5669699872286079
0.5136893358876118
0.5203144955300127
0.49505108556832694
0.5136893358876118
0.6081976372924648
0.5071439974457216
0.4699872286079183
0.7201867816091954
0.7149984035759898
0.5901181353767562
0.6847461685823755
0.619771711366539
0.7024664750957854
0.5976213282247765
0.6005747126436781
0.5795817369093231
0.6144636015325671
0.5576309067688378
0.492816091954023
0.5357598978288634
0.5627793742017879
0.5299728607918263
0.5251037675606641
0.6839080459770115
0.5354406130268199
0.4907407407407407
0.705499680715198
0.5331657088122606
0.6282327586206896
0.5437420178799489
0.5470545977011494
0.5224696679438059
0.4220945083014049
0.4893438697318008
0.41694604086845466
0.5002394636015326
0.5117337164750958
0.5352011494252873
0.4748563218390805
0.5183588761174968
0.37826468710089395
0.4697078544061303
0.4813218390804597
0.45705619412515963
0.4647589399744572
0.5243853767560663
0.5321280332056194
0.5039910600255428
0.5477330779054917
0.7112068965517241
0.5953464240102171
0.5593470625798213
0.4554996807151979
0.6909722222222222
0.7229007024265645
0.5433429118773946
0.5952666028097062
0.559426883780332
0.45577905491698595
0.6594827586206897
0.47609355044699875
0.42041826309067687
0.4924968071519796
0.5127314814814815
0.6846264367816092
0.5452985312899106
0.4738186462324393
0.4981641123882503
0.47465676883780333
0.5509259259259259
0.4117177522349936
0.5838521711366539
0.452705938697318
0.3216036079182631
0.4659163473818646
0.47054597701149425
0.5749920178799489
0.4240501277139208
0.5006385696040868
0.49744572158365263
0.7017879948914432
0.5150862068965517
0.41618773946360155
0.40912356321839083
0.5258221583652618
0.498882503192848
0.5397908684546615
0.5648148148148149
0.5778655810983396
0.5151660280970626
0.6400462962962963
0.7011095146871008
0.47086526181353766
0.5918742017879949
0.4854326309067688
0.5386334610472542
0.5400303320561941
0.5055076628352491
0.48702905491698595
0.5164431673052363
0.5937899106002554
0.5953863346104725
0.5650542784163475
0.4110392720306513
0.5324473180076628
0.4982439335887612
0.388250319284802
0.37807311621966794
0.4078464240102171
0.4376596424010217
0.45154853128991057
0.42157567049808425
0.4075670498084291
0.5093789910600255
0.3677801724137931
0.37387851213282247
0.4997605363984674
0.38221184546615583
0.36049648786717753
0.42664431673052367
0.5406689016602809
0.31155810983397186
0.3738226372924649
0.44013409961685823
0.39071280332056196
0.3413513729246488
0.4037755427841635
0.5101372924648786
0.3970625798212005
0.3638370051085568
0.5142480842911877
0.34141522988505746
0.5996567688378033
0.4788074712643678
0.31010536398467436
0.4128352490421456
0.35197956577266926
0.3749800446998723
0.366095945083014
0.45701628352490425
0.28061941251596423
0.45545977011494254
0.46272349936143037
0.4899824393358876
0.5691650702426565
0.4448834610472541
0.45234674329501917
0.45981002554278416
0.5072637292464879
0.4630028735632184
0.43470625798212004
0.5740740740740741
0.44612068965517243
0.44592113665389527
0.38990660919540227
0.5015565134099617
0.4855523627075351
0.39772908684546615
0.46563697318007663
0.3539711047254151
0.35810983397190294
0.4501117496807152
0.46631545338441893
0.27902697956577266
0.3113106641123882
0.31570083014048533
0.38799090038314177
0.4164272030651341
0.3930395913154534
0.6091554916985952
0.4661558109833972
0.5347222222222222
0.539471583652618
0.4883860153256705
0.48128192848020435
0.4862308429118774
0.5749920178799489
0.5640565134099618
0.5012771392081736
0.5463362068965517
0.575470945083014
0.5208732439335887
0.4902219029374202
0.44372605363984674
0.47709131545338446
0.4785280970625798
0.49604885057471265
0.4577346743295019
0.4354246487867177
0.3892560664112389
0.530691251596424
0.4367416985951469
0.30692848020434227
0.38868933588761173
0.5463362068965517
0.40074233716475094
0.414830779054917
0.4648786717752235
0.4631625159642401
0.5731960408684547
0.4558189655172413
0.31057630906768835
0.41682630906768836
0.46727330779054915
0.3820681673052363
0.5324074074074074
0.35553560025542785
0.43813856960408687
0.5048690932311622
0.4479166666666667
0.36308668582375475
0.4499521072796935
0.4650383141762452
0.40433429118773945
0.4434865900383142
0.4268438697318008
0.42620530012771396
0.3857598978288634
0.3573275862068966
0.32896711366538955
0.3605324074074074
0.37221424010217113
0.38396791187739465
0.2999920178799489
0.443566411238825
0.3038713282247765
0.2999281609195403
0.34794061302681994
0.25632583014048527
0.4481561302681993
0.3646551724137931
0.24532247765006387
0.3375798212005109
0.3381106321839081
0.22298052362707535
0.24758939974457217
0.4239303959131545
0.40082215836526186
0.2620210727969349
0.38671376117496803
0.3039391762452107
0.2930675287356322
0.3062300446998723
0.3753392401021711
0.3287675606641124
0.44991219667943805
0.37555874840357595
0.4848738825031928
0.3587883141762452
0.4642800127713921
0.4899824393358876
0.4160280970625798
0.5017560664112388
0.515764687100894
0.49389367816091956
0.5359594508301404
0.3825790229885057
0.3409881864623243
0.3234434865900383
0.3937739463601533
0.39234115581098344
0.3710368773946361
0.361793582375479
0.45238665389527455
0.48722860791826306
0.42233397190293737
0.34954501915708813
0.2529094827586207
0.3918063537675607
0.33524106002554277
0.3705499680715198
0.3221264367816092
0.3017241379310345
0.24149904214559387
