0.2611597723930695
0.10404194105236238
0.2154465826993159
0.28847260405344927
0.2847516143469088
0.35777763570104215
0.2517613963301579
0.2096924749056966
0.1803848858768621
0.3428808899686721
0.30076082091937856
0.25865353877629305
0.19095965731091363
0.21277411930183493
0.20897640815804616
0.3202864266990602
0.2653155169106835
0.21038296784093088
0.2833066939453999
0.22832299725081515
0.365168467489291
0.31017198388849815
0.2935617927242504
0.25132664151908446
0.1707691324084138
0.20525541845150566
0.18858129275621763
0.19750655328943162
0.18081964068793555
0.20248065980436036
0.2625279713573301
0.19468064701745413
0.25467681094559175
0.27632504315580847
0.23405153123201844
0.24288728342177612
0.14941499904098204
0.24774630778083243
0.19263474202416725
0.20144492040150888
0.23581612428872836
0.1806789847196471
0.17667668307652964
0.26218272488971295
0.34767597979668824
0.13907039191867526
0.3140592033757432
0.22051019755770093
0.0630330541525478
0.2763378300620165
0.31063231251198775
0.24264433220382328
0.27693881465379455
0.20892526053321403
0.23039447605651814
0.2646633846940733
0.28614538712358545
0.2308548046800077
0.18838948916309697
0.29932868742407776
0.30799820983313086
0.25272041429576114
0.28691260149606806
0.282731283166038
0.3297359503868039
0.287193913432645
0.3469599130490378
0.39391343264497153
0.3897321143149415
0.3727383159644524
0.2917971996675405
0.3643245316795601
0.30894444089252604
0.22799053768940603
0.4155488779489803
0.39850393197365896
0.48379259638130556
0.4667348634997762
0.3857425995780321
0.4837670225688894
0.4794834089891951
0.42403938367112076
0.4069560769771754
0.5049549261556167
0.4239243015152484
0.5858321079214884
0.28742407774438977
0.5004667220765936
0.5600664919122817
0.59405408861326
0.6664279777507832
0.5214244613515759
0.6193593759989771
0.5510645099418197
0.6106003452464676
0.8236046288600473
0.5762675020778723
0.5846301387379325
0.7209001981970462
0.7037145962534365
0.7120516591010806
0.618131833003005
0.6776165206828209
0.4941883511284445
0.681529313982482
0.689879163736334
0.5831084968991752
0.5786586535387763
0.7659740425803977
0.49296080813247234
0.6803017709865099
0.611866248961064
0.5050700083114891
0.5005562304200499
0.48328112013298385
0.5299021801675086
0.576523240202033
0.4569017326257912
0.5674445367943226
0.4733840547279586
0.4560833706284764
0.502666069944377
0.38303177546192696
0.5446838437440061
0.46339748097947703
0.5994757368454702
0.4414040023016432
0.4751742215970846
0.44500990985231126
0.40204590499328685
0.49973786842273515
0.5334953008119686
0.516092321462822
0.3579950131065789
0.4300875903075251
0.5789016047567291
0.42081708330669393
0.5568058308292309
0.5649383031775462
0.381241608592801
0.5428169554376319
0.4230675787993095
0.5590307525094302
0.37534684483089314
0.38341538264816827
0.4810306246403683
0.4635253500415575
0.318151013362317
0.390179656032223
0.2703535579566524
0.40627837094814917
0.4655073205038041
0.4479636851863692
0.3792852119429704
0.3234192187200307
0.4081580461607314
0.30110606738699575
0.2579758327472668
0.39384949811393133
0.3634933827760373
0.473793235726616
0.3667156831404642
0.3108113291989003
0.4083114890352279
0.46741256952880256
0.5137523176267502
0.4705837222683972
0.4529889393261301
0.5376766191419986
0.49449523687743746
0.5663960104852631
0.47205421648232215
0.3521386100632952
0.5134965795025894
0.38078127996931144
0.32478741768429126
0.4861326002173774
0.4684994565564862
0.4508535259893869
0.34366089124736265
0.3388018668883064
0.4873345694009334
0.5336103829678409
0.42640496131960876
0.3959593376382584
0.4805447222044626
0.4628732178249472
0.33008119685442106
0.40190524902499836
0.3713956908126079
0.3536730388082604
0.2336934978581932
0.3182533086119813
0.27495684419154787
0.2827952176970782
0.35459369605523944
0.19620228885621127
0.3191100313279202
0.2630010868870277
0.270813886580142
0.3297870980116361
0.28645227287257846
0.23033054152547788
0.3787993095070648
0.33545169746179915
0.38161242887283425
0.27433028578735374
0.28213029857426
0.36665174860942396
0.3616520682820792
0.4078000127869062
0.31325362828463654
0.41054919762163544
0.26488076209961
0.20873345694009338
0.2036826289879164
0.19867016175436356
0.3343136628092833
0.31646314174285534
0.2986509813950515
0.2168787161946167
0.14791893101464101
0.20677706029026277
0.15060418131833
0.2478230292180807
0.166076337830062
0.34001662297807045
0.15596189501950006
0.17644651876478487
0.19694392941627775
0.20468000767214375
0.17402979349146475
0.3735311041493511
0.1894635892845726
0.31224346269420117
0.3455022057413209
0.4043475481107346
0.3225241352854677
0.39414359695671636
0.31233297103765745
0.3328048078767342
0.34047695160156
0.3993478677833898
0.5092896873601432
0.3890927690045394
0.46069944376958
0.5323189054408286
0.3993350808771818
0.6499584425548238
0.6448436800716066
0.6013681989642606
0.7368582571446839
0.6805958698292949
0.7521897576881275
0.7470749952049102
0.7163352726807749
0.5577648487948341
0.8722715938878589
0.7392749824180039
0.7852950578607505
0.8312767725848732
0.8772968480276196
1.0
0.8286426699060163
0.9001854101400166
0.6521066427977752
0.6725017581996037
0.6161882232593823
0.662195511795921
0.6058819768556998
0.6646378108816572
0.5955629435458091
0.5775973403235088
0.5468576177993734
0.541678920785116
0.4469918803145579
0.45460008950834346
0.4366728470046672
0.3931334313662809
0.38795473435202354
0.446710568377981
0.47989258998785245
0.5130746115977239
0.4695351959593376
0.4259957803209513
0.3696310977558979
0.4923214628220702
0.3209129851032542
0.5203247874176843
0.3617032159069113
0.36931142510069687
0.3896681797839013
0.19268588964899944
0.3537369733393006
0.2973722907742472
0.40727574963237645
0.36373633399399014
0.44804040662361744
0.3022057413208874
0.4632184642925644
0.3429576114059203
0.37611405920337576
0.3197877373569465
0.31458346653027297
0.2710440508918867
0.32977431110542804
0.2861965347484176
0.39611278051275495
0.3653346972699955
0.38570423885940797
0.3421392494086056
0.3113995268844703
0.4468512243462694
0.3265647976472093
0.47480340131705134
0.44402531807429196
0.3365385844894828
0.2546128764145515
0.3772904545745157
0.41045968927817916
0.40526820535771374
0.4128636276452913
0.4460328623489547
0.3513330349721885
0.5123713317562816
0.46883191611789526
0.46364043219742984
0.40731411035100057
0.402097052618119
0.49921360526820535
0.5196087206700338
0.3993478677833898
0.47085224729876607
0.4145387123585449
0.537229077424717
0.6471069624704303
0.4629243654497795
0.5728022504954927
0.5420753148775654
0.6391662937152357
0.7107346077616521
0.6032478741768429
0.7514992647528931
0.8230675787993095
0.5237772520938558
0.6081452592545235
0.6669010932804809
0.5466274534876286
0.4775270123393645
0.5363212070839461
0.6973722907742472
0.6538456620420688
0.5591714084777187
0.6435138418259703
0.5744261875839141
0.6459817147241225
0.6791893101464102
0.5078064062400103
0.5665878140783838
0.5486605715747075
0.5562943545809091
0.538367112077233
0.5716002813119365
0.5664599450163033
0.561332395626878
0.6201010165590435
0.678907998209833
0.6098459177801931
0.6558787801291478
0.4972827824307909
0.5049549261556167
0.6277220126590372
0.5586471453231889
0.5791189821622659
0.804142957611406
0.41544658269931595
0.4870404705581485
0.5075250943034333
0.3745284828335784
0.3566651748609424
0.38991113100185415
0.3081132919890033
0.3797327536602519
0.42577840291541463
0.5230100377213733
0.42841250559427146
0.4233233169234704
0.3415126910044115
0.3236877437503996
0.38254587302602133
0.3646825650533853
0.3724058564030433
0.3929032670545361
0.451786970142574
0.5745924173646187
0.45445943354005497
0.449421392494086
0.46994437695799496
0.34982418003963944
0.42150757624192825
0.582712102806726
0.5009270507000831
0.4831276772584873
0.5036890224410204
0.5242503676235535
0.711041493510645
0.5909212965922895
0.6242951217952817
0.6704430663001086
0.7932996611469855
0.7883127677258487
0.6554312384118663
0.6376702256888945
0.8244741384821943
0.7555782878332588
0.5715747074995206
0.7072821430854805
0.6767214372482578
0.5950642542036955
0.4750079918163801
0.31660379771114383
0.6313534940221214
0.498523112332971
0.5191483920465444
0.5269995524582827
0.4453423694137204
0.5043795153762547
0.4355092385397353
0.4561728789719327
0.4896106387059651
0.42076593568186177
0.4414423630202673
0.28310210344607123
0.43164759286490634
0.4651237133175628
0.3835304648040407
0.23800268525030369
0.29706540502525414
0.35610255098778854
0.14665302730004479
0.2441020395115402
0.23925580205869187
0.22163544530400867
0.21677642094495236
0.0073555399271146345
0.04089764081580462
0.21506297551307466
0.13354644843680072
0.20543443513841825
0.02162137970717985
0.06798286554568123
0.16546256633207596
0.020001278690620804
0.15588517358225176
0.1638897768684867
0.13355923534300876
0.026482961447477783
0.12400485902435907
0.1064855188287194
0.1656543699251966
0.1097602455085992
0.2456748289751295
0.12584873089955886
0.15951665494533598
0.2826545617287897
0.25236238092193597
0.09421136755961895
0.0
0.19989770475033564
0.15684419154785498
0.241672527332012
0.2881401444920402
0.06610063295185731
0.2788184898663768
0.0951486477846685
0.29509622146921555
0.25206828207915094
0.18350489099162456
0.191662937152356
0.27655520746755324
0.20797902947381883
0.21617543635317435
0.19879803081644398
0.0023712038872194877
0.15124352662873217
0.19778786522600858
0.23158365833386613
0.31650150246147946
0.10737165142893677
0.256249600409181
0.3412185921616265
0.20879739147113358
0.306553289431622
0.2764656991240969
0.23357841570232082
0.4336551371395691
0.4035931206444601
0.43745284828335784
0.43295185729812674
0.4156767470110607
0.34726679879803085
0.4450866312895595
0.12095390320312
0.29554376318649705
0.4573364874368646
0.18436161370756346
0.4101016559043539
0.1755130746115977
0.2861581740297935
0.46076337830062014
0.2773607825586599
0.18346653027300044
0.2813758711079854
0.40488459817147243
0.4388466210600345
0.38335144811712807
0.4045777124224794
0.3618822325938239
0.22966562240265967
0.3915734288088997
0.24658269931590054
0.21671248641391216
0.3658333866121092
0.5405664599450163
0.37004027875455536
0.4169170769132408
0.23361677642094494
0.47232274151269105
0.1867527651684675
0.39987213093791957
0.3189310146410076
0.26355092385397355
0.16981011444281055
0.34463269611917396
0.34042580397672784
0.18278882424397416
0.25531615625599385
0.21277411930183493
0.1446710568377981
0.2044370564541909
0.2514417236749569
0.221724953647465
0.26872962086823093
0.29018604948532706
0.2860686656863372
0.16688191292116872
0.12442554823860368
0.24820663640432195
0.25691451953199923
0.29118342816955434
0.23598235406943288
0.15522025445943355
0.138392685889649
0.17269995524582826
0.38606227223323314
0.15185729812671825
0.2501502461479445
0.028790998018029534
0.17822389872770283
0.2637683012595103
0.208631161690429
0.2558404194105236
0.45646697781471773
0.26069944376957993
0.24399974426187584
0.2144875647337127
0.26170960936001536
0.1811009526245125
0.22834857106323125
0.1861006329518573
0.31008247554504187
0.12721948724506105
0.20007672143724828
0.1962278626686273
0.25631353494022124
0.3036378748161882
0.4788312767725848
0.3215779042260725
0.3305670992903267
0.32676938814653794
0.3613579694392942
0.6388977686848668
0.8397289175883896
0.797596061632888
0.6531935298254588
0.5727511028706604
0.4795217697078192
0.36071862412889205
0.3953839268588965
0.2126718240521706
0.40079278818489866
0.4226839716130682
0.47017454126973984
0.41536986126206765
0.36057796816060356
0.4208810178377342
0.35332779234064315
0.28577456684355224
0.3972508151652707
0.18906719519212326
0.4667987980308165
0.36093600153442873
0.3701553609104277
0.4049613196087207
0.2863371907167061
0.27002109839524324
0.3304392302282463
0.31413592481299146
0.3234192187200307
0.2687807684930631
0.30366344862860434
0.3001854101400166
0.2583722268397161
0.39557573045201716
0.3665622402659676
0.4526436928585129
0.46200370820280035
0.3179464228629883
0.4679879803081645
0.3750911067067323
0.32056773863563714
0.4195000319672655
0.3905760501246724
0.3616520682820792
0.2048718112652644
0.40613771497986056
0.1982354069432901
0.36116616584617356
0.4345885812927562
0.36736781535707436
0.4408285915222812
0.2585384566204207
0.6133239562687808
0.37992455725337254
0.632427594143597
0.37346716961831083
0.3702704430663001
0.3031263985678665
0.2871555527140208
0.42464036826289886
0.30638705965091745
0.4566843552202545
0.33845662042068925
0.41204526564797656
0.4216993798350489
0.23957547471389298
0.14697269995524584
0.5402723611022313
0.3837478422095774
0.3806789847196471
0.35204910171983883
0.31063231251198775
0.33317562815676743
0.445227287257848
0.4166357649766639
0.46477846684994567
0.3978517997570488
0.40765935681861776
0.327958570423886
0.2610702640496132
0.3859855507959849
0.33189693753596317
0.34175564222236426
0.38997506553289435
0.4126462502397545
0.23072693561792726
0.34293203759350427
0.32726807748865167
0.47784668499456556
0.3726999552458283
0.35706156895339175
0.35423566268141427
0.37698356882552264
0.3741704494597532
0.32022249216802
0.163992072118151
0.5320375935042517
0.4269675851927626
0.36028386931781853
0.459829934147433
0.21414231826609553
0.5055175500287705
0.3749248769260277
0.3338661210920018
0.4206764273384055
0.4435777763570104
0.3513969695032287
0.47660635509238547
0.3588645227287258
0.36901732625791195
0.48146537945144174
0.21033182021609875
0.43788760309443125
0.37135733009398375
0.4582699315900518
0.4684866696502782
0.3380602263282399
0.41222428233488906
0.3585320631673167
0.21534428744965153
0.3662681414231827
0.4532574643564989
0.5019116424781024
0.4226967585192762
0.44578991113100186
0.3921744134006777
0.46642797775078315
0.3744773352087462
0.4103957547471389
0.26731027427913817
0.45670992903267055
0.14740745476631928
0.42632823988236046
0.2704942139249409
0.242554823860367
0.3552714020842658
0.31455789271785695
0.37613963301579184
0.45053385333418583
0.3970590115721501
0.2285148008439358
0.35408221980691773
0.4157278946358929
0.2983568825522665
0.37281503740170063
0.43448628604309186
0.31715363467808966
0.41719838884981775
0.3254651237133176
0.5534045137778913
0.3338149734671696
0.5489930311361166
0.4828719391343265
0.4806853781727511
0.6319544786138993
0.6170193721629051
0.5509238539735312
0.47206700338853014
0.4187839652196151
0.6979732753660253
0.5679943737612685
0.4636020714788057
0.44871811265264366
0.5872898152292052
0.43177546192698674
0.39135605140336294
0.5427530209065917
0.2849689917524455
0.5514609040342688
0.5622146921552331
0.36840355475992587
0.5965603222300364
0.38997506553289435
0.7076657502717218
0.5522409053129596
0.6909276900453936
0.5866760437312193
0.5847324339875967
0.6083626366600601
0.7087270634869893
0.7068090275557829
0.6665302730004476
0.6262770922575284
0.7778275046352535
0.7887219487245061
0.5439038424653155
0.669906016239371
0.6552650086311617
0.5639025637746947
0.4725529058244357
0.4067898471964709
0.3410267885685059
0.5438143341218592
0.5292244741384823
0.5146346141551051
0.3466274534876287
0.44713253628284644
0.47094175564222235
0.46917716258551245
0.40349082539479575
0.44011252477463086
0.412799693114251
0.15533533661530594
0.37098650981395054
0.4332203823284957
0.15019500031967264
0.3275238156128125
0.12124288728342178
0.26022632823988234
0.3480595869829295
0.4614794450482706
0.2552266479125376
0.21522920529377917
0.43095709992967207
0.3014641007608209
0.32541397608848543
0.2726424141678921
0.3477527012339364
0.32058052554184513
0.3061952560577968
0.2534620548558276
0.2774630778083243
0.6083498497538521
0.3382648168275686
0.38785243910235917
0.3479317179208491
0.4742663512563136
0.22978070455853206
0.3433284316859536
0.3929544146793683
0.4042196790486542
0.3004155744517614
0.414001662297807
0.1695543763186497
0.47494405728533984
0.4478869637491209
0.3569081260788952
0.4705197877373569
0.4179016686912601
0.39087014896745736
0.12089891950642542
0.4007672143724826
0.32260085672271593
0.1932996611469855
0.2558148455981075
0.3055303369349786
0.21461543379579315
0.35385205549517296
0.5058883703088038
0.4533469726999553
0.298510325426763
0.2076082091937856
0.19344031711527396
0.33271529953327794
0.24183875711271657
0.13817530848411227
0.27747586471453234
0.173812416085928
0.1724697909340835
0.41406559682884725
0.39993606546895977
0.2195767534045138
0.3077552586151781
0.3447861389936705
0.12608273128316605
0.4188606866568634
0.35360910427722014
0.21163608464931907
0.23590563263218467
0.08115593632120709
0.3483792596381306
0.3343008759030753
0.26906208042964
0.22940988427849882
0.2920657246979093
0.3547215651173199
0.19998721309379197
0.32659037145962533
0.24859024359056325
0.27289815229205294
0.20769771753724184
0.24479253244677454
0.2691004411482642
0.3317690684738827
0.17707307716897897
0.2781152100249345
0.11063359120260854
0.31396969503228694
0.21043411546576307
0.11967776996355733
0.4125311680838821
0.32178249472540116
0.3716897896553929
0.39602327216929867
0.4459433540054984
0.36798158685506044
0.3028195128188735
0.3143660891247363
0.19805639025637747
0.43978006521322166
0.22117511668051917
0.28388210472476183
0.4872450610574771
0.29421392494086057
0.39528163160923213
0.41962790102934594
0.38003963940924496
0.4171728150374017
0.24971549133687104
0.3252221724953648
0.31120772329134966
0.32276708650342045
0.3215395435074484
0.3203120005114763
0.3318713637235471
0.3817914455597468
0.5595805894763762
0.3793363595678026
0.4676043731219232
0.5047375487500799
0.38842784988172113
0.5150565820599706
0.4882424397417045
0.3207851160411738
0.33233169234703663
0.4333738252029921
0.48328112013298385
0.4308931653986318
0.3657055175500288
0.3388785883255546
0.3248385653091235
0.1573556677961767
0.3862540758263538
0.38500095901796566
0.42209577392749825
0.29296080813247233
0.40676427338405474
0.3799117703471645
0.3530592673102743
0.18555079598491145
0.3249152867463717
0.28526309059523053
0.41184067514864775
0.23153251070903394
0.2558020586918995
0.267271913560514
0.3554759925835944
0.39251965986829485
0.40397672783070143
0.38985998337702193
0.41410395754747137
0.2976791765232402
0.44977942586791125
0.3205549517294291
0.12739850393197366
0.25390959657310913
0.40598427210536414
0.3278818489866377
0.22420561345182538
0.18445112205101977
0.2725656927306438
0.29674573237005303
0.1418835112844447
0.34506745093024743
0.3692091298510326
0.3038424653155169
0.22568889457195832
0.23701809347228436
0.1844255482386037
0.34918483472923734
0.2070583722268397
0.3078703407710504
0.16573109136244485
0.1258653538776293
0.48238603669842084
0.2890735886452273
0.13409628540374657
0.5545297615241992
0.36117895275238154
0.37241864330925134
0.29412441659740424
0.3692730643820728
0.3421136755961895
0.2765807812799693
0.3005434435138418
0.36285403746563516
0.3228693817530848
0.35959337638258426
0.4218656096157534
0.35626878076849305
0.45688894571958316
0.3145451058116489
0.31284444728597915
0.4262131577264881
0.46284764401253115
0.3332395626878077
0.34427466274534874
0.48316603797711144
0.4558020586918995
0.5818809539032032
0.3882744070072246
0.5782622594463269
0.3974042580397673
0.42113675596189504
0.5599258359439933
0.34066875519468065
0.42828463653219107
0.49031391854740747
0.25821878396521963
0.5375998977047504
0.13924940860558788
0.4058052554184515
0.25036762355348124
0.27393389169490445
0.3358608784604565
0.24430663001086886
0.37012978709801164
0.25297615241992205
0.1997314749696311
0.23599514097564095
