0.31516663752407326
0.3450889353594275
0.24207772302898403
0.2944973147066907
0.2442991609954675
0.2756168288224844
0.2838177722039842
0.2357269492702472
0.2845638384329908
0.3053062560827021
0.3247267924168355
0.294314668139795
0.30763856329003036
0.30106465910163555
0.291712105096544
0.250598455340228
0.30318594288503764
0.2376599636541501
0.2305844756009482
0.19973915067633088
0.263482167852523
0.2854241587811536
0.28058681093453486
0.30734970207553347
0.32985587568209107
0.27294828864646486
0.2690547459023369
0.22209725899400806
0.255069279595785
0.228088439448414
0.19725730399177996
0.27538826509501924
0.22504144030536583
0.25687857451538937
0.30514676594948603
0.22114739356492844
0.24515781047286966
0.19299331222457528
0.30398914716621017
0.3345093474295998
0.16596520202157466
0.26810807786961777
0.29315761701921217
0.2968432921834657
0.28406154370399694
0.23847079004339955
0.27028756075476007
0.23895481032793006
0.23343601248784887
0.3013040070044062
0.2628175257071243
0.3697758601713311
0.25149636911544765
0.35890753288523514
0.3555698013478802
0.25801919153837866
0.2457106303862393
0.2729962053221389
0.3244542786772411
0.29321356967969725
0.3281970701522598
0.2941927356971533
0.31280953220025864
0.29144928574630136
0.3584236045901942
0.3516300455169469
0.3344772616849949
0.36037599630941813
0.3047282017825217
0.3447549241737607
0.3265723467320484
0.2857896579214372
0.3801880898231354
0.31782199946374595
0.3908933994094198
0.3613144908441936
0.42741158892273445
0.46590604003864267
0.32785691386665516
0.43308358515756407
0.5194158410701245
0.4941324782320718
0.5092318623527712
0.45901355135682387
0.48678961186696307
0.5070800383219117
0.516570258087285
0.5576109720324393
0.47181140593366144
0.5403593329353955
0.4382023100786247
0.6065095873081039
0.5488080277353714
0.6316896075972727
0.5143222922585817
0.5250358556685341
0.6489429044441547
0.6123946599205168
0.572620018108596
0.6807822318602094
0.609780947937369
0.6023312983118752
0.6129035742339385
0.6833676657285372
0.5673695390995341
0.6719362555230437
0.656093577566082
0.5293016373576097
0.5438115601951788
0.5815798695262014
0.5734506148878208
0.4947203861036921
0.4937072711657467
0.46680030882580525
0.5428774007998263
0.570455879487704
0.46357767624970236
0.5248967808759083
0.47070541196619
0.4308664813482632
0.4779487308456337
0.5121463288236419
0.4307299379706129
0.445339736352597
0.4245964292229647
0.436350425461666
0.3687568151176227
0.5097686312735693
0.4387915210372272
0.41256347799707127
0.4096085693569165
0.43741650262968834
0.42170013515617155
0.5044919108055721
0.4778224643361956
0.5196875297152135
0.4326780788186875
0.41329817701566185
0.4326923124062729
0.43491790213253545
0.44054084072053346
0.4488265511315689
0.46758448052043955
0.3818788487956088
0.5391872201121267
0.46866549354481846
0.45976806658509195
0.41786133339532316
0.38033901522078567
0.36194693217887136
0.40912878920980555
0.41108176812371755
0.39362110513800264
0.419343595242456
0.35494206377752935
0.3369275190860812
0.3325320611343064
0.38693198235076687
0.4514442419125633
0.4694147650442025
0.3848641194117862
0.4922487505760019
0.3926366546128341
0.41723678004327014
0.3569366806675551
0.3490172189107979
0.40374844580767316
0.5015615851316026
0.40030212007586485
0.45559666531823884
0.4657088461137852
0.5308632343662707
0.437814305746566
0.48572932431503824
0.45574391558193683
0.45667885177703377
0.4526404673734915
0.49475782490571435
0.34609721319178327
0.49860998352834607
0.5054384869926648
0.3857481786101548
0.41542743345906324
0.3075062762500709
0.4313968608452398
0.43951145027115585
0.3583472598129329
0.4459414632574512
0.4011670746497445
0.30448121118505633
0.3610659328206516
0.3710219182561065
0.326545473635295
0.2908150839558317
0.2822085437500934
0.3061116367948675
0.3868246469737431
0.39394431488677495
0.32347427354423447
0.2995904625783709
0.3966245709952629
0.3311508046533863
0.31403560727462954
0.27192993417249556
0.3817085783465145
0.3251194130009925
0.2608645232696386
0.429693308500416
0.3410933074072444
0.3509246751235221
0.314214610369169
0.3723750459035403
0.3033774455166243
0.3469446926442738
0.25243036861887375
0.3420005899478623
0.3356152848200609
0.273892514707184
0.3145769308155997
0.30746130238503677
0.2563831677720379
0.2499214381848419
0.2761979009397584
0.308892644865873
0.29548933705188757
0.2924155105020682
0.3040845730762316
0.30052885390925876
0.29853561855261296
0.3361951659518162
0.41125828613588267
0.38186196494863045
0.3008445439442008
0.39359305097246067
0.28825282302551436
0.38551904767433093
0.37828494238376653
0.429256323641619
0.4426870373520978
0.39686125957099533
0.48982689836638604
0.3534524937913065
0.4338193234929095
0.5194815989836397
0.4845531833868644
0.5772133768331611
0.5906616115439809
0.5948770169318293
0.65275150706422
0.5711205133232746
0.7633138348636053
0.6586913844155101
0.8198156771033622
0.776531767672312
0.7821081828119062
0.6671448819907765
0.8050520554512756
0.7753534660975567
0.8424070265998824
0.7211567407646512
0.7635647692951552
0.8998471768161433
0.8566344723729644
0.7806072244283129
0.7751966672606909
0.77755325178787
0.8571665787171092
0.7275062533253527
0.6560279176817432
0.5911666869710721
0.6314053295168048
0.5861717223554547
0.6228410760853949
0.4982490246477297
0.59907325619817
0.4566751704530011
0.5293439311911963
0.4848824514892556
0.5073810298936854
0.46103128301022633
0.47796214109044977
0.5933306653371443
0.5510830547161221
0.4678554907666375
0.40270987705872263
0.4399490970122038
0.4660206740335448
0.45519896394155374
0.39473977880447353
0.45533971422051045
0.38181937417514916
0.4935169203554376
0.4427782325537283
0.3655209165747639
0.4537659521970179
0.5019207808313972
0.3636887371435364
0.44269293936178755
0.4346341267060765
0.4120678648614144
0.47539322156245023
0.46919922319971613
0.42843208642162245
0.4291264526382504
0.40505556805755927
0.4313216410197657
0.47570180245852167
0.42218257943447624
0.37547077215999447
0.5599536312387599
0.4191755142595027
0.44588732222240074
0.41574544922221324
0.4844855456840229
0.5383179520621685
0.601609861385125
0.5382108415203413
0.44410334583028277
0.4622712318644038
0.4505891170044397
0.41437428187652225
0.4934060882072685
0.40295734878088435
0.477248413644377
0.5158466128077286
0.5453148722569192
0.5624625723299805
0.3953896927745489
0.49105564260119017
0.5364667543805048
0.5829444923449323
0.4818536175652478
0.5705933643016271
0.41794332781225907
0.5172969193184639
0.5891317441290647
0.572386269076456
0.5299961040148425
0.6840324895157293
0.6102091486255412
0.5000093564961691
0.642214214118965
0.753358645405759
0.6980900138181759
0.6014518191216168
0.7191269731928372
0.5960696975375738
0.6834548889366305
0.6723598535056695
0.6990404507879813
0.63779158970741
0.6564112781592755
0.7419062262108065
0.6092762616157334
0.6710755676549682
0.6029762745883337
0.5989299193178653
0.5783446065803912
0.6601560364317629
0.7069983638051869
0.6976991611297239
0.6375383735896435
0.6830766138088271
0.6372589351822755
0.5642743501453258
0.6711042973998217
0.5697040892619456
0.5217123375162278
0.5481209059686074
0.5975310531033082
0.5403415769160549
0.5868552632408924
0.620815343598554
0.5782471799168332
0.5703528108745014
0.5960865218266876
0.4222206369093349
0.5716132501348948
0.5380547918914745
0.46623848855535766
0.5283529017322868
0.46953361988296727
0.5410618371985164
0.5998361429565171
0.4638836372348074
0.4146889910656058
0.4170488216145188
0.4058500485242029
0.3718563572405865
0.5075444968845753
0.518499698957781
0.5039989585672234
0.3782782671338823
0.47972596946690693
0.52328948253767
0.49655985115529067
0.4884144591883939
0.5495743060146907
0.4775999820739981
0.5918558516672756
0.5409742264503767
0.5204661791121828
0.4760489067591346
0.5070268461870776
0.548892562315644
0.6187289818077519
0.6735691294913118
0.5960527963080838
0.639634521551121
0.5640466662320078
0.6049270309394127
0.555608461479242
0.644756345249355
0.5766749956090256
0.663338926059754
0.5971642406316517
0.5506386748221144
0.5494232554067587
0.5380140589075081
0.5980959450602047
0.5721503070644978
0.5052375427265944
0.43955877843734265
0.5713148842182063
0.507650141665532
0.3488639770821436
0.4203894444739392
0.4604976380849009
0.3817993026899831
0.3946575162564678
0.3017412320789009
0.38796178061076403
0.33557793801675406
0.33086551040449064
0.4005118262352225
0.2896020698071773
0.2878358630094778
0.34382230948294934
0.25720579413076683
0.2821705603064154
0.31245568353347675
0.31387142293576337
0.2537106954908505
0.17380072804104285
0.2319024416830455
0.18429291996364763
0.25878806224545936
0.2131383886816771
0.2403579399816499
0.19837034818964405
0.3266145958148583
0.10766673070161241
0.1579695307441198
0.1546406933612785
0.2067776095710679
0.17215894156710837
0.15368140983773546
0.2245099801710322
0.2769096058696273
0.2981926702061215
0.15129893057714783
0.133757345082824
0.211794731567005
0.17559757524725764
0.24812792647474688
0.2634490588599986
0.2233810702858161
0.1537556174172253
0.21584728949614884
0.294435331715803
0.2496006389929475
0.170867307051016
0.2807904855690705
0.22228709753008
0.27499129643573417
0.306542202794258
0.18119832544663572
0.3688639786581859
0.16405726906383733
0.22117109648107774
0.23110436834995035
0.18409713383784004
0.4478419755112355
0.2567154210758521
0.29384023280417676
0.22230728737346267
0.2588506087833237
0.16585657667089404
0.1694889604860661
0.20572785178259728
0.2586072488378226
0.2921674221432638
0.28985259016779896
0.245466973709052
0.3511560192311158
0.2661891149842893
0.3489041991040568
0.39620398650891603
0.30187272470920307
0.42640127551589446
0.3062388676190123
0.30838720463151414
0.3893316498595247
0.331492677066351
0.29022644932436553
0.2938300636778565
0.3042607332919936
0.2347651323422824
0.3855137692081211
0.25270244805967146
0.37390809880427217
0.4249324706683761
0.4002036787188884
0.40254258697093964
0.4487794501534208
0.38501680817206657
0.3485155343771625
0.4337555670658369
0.43367046227608624
0.44459816825851095
0.371116265017214
0.4260489377917498
0.32953888373350687
0.4118686553012561
0.35620813602714607
0.3734385226921035
0.36247768589947194
0.4859706061944276
0.29531771413734625
0.40429521504611743
0.3700015411807611
0.2881949199370458
0.3331971802426806
0.42735688588203735
0.3096841142013983
0.47286053419245194
0.3322513081661261
0.2623330226720016
0.46769799793214173
0.23348014405227596
0.3522015823936717
0.31902234454874623
0.33075695263162974
0.24887360461345853
0.2997684231244775
0.3230624846952092
0.2200313311035047
0.2680239604449328
0.20720189170589676
0.28812225669970326
0.31872460707932376
0.25601585056014287
0.27969845780932284
0.3040092694053775
0.37725392686929143
0.20702372557963128
0.20726792031476549
0.1973555682695366
0.38246062632625816
0.2449690704832007
0.20742313833105988
0.30847986729103805
0.31170558172838625
0.3412994766523094
0.34733690049122395
0.26252479954163416
0.25374978407775883
0.26820771128589427
0.18792953093352566
0.23110166599971332
0.19537031742272062
0.2554902067303195
0.24904491207164284
0.18518936917026793
0.26948115301305897
0.2697713285564691
0.26451480941240085
0.29000849037440457
0.27359056778375446
0.400134959195185
0.4298302444110409
0.40737480024877876
0.657909330565111
0.7755650081059872
0.6864811231512417
0.6641651952839347
0.3885358210649115
0.43408951887019526
0.3937387915101152
0.378389279316778
0.4514828292732744
0.29054853660381436
0.4062111781759249
0.24319511393888704
0.36620688718425426
0.3760765648514493
0.3889694266128545
0.3527205098240809
0.32006768670192765
0.3935545733567057
0.3127471727165053
0.2531380767478742
0.33440231926823705
0.32706105042434397
0.3609556843696224
0.2865662055317605
0.26541965721986926
0.4392136012910396
0.3322534102256398
0.3565589406347114
0.2422002556992191
0.23494005897723727
0.34136934017874143
0.220044252441028
0.35785589382153615
0.35464290306119206
0.3497272430464706
0.32714418999806
0.36793850427470987
0.369113442921441
0.3198669208847984
0.3120281419694221
0.2663609753012811
0.33939999412348015
0.3483776456835073
0.2228640733582484
0.21658671212616487
0.39799296922557426
0.43349343830932674
0.3914136078720986
0.33717256119886274
0.32476581171387475
0.32504478166613976
0.41392511251980735
0.3875739594359624
0.30858858128536215
0.33276361933704446
0.38659511210228426
0.4114613367443366
0.35248181265350853
0.3919315729030738
0.48369955922491636
0.35931705439319134
0.4558982272751215
0.4391718457871251
0.32233643710966053
0.40337472978483746
0.4078182758524602
0.2627214594927985
0.2711130097665747
0.31948634731465275
0.33145077811066154
0.5215567996695433
0.34580235643868884
0.4028355794141836
0.550623468718056
0.36995179239974163
0.4657501554572887
0.3945238376667618
0.3847565725330543
0.42976319650963335
0.32512215590839527
0.4442566529827099
0.3541101757470251
0.46236964294021266
0.370793097035073
0.3229743917652792
0.3997275897236213
0.4552679705547993
0.44954590204798206
0.418119569130288
0.3649093058357311
0.4679706993037449
0.3841822086101483
0.4374608810980445
0.4339992909162541
0.3978018533568789
0.43274946957065197
0.35389428899577724
0.29560736692057593
0.3522438047916212
0.49544043540781457
0.4375580238912328
0.45587193505864676
0.575348963351813
0.374920304387082
0.5028982962673268
0.5703341237813072
0.45809402006177663
0.5844196130479181
0.4209731759299427
0.45987983938586996
0.39475194540028147
0.41083345592424175
0.44250085095256286
0.37869473108058205
0.36879781302675885
0.4389540178361651
0.4868681908161505
0.44269974731511214
0.42230526915532585
0.41418790708139275
0.47065765785768643
0.4292145463300011
0.6217846460588488
0.4955572322687381
0.4722704380640999
0.44048149918491136
0.36345496348957396
0.424212103199221
0.37887536386978804
0.4275379761936776
0.5307804522356805
0.40982224903118303
0.5023414231984455
0.4747690303912843
0.39846815261802726
0.31469058911695835
0.429231060355147
0.4235939296723803
0.35015879025091473
0.36121812013846916
0.39055953682090405
0.3835587037122181
0.39776827196670583
0.2927793561371717
0.37861644319880755
0.423493121618583
0.3943604558763151
0.34684340460110397
0.41420706063536117
0.52447042044895
0.5451287911908607
0.47881463058256596
0.5254852972188939
0.6305533875711583
0.6208589110885363
0.5601393272291286
0.5279827308826412
0.5659766991809132
0.5938609125707927
0.40616053920601913
0.4610444619934332
0.4645263006939513
0.49323429883363623
0.5395779959155594
0.4842573259436658
0.48528504216049295
0.423264705558295
0.4637759233594772
0.41401880139762154
0.3929789178732473
0.5753909819294388
0.4864628289453251
0.6074433528825827
0.43564888503102056
0.5403206379995062
0.5144941875218708
0.440791733322503
0.4761721099046536
0.5582232490190329
0.4488938447434374
0.5040499083836114
0.6599721530542744
0.5204527596871105
0.4694266818969641
0.5839776361894582
0.4759636065686048
0.5172977482230956
0.42718607916470963
0.358687788735985
0.4765451474392549
0.36665452641402774
0.44912995598755096
0.5198560997045694
0.5102550861886646
0.4586816290227121
0.4637224775681733
0.5361475133431032
0.407454616192032
0.39553456381078167
0.43503711927423544
0.2994062695702371
0.3828379371953168
0.30855875653273407
0.29217230183665316
0.41683977138241035
0.23357585095139657
0.3235194986397676
0.39134617675985073
0.4007955706308899
0.39009612058829846
0.25712708512861043
0.2926379247848923
0.37982807123867185
0.27919870290060766
0.30805227826784387
0.28887450711312057
0.2772056303507849
0.2585397605205788
0.36190102228607013
0.2687707774296517
0.3466420546467056
0.2961398635267742
0.25702682985022174
0.2854599632994997
0.3815414046499395
0.28081949224281644
0.4418251919264775
0.3202158853216063
0.3741715478905716
0.4329792753361392
0.375986805616077
0.40134425635305204
0.4739556222124812
0.26694687505927644
0.3940249979079923
0.42646606471396475
0.4503835674620675
0.24455185476674463
0.34026602569926523
0.4080045869828678
0.31316792602846955
0.24157554549328408
0.29214733365446965
0.36956071372149457
0.39436757002003753
0.3832361753538117
0.41765488561568875
0.35650673824437684
0.34324064597200854
0.25680971201944003
0.3465891412891737
0.36944004100790534
0.37232226256629186
0.34108404534734793
0.27492836263071474
0.23739332645098982
0.34351193466628466
0.3506397739617926
0.3907868199596834
0.2896741745536988
0.33658113623477265
0.2707917936509658
0.2967325484485314
0.27795193834359944
0.33943768785010564
0.28277552023406705
0.32583377354765386
0.3747393144059782
0.2525264129416661
0.12807018262431707
0.2723015343121781
0.2511675023056811
0.2678473965465133
0.23739424334559991
0.31827202848399944
0.3043288152404689
0.28553619250716566
0.414676598475585
0.36238472095718577
0.32753614165596556
0.40039513006612837
0.25230490772235736
0.3499402663150123
0.21742731277610308
0.3175828909262575
0.1784181759070081
0.2834558417341571
0.37706132973833417
0.43114898718180045
0.45701788675740684
0.29530622196321143
0.42748621958419075
0.433428688255581
0.33331190405653044
0.38685477673365765
0.43224577616861515
0.3778355506750911
0.40965262341047337
0.4084949550227329
0.34757865663575765
0.3782805276736422
0.4191066457154896
0.380312007571982
0.3996763654231975
0.3952119141414897
0.44816580428324887
0.31696668468046196
0.49765832143772104
0.3901321472652146
0.3894586836875199
0.42489275562833684
0.5248189329517394
0.48378714417046753
0.3951274353491572
0.4565181462011878
0.5461268987861765
0.43246459087358674
0.4777958633402789
0.6111729438689848
0.5160490280378645
0.4194811252045346
0.4191751861558993
0.46730123758296094
0.5231624016660691
0.40821190567674837
0.5828934827476204
0.3882859273449672
0.457992298342072
0.4376806915538235
0.337161609876405
0.5064295805233872
0.4352840748481891
0.31640554941573834
0.44668294247431317
0.4461429151394239
0.31013813406042223
0.4132498593175341
0.3607787644569797
0.29643496100290234
0.38132389230085306
0.46120909278826666
0.4059373060649353
0.4905595516498261
0.40921644721230566
0.4320053541115403
0.3866879720345328
0.3830241998031396
0.4351929546689972
0.48943926180177133
0.363923021510236
0.34005378214837967
0.3391412459368909
0.36257475045770654
0.39069347126664833
0.5106307560689812
0.4403943268302253
0.3780092438810835
0.3303901448272045
0.3770163238561774
0.4430183128199937
0.5293349747844481
0.35227586310793996
0.38249893239589094
0.36429116660979216
0.41922606565460924
0.29223610876855777
0.3121632080151461
0.5886137796680714
0.2905162499085353
0.43218141560030365
0.3078755519283821
0.30168488731109455
0.3586835631930251
0.42370033599489615
0.4208173669901579
0.3778572359224881
0.5166537474116479
0.2640926412928933
0.4002040832501903
0.4146134024858835
0.26759959508361775
0.31039660680833825
0.3775852049375168
0.3321039809556517
0.4659039476579706
0.4375070238545275
0.3856414806713916
0.47216290785994075
0.3883794335837491
0.4641441839339453
0.36309958053150493
0.4175309828057913
0.4818002346771959
0.4582297162365898
0.4914917647766204
0.5457005615553567
0.5242439343186686
0.5462622623711801
0.48906771560327583
0.44432732515677004
0.44395917446903355
0.40172495527336627
0.4864250394115863
0.4097255886611484
0.44090111000904897
0.37667864396494627
0.38241850870912264
0.42964757186801816
0.49714819638169294
0.49390735239505423
0.4220527264509298
0.33263086823053994
0.3321395713091373
0.4052884325840356
0.27507078144578867
0.3411152105604901
0.2406708927847459
0.3108977861163598
