0.27186844533937415
0.41906200184579245
0.3648796039936236
0.5288363117711217
0.2900411108314456
0.3029616578572028
0.24874570014262945
0.19452974242805604
0.29133316553402133
0.3042201526973739
0.36741337360516824
0.3635036496350365
0.25891433845121237
0.25498783454987833
0.301367564392986
0.297441060491652
0.259904354392147
0.25594429062840846
0.4030036076852085
0.19765080963168055
0.32791341555499626
0.2903431495930867
0.21922980115781524
0.19842268646698547
0.46289118214615316
0.32460776910814665
0.27022401208155045
0.33331655340213107
0.29569594764661467
0.3083983555667422
0.18687809379981543
0.3002600889336354
0.3465055793271247
0.3927342897894119
0.23763738568671872
0.30064602735128787
0.34685795788237267
0.30915345247084486
0.22112593338367312
0.2673043040523534
0.29671952344995384
0.2589982381072238
0.28837989764241967
0.21708196996392318
0.3974830103196577
0.29260844030539473
0.4394328383253629
0.28420169477305146
0.26321000083899654
0.22540481584025507
0.2043963419749979
0.4015269737394077
0.2966020639315379
0.2923567413373605
0.3216209413541405
0.2670190452219146
0.24597701149425288
0.27522443157983056
0.22060575551640238
0.4008557764913164
0.29588052688983973
0.2915680845708532
0.33756187599630844
0.34999580501719946
0.37922644517157483
0.2406242134407249
0.4376541656179209
0.33259501636043287
0.5967111334843527
0.27349609866599545
0.40333920630925413
0.3150767681852505
0.3442235086836144
0.42369326285762227
0.45284000335598623
0.41483345918281733
0.32653746119640914
0.4059904354392147
0.36796711133484356
0.4474200855776492
0.409396761473278
0.48881617585367904
0.316536622199849
0.5805352798053528
0.5760382582431413
0.48764158066951924
0.6677238023324105
0.5960902760298683
0.5244567497273261
0.654132058058562
0.5489218894202534
0.6115110328047656
0.5062840842352546
0.6359761724976927
0.7152781273596778
0.5932544676566825
0.7397097071902005
0.6176357076935984
0.7473110160248343
0.6084738652571524
0.5535028106384764
0.6663646279050255
0.7456330229046062
0.5564392985988758
0.7363705008809462
0.6478563637889085
0.6599714741169561
0.5714237771625137
0.6506586122996896
0.662756942696535
0.691668764158067
0.6198506586122997
0.46413289705512206
0.42587465391391893
0.605772296333585
0.5339374108566155
0.5627821125933384
0.591610034398859
0.46941857538384096
0.39755013004446677
0.6445507173420589
0.5391224095981206
0.5175769779343905
0.4624884637972984
0.5751824817518248
0.4361607517409179
0.4816847050927091
0.44334256229549457
0.5056800067119724
0.6183404648040943
0.3954022988505747
0.642302206560953
0.55360349022569
0.5151774477724641
0.4264619515059988
0.6397852168806109
0.5846128030875074
0.47906703582515314
0.49099756690997565
0.5364544005369578
0.36380568839667754
0.47641580669519257
0.48829599798640827
0.46664988673546437
0.5288698716335263
0.45686718684453387
0.36805101099085497
0.3463545599463042
0.47571104958469673
0.38687809379981536
0.36516486282406235
0.37702827418407586
0.40565483681516906
0.3168051010990855
0.3286685124590989
0.2901417904186593
0.33551472438963004
0.4815672455742932
0.40948066112928944
0.5555164023827502
0.4834298179377464
0.44488631596610456
0.37279973152110074
0.4349358167631513
0.36278211259333837
0.5087842939843946
0.5037838744861147
0.5155466062589144
0.5608859803674805
0.43839248259082136
0.4837150767681852
0.4283413038006544
0.5072237603825824
0.3846799228123165
0.34608608104706773
0.22357580333920635
0.5876499706351204
0.465139692927259
0.6111083144559109
0.5724473529658529
0.34924070811309676
0.42803926503901335
0.22161255138853933
0.5856531588220488
0.3288866515647286
0.34054870375031465
0.4025841094051514
0.44778924406409937
0.27490561288698717
0.37045054115278125
0.3149760885980368
0.3434348519171071
0.3047235506334424
0.4841513549794446
0.31121738400872556
0.45711888581256815
0.36805101099085497
0.3796795033140364
0.18993204127863078
0.2686634784797382
0.4312945716922561
0.19120731605000418
0.42095813407165034
0.365433341723299
0.2427888245658193
0.3886232066448528
0.21563889588052687
0.24401375954358587
0.4234080040271835
0.26718684453393743
0.36266465307492246
0.20640993371927172
0.26832787985569256
0.29668596358754923
0.17400788656766505
0.31977514892188946
0.21389378303548956
0.2254551556338619
0.3544257068546019
0.24852756103699974
0.15937075257991443
0.28837989764241967
0.33345079285174933
0.2107727158318651
0.20550381743434853
0.28416813491064685
0.1614279721453142
0.22330732443996978
0.23480157731353302
0.48123164695024756
0.22428056044970215
0.25255474452554744
0.19692927258998236
0.1916771541236681
0.4045305814246162
0.19786894873731017
0.17580333920630925
0.3718600553737729
0.34979444584277203
0.26059233157144057
0.3056296669183657
0.46812652068126526
0.46285762228374866
0.42394496182565655
0.4354224347680175
0.5140196325195068
0.5254803255306654
0.5537377296753083
0.7497776659115698
0.6437788405067539
0.8230556254719356
0.7338031714069972
0.5774645523953352
0.622485107811058
0.8017451128450374
0.8131554660625891
0.9420756774897223
0.7353637050088094
0.8978269989093045
0.909287691920463
0.7864585955197584
0.7643594261263529
0.7757697793439047
0.7872304723550634
1.0
0.7261850826411612
0.7711552982632771
0.6651061330648544
0.6262270324691669
0.8222166289118215
0.44768856447688565
0.710831445591073
0.504102693178958
0.5322929775987918
0.5269233996140615
0.67257320244987
0.5497441060491652
0.6115278127359678
0.5054786475375451
0.3155130463965098
0.4947227116368823
0.42223340884302374
0.5511032804765501
0.5121738400872557
0.3222250188774226
0.45104455071734206
0.496014766339458
0.4403053947478815
0.46849567916771545
0.37922644517157483
0.2899572111754342
0.33489386693514556
0.26240456414128704
0.5590737477976341
0.5368906787482172
0.330161926336102
0.5093715915764745
0.47040859132477564
0.4650390133400453
0.47641580669519257
0.5885225270576391
0.4153200771876835
0.4435103616075174
0.6226864669854854
0.5502139441228291
0.2931118382414632
0.32128534273009485
0.34947562714992864
0.31052940682943203
0.2380233241043712
0.383639567077775
0.47896635623793943
0.4568000671197249
0.5185334340129205
0.4628072824901418
0.5077607181810555
0.3681349106468664
0.46344491987582853
0.458058561959896
0.368772548032553
0.43052269485695105
0.3915932544676567
0.43654669015857034
0.49829683698296834
0.4090276029868277
0.6217971306317643
0.4822048829599798
0.4097155801661213
0.42109237352126855
0.33183991945633023
0.39359006628072823
0.539256649047739
0.3828509103112677
0.4613977682691501
0.42248510781105797
0.3667589562882792
0.5292222501887742
0.6580753418910983
0.5688396677573622
0.5131135162345835
0.5749140028525883
0.8212266129708868
0.7487540901082306
0.7098582095813406
0.8051849987415052
0.6152697373940768
0.660256732947395
0.8394831781189697
0.6495511368403389
0.6442486785804178
0.672455742931454
0.5832200687977179
0.7456833626982128
0.5893279637553487
0.583991945633023
0.6289957211175434
0.640456414128702
0.551220739994966
0.5291215706015606
0.674838493162178
0.5520597365550801
0.7984394663981877
0.5582179713063176
0.6200352378555248
0.4301535363705009
0.6093967614732779
0.4698716335263025
0.5652655424112761
0.509640070475711
0.5378806946891518
0.6165114523030456
0.4937662555583522
0.5052437285007132
0.5503146237100428
0.7967111334843526
0.37196073496098664
0.5512542998573705
0.4788824565819281
0.3896971222417988
0.5522610957295075
0.49663562379394244
0.4914170651900327
0.36868864837654164
0.4137595435858713
0.5595603658025002
0.5375283161339038
0.21347428475543254
0.4599211343233493
0.27014011242553904
0.43270408591324777
0.42748552730933803
0.48936991358335435
0.34991190536118805
0.5628324523869452
0.6750901921302123
0.35106972061414543
0.5304471851665408
0.7433845121235003
0.5704002013591745
0.46453561540397686
0.3754509606510613
0.40380904438291804
0.5496434264619515
0.578051849987415
0.5057639063679839
0.5173923986911654
0.6632267807701988
0.6580921218223006
0.7368403389546103
0.47997315211007635
0.659434516318483
0.6878261599127445
0.5652655424112761
0.5433341723298935
0.6892524540649384
0.5498783454987836
0.5783371088178538
0.5228794361943115
0.6352546354559947
0.39521771960734964
0.5579159325446766
0.5025085997147412
0.2792851749307828
0.5258998238107223
0.45369577984730264
0.28081214867019044
0.5945968621528652
0.4217467908381576
0.4837989764241966
0.3445087675140532
0.5072741001761892
0.36800067119724805
0.22872724221830687
0.3243728500713147
0.15156137259837235
0.2975752999412703
0.2925581005117879
0.3882540481584026
0.31610034398858966
0.26077691081466564
0.23901334004530583
0.2004866180048662
0.17873982716670864
0.207316050004195
0.3533853511200604
0.012837654165617923
0.15888581256816847
0.07005621276952764
0.014758956288279218
0.06018290125010487
0.256632267807702
0.0
0.07897139021730011
0.25866263948317814
0.11951002600889338
0.11463881198087088
0.12652068126520682
0.22230052856783286
0.4020303716754761
0.26292474200855775
0.32517828676902427
0.25319238191123417
0.2315630505914926
0.32742679755013004
0.27225438375702665
0.18352210755935902
0.39682859300276874
0.30811309673630344
0.20263444919875825
0.21461532007718767
0.1091433845121235
0.08758117291719104
0.1667052605084319
0.2122829096400705
0.17395754677405825
0.3873479318734793
0.23154627066029032
0.21003439885896472
0.18853930698884133
0.23414715999664404
0.061610873395419076
0.2918365634700898
0.23679838912660459
0.047498951254299863
0.19384176524876248
0.12202198170987498
0.050244147998993204
0.21335682523701652
0.2590653578320329
0.32150348183572447
0.14908801073915598
0.37936068462119305
0.29081298766675057
0.470794529742428
0.33194059904354395
0.4112257739743267
0.3395251279469755
0.3685040691333165
0.34712643678160915
0.3929020891014347
0.30442151187180133
0.4508935313365215
0.3120899404312442
0.5089520932964174
0.43730178706267303
0.46633106804262103
0.5121570601560533
0.25596107055961076
0.4024498699555332
0.46508935313365213
0.4270492490980787
0.3051262689822972
0.1999832200687977
0.2962161255138854
0.39243225102777074
0.37122241798808625
0.4506921721620942
0.4630757613893783
0.2908465475291551
0.42068965517241375
0.36593673965936746
0.344794026344492
0.5920966524037252
0.2521520261766927
0.28133232653746115
0.32734289789411863
0.4572363453309842
0.38580417820286933
0.46535783203288866
0.2764661464887994
0.3728668512459099
0.3685544089269234
0.2467992281231647
0.3767933551472439
0.32219145901501806
0.3850490812987667
0.3304471851665408
0.0912912157060156
0.3219733199093884
0.13317895796627233
0.2967698632435607
0.2925748804429902
0.2044802416310093
0.2506418323684873
0.24648040943032135
0.1248544340968202
0.20461448108062757
0.4186089437033308
0.2970215622115949
0.2593170568000671
0.3055457672623542
0.26789160164443326
0.1631344911485863
0.2429398439466398
0.2724221830690494
0.45292390301199764
0.09650809631680511
0.29383337528316134
0.23944961825656513
0.15153955868780938
0.33209161842436447
0.3784377884050676
0.2066448527561037
0.4543501971641916
0.3832704085913247
0.27861397768269147
0.20753418910982466
0.220404396341975
0.09900159409346422
0.17897474620354054
0.2925245406493833
0.18796878932796376
0.2511787901669603
0.24730262605923314
0.4112257739743267
0.3234667337863915
0.28606426713650474
0.5842604245322595
0.41263528819531836
0.24102693178957968
0.5728165114523031
0.5858041782028695
0.8337276617165871
0.8299353972648712
0.7926168302709959
0.5539390888497358
0.2984981961573958
0.27799312022820705
0.2574880442990184
0.38801912912157066
0.4682272002684789
0.3806359593925665
0.2762815672455743
0.35650641832368485
0.268948737310177
0.31564728584612806
0.5301451464048997
0.4761976675895629
0.3215538216293313
0.21728332913835055
0.4653913918952932
0.3443577481332326
0.42468327879855694
0.30366641496769864
0.46792516150683783
0.14556590317979698
0.5279805352798054
0.3734541488379898
0.420286936823559
0.4671365047403306
0.39654333417232984
0.2923903011997651
0.32249349777665914
0.3693934054870375
0.23171406997231314
0.24507089520932965
0.27522443157983056
0.40605755516402386
0.3691081466565987
0.26505579327124756
0.530161926336102
0.3086668344659787
0.4899068713818273
0.23488547696954443
0.2986827754006209
0.3289202114271332
0.39275106972061413
0.3391224095981207
0.35263025421595773
0.5003775484520514
0.4971390217300109
0.6281231646950247
0.32286265626310934
0.5713398775065023
0.45067539223089187
0.44748720530245834
0.37717929356489643
0.29010823055625473
0.5889923651313029
0.48515815085158154
0.3981206477053444
0.5292390301199765
0.50933803171407
0.4391140196325195
0.4024666498867355
0.500058729759208
0.4131051262689823
0.4100343988589647
0.5076768185250441
0.48785971977514897
0.5351791257655844
0.5153955868780938
0.31103280476550044
0.42550549542746874
0.4057555164023827
0.3188858125681685
0.5172917191039518
0.4807953687389882
0.36039936236261433
0.5420756774897223
0.28747378135749646
0.4020303716754761
0.6172833291383505
0.4633945800822217
0.5108817853846799
0.22277036664149677
0.40451380149341387
0.6198338786810974
0.365315882204883
0.41287020723215034
0.5443074083396259
0.5247587884889673
0.4045305814246162
0.45211846631428815
0.4325866263948318
0.2956288279218055
0.34325027267388203
0.22307240540313786
0.5727661716586963
0.36872220823894625
0.349257488044299
0.44728584612803085
0.4614145482003524
0.3748804429901837
0.5232653746119641
0.6045473613558184
0.7026260592331572
0.5154627066029029
0.4960986659954694
0.39285174930782785
0.5245406493833376
0.48843023743602654
0.502676399026764
0.5504992029532678
0.48086248846379726
0.4448024163100932
0.2912996056716167
0.4062756942696535
0.31990938837150773
0.3006795872136924
0.4996056716167464
0.16157395754677406
0.4108566154878765
0.4252202365970299
0.4731772799731521
0.4707777498112257
0.4851917107139861
0.5667253964258747
0.4972564812484269
0.4278043460021814
0.5597113851833208
0.27213692423861063
0.40406074335095227
0.41855860390972405
0.4498363956707778
0.3972145314204211
0.47886567665072577
0.4933803171406998
0.34012920547025755
0.5728165114523031
0.41958217971306316
0.5684033895461029
0.3984059065357832
0.41300444668176867
0.7296585284000335
0.5764745364544005
0.6414464300696366
0.21980031881869286
0.33512878597197754
0.5511536202701568
0.5154962664653076
0.46305898145817603
0.5616578572027855
0.7105965265542411
0.6414128702072321
0.6729255810051179
0.8554576726235423
0.7191878513298096
0.6332746035741253
0.49702156221159494
0.5957043376122158
0.45946807618088764
0.45748804429901835
0.5729843107643259
0.5206980451380149
0.4180719859048578
0.399345582683111
0.5148754090108231
0.5129624968537629
0.6453058142461616
0.7105294068294319
0.5240708113096736
0.6732108398355566
0.6545683362698214
0.5184663142881115
0.3823810722376038
0.3973319909388372
0.5968789327963755
0.6286265626310933
0.6435942612635288
0.6082389462203206
0.6064602735128786
0.5879016696031547
0.602919708029197
0.5843778840506754
0.5490896887322761
0.4298850574712644
0.6462958301870962
0.4600050339793607
0.3072741001761893
0.43981877674301534
0.5556003020387617
0.5539223089185333
0.4347847973823307
0.5841597449450457
0.3643594261263529
0.41305478647537547
0.4449869955533183
0.17489722292138601
0.49208826243812404
0.45693430656934303
0.3546606258914338
0.6215454316637301
0.5360684621193053
0.4673882037083648
0.4322678077019884
0.39714741169561213
0.5130799563721788
0.32695695947646614
0.2583102609279302
0.3406997231311352
0.2552898733115194
0.16989680342310598
0.3865424951757698
0.3179461364208407
0.26612970886819365
0.48279218055205975
0.27997315211007634
0.3624297340380905
0.20996727913415555
0.15819280140951422
0.3581340716503063
0.45738736471180474
0.3217384008725564
0.3538887490561289
0.30215622115949325
0.26720362446513973
0.2993875325111167
0.4658108901753503
0.3973319909388372
0.6308918533434013
0.32751069720614145
0.3093883715076768
0.44228542662975084
0.44095981206477053
0.5235338535112006
0.33762899572111754
0.15174595184159745
0.46926755600302034
0.2330564644684957
0.21498447856363792
0.3143720110747546
0.3634365299102274
0.6306569343065694
0.5454820035237856
0.4603238526722041
0.3584025505495428
0.4075006292474201
0.355919120731605
0.28755768101350787
0.454132058058562
0.3522275358671029
0.2671197248091283
0.31625136336941023
0.21436362110915347
0.1796123835892273
0.48045977011494256
0.24434935816763154
0.25993791425455154
0.2755432502726739
0.4421679671113348
0.2060911150264284
0.3055961070559611
0.3715580166121319
0.3536202701568924
0.2014598540145985
0.31777833710881787
0.16561456498028357
0.4161758536789999
0.415051598288447
0.2796711133484353
0.29532678916016447
0.46201862572363456
0.2930950583102609
0.5101266884805772
0.05595939256649048
0.32333249433677325
0.18798556925916604
0.15333501132645355
0.37038342142797215
0.184713482674721
0.502441479989932
0.23287188522527058
0.31569762563973486
0.3817266549207149
0.2967530833123584
0.1278815336857119
0.31138518332074844
0.14251866767346252
0.19179461364208406
0.35852001006795875
0.2064434935816763
0.2892860139273429
0.33856867186844536
0.4213944122829097
0.5210336437620605
0.25149760885980366
0.41823978521688066
0.5178622367648292
0.5503817434348519
0.3983052269485695
0.2630086416645692
0.42976759795284836
0.2609279301954862
0.46122996895712726
0.3427300948066113
0.37523282154543164
0.32385267220404396
0.3899320412786308
0.37209497441060496
0.6059736555080124
0.386794194143804
0.48641664569175275
0.5021562211594932
0.5010990854937495
0.5503985233660542
0.46544173168890013
0.3133819951338199
0.4633442402886149
0.3448275862068966
0.4947898313616914
0.5944122829096401
0.22419666079369074
0.4748384931621781
0.2220823894622032
0.45592751069720616
0.3877506502223341
0.4705763906367984
0.40238275023072406
0.4852084906451884
0.43379478144139605
0.3823810722376038
0.3980703079117376
0.44733618592163776
0.3959056967866432
0.41159493246077694
0.24268814497860558
0.4261766926755601
0.2740498363956708
0.4239617417568588
0.3389546102860978
0.4552898733115195
0.48772548032553065
0.5033811561372599
0.4854769695444249
0.4004362782112594
0.3825153116872221
0.43171406997231315
0.43057303465055796
0.4461951505998825
0.3779008306065945
0.25928349693766256
0.4762480073831697
0.25691752663814077
0.3899823810722376
0.32167128114774735
0.3036831948989009
0.11789915261347429
0.3180468160080544
0.24970215622115946
0.24847722124339292
0.2975752999412703
0.48091282825740417
0.2950918701233325
0.2938165953519591
0.2925581005117879
0.32484268814497863
0.373890427049249
0.35581844114439126
0.2874066616326873
0.33643762060575555
0.3686718684453394
0.4344659786894874
0.5170232402047151
0.31430489134994544
0.27938585451799647
0.5297256481248428
0.2263109321251783
0.3423777162513634
0.05571440557093716
0.3563386190116621
0.18712979276784966
0.2695863746958637
0.25136336941018544
0.4177028274184076
0.33234331739239864
0.2637301787062673
0.41325614564980284
0.4788824565819281
0.4773554828425204
0.2744693346757278
0.40716503062337445
0.3888245658192801
0.5215034818357245
0.16753922308918534
0.3840758452890343
0.3489051094890511
0.3640741672959141
0.5470089772631933
0.4446681768604749
0.25842772044634615
0.5084319154291468
0.35571776155717766
0.5218055205973655
0.6039768436949409
0.467992281231647
0.5836899068713818
0.3302122661297089
0.14383924825908215
0.5615236177531672
0.3583354308247336
0.5075090192130213
0.45530665324272174
0.4534273009480661
0.21661213189025927
0.3992784629583019
0.34700897726319324
0.42896216125513886
0.2424028861481668
0.27398271667086166
