0.29844280529212036
0.3431180691454664
0.35434124475220363
0.3320956060682088
0.22615284259119875
0.12025858464214628
0.4826801813103183
0.4938364527405623
0.3879104153076755
0.24853228962818008
0.393430009868366
0.3376486527171459
0.38220683426162877
0.41003897168280734
0.37090002843427505
0.38198939568802587
0.30938163814876146
0.2535501028651714
0.3147674243564655
0.24214294077307777
0.353538394634285
0.46486694431899916
0.24170806362587183
0.3362938431431582
0.31383076588556036
0.37494773111211466
0.4360646963386689
0.26303376988308497
0.3073912388980882
0.3684747520363959
0.29576663823239163
0.4237376018197936
0.13352735544516367
0.21128338936558114
0.3058189907504976
0.2832053790957901
0.3609313061367856
0.3550270125612591
0.2654757723250874
0.29299011490792315
0.27032632512084565
0.29784066770368145
0.25843410774917625
0.43644939535350497
0.2799270744476224
0.3241340090655159
0.31812935922524965
0.3121247093849833
0.43991168648702894
0.30003177948383425
0.41107598641845217
0.2712295315035041
0.2819007476541723
0.5601886697777109
0.2864502316557111
0.3305400839647415
0.24082158328733672
0.3852007961597003
0.29546556943817215
0.40637596801980364
0.38352819174736985
0.39411577767742156
0.4548145918008931
0.31480087644471205
0.4424373191496479
0.41948918661247425
0.3463963737936341
0.37360964758225035
0.4510345058290263
0.36114874471038855
0.4385066987806714
0.4322678843226789
0.37580075936240326
0.5534982521283891
0.446836268754077
0.5074180005686855
0.5178717781457508
0.42790238680649645
0.48846739257698163
0.5155635840567347
0.37539933430344397
0.5864652850954222
0.4964457156237978
0.590412631508522
0.5505711944068109
0.661247428370716
0.6046464950574539
0.6316757823607139
0.5918008931707561
0.5351330556810009
0.6457591115125363
0.6727549467275495
0.5157475705420911
0.7267131650693295
0.7870774583103349
0.6635054443273622
0.8075334102731363
0.7842507568534967
0.7108401491963136
0.721026310067406
0.7311790188502518
0.7580744978005253
0.7012895780019068
0.7950892334453978
0.8051917640958737
0.882248649371937
0.7418000568685501
0.768662083730577
0.6951009416762841
0.6884439761152089
0.6149162861491629
0.5915165504206601
0.7186512118018967
0.645039891615234
0.8725642698245438
0.5982404201582283
0.675146771037182
0.6182447689297005
0.5613260407780957
0.5378594008730995
0.4809908508538645
0.5244116613979628
0.5678157458979377
0.39378125679495546
0.6546239148978876
0.6812852292304347
0.5071671099068359
0.4167461153762524
0.5437302423603794
0.43656647766236806
0.4799036579858497
0.4563533878602372
0.5164166123070233
0.5764129325773161
0.6531854751032833
0.44561526753307573
0.6561794370013548
0.7161590312275244
0.542007459815679
0.3678057102714637
0.39434994229514775
0.6048806596751802
0.5310017227825448
0.6244501312994464
0.5840065566092963
0.409804807065081
0.4697174971147574
0.596517637613528
0.43904193219261717
0.5323732584006556
0.35808787863582386
0.35111311823640584
0.3775235419071035
0.43738605382441
0.3969257530901366
0.4567715389633198
0.4831652365898941
0.37573385518591
0.6195494003713181
0.5288440630906385
0.5384782645056618
0.5815478281231705
0.42397176643751994
0.5339455065482464
0.4765919012494355
0.40256242995969027
0.47906735577968457
0.47192533493903355
0.5484135347149046
0.49109338150434045
0.6177429876060013
0.42659775536487865
0.5365045912991119
0.4456487196213224
0.5388295114322512
0.3141987388562731
0.5411209794771438
0.533928780504123
0.5601719437335876
0.48600866409085586
0.5958820479368424
0.5217020422499874
0.4977503470654156
0.5573619683208725
0.34940706173582886
0.542827035977721
0.3014200411460686
0.3944670246040109
0.353755833207888
0.4300600464984027
0.43946008329569974
0.34855403348554037
0.341228026159533
0.3004332045427936
0.35999464766588063
0.3861374546306053
0.39552076538377906
0.4717915265860471
0.3975111646344523
0.30650475855955306
0.29912857310117585
0.1746700787796678
0.4181678291267332
0.36061351129844277
0.31975178550521016
0.29563282987940526
0.2882231923327814
0.33099168715607075
0.37376018197936006
0.1488985899944804
0.4592637195376922
0.4183350895679663
0.3105524612373928
0.3198354157258267
0.36257045846086944
0.15435462558750232
0.4312475956311573
0.2899794269657283
0.3159215214009734
0.42554401458511043
0.46819542709953665
0.27673240002007127
0.13539899978256142
0.2617291384414672
0.23745964841855255
0.5812300332848278
0.4231354642313547
0.3320119758475923
0.14047535417398432
0.300182313880944
0.45993276130262434
0.4189205011122819
0.27753525013798985
0.38710756518975703
0.37953066720190004
0.4221319015839564
0.4814424540451938
0.5073176443039457
0.5499021526418786
0.5255824844865941
0.3674544633448743
0.6274608192416412
0.5195611086022045
0.29446200679077394
0.5544683626875407
0.5635840567347417
0.6061518390285514
0.5650726746617157
0.7247227658186561
0.6167394249586031
0.7596467459481159
0.6348871828323883
0.6774215130379514
0.937411142890595
0.8628631642330272
0.8217170956896984
0.8642681519393848
0.9067355779684548
0.7318313345710605
0.8412698412698413
0.7833810025590848
0.758994430227307
0.8683660327495945
0.8105273721712077
0.8529947982002778
0.8620603141151086
0.9045277401441784
0.8800742636359075
0.8389449211367019
0.9817686119055982
0.7231337916269422
0.68202117517186
0.5739374780470671
0.5327412313713683
0.6420961078495325
0.5339956846806162
0.4760901199257364
0.4349440513824076
0.44394266312074526
0.4361985046916554
0.6458929198655227
0.43743623195677994
0.3293358087878636
0.5390302239617307
0.4476558449161189
0.2725843410774918
0.5157141184538445
0.4243397394082326
0.6173081104587953
0.2917523876427986
0.48472075869336145
0.3932794754712563
0.33534045862812983
0.4781139712646562
0.303042467426029
0.2618462207503303
0.37116764514024786
0.4302607590278823
0.4392259186779735
0.5484971649355211
0.5909144128322211
0.432552227072775
0.4080820245203807
0.5006105006105006
0.40921939552076536
0.41813437703848666
0.5441316674193386
0.5029186946995167
0.46165554384732466
0.6378309665980899
0.3456604278522087
0.6055162493518658
0.1795540836636727
0.522989947647482
0.38137053205546356
0.4906417783130112
0.4493786274608192
0.37466338836201846
0.45048254637295737
0.5263017043838961
0.46831250940839986
0.5274056232960342
0.33560807533410275
0.5452355863314767
0.5206984796025892
0.41254787830130296
0.538545168682155
0.46384665562747757
0.6232458561225684
0.5318045729004633
0.5574623245856123
0.532941943900848
0.4581765266696774
0.36675196949169553
0.5429441182865841
0.5518256477160587
0.47712713466138124
0.7201732818171174
0.6454914948065633
0.4536604947563852
0.7971130847843176
0.7725592520113067
0.6476324284543462
0.5729506414437922
1.0
0.6911535952631842
0.9174904243397394
0.7591282385802934
0.8349306705471089
0.7769916537039824
0.8528108117149212
0.7780788465719972
0.6699115192265878
0.6621004566210046
0.6041112616455082
0.7970127285195779
0.8226704802047269
0.4134343586398382
0.6732567280512486
0.715640523859702
0.6743940990516333
0.6164216301202603
0.5417398431097061
0.550688276715674
0.6432502048940405
0.6521484603676385
0.6443708498503019
0.4526234800207403
0.6121063107364477
0.6879254687473866
0.6467124960275645
0.5385953468145249
0.7816749460585076
0.6735745228895914
0.5988592837907907
0.8085536989646579
0.5331426564303277
0.609045444661883
0.55107297573051
0.49316741097563016
0.7028283740612509
0.4776790941174503
0.43644939535350497
0.6294010403599445
0.45442989278605717
0.6306554936691923
0.5225383444561527
0.3809858330406276
0.23948349975747235
0.5328081355478615
0.5083546590395905
0.5842574472711458
0.5096258383929617
0.38481609714486426
0.6447220967768913
0.4028300466656631
0.4620402428621607
0.6383160218776658
0.5804439092110325
0.8570926790104872
0.5316038603709837
0.6576847809724522
0.800541923829595
0.7594125813303896
0.7015571947078796
0.7106227106227107
0.819994313144998
0.7454463344874305
0.5872681352133406
0.6130262431632294
0.9566293675882717
0.781691672102631
0.5900781106260559
0.9002124207603661
0.9260541589308714
0.9016675865990935
0.8606051482763812
0.635522772509074
0.5275728837372673
0.8879187783297373
0.8133875257162929
0.8225366718517404
0.4302273069396357
0.6902336628364025
0.6658972686369946
0.6583036446050146
0.5169518457189689
0.5093749477311121
0.451619917373342
0.6614815929884423
0.36957867094853397
0.4456487196213224
0.42136250355428434
0.3469148811614565
0.37284024955257833
0.4154749360228812
0.4414170304581263
0.1829996487530734
0.35942596216568823
0.485741047384883
0.4280696472477295
0.2365898941241407
0.21238730827771923
0.2717647649154499
0.43154866442537676
0.17321491294094035
0.18243096325288105
0.29207018248114136
0.21767273822068345
0.29387659524645826
0.16938464883670365
0.21208623948349975
0.07082643384013247
0.3143158211651363
0.23996855503704823
0.3664007225651061
0.007734122802615953
0.20103032431799556
0.17694482078043725
0.16955190927793667
0.21233713014534933
0.13804840517169287
0.21431080335189923
0.2906150166424139
0.26652951310485556
0.2926388679813337
0.30202217873450754
0.16088614581765268
0.20373994346597085
0.26333483867730445
0.3563818221352468
0.26545904628096406
0.3585227557830297
0.0
0.2937929650258418
0.3367119942462408
0.22906317426865372
0.22182079716326292
0.3316607289210029
0.14045695552544868
0.16664325020489407
0.2430628731998595
0.018435445832706107
0.21190225299814341
0.23817886831585464
0.33132620803853685
0.17363306404402293
0.33370130630404604
0.36001137371000386
0.5200963420141502
0.2955324736146654
0.2716476826065867
0.21432752939602256
0.27413986318095906
0.4342750096174754
0.560958067807383
0.45354341244752205
0.3126432167528058
0.38918159466104674
0.3486543897502801
0.3081439108836369
0.3345376085102112
0.461287570876612
0.32050445749075884
0.19639721009584024
0.40681084516700955
0.6172579323264256
0.45973204877314466
0.21852576647097194
0.44571562379781565
0.3384013247026946
0.43181628113134957
0.3077926639570475
0.20051181695017312
0.3775235419071035
0.38734172980748327
0.346998511382073
0.25649388663087297
0.4837339220900865
0.5605064646160536
0.20235168180373658
0.4631441617742988
0.5566260223794471
0.6334320169936609
0.4425878535467576
0.2852626825229565
0.5460551624935186
0.4054727616371452
0.41539130580226474
0.5591349289979427
0.4353287503972435
0.5456370113904361
0.3883452924548816
0.4987204576245672
0.2745580142840417
0.4183685416562129
0.3614832655928546
0.23769381303627876
0.34810243029421106
0.2912506063190995
0.06714503152859318
0.2779366751969492
0.3716527004198237
0.4152073193169084
0.4253265760115076
0.4019937444594979
0.39542040911903925
0.3553782594878485
0.3320956060682088
0.25860136819040924
0.36914379380132806
0.26226437185341295
0.32266211718266513
0.5001087192868015
0.14237041497315472
0.3198354157258267
0.11266663321457843
0.2567615033368458
0.4008061953267433
0.461287570876612
0.3210396909027047
0.4149898807433054
0.4085670797999565
0.46906518139394854
0.12818505695218024
0.3894157592787729
0.3495910482211852
0.4436248682824026
0.4540117416829746
0.31386421797380704
0.39118871995584326
0.36819040928629976
0.01065616271095723
0.5396156355060465
0.24900061886363256
0.19256694599160354
0.40378343118069143
0.46446551926003987
0.5084215632160838
0.6694933681235051
0.47931824644153403
0.7575058123003328
0.7680766721862613
0.9960526535869002
0.6386839948483785
0.9169050127954237
0.5762791242243297
0.586900162242628
0.4135681669928245
0.6082091424557178
0.5519761821131683
0.5793734423871411
0.43954371351631627
0.4502483817552311
0.5278739525314867
0.5218860287353437
0.49917206081589643
0.45976550086139134
0.40363289678358166
0.5984076805994615
0.5590345727332029
0.335674979510596
0.4134176325957148
0.3071738003244852
0.5187415324401625
0.512887416997006
0.5070500275979728
0.48448659407563516
0.5288440630906385
0.6401391606871059
0.3834612875708766
0.47803034104403963
0.5893588907287537
0.46652282268720624
0.4273504273504274
0.5219863850000837
0.3657484068442972
0.3600448257982505
0.4045528292103634
0.6664994062254336
0.47687624399953166
0.5381437436231957
0.5659758810443742
0.35966012678341447
0.30389549567631763
0.3819392175556559
0.37636944486259555
0.2035726830247378
0.48237911251609883
0.42668138558549523
0.5549868700553632
0.19823707494940374
0.4436583203706491
0.371284727449111
0.49964039005134897
0.5276565139578838
0.5389633197852376
0.46665663104019267
0.5281750213257063
0.288641343435864
0.4003545921354141
0.311388763443558
0.5569438172177898
0.38436449395353506
0.6634050880626224
0.37377690802348335
0.7532072189606436
0.6977603826918896
0.27437402779868536
0.5702075702075702
0.5148276381153094
0.37581748540652654
0.3371803234816934
0.4323682405874187
0.7115593690936157
0.3384515028350645
0.21623429842607925
0.4118453844481242
0.6910866910866912
0.4016759496211551
0.44678609062170704
0.4919129576663823
0.5872346831250941
0.33132620803853685
0.3430511649689732
0.37151889206683725
0.40000334520882463
0.5288607891347618
0.37337548296452405
0.6026226437185342
0.43044474551323864
0.39209192633850165
0.43738605382441
0.19837088330239014
0.6116714335892418
0.7071938715774333
0.41801729472962346
0.5470419990967935
0.5756937126800141
0.5040226136116547
0.5327077792831217
0.5781524411661398
0.5399668824326359
0.26765015806111697
0.6476491544984695
0.8269523475002928
0.621573251710238
0.7005536320604813
0.4115777677421513
0.7414822620302073
0.2351012761971666
0.5148610902035559
0.5437302423603794
0.305016140632579
0.5011959121548163
0.46321106595079203
0.3918075835884055
0.6883770719387159
0.46645591851071305
0.5623630555137404
0.3906534865438975
0.3694950407279174
0.6661481592988442
0.4944887684613712
0.5737367655175875
0.4857243213407597
0.5148276381153094
0.5272216368106779
0.5563584056734743
0.6356733069061836
0.44740495425426935
0.5267533075752254
0.6897486075568268
0.45135230066736914
0.5307508321206952
0.59344004549484
0.5390636760499774
0.4847040326492381
0.38018298292270897
0.39276096810343386
0.48898589994480407
0.3176108518574272
0.4807734122802616
0.39306203689765334
0.5729673674879154
0.3849331794537274
0.5481459180089316
0.560857711542643
0.4564871962132236
0.7201063776406244
0.4986870055363206
0.6285480121096559
0.6915048421897738
0.570475186913543
0.5331092043420811
0.7466506096643083
0.7594962115510061
0.5214678776322612
0.6514125144262131
0.6643082944452807
0.392878050412297
0.6901333065716628
0.7365313529697091
0.6156689581347116
0.3108368039874889
0.8925017144195226
0.855319718333417
0.8014284041681302
0.5133891983207052
0.6769699098466222
0.522772509073879
0.5692876377807885
0.7998227039322929
0.5620285346312743
0.6922407881311992
0.7388228210146018
0.6683559971231204
0.3971766437519862
0.7783297372338468
0.7413484536772208
0.7545620285346313
0.6841453827755197
0.7475705420910901
0.7106561627109572
0.7406459598240421
0.7204910766554602
0.767240369980096
0.7136501246090288
0.5262682522956496
0.6065198119992641
0.5529797447605667
0.8172512419087763
0.747018582635021
0.4091692173883955
0.5396825396825397
0.6200177296067707
0.4829310719721679
0.58002575810795
0.6938799404552829
0.6070048672788398
0.5870674226838611
0.45006439526987474
0.49704785321223677
0.5440647632428455
0.5074514526569321
0.7050194858414037
0.46772709786408423
0.481342097780454
0.36116547075451194
0.34134510846839616
0.5557228159967886
0.41885359693578866
0.6834261628782177
0.39605599879572484
0.3595932226069213
0.07224647498620101
0.3368792546874738
0.4342582835733521
0.2807801026979109
0.37819258367203573
0.3585227557830297
0.3890645123521836
0.26908859785572115
0.46690752170204225
0.44730459798952954
0.27718400321140046
0.5085051934367002
0.43877431548664425
0.486125746399719
0.6003980798501347
0.36345693879940455
0.6450064395269876
0.5586164216301204
0.5558566243497751
0.45277401441785003
0.3162393162393162
0.34698178533794977
0.5449846956696272
0.3750480873768545
0.506180273303561
0.4198906116714336
0.33361767608342946
0.6320437553314266
0.512335457540937
0.69371268001405
0.32314717246224095
0.5212838911469049
0.518708080351916
0.31543646612139764
0.3463461956612641
0.44417682773847156
0.49182932744576585
0.15479619315235754
0.16903340191011423
0.4843360596785254
0.36477829628514563
0.44594978841554184
0.2929733888637998
0.49124391590145017
0.3884623747637447
0.268971515546858
0.2331108769464934
0.29762322913007844
0.31197417498787366
0.2092595380266613
0.4076136952849282
0.5390804020941007
0.0015104454145550036
0.38387943867395924
0.14741164467191864
0.19529329118370212
0.19300182313880948
0.3245354341244752
0.3557127803703146
0.320019402211183
0.4682957833642765
0.4493451753725726
0.313312258517738
0.3612658270192517
0.1416294512184923
0.4237877799521635
0.354692491678793
0.41942228243598106
0.2834562697576396
0.4485590512987774
0.4464181176509944
0.49445531637312456
0.6763175941258134
0.423319450716711
0.20377339555421747
0.41912121364176164
0.3668523257564354
0.6323950022580159
0.39615635506046465
0.22683861040025427
0.5425928713599946
0.2896616321273855
0.2374429223744292
0.43613160051516214
0.30031612223393045
0.5491996587886999
0.2963018716443374
0.17722916353053336
0.5599545051599847
0.6416110525699567
0.5392811146235803
0.2864335056115878
0.3346546908190744
0.6505093080435546
0.414421195243113
0.2953986652616789
0.29349189623162225
0.47555488651379063
0.6910866910866912
0.27104554501814776
0.5033201197584759
0.5683342532657601
0.6166390686938632
0.6147657517520532
0.5292622141937211
0.4939535350494254
0.6593573853847826
0.440078946928262
0.3713349055814809
0.3862210848512218
0.652014652014652
0.3491227189857327
0.3472995801762925
0.26186294679445365
0.47749510763209396
0.3753324301269507
0.37352601736163377
0.45536655125696224
0.4535768645357687
0.5019820362286115
0.3831100406442872
0.44824125646043456
0.42975897770418325
0.4781641493970261
0.4764079147640792
0.424473547761219
0.5732517102380117
0.40423503437202074
0.41922156990650145
0.467660193687591
0.39901650860554966
0.48090722063324803
0.5126198002910333
0.5108802917022095
0.6095137738973356
0.5241607707361132
0.3886296352049777
0.6545235586331476
0.40191011423888134
0.19949152825865155
0.2646729222071688
0.4302273069396357
0.3950524361483266
0.3766203355244451
0.34146219077725926
0.44011239901650867
0.3380333517319819
0.4032314717246224
0.20081288574439257
0.2660110057370332
0.5151956110860221
0.4967802365062639
0.42817000351246925
0.2759295499021526
0.3411276698947932
0.3561476575175206
0.6387843511131183
0.10183651964473882
0.38446485021827487
0.49984110258082864
0.19706625186077242
0.2789736899325941
0.27726763343201705
0.4260792479970562
0.2403867061401308
0.3891983207051701
0.35402344991386087
0.36902671149246496
0.3338351146570325
0.4324685968521585
0.4641811765099436
0.4122802615953301
0.5108970177463329
0.3753324301269507
0.4237710539080402
0.6060013046314416
0.7380534229849299
0.5021325706257214
0.6509107331025139
0.4986033753157041
0.6808168999949822
0.7292220716878252
0.5267198554869787
0.6587385217522204
0.7238530115242444
0.4042684864602673
0.5028183384347767
0.5511733319952499
0.5995450515998461
0.7147874956094135
0.46207369495040723
0.49368591834345255
0.6423804505996287
0.2725508889892452
0.45468078344790674
0.5029855988760098
0.467660193687591
0.5494170973623028
0.5140582400856374
0.46199006472979076
0.49353538394634283
0.14036328967835818
0.456236305551374
0.15322561760917924
0.4189037750681587
