0.1966089885621362
0.29075996082218014
0.2464141549178968
0.19629308884918373
0.24939259466130675
0.23487502282606035
0.2731433519660056
0.24866096789219808
0.23015442828540789
0.28617248941133755
0.21715065417198615
0.2102810632073585
0.23446440514836162
0.2112288210801358
0.24140105863772454
0.21856615257766737
0.20648902068270433
0.25139897054560756
0.1779619336553928
0.1988199251704207
0.15524963168262645
0.17478891763032886
0.15445585882293755
0.16923770082519607
0.2505594264096693
0.22351709149304722
0.2079482582385175
0.22109489397072618
0.22780290231842293
0.1481125524857616
0.26803967130635153
0.2522292000894457
0.30043330618588554
0.2041615550322416
0.17710565258012811
0.21120079480630666
0.2139691263732455
0.22009170403702336
0.21571691544116037
0.21249553870309118
0.17494398873486117
0.27744400998371327
0.22696462278453883
0.23127760878198753
0.23880350795965122
0.14503428876115843
0.2259887655918389
0.24070707592309018
0.251760125081376
0.23286980616030922
0.26949145701295796
0.2340493552875505
0.32223034567092435
0.3034696676333212
0.1628321775656828
0.2510883111134926
0.262307994613411
0.24311237940972671
0.3096620529912413
0.2960770442936591
0.25803917058280706
0.2978227205607046
0.2998844046921273
0.3057715967205653
0.2728389524220752
0.33590928550125715
0.351383022126033
0.36624958652501843
0.2796660140202998
0.30337994380703104
0.3174502021591143
0.35441660653922274
0.26782715848218835
0.322194667920071
0.34418611607230837
0.3646102793446664
0.3601582476779562
0.4156602766344673
0.4233276439517913
0.36436509223328367
0.36667866670410343
0.3791937809501176
0.41682565238920916
0.47437518143802365
0.36840637005411536
0.4869981254900696
0.41291012402585325
0.44504889764229827
0.5037859409480124
0.4131588986320661
0.5300761386706229
0.5525113077479242
0.5602860451264589
0.5800712322279852
0.47883453027098644
0.563383828279463
0.5572079859039133
0.6170989874954067
0.5321799398833351
0.5593632196676486
0.595917990408265
0.5684818008797383
0.5370230661402875
0.5516614666781983
0.5755099391328238
0.5522274891096005
0.4685841500684329
0.6130386320872762
0.6150545002506622
0.5640541618825244
0.559320137459786
0.5181799122446377
0.5198335988387804
0.5284127571991264
0.5396056909765844
0.5345932508960687
0.5418821894917065
0.474418753230239
0.5221140360370675
0.5368723199315738
0.5339454952869102
0.5211678705286212
0.49783292493793563
0.4177565570700048
0.43977226955474813
0.42008808683768206
0.5337507083597656
0.5036751832223196
0.5130558500371533
0.4804742072725029
0.5234544275313184
0.5004703525720924
0.5699775899040955
0.5086313396000717
0.5066830250309993
0.49430049903106255
0.5687488499712836
0.5288667528471048
0.5700475071673778
0.5548330194995467
0.4648790889685823
0.46729778972985303
0.5544126134427941
0.5986939875618706
0.527400632148454
0.5117403279698036
0.5581592376348002
0.4594201399920955
0.5470456999651694
0.5005859324201172
0.46453642110287063
0.4499702645015923
0.35944834847609686
0.498470850919276
0.3983798816638434
0.4520278363134801
0.445062088335559
0.3973561981828009
0.4751468025635453
0.4668655205014494
0.43876437591169654
0.4675201343421625
0.5709698160377343
0.40241774697642
0.5105663331810955
0.5665716306836233
0.5968815133427703
0.54266920538522
0.5847018090702173
0.609920444230425
0.6072901277212295
0.4514615605836097
0.4414061269024382
0.48796063347543545
0.49177825739011616
0.47228803405951664
0.47458603013445705
0.43097207088017564
0.4516257773830918
0.5308453986925654
0.48419716182981926
0.4689632267535247
0.39783867316591476
0.5231711433041553
0.44805255908110825
0.4360188800252953
0.43029887781284926
0.44507994452736543
0.35145396257470574
0.43131538346880094
0.5033881465052688
0.28371418929614284
0.3566166919545447
0.34316784259287875
0.45113435999190127
0.4056717962464421
0.3679806609319903
0.38428746826959054
0.40684785401345314
0.42279568003783063
0.4291175546511867
0.3212668403565948
0.41617803855158136
0.3743314535621039
0.4078270552590119
0.33956253342727977
0.4064236577960918
0.45928357377188606
0.4348913977754116
0.40340137108867624
0.436035145810568
0.45702676516205515
0.42200601571710245
0.39330676606858284
0.4338446793910757
0.38478780646557714
0.39370425495992256
0.39696162721960465
0.3048199135316531
0.381488812244799
0.38972043538523166
0.33566092797338565
0.35537804111157006
0.38060241221289104
0.44698891776669963
0.346138587679707
0.37813144514897623
0.3878082432570473
0.3859583667376877
0.41274481599064594
0.41986179854644895
0.4447143873104651
0.49141542488701606
0.4405972013665237
0.42088023661587465
0.4378729149061822
0.44459600106123426
0.447974966847234
0.49586658796681465
0.5255132257344575
0.5377023852229671
0.5800061827239656
0.5651971943090018
0.6001311259740034
0.5723896314540369
0.6193468138661118
0.7107517995077275
0.5785022734313894
0.7274108721035883
0.7220679694709727
0.6112857968305003
0.805247593143035
0.8403824183075818
0.7866261963854755
0.7625134816455725
0.8306626711218663
0.8104158362202349
0.8305611853893042
0.8968146297202048
0.8460467471099486
0.7803827551837428
0.8591462946434079
0.8517557351596821
0.8446910197166462
0.8398540062430377
0.933662273034159
0.8483475972483336
0.7950069670918372
0.7451672536469359
0.7868525679843603
0.7288301693111907
0.5986502573906023
0.6721437699152293
0.7019814126856586
0.6900750630972764
0.5186853006125901
0.6696285983530105
0.5785173824959917
0.5798404497792277
0.5080825883166258
0.49729876991121236
0.5882718747784188
0.5250901762462489
0.5162875157428002
0.5937195198381883
0.5426999583306467
0.5810632663624651
0.5965471199386949
0.4859085239180961
0.5750411349758879
0.6236740351429617
0.5572254506712744
0.5847910065865771
0.566265827736559
0.5924588204167126
0.487026952638027
0.5952645328831606
0.568534685711318
0.5854463538586758
0.6099206030145394
0.5643338465980325
0.6430148858284497
0.5678416513807141
0.5636542604447932
0.6394323731199316
0.6612281257245328
0.6870873204410399
0.5393833003222825
0.5900747237907462
0.5682858592572312
0.6079454998371012
0.588435253640644
0.6779613424005995
0.6144757829212955
0.6457284392387709
0.6521664214953078
0.6263646125189298
0.6556327797085297
0.6559832929407116
0.6628528682429604
0.6846233065280949
0.6349886905811971
0.6686540978463494
0.6580155662305319
0.6194127331722274
0.683692554825532
0.7030501111930993
0.6085185442799309
0.6367731295476047
0.7085033826923519
0.7585258511171148
0.6682223456114613
0.696476930879135
0.6791501585252128
0.7681940256005225
0.6154726611864499
0.723458719293105
0.6901462494182895
0.7135880028448012
0.7193474292895757
0.6885791923855131
0.6669420151536349
0.8044576531104347
0.8204236607260368
0.7832167964374626
0.7709844718384999
0.7740179733490992
0.7955368894957551
0.8004615134547023
0.7808468097243577
0.7948899800601044
0.7420913146513877
0.7091157120263487
0.7736436569469478
0.8510263238745371
0.7580837286323047
0.7608073873823163
0.7408952232168786
0.7166823859114366
0.8365523221437499
0.692143085226246
0.8153968105820757
0.760166349448366
0.7800661582924103
0.7898149250303031
0.694517899462503
0.7362692264052124
0.7607781920334407
0.7274926156779237
0.8090178002865661
0.7324814047565794
0.8244834755120635
0.7210229662521175
0.6800956656736742
0.6991004426248961
0.7090390120079745
0.7031389484747507
0.7543963176829693
0.643460062612114
0.5780090169258938
0.6626397317590825
0.6667343326880547
0.577224403182193
0.6452355115082062
0.6761939967601426
0.6069607061772266
0.6290488992895485
0.6032057328572448
0.5935458262194687
0.5164337113554183
0.5827499003903099
0.5951691421112356
0.5977711396896564
0.5267211795304945
0.6626335128496214
0.5674409029593518
0.5918295665323972
0.5296894362974234
0.6011176277782925
0.665077833076701
0.598761980242868
0.6655744834576219
0.6219228371448351
0.7134870034560996
0.6571781974099571
0.6308181819341768
0.5944633710263104
0.6583288505287833
0.713736717129928
0.6951083303608008
0.7238674296036334
0.6022805761343872
0.6074945971038412
0.6387753965553933
0.5503976881140956
0.5166947003216169
0.6591625899981711
0.5660460838892257
0.6237071235380716
0.5653365262892452
0.5994856249372451
0.6461861343135786
0.5439968891545583
0.43564756323869347
0.5128088909166568
0.488403097967186
0.48032442916081336
0.45725948461498395
0.5519527434441824
0.4699202280625957
0.4644598264004906
0.33884429400879795
0.44073023936590483
0.4705407062891587
0.48351509062417686
0.3627078774183126
0.4536063780554305
0.3718205635001134
0.31717663022695014
0.4224574346337548
0.39435971996990205
0.45030210520799147
0.36770987177244374
0.3347262948363521
0.2995200787947266
0.3586355431259579
0.28551123661237093
0.2414090544845478
0.31349495022296914
0.29703438056160014
0.4287603353555603
0.28925467324028403
0.19223846306320658
0.2504825870852387
0.30366626059474683
0.24664115166172204
0.25127938997249555
0.2969385736834814
0.19045268401828236
0.2638427496780116
0.25402048466299043
0.3072240043991301
0.23520623210906577
0.3334861510716487
0.2754366785592953
0.28118463845515373
0.3441876608419113
0.3661748006923501
0.3217976361406525
0.3927009409423753
0.23133083305511798
0.2858457338472152
0.3488432999203265
0.3341334667840004
0.4165492860726639
0.3121590381690075
0.4876609134721834
0.36070795787703186
0.3709772871273631
0.35567615207545855
0.32951703550004363
0.3635068912339416
0.4234577764449154
0.3286430347792097
0.3272911993789813
0.3334747105141798
0.3818230248564177
0.2789638005231626
0.39406538431436683
0.34384434042209666
0.3777457399022097
0.3642802773475106
0.3461362465321587
0.40874522440067085
0.44261797833540634
0.4297771117276253
0.4445576974991009
0.41944396679065354
0.4211039539816633
0.43288966895935765
0.3395017285628906
0.46026076753256967
0.3940528237618051
0.3547943080404664
0.36471422778373785
0.357194223938894
0.3997936257480972
0.4400339745346872
0.47326330782861253
0.46960919671649853
0.5150088453620885
0.48374941412071043
0.5101626436080628
0.42522125104748065
0.4312326291309617
0.4297558790780387
0.47814877746122153
0.4893323873976748
0.5202106473808599
0.40107853043060765
0.43764118096792276
0.44025489751609465
0.38126984409026965
0.4849100079892309
0.44543817458649587
0.41699017014939804
0.48176382295546943
0.3576021361432145
0.43849881933681856
0.3566204390436123
0.4140814119234678
0.3716844069321175
0.39412276546379893
0.4229063847004647
0.37272699139363774
0.48415283297762973
0.2615338188324157
0.3851808330642319
0.23088397337587363
0.27475053297488006
0.3344138849308941
0.4319509553676285
0.34557743473583025
0.24333384119046125
0.37747637196850364
0.27736100092969046
0.19945439766478257
0.3483747163868967
0.22420127421686437
0.16207291471850363
0.31349245436892564
0.19239686200463504
0.2775417099438329
0.20672999866484976
0.24389938990241994
0.23157622803056888
0.16345901458295048
0.11863952265282565
0.290985955241283
0.2542150272975344
0.28144204823028324
0.2620397122445688
0.18010656803940825
0.2052437680121152
0.25884535499992983
0.2706906864590345
0.12390030567899826
0.2219845771612451
0.1662143972783539
0.19932513875432878
0.16698455640184234
0.09743499479958397
0.20908192233473355
0.15594161683639274
0.1645929403489061
0.2577791116378501
0.2282053425467186
0.16126576350055352
0.2897248098470779
0.28328598411744343
0.2949893181565064
0.37608110847838383
0.3588186913530418
0.3829619092504365
0.4247187329454334
0.3861284326929768
0.3086762902216888
0.2852423418580262
0.12510667433430114
0.27913671426344266
0.21913326199164876
0.1500982424050004
0.2807964584175425
0.17533699305513256
0.24773459969785516
0.2514031172278611
0.22171437520587675
0.19035552472077272
0.1637061231711464
0.19493453891972484
0.19319877882864162
0.30384681818339243
0.08433849920211996
0.09848329439555739
0.1960067971752819
0.209033780300939
0.10063527093812094
0.0808784267605133
0.11478788059183459
0.1850925781260206
0.19004825045526047
0.18104375515681287
0.08620407948389816
0.2234838264236061
0.2505706262930872
0.21577919061134376
0.1418263610105769
0.1670183132159644
0.13125367990792738
0.1857549135194
0.25223915744666203
0.1644883919462186
0.18189929348427702
0.2126292533577355
0.11076380519352189
0.21875292637536398
0.22586586506702833
0.2707067952829696
0.1688053821117773
0.2822599206974614
0.3063458593859056
0.24988781504005428
0.33075182273125436
0.35625242823408665
0.3115650496829216
0.2726623881998992
0.36061279609988417
0.3642384103241971
0.3687885028608381
0.30052834414922974
0.2549961812487992
0.3755271167115697
0.37335047207118066
0.33344851120281
0.38999831582172517
0.285026795325636
0.3974580707491111
0.4093349733103954
0.4098923642859449
0.40524942753162224
0.2633690173401367
0.3158719189814318
0.2709872916742461
0.39502459212853813
0.409976956927966
0.4807141912336871
0.3748978992827907
0.29761524049086197
0.3718088885470471
0.43589586648832174
0.35017465246683915
0.35205480362148495
0.368621204285829
0.3018176667701892
0.3147157498698959
0.3136146310488064
0.3805624577550375
0.31551058527345255
0.25469183706327597
0.33497271691278807
0.27371038732123976
0.3215022565740792
0.27891277816443527
0.2824229664640997
0.2344785014241524
0.3485124127287368
0.3422659802827261
0.3184850981479919
0.35306595227137205
0.35737698452210664
0.31715190972766644
0.429119538102412
0.30067677819929756
0.387227263524091
0.47547184687778155
0.4840262729920597
0.3860945789341318
0.39916479515306635
0.4969043975631796
0.5000023511120617
0.4846861426409683
0.31508272979786245
0.3841431159569131
0.42371532265826567
0.3135652751131575
0.30152088447558467
0.4151963684560802
0.44293370461451953
0.3642134351762402
0.3277104263691699
0.35521826965969955
0.44682020599957
0.3992489114427442
0.33438292965723987
0.3461287303456811
0.3428942961795901
0.39834207025145263
0.3812176582598467
0.32037489050934054
0.30213554163060585
0.3367389919081469
0.3616918452792737
0.3553494718527782
0.36713673200513713
0.36164196208855093
0.27348747845823784
0.317806796444821
0.39487887705389907
0.17618049842266012
0.2627815695173764
0.24326002676281946
0.3236101818531104
0.3773173012730564
0.25798669054270273
0.3824256460810511
0.28355737918150825
0.2406556866461392
0.30127403289892085
0.295022697655826
0.3396581526539
0.308384764545403
0.34906670471364487
0.3504433866142926
0.33366845184252997
0.33411203268381967
0.3395188540912317
0.35215153312172154
0.36660205404399615
0.3753367444148718
0.33345425922825833
0.37487179725369507
0.2946500634741523
0.3241008549437647
0.3042158896464987
0.23654236633926923
0.28918699292922595
0.2867289000705071
0.3201993113292621
0.2985587400194277
0.3834787417539012
0.29109328317609606
0.40723487152451227
0.2424033712081829
0.25225146976402446
0.25193920027989214
0.2877037276643426
0.31636427868073
0.27788327691985343
0.18663409420741173
0.34247914647111527
0.3091540156559922
0.23432398611802877
0.29836320737403155
0.24817325073795965
0.2357838629959353
0.23912202146705874
0.19718399620311539
0.12446131506907356
0.22714768027784304
0.22987471265020418
0.34762992572609763
0.2617986805242622
0.33202348689793765
0.3536495782712149
0.3580838059990543
0.24782954800758378
0.2972050986929347
0.30504620762876794
0.3732360733825376
0.4485489731761446
0.37899812584112297
0.37718081491747596
0.33783188095938743
0.2805996073644208
0.3560852918862148
0.2833598120471358
0.28336584604601467
0.22717633777253526
0.1818073645030916
0.31609761304742034
0.2982376678059314
0.32873308085894026
0.2565182181243979
0.24589133081199196
0.30741227118606584
0.22634088246256392
0.2146461270188258
0.2438108635729927
0.25423766313422197
0.22757516971284295
0.31064675065153646
0.2857609899822279
0.29547554218648525
0.2153338717861078
0.32077743882155085
0.2774149324402285
0.32928352712230147
0.3024159859039673
0.37557982993208694
0.35705268923412453
0.3392909395455206
0.35327253594007885
0.4158367612620553
0.32036511475470403
0.4170786426056436
0.4229869893768365
0.488002342929819
0.25956168961663084
0.5164626658277123
0.3696174179800556
0.4016262978196302
0.5103259723776806
0.35291238048854057
0.465512980942281
0.37452744314389474
0.4258120595981322
0.4269032814161713
0.42582218357065227
0.37538204257927
0.45840263315909596
0.46942072901905063
0.4403026546739384
0.41734799231158143
0.47461817865182826
0.44826107529830983
0.27830395794586527
0.42460069491408614
0.3815404810817066
0.33951263200878873
0.4635412177670864
0.4313832135851098
0.46293157790653805
0.4732972482031117
0.48326304028548095
0.33141168076839955
0.4567845138015227
0.32701421142802894
0.42017909902963535
0.4401301534213025
0.5124580649229764
0.43489038822709236
0.39914544806483854
0.49284189451888916
0.5031702654008288
0.40243520512777636
0.5334771123939515
0.4650641868242549
0.4710226717048849
0.5538411299720281
0.5598107057070179
0.5416914606058537
0.5913784946184439
0.6183825392724525
0.5248597175766636
0.6250523487664179
0.6262567196583221
0.6223335055227337
0.6392910332497515
0.5485941022948699
0.5886794063599343
0.6227057559761308
0.5696168311809389
0.6157391742465884
0.7012465876183267
0.6539322874460453
0.7316653340705364
0.6427619967423739
0.6989202307562549
0.7141726061230625
0.6607995501170767
0.6430390512584353
0.7018254827696991
0.6070612138212472
0.7090117602792749
0.7191004117052004
0.7658988371419726
0.7089150842471583
0.6841788822137076
0.7372768919986302
0.7944669894408362
0.7317770615134993
0.8108045845591538
0.8515366931489361
0.731789298286889
0.6986893782318551
0.6881637602141409
0.8079207318105995
0.9248443192981386
0.8506266915326732
0.8213346602788556
0.8639552192611829
0.8449944996359138
0.9413650089728891
0.815878893330621
0.7638153949961766
0.7872205239755607
0.8740442927612085
0.8551916914807915
0.8165303185270769
0.8998126032852016
0.8575052887700767
0.9106191742660315
0.8668700836544522
0.9001248307779567
0.8183758140360958
0.7922932477413147
0.9397756740967933
0.9264151872846818
0.7792809935300268
0.7337456352343139
0.9162842737654437
0.8577252134098668
0.8247002798279723
0.7936675950024024
0.8687432661982802
0.9080517546289368
0.7769559053206243
0.9583993452747674
0.9439044516861493
0.8674188005076691
0.8943045572073748
0.9071243843799126
0.8960751980232675
1.0065173213857108
0.9486012479850807
0.9154856251802821
0.8743015064190538
0.9519366013376928
0.8264422763136721
0.7789084727655776
0.8462030525179336
0.7487207869043667
0.810399227077817
0.7469625300342144
0.8543619623904568
0.7922345975341515
0.7947638844100526
0.8163543052560736
0.7520277948621851
0.6556365633341461
0.8026103267233619
0.837082603567192
0.7642419793212181
0.6648727588022247
0.689363632762885
0.8085752987991972
0.7288901656727932
0.6507373046514046
0.6924788910798291
0.6663826821781553
0.7690416120978482
0.7133903408990298
0.7331765589091193
0.7345754712608888
0.6686835311013559
0.722186392985863
0.6618534514032747
0.7627791343550502
0.782040752712584
0.792040091314638
0.7939312652057985
0.7007793328216912
0.7044765459896821
0.7604388657902184
0.7167014941483902
0.6977615038162637
0.7174729076123745
0.6562577632993191
0.6759377818489762
0.7577178368345918
0.7293626298305704
0.7540424798408817
0.7550557632324704
0.7348501460405417
0.6719564336896171
0.5982003790579172
0.5970795676311266
0.6939051186199361
0.7030983260704566
0.5463683327389168
0.5585833463588741
0.5400766173858249
0.6328422346355425
0.5318420999458373
0.476440945214019
0.3891923164502051
0.4639885371911519
0.5372179003246089
0.4572097369848486
0.5284518712893539
