0.37084624197067506
0.35067896271709975
0.33208872176000404
0.2710942270009095
0.3765562649557116
0.31791137411896375
0.3541299823508388
0.3048436614764818
0.3641160745540586
0.35533200030900725
0.329965645651597
0.33409207210759345
0.3187607203640502
0.37383318364154294
0.26406502135281285
0.29828076368241346
0.41920796859765597
0.398106822875888
0.2920931361238345
0.32898112555217845
0.26077864849883853
0.2909435237851667
0.26215178032132275
0.25518279288652
0.29925827802630345
0.2219987758304837
0.25478621996617556
0.34425198572559634
0.2920271967125672
0.2107457418933646
0.3174398015874027
0.3834018742338816
0.3100632371537879
0.21279679048658107
0.3055404663215173
0.28031085061295247
0.2147547917400319
0.3250730748198726
0.29462657526271385
0.2661007381583304
0.34785011295920143
0.32192763403642766
0.28031078159419454
0.2981559027744961
0.3335877077818285
0.3382706717610115
0.250049134192016
0.3422602484882873
0.33159348380663367
0.2079659883096464
0.27248480605837955
0.2948847209884764
0.32669317350734395
0.3065007755548356
0.33751168881254007
0.36608511129644133
0.44135970204665576
0.3299422754690948
0.3112838118865375
0.32850843865203916
0.3389806654057588
0.2220219584968442
0.3617751472299192
0.42944779728126836
0.3401877030083281
0.4487665574152116
0.40608999200435036
0.39934264846401446
0.4062932113742237
0.40079668548448033
0.43791589369808315
0.22174885435123132
0.40017630318320513
0.45691845037059614
0.35639944118071554
0.424412974453212
0.40402034168944234
0.3946546948759417
0.44440856024993836
0.4275191239477498
0.3953276828072145
0.38973385329595345
0.5380230719657467
0.5225571364131358
0.4951499389177285
0.5473221115986799
0.5010285461797428
0.6165704366891048
0.5225730872168474
0.575094881528636
0.5762429513402568
0.6004405232144703
0.46818686261113984
0.6277916663216382
0.6791170503608865
0.6166492865741818
0.6347745586183114
0.6140130195909397
0.5137368569093652
0.7266524858505187
0.5828772541464414
0.6604555296793838
0.6238495687992901
0.6983144331871409
0.7312368364134645
0.5771819157579756
0.595561381177949
0.6226314329358569
0.5733553222904978
0.6243384991354495
0.5935510176382245
0.5866187830034815
0.5921867713658566
0.5002718795370141
0.5302299674404055
0.5578267669130098
0.5702436776016148
0.5299407870710883
0.5258098781878031
0.5301512818743752
0.47434527850763186
0.459314497253422
0.44887700252689594
0.4962848220536119
0.47785295893341473
0.4944038652473144
0.4973331992601606
0.39100195577864066
0.5413884595959282
0.4915450108540734
0.4665517558735371
0.48507435629339446
0.4265618907937896
0.5194786915888583
0.5759317400268407
0.49760933731968193
0.4943451790113729
0.5376985384719873
0.5463725165239365
0.549380870389066
0.4758784737259864
0.4430732076926973
0.47140552609601505
0.4818872464436076
0.48575922080991246
0.49406895898307074
0.4259224094981194
0.4638178741316917
0.5191748809632359
0.4177320617694362
0.40635267506998474
0.45045410313899137
0.33302165381808857
0.30887609215479717
0.4448177422902882
0.4200973001765479
0.3366694795025377
0.42432308322859774
0.36978726942765394
0.5329310133474002
0.5242542512058763
0.5957519719391171
0.38849609275540914
0.4923495735073758
0.5050819068450749
0.47796066613998833
0.4923762601336984
0.4637877340085522
0.5282216972265122
0.5298335163166481
0.5271536411042381
0.5377478334521779
0.43016071012312357
0.4867976105066079
0.45519956353616087
0.5103998414991224
0.4493308553660486
0.3473124359895545
0.44500202612489803
0.47440153073618874
0.4536995115471931
0.44772112483915866
0.47617125630282536
0.30549929042086954
0.572542295594807
0.3605764548975422
0.39259919814655386
0.4331930862184727
0.4293584853300576
0.35170754980655844
0.40564830523478224
0.4814743202066934
0.351797665182092
0.3820183968894043
0.2411132932918267
0.24781634840691985
0.287617739054392
0.38842162064245483
0.48461903228704334
0.37241612926681933
0.43332117792603303
0.3749671949777435
0.3705398678171893
0.3389975051406185
0.39789628768115276
0.44973574670844063
0.4052241750314813
0.4039767023867124
0.35401106426215956
0.36159366501357754
0.361165056316367
0.36559452913132645
0.37466432473995703
0.2879880114968546
0.31333054595624465
0.3369189526458687
0.2891849158032511
0.2737949870306624
0.4673937377405527
0.25614289920326205
0.277861055794569
0.312960457815232
0.3032582148949986
0.26205460114456836
0.29843595694879144
0.42148747278730925
0.404127512783592
0.2490011917717093
0.2974749494900084
0.33380740868350744
0.3755175870956216
0.3531506034240731
0.3340697750847609
0.3245086973418323
0.4489801170704509
0.36872395107229994
0.4878354550337497
0.35014940988035287
0.4982243547336442
0.3874992538215152
0.5300657360088172
0.5175872698548107
0.5024393175306414
0.5153150969987679
0.5821454751762098
0.5546231565498588
0.5479449374584351
0.6070880070956023
0.6563771341990811
0.5279738152170388
0.7499926754165798
0.7070841428868584
0.7327482053181315
0.6759690962177731
0.6959690239182162
0.7917191841259246
0.7959402865622562
0.8611171552186843
0.8559768319574064
0.8335987361182539
0.7965606166901924
0.7950227394039189
0.7360862161912762
0.7766354973285394
0.6479174188623533
0.823286078888497
0.7611064256735327
0.6557001105053746
0.6811938872215961
0.6813723568253081
0.679145949506757
0.6282626630799734
0.5913995952049579
0.5521988103114566
0.5953601437653298
0.5228463741209897
0.593603538955056
0.4619149082428989
0.5201189236701538
0.4530413962180092
0.43770303039206604
0.42728260019419745
0.5653346066384697
0.5026500656317947
0.46267558132278536
0.5755119932722809
0.3404494524354401
0.39529799721452163
0.39468659860616173
0.3648652438431714
0.36067665687798084
0.5544993240625634
0.46399830520131397
0.38640637002587347
0.4920655341230408
0.4607997053550388
0.4090714017080079
0.3966158945335696
0.5078957906066772
0.35127704143091737
0.5218244605926574
0.505022098495216
0.47219640290417947
0.57319657408211
0.5320469685907601
0.4566045913453724
0.5083780971474622
0.4894624073074261
0.46142872885144226
0.5360070031225327
0.49807003279773343
0.5458858748294801
0.4970080968385691
0.5182135073166578
0.5848988482017365
0.42149730988948864
0.5039906905725444
0.5486491916409937
0.4939138158750638
0.36712590107403303
0.5588582597995377
0.4435173428901181
0.5248187775459002
0.47266728717097123
0.5211554883639649
0.5139856878205419
0.5269321056075151
0.5253382596786484
0.4341370588364246
0.5064736406687728
0.671539229838001
0.46989387988655534
0.6390992668774031
0.4998418739342929
0.6564663363611292
0.5031236101152508
0.6551019546731102
0.4943595146742092
0.6507722720922755
0.7391737657866972
0.6876380600678567
0.6444236614947199
0.6507675242387823
0.6461882400925624
0.6258676715171774
0.6692996159250642
0.6528082037520732
0.8323866114502652
0.6568931099935514
0.6928521249604436
0.7683012106710863
0.807755107410761
0.7791864661109449
0.6538808045568577
0.6018292384770217
0.602649849411578
0.6325741560179458
0.7506088848250183
0.757690553526118
0.8719992355320466
0.6615083461847606
0.5468502543879682
0.6736759478433725
0.6221298730010165
0.6479124980380903
0.6728908203837383
0.7402900436726663
0.5852363025077983
0.5626440261651684
0.6532342145527383
0.6655543709180863
0.6357516661845649
0.6884686975428274
0.5997553232802062
0.7059361824411968
0.5634045730194406
0.5589855725393269
0.5652770455813073
0.6115258148020984
0.4750847972543308
0.5179165482976981
0.5240328503393945
0.542725184538851
0.5610342958239176
0.3887659545175939
0.37940826142907413
0.3982140146296773
0.5048504331414733
0.4721433164727419
0.569803833658176
0.4575030830207736
0.44807607143635486
0.39539122828130113
0.4374931840268803
0.4827409001229604
0.540770183153336
0.585163408560169
0.5729214408609766
0.4920999359575644
0.5852551994620444
0.6166382931375536
0.6142243334977397
0.5269223520527083
0.48727373417804826
0.6483824804582857
0.596327823932171
0.626016062203315
0.5492935576445184
0.5701134425814977
0.5715221648893596
0.7084179794144289
0.6574450864604022
0.6386312910391975
0.7079453673659764
0.5979885775825959
0.5549948769165787
0.5335044465376323
0.5777685039304045
0.5062527574862403
0.5321097967254895
0.6307249522913856
0.510768883163692
0.48953867831876524
0.3846754862832936
0.4481347720595499
0.42393866287603854
0.5141696121291741
0.3605444820038824
0.43107904093016847
0.43344156776206233
0.43217662388529104
0.3377837716276109
0.3522877011479935
0.38404227622585935
0.19937380546427852
0.34233070302376506
0.27690286456796365
0.2908672627560098
0.3632429961357639
0.37610555562403236
0.24947682655575043
0.36961006638751326
0.33538691754797234
0.22810765564951208
0.26729276973465926
0.19735789314957816
0.19463959583427431
0.2538642295791571
0.24582264150291772
0.1659582565752052
0.17666495476657768
0.25581010798691023
0.12535874137387962
0.26347669649583877
0.2576679757149968
0.20374589051246847
0.23554054518718245
0.2884518218013084
0.271556227237879
0.3782552293831251
0.32641961106926276
0.2169123981126617
0.1778153270936036
0.2474224870584075
0.21458515869282804
0.1924116791360524
0.32903825942491916
0.25173528459807837
0.27729957689277906
0.2805225021166039
0.2705574494089997
0.376337274070277
0.14917080603059385
0.3482231630733811
0.2370001903329434
0.268431145371397
0.3437893626794494
0.24314171705339754
0.2207340139900279
0.19811326279968144
0.3381782105696485
0.3439549302307978
0.22884593244330687
0.14602680205456997
0.30731628138968464
0.3083767807542158
0.22132261217968563
0.3369304486346332
0.45307039254846926
0.23118000894881435
0.3162683435135522
0.3368123236053524
0.32106857355470614
0.350889179687794
0.351638417977306
0.3249568097726429
0.37217510162456474
0.4371642279791541
0.2719469058182719
0.39450256695735425
0.45678339761721093
0.3574497418653886
0.2667372960467813
0.2844792467147945
0.27468060105938596
0.43531120028496495
0.37866055475811683
0.41418872850067107
0.3093101876149335
0.3394892731446681
0.4968800002955981
0.48304251524688585
0.4101588096322916
0.3923320025995213
0.43876272280351036
0.4731189451715274
0.5663204157648186
0.4034259045272825
0.5956804340579982
0.49636584206609546
0.45777295564524006
0.44523924156274314
0.4622158962720462
0.46141914173931264
0.41114315286268216
0.44137140464256125
0.48818507655289556
0.44554726063323935
0.48997680098936036
0.43751739426470143
0.3364024074670159
0.46412172811394414
0.33483054896574455
0.4481588861954464
0.46684361940566776
0.38512246558586827
0.3987471045425285
0.4159354968735848
0.34061085710371236
0.36927069317768973
0.3417499928235771
0.4281164630962846
0.2662201120821755
0.30712590422798863
0.41839503999971783
0.2613715779372434
0.3287812706384341
0.31833443774925363
0.20116009869583815
0.2300105584438892
0.3052464821271226
0.31970397130510897
0.23902312669519632
0.2758774176215598
0.32642823385190756
0.22299061994062913
0.2565347343933152
0.2962784130272351
0.27222901576111874
0.4058118863150749
0.3145951271762899
0.3191704736823652
0.3284449592205093
0.37656044155641943
0.2265117167412946
0.2663363297849269
0.26962863272063065
0.28701736562629326
0.28914500192552034
0.23524603328878524
0.3621657397325797
0.2300874558059781
0.28876870854235914
0.27455369402772706
0.28991912195825964
0.322515169085161
0.3410091400449974
0.3899891989718875
0.2889237639500327
0.36925542221384505
0.36166714553523927
0.4387151363681142
0.5374418422234808
0.6688911725909961
0.611317670126273
0.560896743316028
0.3940211143644261
0.4774282878792969
0.47022157618621047
0.45956913924728815
0.4435456401049086
0.42132426790339483
0.25963739894402355
0.5358837276374007
0.3970552449433416
0.29863619504372607
0.2841471352667148
0.3502861943400766
0.46535659084573433
0.3850183074514864
0.4759605229146837
0.3557376845726965
0.24263466018428043
0.37672273166634723
0.31830681205742833
0.3210448890712342
0.391219422598582
0.359438214972762
0.23729362823793435
0.5158727460005905
0.4009360732975896
0.3859476590468438
0.3991702584959213
0.3152284580359028
0.3748138310348908
0.3549837850111487
0.43842118856419315
0.407682470068231
0.24464189792373825
0.3645086813761307
0.27607698700675487
0.39782120279166155
0.4223852650568153
0.2542072591769466
0.48392611962508447
0.3612780696867832
0.366959011926959
0.38595936154431976
0.3661984585269857
0.426868898836231
0.3961610044890322
0.3120987592700434
0.24958128274482666
0.40504400715815125
0.3757171527605328
0.4460480093427659
0.47127706641576517
0.49947188444562207
0.475519306484774
0.3529829077581051
0.3429604015368943
0.37940908171648957
0.4107978344417487
0.3981851994421651
0.44285730070087875
0.4712778403076865
0.4498899085416689
0.4168271696186883
0.36982019264830895
0.4425395493108224
0.45019168272423304
0.41354845145037683
0.42454950057909613
0.44013383585781934
0.28133973373943744
0.32222045867274307
0.5001922880808487
0.39271464693201724
0.5104919799655948
0.3540757776284007
0.4217471315546102
0.34866708941737184
0.3063699357800107
0.3462928464662918
0.4276782873051319
0.38116167079668534
0.4070582679226814
0.4707290478571735
0.3007767531856635
0.36447663805513897
0.4038920657148583
0.2780271173375923
0.34064351461875086
0.42000151883631387
0.4886343175886081
0.5399566816455619
0.25191213720555394
0.35091806520786534
0.3859827694244346
0.3967912727137418
0.3974877658707776
0.447012853583468
0.4822753367106377
0.3695483446173943
0.3826659818523315
0.49451434639378944
0.4274969150888418
0.6262414030881842
0.4939838170484667
0.4600347071311711
0.5761202055711002
0.37071193672213015
0.5409163199879938
0.5393394667811994
0.3259195447692774
0.4211507734571068
0.48963881415213095
0.5272593837983359
0.39336881596536455
0.5168594590316435
0.4426992514145569
0.4614208975498637
0.4791776239200528
0.5036373927403823
0.30724986906144053
0.5732243365908367
0.46452932275596925
0.4271210069743424
0.4950486589897093
0.2927401221559167
0.4210645083960811
0.39795255154657994
0.42357073644588505
0.535332928047238
0.4369311098296877
0.42549846284945797
0.5048735379175777
0.45277840415727577
0.4403493343357318
0.4586453228476003
0.3918685461332112
0.4241479962936441
0.525514982187062
0.3372375962797382
0.4877949195146326
0.3154948274091741
0.5409123515394267
0.38963201856545354
0.3712637820200228
0.4452345200779175
0.4412249692414081
0.4579065510210036
0.5236973541036624
0.4595629694937598
0.6217662348511102
0.46226059285341137
0.6428438311184463
0.6384831157775297
0.428030998897825
0.5280705435993733
0.48770683324163633
0.4496171829484207
0.4744217142475737
0.5222709595001678
0.5681779186417204
0.4287811323337732
0.5294129581259323
0.3850743698370653
0.48914335320565233
0.5101957855436491
0.5206555635419038
0.5138536404119683
0.36393973306143224
0.46124491506656734
0.4379406750929845
0.4802481792402341
0.44003691993992994
0.4182345930261001
0.4731441567454675
0.43200571287683165
0.4888554170940115
0.6395967803711881
0.5214231356357529
0.4159132452712304
0.4697476519881731
0.5583517947192707
0.49258605018519386
0.44084139016643337
0.41150740975597966
0.42494375866265294
0.45620820907515247
0.40643505586764284
0.5593735348406315
0.42042660664536163
0.5691416658315727
0.5280616289629256
0.5326381413105379
0.22813356693133466
0.530967109554143
0.5883754458101522
0.4487562859708376
0.44323765680375093
0.44178429659954754
0.44188157555954444
0.36648061651560493
0.390720521955083
0.31096447554348455
0.5334532527025531
0.41704666601292184
0.5350639511970547
0.28439674731771236
0.4006657465419891
0.47640869816154774
0.46868199156512014
0.42378829572937926
0.3015458517398313
0.3439629717011524
0.3429956680755218
0.3382993032104927
0.2960358288483756
0.30703957492895906
0.4358650118974432
0.22142869643345364
0.3672827197963062
0.3449975509297415
0.3654330479764078
0.5232900357141979
0.4558297997909673
0.48264854790553935
0.49321037982726107
0.35169132246562634
0.3098494805866458
0.46568020028229123
0.5408712063792094
0.39456919944755453
0.4528867391347371
0.4721591236695335
0.5891488793312167
0.4679551266422598
0.35194466838792615
0.4499164666397619
0.37470208041834097
0.45743516516222
0.3789853175137167
0.4628312018643289
0.28479689828971255
0.23365703011118183
0.39529621982180746
0.4560771821658015
0.37963337818911547
0.37666215155723204
0.2680569147606676
0.3831293252694124
0.4621467816038211
0.23267629323505118
0.344763353110223
0.2204688944218906
0.3437593742983832
0.46546212696709066
0.5019940660844177
0.36298349896186866
0.2981150318213468
0.42760156437403246
0.32469280922768295
0.3375235261067067
0.3400396858374402
0.37723543360764655
0.5225607427928688
0.39885987013276347
0.36692041095391015
0.42762759487873614
0.43651788211824555
0.3715457084546328
0.3014566144124163
0.3926060507395093
0.5022968741456626
0.36960759591509773
0.3948213765990926
0.30004335753785055
0.47626666282123603
0.4680296512291573
0.2952713043316651
0.5707255891361425
0.3368982571354114
0.5608932550808813
0.38450030807442687
0.4544286936928401
0.4250841292125034
0.4649289921660277
0.37070456540448127
0.6723179740956012
0.28924533212829534
0.3034086478036854
0.5040931340130814
0.43846279993080184
0.486318088193493
0.48977886019267003
0.472132181540362
0.36141175920556917
0.38980319535848557
0.4992942870143351
0.47410237494376656
0.4724803598039272
0.3900711638863758
0.38126536671587097
0.4537301232981254
0.45011131283180483
0.4952366970729767
0.5225586099950679
0.3900757313614229
0.3992205609357709
0.4223688064739716
0.3827162060635535
0.5644856665825365
0.461689690179898
0.5853495755390078
0.3338950944927554
0.6023515562183942
0.34490291121689415
0.3616303680277207
0.39176004779598017
0.6423431483153711
0.5314074192351846
0.643398406652363
0.6093780708021395
0.5075410835148458
0.591120081040806
0.5786444848506955
0.596561810461026
0.5719034678067564
0.466693456012771
0.5621481848199095
0.5990723580412801
0.5520657731053975
0.5057766380036354
0.46738009459879953
0.5134307544246806
0.39496673898085644
0.4521326171135246
0.36507424943777084
0.4420125566833364
0.3494145671986426
0.3627560474020421
0.4779709756439346
0.4397077769702181
0.5913474508876274
0.599014220265366
0.5490676603476174
0.41060535286091043
0.5030923953815092
0.4774951420190357
0.4534864576373348
0.4820539026134363
0.4032943315326961
0.3925356479310663
0.4915703400676201
0.4898207170743383
0.503655886724509
0.62994215284763
0.5157186995056244
0.4537883223623294
0.4800208949400041
0.37026982768952355
0.5287587627092725
0.3824698540162354
0.4003654634729205
0.6017938934572402
0.4099066714600807
0.4650421850958595
0.38879669339972966
0.476629867348937
0.40004505630084736
0.3706667580904526
0.2558317807310856
0.4544039315354041
0.45511240010202897
0.49879804724645194
0.5596901292739971
0.350424177445968
0.47129426429872084
0.4274391777645371
0.3442119095870751
0.3194120876506061
0.4029853437130613
0.5218884339303772
0.4787924545008628
0.41105583721713906
0.5190088669118751
0.5597224060376457
0.3874137152588336
0.5109820202652218
0.47400413907198835
0.4506818306477654
0.41024147014644474
0.42719374183368675
0.43763521096398983
0.5613856642400076
0.5605080074073265
0.4842899096488877
0.4283831290292273
0.5391707646527832
0.4030774042321931
0.3557592371649861
0.5572610661240015
0.4578011549143043
0.5267400952933486
0.3265846428715635
0.44386727042525004
0.4926615783723139
0.4420618733751108
0.43692583214142783
0.3961361478785025
0.4026057622597441
0.47612322984487376
0.32542036028709814
0.372787527089899
0.34026202754335194
0.274467320087574
0.36518161686555733
0.39357025704068993
