0.21381537035964557
0.181855562633926
0.16149012567324955
0.14982046678635547
0.15259744020385707
0.18438350610992066
0.16406150460415822
0.21324491805177506
0.08290670064284474
0.14948456593502057
0.1610123356691956
0.17548792494353394
0.16102102276017838
0.2913360745931546
0.19287948109109862
0.207398505820351
0.1958244049342677
0.17561533561128165
0.19885619968726476
0.1351885098743268
0.0976400069496728
0.1266577865292176
0.22233161521978342
0.10368911797069555
0.0777639427810274
0.15605200671801706
0.12431227196386171
0.12158452539526264
0.14198760641686456
0.08711704407250827
0.17997625528464703
0.1338130538020502
0.16294666126136562
0.10232234898940175
0.1112526785197197
0.16358371460010426
0.17538367985174033
0.15823825794868826
0.13820872183934674
0.0863352058840563
0.1618839404644698
0.05501245149707535
0.19718248682457867
0.11929113337580358
0.24410725661666763
0.19808883998378413
0.1260178374934847
0.1784733885446227
0.0861527769734175
0.15016795042566744
0.22292233740661377
0.20592170035327503
0.20340823536225172
0.1516795042566746
0.19837261828922223
0.20457809694793538
0.23974923264029654
0.26909712167718775
0.20004633115190829
0.3134012856894655
0.2153993166155094
0.24772398216250652
0.17867029594023282
0.2833671164649331
0.24333120982220424
0.1945763595297388
0.24432443389123765
0.3229860427404877
0.3669716800833961
0.24297214339491513
0.32747437308160077
0.2933051485492558
0.20116986158568367
0.22198992297445994
0.28625412636821684
0.23759483407656226
0.24979730121040136
0.2996177679967568
0.39285921121213874
0.27185961660971797
0.25510221810389766
0.31073724445474027
0.3113742977934789
0.3583425030404819
0.3474257253720971
0.32782185672091274
0.3429663520009266
0.3436613192795506
0.28353217119360635
0.3623675218625123
0.3370301731626803
0.35223258238257954
0.3848091735680778
0.40001158278797705
0.4296635200092663
0.3956680372965773
0.37907569351943016
0.37111252678519724
0.39216424393351484
0.4132159610818324
0.43134302426594084
0.41188394046446986
0.4184571726414548
0.4424335437539816
0.4837840968321075
0.4614582730063127
0.5317657960271037
0.4254647593675798
0.4436786934615162
0.3663056697747148
0.4077430937626687
0.3796258759483408
0.43261713094341814
0.4016331731047663
0.44886199108125324
0.3628887473214803
0.369577807378236
0.3299357155267273
0.3713731395146812
0.41283952047257777
0.36746394857242143
0.4581571784328488
0.4040945155498929
0.39922974459952515
0.4262465975560317
0.4127236925928071
0.3615567267041177
0.4030520646319569
0.4214107835756067
0.38764695662245907
0.34232929866218803
0.4157352174668443
0.3848960444779058
0.42352464238142123
0.38110268141541676
0.39662361730468526
0.3918746742340882
0.47107198702727754
0.43157468002548216
0.35153761510395554
0.3641628539989576
0.4115943707650431
0.4502808826084439
0.39922974459952515
0.429258122430069
0.4506283662477559
0.4198471071987028
0.3369433022528523
0.41046504893727925
0.3217698500028957
0.3692013667689813
0.27479295766490996
0.31933746452771183
0.3349452713268084
0.34479064110731455
0.33720391498233626
0.3846933456883072
0.3887183645103377
0.427520704233509
0.3301963282562113
0.37768575896218226
0.37305264377135583
0.4234956854114786
0.3522615393525222
0.44608212196675745
0.39514681183760936
0.35868998667979385
0.4409567382869057
0.349510627207969
0.3883419239010831
0.38376672265014194
0.3820872183934673
0.47886141194185444
0.3207853130248451
0.40308102160189957
0.40143047431516765
0.3273585452018301
0.3778305438118955
0.4109283604563619
0.4903283720391499
0.29177042914229456
0.26983552441072567
0.3869230323738924
0.3331499391903631
0.2938842879481091
0.30092083164417677
0.3108820293044536
0.29475299704638913
0.24682052470029542
0.3059883013841432
0.37386343892975044
0.27670411768112585
0.2634968436902763
0.3458620489951932
0.38478021659813516
0.36002200729715644
0.3757745989459664
0.37418196559911976
0.4333700121619274
0.33621937800428564
0.2709156193895871
0.3822609602131233
0.35750275091214456
0.4051369664678288
0.2992992413273875
0.32666357792320616
0.41197081137429786
0.4335437539815834
0.35669195575374996
0.4072218683037007
0.3709098279955986
0.4127236925928071
0.30401922742804194
0.39222215787340015
0.35011872357676493
0.3224648172815197
0.23983031215613598
0.3772514044130422
0.24536978050616787
0.29883592980830487
0.2682892222157874
0.3449354259570279
0.33176000463311517
0.3359877222447443
0.24175884635431746
0.2865436960676435
0.31971390513696646
0.33844906468987085
0.26157699658307754
0.349771239937453
0.25556842531997453
0.2655759541321596
0.44353390861180286
0.4014594312851103
0.3883129669311403
0.4243933514797012
0.43727920310418716
0.4415069207158163
0.5383969421439742
0.4152139920078763
0.4599814675392367
0.5105403370591302
0.4916314356865698
0.4234088145016506
0.5463601088782071
0.48688249261597266
0.5519198471071988
0.573521746684427
0.5835119013146465
0.5356170730294783
0.626715700469103
0.6164070191695141
0.7104013436034055
0.7464817281519663
0.6435686569757341
0.6882782185672092
0.6809231482017722
0.6184919210053861
0.7298314704349337
0.7051022181038976
0.7092720217756414
0.7511438003127353
0.6452771182023513
0.6147275149128395
0.7028725314183124
0.7157583830427985
0.6272658828980137
0.6951410204436208
0.6472172351885099
0.6948224937742514
0.5541784907627266
0.5757514333700122
0.47278044825389476
0.4450686280187641
0.5216018995772282
0.5286674002432385
0.4604158220883767
0.4906468987085192
0.4687264724619216
0.4207447732669254
0.39303295303179475
0.4927318005443911
0.3665373255342561
0.48940174900098454
0.548531881623907
0.4773266925348932
0.3337580355591591
0.395783865176348
0.4375398158336712
0.5053570394393931
0.39653674639485725
0.5251056929402907
0.4770660798054092
0.5130306364741993
0.3954653385069786
0.4632536051427579
0.45282909596339843
0.5090056176521689
0.559419702322349
0.548966236173047
0.5269589390166213
0.5396710488214513
0.5871604795274223
0.5390629524526553
0.5228180923148202
0.581832397057972
0.48161232408640764
0.7115017084612267
0.5417269936873806
0.5312445705681358
0.5352116754502809
0.6290033010945735
0.54030810216019
0.5732321769850004
0.6177390397868768
0.6911739155614757
0.6169282446284822
0.684571726414548
0.5610992065790237
0.5158105055886952
0.6413679272600916
0.5410320264087566
0.48992297445995253
0.6183471361556727
0.6338101581050559
0.5624312271963862
0.5402501882203047
0.573087392135287
0.6638095789656571
0.4910233393177738
0.599119708113743
0.5914171541089941
0.4967568193664216
0.5961660971795911
0.5275959923553599
0.5458678403891817
0.6220825852782765
0.637429779347889
0.6065037354491226
0.5494585046620722
0.5764174436786935
0.6091098627439625
0.7663172525626919
0.6339838999247119
0.533474257253721
0.6617246771297852
0.6741182602652459
0.7183645103376384
0.7307580934730991
0.6852377367232293
0.7381421208084786
0.6491573521746685
0.6933456883071756
0.6332889326460879
0.5616493890079343
0.5884635431748422
0.6760583772514045
0.737591938379568
0.6948514507441942
0.5710604042393005
0.5978166444663231
0.5666589448080154
0.6513001679504257
0.6954016331731049
0.5889268546939248
0.6793015578849829
0.6538773382753229
0.6603057856025946
0.5740719291133376
0.6528059303874443
0.6621011177390399
0.5932124862454393
0.6169282446284822
0.5914461110789367
0.6354027914519026
0.5548734580413506
0.5524989865060521
0.5298546360108878
0.5158684195285805
0.48164128105635035
0.5342271384722304
0.5115538310071235
0.5554525974402039
0.3763537383448196
0.5100191116001622
0.47278044825389476
0.45581166386749294
0.415677303526959
0.47981699194996236
0.37594834076562234
0.5297677651010598
0.5359066427289049
0.5159842474083512
0.41787803324260153
0.4645277118202351
0.4764000694967279
0.447761626223432
0.5175479237852552
0.4859558695778074
0.5180691492442231
0.46910291307117624
0.5127410667747727
0.49559854056871494
0.5334453002837783
0.48445010714078884
0.58018184977124
0.5542653616725546
0.5689175884635432
0.5314472693577345
0.4620663693751086
0.5664272890484741
0.5086002200729716
0.5145074419412753
0.5116696588868941
0.4712457288469335
0.4452134128684775
0.4973938727051602
0.5176637516650259
0.4453292407482481
0.4192390108299068
0.48004864770950373
0.46846585973243765
0.40470261191868884
0.40464469797880354
0.37849655412057687
0.3928881681820815
0.3233335263797996
0.37534024439682634
0.41865987143105354
0.3663925406845428
0.3546649678577634
0.2994729831470435
0.3427346962413853
0.37151792436439457
0.2554844501071408
0.35660508484392195
0.3477152950715237
0.3242891063879076
0.34426941564834657
0.2773961892627556
0.3350321422366364
0.39555220941680663
0.27361730468523776
0.2790438408524932
0.2873979266809521
0.2407192911333758
0.2258354085828459
0.25441883361325074
0.25108878206984425
0.23041929692476984
0.2415851045346615
0.3077257195807031
0.17981699194996237
0.24885909538425902
0.1643684484855505
0.2073203220015058
0.27048416053744134
0.24386691376614356
0.22307291365031565
0.28909190942259805
0.24795274222505354
0.28788150807899465
0.2872560375282331
0.3445879423177159
0.27153240284936586
0.2737591938379568
0.2730787050443042
0.17972143394915158
0.289048473967684
0.19855794289685527
0.3802629292870794
0.2810418717785371
0.27738171077778423
0.3084496438292697
0.2815978456014363
0.3010656164938901
0.3349452713268084
0.37174958012393583
0.33613250709445763
0.45401633173104766
0.400967162796085
0.42323507268199456
0.4194127526495628
0.36343892975039094
0.35090056176521695
0.3614988127642324
0.39236694272311345
0.290004053975792
0.38168182081427005
0.31980077604679447
0.38249261597266465
0.37270516013204386
0.2934209764290265
0.3618462964035443
0.32307291365031565
0.4232929866218799
0.4366711067353913
0.4181096890021428
0.4429837261828922
0.323043956680373
0.33051485492558064
0.32929866218798864
0.32515781548618755
0.381855562633926
0.3574158800023166
0.38799444026177105
0.46777089245381365
0.3477152950715237
0.48242311924480225
0.4173857647535762
0.37548502924653965
0.4030520646319569
0.3698094631377773
0.47556031736839055
0.4769792088955812
0.38866045057045234
0.46829211791278164
0.48711414837551403
0.4884751259628193
0.49278971448427644
0.47385185614177333
0.3072624080616205
0.4765448543464412
0.36204899519314304
0.4530897086928824
0.40229918341344767
0.4035443331209823
0.4019516997741357
0.37421092256906235
0.3985926912607865
0.3795679620084555
0.44735622864423474
0.26898418949441133
0.34838130538020506
0.3437192332194359
0.20875079631667345
0.24750680488793653
0.30650952684311117
0.3915851045346615
0.22180170266983262
0.2633983899924712
0.26154224821914634
0.23651184340070655
0.2664823072913651
0.20377888457751783
0.3582266751607112
0.3707940001158279
0.27619447501013494
0.19606185208779756
0.1390253083917299
0.29052527943476
0.2914229455029826
0.19965830775467658
0.26129321827763946
0.1897666068222621
0.1905658191926797
0.22615393525221522
0.20091793594718252
0.2509034574622112
0.20537441362135866
0.07000637053338739
0.23583714600104247
0.21916951410204438
0.24592575432906702
0.15399895754908205
0.18362483349742284
0.1755921700353275
0.17918573000521226
0.09873747611049981
0.13989401749000988
0.1462906121503446
0.03400706550066602
0.15910407134997395
0.1886285979035154
0.11100075288121851
0.07679677998494239
0.1613048010656165
0.164721723518851
0.23472519835524414
0.2149533792783923
0.2588724155904326
0.23907743093762668
0.24532924074824813
0.2399316615509353
0.2953900503851277
0.18577923206115712
0.12536340997278045
0.18656107024960908
0.12034227138472231
0.14965251636068805
0.11236462616551805
0.1358689986679794
0.03774251462326982
0.095969189783981
0.1628626860485319
0.10235130595934441
0.12868477442520415
0.018919325881739734
0.1610615625180981
0.10917646377483062
0.08624543927723405
0.08067122256327099
0.11852377367232293
0.0
0.13338449064689872
0.0322088376672265
0.11345340823536226
0.14256674581571785
0.026872357676492733
0.03858516244860138
0.1168934962645509
0.16333178896160308
0.03891527190594776
0.0274228296751028
0.01881768691724098
0.10864655122487984
0.13187004111889733
0.07111252678519721
0.21014362657091562
0.10013609775873052
0.10884635431748423
0.11175652979672208
0.12044362077952163
0.11754213239126658
0.04803092604389877
0.16093125615335613
0.20723634678867203
0.21298720101928534
0.1463340476052586
0.06519372212891643
0.22729194417096196
0.2214165749695952
0.16052875427115307
0.14886199108125328
0.0618839404644698
0.21235883477152953
0.21224590258875312
0.06444663230439568
0.2235883477152951
0.24661782591069673
0.1422337406613772
0.17394741414258413
0.217220710024903
0.2547141947066659
0.20821219667573987
0.31809231482017725
0.2831615219783402
0.24532924074824813
0.1930213702438177
0.2507412984305323
0.2534458794231772
0.23586320727399088
0.31093994324433893
0.2875745641976024
0.17152661145537731
0.17420513117507383
0.15660508484392194
0.2577315109746916
0.22853998957549082
0.26305669774714774
0.1846325360514276
0.259680315051833
0.2449556958359877
0.2070683963630046
0.20392366942723114
0.22104882145132335
0.2613308623385649
0.194480801528928
0.1855302021196502
0.2316123240864076
0.25451149591706723
0.32373892395899695
0.21924190652690106
0.26820814269994786
0.16659523947414143
0.24452423698384204
0.21529217582672147
0.20924885619968728
0.14817281519661785
0.2116233277349858
0.24899808883998378
0.196620721607691
0.20505009555800083
0.32640296519372214
0.32614235246423817
0.23612961139746338
0.25035906642728906
0.41805177506225755
0.4120287253141831
0.3104476747553136
0.3159784560143627
0.24914866508368566
0.46609138819713913
0.29211791278160654
0.2079139398853304
0.2887733827532287
0.285669195575375
0.32889326460879137
0.2475936757977645
0.3400706550066601
0.279052527943476
0.36283083338159494
0.29026466670527595
0.32483928881681823
0.29860427404876355
0.37661435107430363
0.13902241269473561
0.29234956854114785
0.2574564197602363
0.2022962877164534
0.17611918688828404
0.22812300920831646
0.2627613366537326
0.28003996061852093
0.19887357386923035
0.21616088492500146
0.2711154224821915
0.3260844385243528
0.28258527827648117
0.3549255805872474
0.25646609138819715
0.2332831412520994
0.2825041987606417
0.38677824752417905
0.1609167776683848
0.273880813111716
0.24496727862396483
0.26240806162043206
0.2422076793884288
0.2451902472925233
0.1757919731279319
0.32938553309781665
0.1760467944634274
0.18487577459894597
0.3500897666068223
0.28077836335205886
0.26649389007934216
0.3535646029999421
0.284299530897087
0.35984826547750043
0.22689812937974171
0.18953495106272078
0.2361643597613946
0.28280535124804546
0.15863496843690278
0.23427636532113283
0.28965657033648
0.15107140788787865
0.21518793073492792
0.32275438698094633
0.22766838478021661
0.24551746105287547
0.26339259859848263
0.17704291422945503
0.19496438292697052
0.14630219493832164
0.1903341634331384
0.21122082585278276
0.261081832397058
0.13143858226675162
0.22189436497364914
0.06334047605258587
0.1335756066485203
0.15750564660913882
0.15830485897955637
0.18229281288006025
0.12232292812880062
0.23033821740893035
0.3036427868187873
0.1974228296751028
0.15784154746047374
0.32388370880871026
0.2814617478427058
0.21880465628076678
0.33572710951526036
0.39184571726414547
0.329269705218046
0.362309607922627
0.282431806335785
0.34736781143221174
0.4036601610007529
0.3007181328545781
0.336798517403139
0.3237099669890543
0.3077257195807031
0.28890948051195925
0.11954016331731047
0.33824636590027224
0.3310939943244339
0.2660884925001448
0.3256211270052702
0.254899519314299
0.31163491052296294
0.23228702148607172
0.20221231250361962
0.1692882376788093
0.20589853477732092
0.2628221462906121
0.1981699194996236
0.24358892685469397
0.21087044651647655
0.2824433891237621
0.296142931603637
0.2461776799675682
0.24548560838593855
0.33749348468176293
0.2587189436497365
0.21762610760410034
0.31557305843516537
0.25140151734522503
0.33207853130248455
0.4040945155498929
0.3082179880697284
0.27609312561533567
0.42065790235709744
0.3799444026177101
0.5217177274569988
0.3681878728209881
0.3884577517808537
0.3855910117565298
0.41753054960328956
0.34238721260207333
0.45841779116233283
0.4615741008860833
0.401054033705913
0.28848670875079635
0.2946950831065037
0.30387444257832863
0.43470203277929004
0.3107951583946256
0.4330514854925581
0.3787282098801181
0.3592401691087045
0.3658713152255748
0.3493658423582557
0.4690449991312909
0.38029188625702215
0.4103492210575086
0.31592054207447734
0.34896044477905835
0.38787861238200033
0.3921063299936295
0.5383100712341461
0.3978687670122199
0.4399432443389124
0.4270573927144264
0.4171541089940349
0.4275786181733944
0.5249319511206347
0.5065442752070424
0.4331962703422714
0.4178490762726589
0.43441246307986336
0.4655412057682285
0.48224937742514623
0.4469218740950947
0.4695951815602015
0.6226038107372445
0.5643423872126021
0.5206173625991777
0.4914576938669138
0.5521515028667401
0.5578849829153878
0.6216482307291366
0.5319684948167024
0.6045636184629641
0.561417733248393
0.6689060056755661
0.6490704812648405
0.6264261307696763
0.658886894075404
0.6856431343024266
0.7414432153819425
0.7191463485260903
0.6563965946603348
0.6950541495337929
0.6093125615335612
0.6945329240748248
0.6697747147738461
0.7232871952278914
0.6755371517924365
0.743730816007413
0.6208953495106272
0.7848207563560549
0.717177274569989
0.7249377425146233
0.6864539294608213
0.6220246713383912
0.5808189031099786
0.6758267214918631
0.6638095789656571
0.5997567614524817
0.7529680894191232
0.7615103955522096
0.7498986506052008
0.7528522615393526
0.8862280650952685
0.8140962529680894
0.7304974807436151
0.7136155672670412
0.8155441014652227
0.7814907048126485
0.8517982278334396
0.858516244860138
0.8016157989228008
0.83170209069323
0.8764116522847051
0.8835640238605433
0.9053107082874848
0.7939711588579371
0.8333236810100191
0.8641049400590723
0.8023397231713674
0.7928128800602307
0.7862975618231309
1.0
0.8720970637632479
0.810939943244339
0.7470029536109343
0.7700527016852957
0.7816644466323045
0.8194532924074825
0.8428794810910987
0.8838246365900274
0.8582845891005965
0.8444431574680026
0.9060635895059941
0.8635258006602189
0.9746047373602826
0.9236694272311347
0.8670585509932242
0.8366537325534257
0.9338043667110675
0.9007644640064864
0.9605316499681473
0.8640759830891296
0.8459489199050212
0.8192505936178839
0.9433022528522615
0.8126484044709562
0.8790756935194302
0.7834597787687497
0.9109573174263045
0.8677824752417908
0.7957664909943825
0.7934209764290265
0.7332773498581109
0.8094052238373777
0.8277639427810275
0.7854867666647363
0.7693866913766144
0.822957085770545
0.7608733422134708
0.7365784444315747
0.6023918457172642
0.7174089303295303
0.6877859500781839
0.6525163606880177
0.7216945618810447
0.5506746973996641
0.6490994382347831
0.6318700411188974
0.7017142526206058
0.5892743383332368
0.6623038165286385
0.6341865987143106
0.6988764695662246
0.6363294144900679
0.5884345862048996
0.7405455493137199
0.5916488098685354
0.6687901777957955
0.6882203046273239
0.6759425493716338
0.7217814327908728
0.6056350263508427
0.6489256964151272
0.640296519372213
0.672380842068686
0.606214165749696
0.554670759251752
0.6712804772108647
0.7185961660971796
0.5431169282446285
0.5271037238663346
0.5547286731916372
0.5419876064168645
0.5786760873342214
0.5750275091214456
0.49047315688886317
0.4669311403254764
0.5449701743209591
0.45233682747437315
0.316470724503388
0.3835061099206579
0.35229049632246484
0.27495511669658884
0.34261886836161465
0.3322812300920832
0.37719349047315687
