0.19336045720075357
0.2827584023303307
0.30883214336599807
0.3507211043741194
0.3767315212056928
0.3394493960454034
0.3496604239555464
0.18571405955641396
0.4016970886697168
0.41187645447781274
0.3586841230389285
0.27386135165513636
0.34733325945509524
0.5157914733959187
0.28842591859673566
0.23523358715785142
0.29279528867921545
0.22375607516583026
0.40799784697706076
0.3705574113065366
0.1906691785267624
0.3906786771573765
0.2266056643500562
0.2682888216948723
0.2466952680988491
0.2408536102711859
0.2666898855415011
0.1658935836750202
0.23920718096474425
0.29667389617996737
0.21169281428594044
0.36413000459100475
0.2315924454224516
0.368182753653015
0.3623252647743283
0.1981097725077968
0.4138236737537005
0.10710972501464372
0.18033150220843158
0.38019852137983434
0.3109218421010971
0.36829357101017934
0.4573274019662166
0.27720170342109013
0.3503886523026264
0.29691136194531953
0.4333908528187186
0.45905298652777554
0.2630804059081482
0.38366552155397593
0.33014073804359867
0.3874333116975636
0.3972327322810961
0.4070163218136052
0.30593506102870166
0.31570281951018725
0.2304842718508082
0.1926955530577675
0.3607579907230041
0.4496018490667595
0.31685848623490115
0.40574983773172696
0.2729431506957747
0.33009324489052827
0.2764734750740102
0.15948200801051182
0.3591432235186094
0.3529532825684297
0.44178130986116165
0.4039134358130036
0.4135387148352779
0.4073646049361217
0.3378029667389618
0.41072078775309895
0.3094970475089841
0.5090474456599173
0.45534852058828185
0.5757436636218278
0.5378124653695759
0.3257238748080485
0.3669321006221603
0.6614371428119113
0.4809948232463154
0.5063561669859262
0.4842243576551047
0.4620767172732598
0.5982395871261893
0.544414013646366
0.5855747463074074
0.6741653078347871
0.5253375971630756
0.8039482641252553
0.6867668244494752
0.7278958950084696
0.6423132331755506
0.8733990849652509
0.7562018142384472
0.5914480662371174
0.8066870359523169
0.5786565770101477
0.825494324568208
0.7082653917393575
0.6701283898238004
0.9011667484604302
0.7047192363100986
0.5716275903557237
0.7709405227413048
0.7169883008532936
0.520509126600915
0.4981715136067884
0.6658540060474615
0.7068247660962211
0.5894691848591828
0.5037915367201229
0.6239492139883167
0.5382399037472098
0.7058432409327656
0.635964981715136
0.4710845853056184
0.55950100527174
0.34717494894486045
0.35643611379359474
0.4448367027086928
0.5648993936707458
0.5266515743980242
0.583374230215144
0.5134009846913736
0.50678360536356
0.5476752101572023
0.5727199328763436
0.6294109265914164
0.4644830370288283
0.6161603368847658
0.5303085471844476
0.507844285782133
0.5328573463992274
0.6845188152041414
0.361185429100638
0.5444931689014834
0.5852739563379612
0.5311159307866449
0.6352525844190795
0.4543828264758497
0.6060126331787168
0.45678914623141825
0.386784238605601
0.5541659410768282
0.4207735051530071
0.39823008849557523
0.4389633827789827
0.3372172178510931
0.31467380119366123
0.4978707236373423
0.4119397786819067
0.5001978881377934
0.41425111213133436
0.35996643817183027
0.337343866259281
0.4888628556049836
0.4187312995709785
0.33278452356451943
0.500118732882676
0.41420361897826397
0.4390425380341001
0.41634081086643343
0.5203349850396568
0.4343565469311507
0.5383507211043741
0.43652540092136716
0.3347000807383602
0.5336647300014248
0.685136226194057
0.4566624978232305
0.5605775167413364
0.3637500593664413
0.6101920306489148
0.3658080959994934
0.39061535295328254
0.7003656972786424
0.45598176262922097
0.5124352905789415
0.44219291718777204
0.45115329206706034
0.6341919040005066
0.32651542735922234
0.525385090316146
0.45517437902702357
0.2266056643500562
0.4096759383855494
0.3235866829198791
0.4274542086849145
0.3888897683917235
0.3186157328985071
0.5649468868238162
0.14638339639368658
0.376937324868998
0.36997166241866797
0.3788370509918153
0.3243782354710529
0.5073851853024521
0.2629537574999604
0.30346541706903923
0.328161856665664
0.30534931214083305
0.28253676761600205
0.30721737616160333
0.47437744391850173
0.1982680830180316
0.20711764054015547
0.23179824908575683
0.1773077714629474
0.5502081783209588
0.289929868443966
0.31459464593854386
0.3392594234331217
0.15807146136431996
0.30938623015181976
0.4290373137872623
0.20034195070210709
0.30416198331407224
0.24962401253819239
0.4009213671695664
0.23556603922934444
0.22855288362594395
0.3164785410103377
0.19866385929361852
0.381575822818877
0.2954074120980892
0.4149951715294379
0.20213085946776005
0.36927509617363496
0.21971915715484353
0.27598271249228234
0.3322937609827916
0.43605046939066283
0.25484825937593997
0.39026706983076603
0.4148526920702265
0.36029889024332323
0.5273798027451043
0.34617759273038134
0.18079060268811245
0.5537226716481707
0.41996612155080976
0.38124337074738385
0.5483084521981414
0.5095857013947156
0.7083287159434515
0.685437016163503
0.5042189750977567
0.7821172447638798
0.6641917456899963
0.894596862285687
0.7925499073883515
0.8171513606788354
0.715041081577406
0.7871356879383222
0.8433517501226906
0.883784254436652
0.8292462836607722
0.8063070907277533
0.957556952206057
0.681320942897399
0.816739753352225
0.8888026976110944
0.7392625896433264
0.858818686972628
0.8042173919926543
0.8446657273576392
0.615938702170437
0.4505200500261213
0.6176167935789257
0.6738486868143175
0.5876011208384124
0.6438330140738044
0.5101081260784903
0.31304320293824306
0.4484936754951161
0.4414013646365982
0.3868317317586714
0.33226209888074476
0.5784824354488893
0.34977124131271076
0.48517422071651334
0.5255908939794514
0.4234964459290452
0.49557522123893805
0.42519036838855734
0.41812971963208634
0.36357591780518306
0.27736001393132487
0.5868728924913325
0.4848417686450203
0.3669795937752307
0.312378298795257
0.41615083825415167
0.5357702597875473
0.5603400509759844
0.5058020802001044
0.4037392942517454
0.28589295043297924
0.43712698086025925
0.5725774534171323
0.2647110041635664
0.46350151186537275
0.250637199803695
0.5127044184463406
0.6165086200072823
0.1820254246679437
0.30161318409929233
0.38955467253470955
0.5092057561701521
0.5021767695157281
0.25766618645811895
0.4089477100384694
0.24360821314927097
0.5690312979878734
0.5303560403375179
0.38084759447179695
0.4846517960327386
0.493485522503839
0.502303417923916
0.606123450535881
0.48830876881916185
0.4813114442667849
0.30018838950717935
0.6256589674988522
0.4445359127392467
0.4375069260848227
0.47803441670492497
0.5185619073250273
0.5749204489686071
0.37795051213450065
0.6084664460873558
0.44320610445327463
0.40454667785394277
0.5400921367169567
0.5806037962860354
0.6211787800592081
0.6141972865578545
0.7180964744249371
0.6319913879082432
0.6091946744344358
0.8397739325913848
0.7378377950512134
0.6201339306916586
0.6765241344372852
0.6379280320420473
0.6310098627447877
0.6558012886475533
0.7280542055187044
0.6419807811040574
0.6984184780027546
0.6281919356626086
0.7479538366552155
0.6144189212721832
0.6550413981984263
0.7906501812655343
0.5779916728671616
0.7769404910792027
0.4218025234695332
0.6207671727325976
0.6930834138078427
0.7179065018126554
0.6002659616571945
0.5775642344895278
0.7607294948311619
0.5481184795858598
0.6996374689315623
0.6294742507955103
0.4327101176247091
0.5684138869979578
0.5140975509364067
0.8714518656893631
0.5638545443031963
0.44629315940285275
0.6453053018189877
0.48025076384821186
0.5209682270805959
0.29262114711795717
0.4600028495891842
0.6274320452134817
0.41488435417227343
0.4872955815536593
0.3064733167634999
0.6163661405480709
0.4196811626323872
0.4287998480219101
0.5171371127329143
0.5262716291734608
0.3612804154067788
0.2437981857615527
0.5695695537226717
0.4679342061519465
0.20797251729542324
0.5971155825035225
0.5588202700777304
0.5521870596988935
0.26061076194848576
0.633938607184131
0.6906612630012505
0.4465622872702519
0.6932733864201245
0.607548245127994
0.569316256906296
0.7685500340367596
0.8569506229518578
0.6287776845504773
0.7172257666186458
0.7739800845378124
0.6249782323048427
0.4917916000443269
0.9602165687780011
0.7320594614276441
0.6464134753906312
0.5449206072791173
0.554292589485016
0.6269571136827774
0.7313312330805642
0.6140389760476198
0.44925356594424304
0.632814602561464
0.43639875251317933
0.4141244637231466
0.6609938733832539
0.6387512466952681
0.5374008580429654
0.34103250114775113
0.4612851647220859
0.3124416229993509
0.4327101176247091
0.2522203049060427
0.309196257539538
0.4136653632434657
0.24903826365032375
0.4326942865736856
0.37890037519590924
0.4200927699589975
0.44542245159656146
0.3283359982269223
0.3537290040685801
0.28415153482039673
0.2462519986701917
0.12915446356483606
0.249576519385122
0.06923235233587158
0.18964016021023636
0.230943372330489
0.14556651416087515
0.044415596751468334
0.25989836465242927
0.44368103598397896
0.12088432251017145
0.14642614023144995
0.17194104516598854
0.30830971868222334
0.3496762550065699
0.3910586223819399
0.24251587062865104
0.15726249465702027
0.3094812164579606
0.19260056675162662
0.45566514160875143
0.2755236120126015
0.19033672645526936
0.29512245317966657
0.32076875583770004
0.4572482467110992
0.3087846502129276
0.31864739500055406
0.15436857852992858
0.27506451153292066
0.0
0.16822074817547136
0.1464704671743157
0.23555020817832098
0.2296293950955404
0.5561923156078332
0.34453116342393975
0.11704687574208052
0.158658793357291
0.16866401760412877
0.21034717494894487
0.23616761916823656
0.19871135244668892
0.06625294853325311
0.1871388541485269
0.38714835277914095
0.2547691041208226
0.37565500973609633
0.32244684724618866
0.3642091598461222
0.295169946332737
0.38448873620719676
0.5212690170500419
0.19896464926306456
0.24082194816913893
0.25100131397723496
0.4195070210711289
0.44553326895372586
0.37658904174648156
0.6084664460873558
0.2387639115360869
0.18572989060743744
0.35431475295644876
0.34877388509823165
0.18492250700524007
0.22690645431950227
0.3796760966960597
0.5958174363195972
0.3370430762898349
0.4898918739215096
0.4052907372520461
0.35236753368056106
0.39439897414789366
0.5314800449601849
0.241122738138585
0.6473633384520397
0.6894581031234663
0.30416198331407224
0.425443665204933
0.35680022796713473
0.24064780660788068
0.5203191539886333
0.48333781879779
0.5255750629284278
0.36199281270283534
0.435923820982475
0.31985055487833836
0.44125888517738693
0.3094337233048902
0.2250700524007789
0.5048363860876723
0.4205518704386784
0.33623569268763753
0.4102458562223946
0.35762344262035556
0.40000316621020465
0.3790745167571675
0.3106685452847215
0.28975572688270773
0.23721246853578612
0.4063197555685722
0.2746529042063103
0.5546092105054855
0.29632561305745087
0.4021720202004211
0.22305950892079723
0.2972754761188595
0.4981240204537179
0.3665679864486203
0.25084300346700017
0.2617980907752466
0.2885683980559469
0.2362309433723305
0.23135497965709945
0.1632181360520525
0.25340763373280356
0.375243402409486
0.2596608988870771
0.001575712001519781
0.297623759241376
0.4036918010986749
0.3831272658191777
0.45759652983361565
0.42123260563268794
0.3057292573653965
0.34858391248594994
0.13813541881045482
0.2601516614688049
0.08138743331169757
0.18762961673025472
0.4205202083366315
0.3209587284499818
0.26890623268478797
0.31187170516250573
0.3073440245697912
0.318679057102601
0.37752307375686667
0.5788623806734529
0.4477496160970127
0.5541342789747811
0.80301423211487
0.7194262827109091
1.0
0.5048838792407427
0.4846834581347855
0.6544873114126046
0.5235170262953758
0.28174521506482814
0.2774550002374658
0.5739705859071984
0.5063878290879731
0.5813003625310684
0.260452451438251
0.6520176674529423
0.4261877246030364
0.40617727610936083
0.6078332040464167
0.3187265502556714
0.45707410514984087
0.3896496588408505
0.3380562635553374
0.3656497854892586
0.4090901894976807
0.6266721547643548
0.4485095065461396
0.2861937404024253
0.42468377475580604
0.30989282378457106
0.2426108569347919
0.34948628239428814
0.4405464878813305
0.32583469216521277
0.19529184542561778
0.4288790032770275
0.48835626197223236
0.38953884148368606
0.43320088020643693
0.38190827489037
0.36229360267228145
0.32686371048173885
0.3547738534361296
0.4618709136099546
0.2523469533142305
0.3119666914686466
0.3716180917251096
0.25714376177434417
0.47512150331660513
0.47149619263222886
0.48371776402235345
0.4484620133930692
0.508208399955673
0.3463517342916396
0.3744676809093356
0.2759668814412589
0.2091281840201371
0.5539284753114759
0.31299570978517266
0.2620513875916222
0.4327576107777795
0.46101603685468673
0.346795003720297
0.47005556698909234
0.5616856903129798
0.21006221603052228
0.44420346066775374
0.21926005667516266
0.48509506546139597
0.4184938338056263
0.4627257903652223
0.3645099498155682
0.44045150157518953
0.3580983741510599
0.5765352161730017
0.35175012269064543
0.36443079456045085
0.44045150157518953
0.46901071762154284
0.5134009846913736
0.44700555669890923
0.2539775515696487
0.3617553469374832
0.5012269064543194
0.3082463944781294
0.49524276916744503
0.14398815837383444
0.4259977519907547
0.5338863647157536
0.4834802982570013
0.5914164041350706
0.4935488467079329
0.30072664524197756
0.29789288710877515
0.6433422514920766
0.6088938844649896
0.2578244969683537
0.4766887773679295
0.5056121075878228
0.5345512688587395
0.3260246647774946
0.4183196922443681
0.43149112669590134
0.30218310193613757
0.4578498266499913
0.4394066522076401
0.5792898190510868
0.4975541026168728
0.40000316621020465
0.44494752006585714
0.2999509237418272
0.5507306030047335
0.3741035667357956
0.4982823309639527
0.6383079772666107
0.3034179239159688
0.31684265518387766
0.3935915905456963
0.5020342900565168
0.5629996675479285
0.354853008691247
0.24170848702645367
0.5560340050975985
0.300441686323555
0.36150205012110753
0.3434229898522963
0.27786660756407616
0.29148131144426676
0.44759130558677795
0.3504361454556968
0.4274383776338911
0.4411164057181756
0.4548260959045071
0.5635537543337502
0.4664777494577865
0.46440388177371095
0.41486852312125
0.3178558424493802
0.45830892712967214
0.3455126885873953
0.4701822153972802
0.5948675732581886
0.7195845932211439
0.4801874396441179
0.3358082543100036
0.5555590735668942
0.6011841626165562
0.44103725046305825
0.40753874649738
0.4848892617980908
0.4672534709579369
0.560466699384172
0.6378647078379533
0.5569680371079835
0.6027514366678803
0.6643658872512546
0.6785188468662434
0.7401649595516646
0.6277011730808808
0.499422166637643
0.35532794022195135
0.4012379881900359
0.605458546392895
0.42974971108331883
0.6023556603922934
0.5850048284705622
0.5518387765763769
0.43953330061582785
0.37473680877673465
0.5315908623173492
0.45101081260784903
0.41792391596878115
0.5273481406430572
0.6684502984153117
0.5404404198394732
0.8082068168505707
0.664413380404325
0.8214099134041509
0.45599759368024445
0.5655484667627084
0.738423543939082
0.7371887219592509
0.783447053049852
0.4339607706555638
0.7019013092279196
0.47909509712349807
0.9053778080326752
0.5084775278230722
0.45986037012997294
0.4904142986052844
0.3468583279243909
0.48826127566609145
0.3447369670872449
0.5020026279544699
0.5801446958063545
0.5158231354979657
0.16655848781800622
0.4505517121281682
0.43377079804328206
0.401174663985942
0.33693225893267054
0.4943562303101302
0.49346969145281555
0.2076400652239302
0.4759288869188026
0.07931356562762201
0.3001250653030854
0.2676714107049567
0.31438884227523867
0.55107888612725
0.48701062263523676
0.4387734101667009
0.6280336251523738
0.34237814048474674
0.5158389665489892
0.30935456804977285
0.24538129086390045
0.21308594677600648
0.4341032501147751
0.4018237370779046
0.24292747795526146
0.36900596830623583
0.3209587284499818
0.39955989678154735
0.36737537005081766
0.49351718460588595
0.3030538097424288
0.39754935330156566
0.30210394668102014
0.2858296262288853
0.41203476498804753
0.30080580049709493
0.2845631421470072
0.3950005540867858
0.44211376193265467
0.42593442778666074
0.47307929773457663
0.3144363354283091
0.26662656133740714
0.06053160669336837
0.4560292557822913
0.3132806687035952
0.36052052495765197
0.5185777383760507
0.28089033830956034
0.3756708407871199
0.40712713917076954
0.501939303750376
0.3592857029778207
0.43828264758497315
0.45397121914923927
0.39052036664714174
0.35874744724302243
0.3269903588899267
0.1844159133724888
0.4059873034970792
0.24761346905821074
0.18424177181123055
0.24753431380309338
0.4374910950337993
0.2475184827520699
0.15253375971630756
0.4216758750613453
0.35839916412050593
0.23179824908575683
0.13686418541326958
0.2635869995408995
0.4853008691247012
0.2954232431491126
0.12139724856333212
0.16901230072664522
0.20081688223281144
0.15346304241138567
0.21694872322573497
0.42292652809220005
0.35977646555954845
0.5341238304811057
0.328525970839204
0.2654075704085994
0.20232083208004178
0.2658825019393038
0.39278420694349897
0.36139123276394325
0.4724777177956844
0.33028321750281003
0.3464150584957335
0.36256273053968047
0.33121724951319514
0.5531844159133725
0.5218547659379106
0.33223043677869774
0.47507401016353473
0.2696502920828914
0.20670603321354505
0.27041018253201826
0.49245650418731296
0.28706444820871657
0.17665869837098486
0.39873668212832647
0.2567004923456868
0.3521300679152089
0.24177181123054758
0.14725568730508018
0.36937008247977576
0.4015229471084586
0.3228584545727991
0.3708582012759827
0.19722323365048205
0.49853562778032834
0.3565944243038295
0.35713268003862775
0.674291956242975
0.3582250225592477
0.5171054506308674
0.48601326642075765
0.40742792914021564
0.4713378821219941
0.25030474773220196
0.4567099909763009
0.44148051989171555
0.45792898190510867
0.5851948010828439
0.42751753288900846
0.44398182595342506
0.5237861541627749
0.46111102316082764
0.49342219829974515
0.4940871024427312
0.4630899045387623
0.3371064004939288
0.7019013092279196
0.48096316114426835
0.27584023303307104
0.41901625848940116
0.4672059778048664
0.34126996691310335
0.45279972137350194
0.3743568635521712
0.24842085266040811
0.32830433612487536
0.5981604318710719
0.5039023540772871
0.5046464134753906
0.4737283708265392
0.4744724302246426
0.2060886222236294
0.4442984469738946
0.38173413332911177
0.44581822787214836
0.4624091693447528
0.32068960058258267
0.47977583231750753
0.5280288758370668
0.592128801431127
0.022985102980986907
0.3720455301027435
0.4678075577437586
0.42109012617347663
0.1527474789051245
0.35933319613089115
0.23346050944322191
0.21842101097091837
0.2033815124986148
0.31497459116310733
0.34742824576123604
0.34821979831240996
0.20651606060126332
0.36561812338721167
0.3664096759383855
0.06640650972818085
0.5579495622714392
0.19462694128263175
0.14792059144806624
0.2911805214748207
0.48194468630772397
0.1660993873383254
0.246030363955863
0.37347032469485647
0.6433739135941235
0.32752861462472493
0.439105862238194
0.5506989409026866
0.26651574398024286
0.3147687874998021
0.5688254943245682
0.2687954153276236
0.4911900201054347
0.3019614672218089
0.540171291972074
0.46176009625279024
0.36751784951002897
0.6057118432092706
0.5114695964665094
0.4963509427390885
0.30710655880443904
0.40280526224136026
0.4351797615843716
0.5308784650212928
0.5315750312663258
0.6430889546757009
0.3429797204236389
0.5494641189228553
0.42348061487802174
0.5508097582598509
0.535627780328336
0.6154479395887092
0.47360172241835136
0.4584197444868364
0.5856855636645717
0.2855288362594392
0.3336235692687638
0.6350309497047508
0.28733357607611565
0.39873668212832647
0.6209571453448794
0.39989234885304037
0.4637706397327719
0.40100052242468376
0.29072142099513987
0.40206120284325675
