0.2991443787532751
0.20535316669840353
0.23281536849330509
0.2499789105382336
0.2713585830226227
0.26782310150497857
0.23704779319065905
0.3616730299262201
0.2200175594065238
0.27821575427185447
0.22373332396989487
0.205946999154133
0.27967446726237233
0.2713529972878245
0.2466843546983668
0.19014930594950308
0.28579166396106054
0.16282569609558692
0.17571675782618162
0.25507190490357506
0.1859791142451342
0.20187909605972895
0.34157025937874175
0.1944858703869712
0.24193586739761674
0.3053358631569063
0.2582226229878417
0.2574146683625371
0.14949988847679024
0.24266627205595462
0.2000205038419715
0.27078355583857733
0.1818540651283383
0.16982699710304605
0.2927542193813863
0.20872243233263604
0.21912588789169885
0.29119835924767823
0.2549348353890115
0.32967043849177924
0.2412096579547825
0.19168207690839018
0.23526313825059936
0.2504346310249344
0.18881230945432168
0.2367638375942981
0.19756858746935413
0.2796228739478037
0.2633272028545573
0.15766566201075444
0.24016576901472295
0.1954161564919681
0.27872513305209845
0.2862477942097905
0.38944219731456514
0.2747724835124124
0.2576671724812106
0.3189729099659935
0.3933887212438588
0.3641498459475013
0.27367229495068196
0.3303644114120925
0.43790174403873794
0.3271584282167459
0.29411219952987844
0.244619696088774
0.3979988877661291
0.38123514255165925
0.387505450110463
0.3164706119973551
0.3640902914655968
0.4759990209389894
0.31874263694988125
0.4086515794866125
0.37348804321032875
0.38831050645309123
0.41575975437915524
0.33265736774362337
0.40447914132556373
0.35771105791221264
0.35572167528038895
0.3831080143283075
0.363443186988043
0.44006743933852455
0.4614130998478586
0.543632290044999
0.4766209349029595
0.46177836911437353
0.515489313712006
0.4906909293132591
0.5413709656716941
0.4873485940282122
0.4595339601603995
0.4688159493936891
0.6309055616368282
0.5448572949061741
0.5253485556321287
0.5687733737114529
0.6092095594312008
0.4873645827581459
0.5734352337669235
0.5297921678298237
0.5132346721646861
0.45573522648238757
0.584164103499786
0.5892248097241554
0.5800440990174855
0.6248094057043592
0.5957660782671751
0.4814026974798006
0.5131583876695925
0.624408067427689
0.5548199352831557
0.5154163145409332
0.5115084932068203
0.5860393374981822
0.526382513718906
0.4020460536279395
0.49902417725580084
0.46791659963257376
0.44326150462787456
0.5377200513435021
0.48201851797695683
0.47587097215868374
0.48441284061257484
0.5059849585620717
0.4687565328286837
0.5031164029670911
0.46528514628254797
0.5743128671912018
0.4935755146357921
0.4952950269967332
0.4978341106039951
0.42223424363058626
0.5034076750522707
0.568914837399764
0.4489420196627856
0.4045277636981112
0.47519785192148933
0.49458808152910494
0.5308289807522419
0.5183454748153857
0.5929733755412008
0.5045082971206517
0.5169809457423699
0.4311859033459814
0.43550951582194497
0.6196492075955904
0.4074930596925236
0.4082684583739333
0.4056977247858229
0.4044924151578593
0.48945609894380904
0.5036765782317607
0.2901559364175272
0.35313794417563366
0.41145454883007443
0.26003703176554444
0.4080609921536804
0.3709995158438568
0.504367733131304
0.3813800723590721
0.5902720133143154
0.49792806791696465
0.42631976445106146
0.5346969605189721
0.45447537275533134
0.5158014024350589
0.4951495539541432
0.4895687047925458
0.433587104834559
0.4866852839536286
0.5087215442817878
0.5661858080109584
0.43852161733720846
0.46189138216195164
0.44858187708623476
0.4810426661977971
0.390121050853892
0.5005569992642854
0.4648390385930043
0.4100664006983906
0.4757831849003092
0.3813365906836737
0.38704041700064795
0.37847866141577935
0.42604404118454214
0.37038329421117006
0.39128390904729937
0.38400783295869434
0.29430898823290724
0.3596213775735415
0.2897847244705752
0.3424806855439665
0.23558278094214682
0.3228350753722895
0.40618208120562793
0.36615316175317786
0.39389169294491466
0.48979609541373
0.4570896567497483
0.41616269691017455
0.46723324421207635
0.3417545251296261
0.39924951283287247
0.32811732875887073
0.44467595682093103
0.49532139642943107
0.4565954171666756
0.3307088510842551
0.34976040757635674
0.4003808319986665
0.30386998759598816
0.3880939757102327
0.3916473282076016
0.40944982357231485
0.37035691803253695
0.4791304890284655
0.4132348926757918
0.44228974750427463
0.37592164356557217
0.31213913228183504
0.41802096768545444
0.22607773814851215
0.3897340822759958
0.299294135444691
0.39858389047520076
0.17654489525921624
0.3362761680067583
0.5011669144914987
0.3640940046880401
0.3193574860858962
0.4428876540297533
0.5193024201070625
0.3671378779857615
0.5230126171857996
0.3229156240413363
0.4610976578395025
0.434420770916253
0.4147024655354422
0.5515406384209658
0.5702485833914617
0.4906552460059688
0.5682953047911024
0.6193516982641588
0.6574626308849053
0.6010392187585114
0.6425510129264707
0.6128303392582589
0.803311758905075
0.7861884725463082
0.7478169376060495
0.8130724721305239
0.859822634284178
0.8357989477993517
0.8725242485691205
0.8256583142535888
0.8627613228241324
0.9340670420878631
0.8962693222450205
0.8950417304648982
0.931010368866492
0.9401391931450285
0.8669185939141801
0.9169415432095569
0.8036218799632853
0.8218317972202756
0.8047559107541357
0.8431932740366499
0.7203251342389012
0.666091416224287
0.7451042283546332
0.6288178125139353
0.7263795196613487
0.7376171266547488
0.6398322059384915
0.6312623505867636
0.6758563301329272
0.5817987016256507
0.5556455994274365
0.5405581757634292
0.5747918620045545
0.5700647316455854
0.5317689840892372
0.59608462745466
0.5715384030114241
0.5548057029591965
0.5380768801533488
0.5226195031813261
0.5680252994810511
0.5033236098703795
0.5205975132146977
0.540666733082608
0.6041348751336931
0.5510394045344083
0.6257153412048694
0.5137045125430912
0.5443105857998796
0.5930904767527144
0.6324038124335616
0.5358545693976414
0.4991695768426512
0.566146175139256
0.5850898651166982
0.5571070109727612
0.6006920565861487
0.5205148929612813
0.5995138167032893
0.6150911665203806
0.6512994271753002
0.5991644807335912
0.7458834552271587
0.6872348177195499
0.6657094903735533
0.598864496661156
0.6613671438330003
0.6428688474798216
0.6795573702135291
0.6566580427556938
0.6212767607721917
0.6622331161920599
0.6195737262817237
0.7459665777181337
0.6825124344109909
0.6635967848571698
0.5863340868051485
0.7048737684506824
0.7131668764453609
0.701010674106344
0.6919956887772976
0.4688929505172507
0.7324430899825309
0.7362928909929315
0.6650368550339191
0.503706537064189
0.6291801303400715
0.6916766436163367
0.6605838273175195
0.6915347075854005
0.6216181503513646
0.7178409894884089
0.935573434873783
0.8276527079508491
0.702462286337432
0.800768388061863
0.7825981429676326
0.6318738744518455
0.7462205009125559
0.7495710274428247
0.7059604884648524
0.7989295451719547
0.778646640116481
0.8617908199827193
0.5679387433290956
0.7459910984968688
0.7471854424196471
0.7694703262605173
0.7835756096487436
0.8865862834918756
0.702270508130986
0.6201616489969898
0.8491497463176332
0.7152588068903432
0.745353337875842
0.7590067466765636
0.7351681387742839
0.7396891774575449
0.7037373215709877
0.6518552497189236
0.7543717730949296
0.747706813331253
0.7368252980204222
0.6571980422731112
0.7002280229689619
0.652150277476415
0.6618996730034125
0.7643894294853156
0.6533178482410076
0.6263780425591796
0.6487158241362369
0.519409136914917
0.6103133073839576
0.4940162366597193
0.5516527004656717
0.5928184078289375
0.5633050663389766
0.43878099526946734
0.45839653363437716
0.544022690717855
0.5222293206002744
0.6012995107382312
0.5778479857266656
0.6129418654695777
0.47335842681988893
0.5291690159264981
0.5327762942927915
0.6347567651526048
0.6081450107297253
0.4792650517989871
0.5322063185761781
0.5370582758821938
0.5630058971193072
0.5312660834815053
0.5154603630555898
0.5793418644412508
0.6653998738283163
0.5933855218769737
0.5763596327562397
0.5785828998687362
0.6726489126567079
0.6672241185343549
0.5883261222090973
0.5884316053473448
0.6127623376875215
0.5377877408678862
0.6521621110782978
0.6983900760771221
0.41285522728892304
0.5251467600196416
0.45522167344053216
0.5109514569235458
0.5973029961826974
0.4576086127102173
0.4422079776937865
0.4210215299371086
0.5155724524320415
0.36976019660325404
0.42807204076895355
0.45387555095308674
0.4508930600916514
0.3875129992671248
0.25939682114530227
0.33659519762128276
0.34740442591898807
0.24726537928657233
0.29736437693584583
0.26498284963925156
0.2929846586433104
0.3735803646942244
0.3623781230389906
0.3493694441934509
0.2023032686647763
0.21945241416103758
0.2866995398214372
0.22321897042377092
0.2736555255326646
0.17348230278748683
0.28344895177923757
0.16218607671441
0.1909444594264495
0.15171038931968925
0.09459224935932374
0.13891061259684256
0.23467543878028294
0.19008434889029718
0.27978475667204294
0.2282755808548732
0.21564184821962212
0.11588980464432737
0.2576908890547822
0.2649137190880598
0.10897375681945515
0.17401892057691745
0.21616240832066946
0.31864307923907353
0.24516808165367915
0.17817225374732237
0.2633827250339567
0.20587928924471052
0.2863592717339276
0.210687595925788
0.23857620345785616
0.30268747884111336
0.25934656573440995
0.28334842068618504
0.3430926814103613
0.4247828214524385
0.3642746880996721
0.2228800290502513
0.3957290925861394
0.4381574256602383
0.2723165882225337
0.3385136768393379
0.3245212509600426
0.2919264013429561
0.3640779448647825
0.22493631391298027
0.2941530243039434
0.2986168616454664
0.36432367704152424
0.3347877354302807
0.43587693459908966
0.2664920260537177
0.3796566080713032
0.38193319355715943
0.3027333009009712
0.35634792641896906
0.4794571204152699
0.4350774281735557
0.41152002660454456
0.5808068568468087
0.3948420785774644
0.37563225415849716
0.5568988172488968
0.37628911507210583
0.44108310020017616
0.46361543936924654
0.31178265714504577
0.425759746464393
0.4625335025645026
0.4052660545020247
0.48848096863171975
0.49983506384661147
0.3799501326764735
0.5159437646846264
0.419329216069588
0.5609397740795972
0.4707810803881796
0.5847159223843595
0.5390650783057813
0.4324742636889717
0.47520502534026376
0.4584594923374118
0.4092745882931246
0.4114224918779259
0.5508746904648384
0.531826897930235
0.40798837677813976
0.47916609574797464
0.4369099793210304
0.47400953003088897
0.49338488098300626
0.3894605989745321
0.499871686143923
0.44511072554358855
0.3540046801973212
0.48857375405928344
0.3845748801563859
0.26458415673291635
0.3758832731474724
0.3857441925501425
0.39342484420811163
0.22354807362030962
0.2721749776495126
0.4463511704318325
0.44723137431845605
0.3004478401133169
0.2775269724424331
0.34823205271550706
0.2398604553656431
0.29202649209642156
0.20908316033992153
0.21812007503146572
0.21580637833529998
0.24034925151433612
0.36836358247671835
0.33511856348483876
0.2806339006196135
0.3029520533587212
0.1786735035216283
0.2950465891444751
0.2665238280724211
0.306844281289431
0.1272836076389111
0.178157434426608
0.2992558050002732
0.19558830338427796
0.278319960179689
0.2074225626209698
0.2374843753184289
0.10879908558879398
0.1678399795974702
0.06374277697538698
0.2102721749135966
0.19933125425421627
0.23246919826789397
0.13134065979603057
0.2614580134082519
0.33819583533927994
0.35614129318787546
0.2679723693971674
0.298880468957911
0.3517732715774907
0.46517865183624674
0.4192252494349917
0.4010531443565719
0.34521280645169394
0.2897975762402176
0.17235761058624766
0.20504580555088775
0.15346265289726685
0.2582270262164013
0.15580627780145637
0.2420295362950835
0.3078629411944749
0.20326967952758818
0.20096222833609126
0.23488047202677614
0.1359135627288244
0.16812101922984424
0.21669500602121788
0.17296316591816618
0.10723933874365046
0.17227631066896779
0.23677833661024217
0.11927573037628679
0.11144581067220376
0.2299623120058663
0.265151525145544
0.11870433334866418
0.21093428255198599
0.16720499309509473
0.05793634573903807
0.2536838259578823
0.21293071546249565
0.13340556627859054
0.18113316365240162
0.17921542583137245
0.19162312320288458
0.21221429827342025
0.1236709649892068
0.18697088186734157
0.24851909083286317
0.21989046350965377
0.3513355388327498
0.25668814174697396
0.16289786432537373
0.30815967399380073
0.29859902750738204
0.2794886577028604
0.3764278551492791
0.30170598367216306
0.2740495122456683
0.3691934791332265
0.20609818152669257
0.25764699795866686
0.3227300658281451
0.24718039222711674
0.24753382196897827
0.28750647875516877
0.3038969810946235
0.32572556283272397
0.35540083519202165
0.3212992390885191
0.3557131798456866
0.36119031517125844
0.3378849015899479
0.2907301663431162
0.30020176109645424
0.30452121149765965
0.3721588313303814
0.3850903192626982
0.33578808595011517
0.4759865541025865
0.23825317693021716
0.19724733201072975
0.2865729668884765
0.18944606923379753
0.1739430019685041
0.2593651285138133
0.3857369595690426
0.34779091532132267
0.2972642395163022
0.29645228695394654
0.2826858722798954
0.21252441452180537
0.45232421889458774
0.3047996260309665
0.37040268704846313
0.24456180687579387
0.24288846085164367
0.2554625858205183
0.3094662522704076
0.17531350327557835
0.419628016069764
0.34247542762949945
0.36330974773028823
0.3470927476405887
0.32041375018322427
0.3454797895425852
0.4216828023644633
0.2293882218175081
0.3309501121849254
0.400442584818923
0.4831058347520881
0.3335988902612284
0.4041273291626119
0.6080211831314202
0.4274187285117679
0.5151954074461778
0.5793317505174729
0.45610328700678027
0.5202232994336242
0.5277553006599471
0.4016519656991371
0.474483542904113
0.3259363807454898
0.37098111150693136
0.42663864402206514
0.4476011754748458
0.3952664041305324
0.34602417458048207
0.46717114301244794
0.40276749654549127
0.35881921447421544
0.3647474733666002
0.40224250320718025
0.39147310224213094
0.4480020964739261
0.26028981578699284
0.27972699421304525
0.3501029418229605
0.37386748950822596
0.4748608905402061
0.26698290577286166
0.37400755897634763
0.40870881698736683
0.4109733058802505
0.3054333387762825
0.46775217264002766
0.25485702220341344
0.3576638730931194
0.3444422946716957
0.2846084661102355
0.33068022668214936
0.43179533133998815
0.3785307733375074
0.3395757449908101
0.3583138090297745
0.24216444872322473
0.3205696823099218
0.3446150772747122
0.36569937715582307
0.40447940946979877
0.4958141983720483
0.42459317630002047
0.3224196939924679
0.46297994279920907
0.2715109088379047
0.35570989788124874
0.4273347345369713
0.35229433078405537
0.460278485848149
0.2994420690203279
0.31123717658198263
0.39676547615788504
0.41507469989313295
0.3626618570701935
0.5189825413010878
0.40485378772989145
0.35127643553880633
0.43564806007291557
0.35656625835331707
0.46207027357744634
0.4451214190891013
0.4329720163383047
0.25046103271498155
0.45356272533029807
0.3397664128952792
0.2672626461099926
0.31125856945523844
0.45580500584130523
0.3580338175470946
0.30150734990229594
0.35387603379942767
0.4796071061874048
0.37657574997594256
0.10381690638776167
0.31497547353289546
0.3254547499846959
0.38492567864886823
0.34892675359451497
0.4592722957977787
0.43543370190268393
0.41040643366864
0.44052766572183377
0.47678960850191904
0.37450342755555777
0.4065044419268549
0.3457543138194944
0.5243922096646009
0.40209768802712786
0.37117045728170184
0.49775685665509317
0.3634133225117073
0.40113963434080707
0.29735242500570747
0.41278575527829675
0.4084220182001343
0.38848211292772267
0.3349464782897287
0.366367502697182
0.3983515606782992
0.23231213032780568
0.3255888514617383
0.2889941469863941
0.24212192070088745
0.31213011937768054
0.31663002940348434
0.2738351138742132
0.3219487902057053
0.38943236779085244
0.3177399755122074
0.3634552450595837
0.25635471199665794
0.33325652260174876
0.4174235626279088
0.29151759687525863
0.32046170438694405
0.3227281684602311
0.42121307740981384
0.366720791135792
0.4493445268935922
0.3745241004139931
0.4952425318483267
0.5469113651144893
0.4364745102859666
0.5123505902352878
0.4601483781521798
0.377433047189387
0.3347961472434936
0.49116405245249734
0.47622408629383706
0.3422463456323536
0.38654937137700424
0.40199793807724193
0.47644598949152206
0.3612768246303662
0.4755674023874131
0.4838126412788807
0.4325010992269815
0.4171272200287381
0.26116202502422275
0.4179950674633403
0.33233904783762924
0.3437995134753375
0.47622578604198623
0.35192588196684016
0.44801843608618797
0.38344136088544745
0.38949120718354
0.33743111283661514
0.21207119360289015
0.4974408408607715
0.43210221877962995
0.4246648246711696
0.3456556535590053
0.2895193744180287
0.4125041457616243
0.23915425755979286
0.4523138854267553
0.3688128481942163
0.3440400193993383
0.29509582046483723
0.41355563929146266
0.4511179989200582
0.415288335799899
0.3708475651976084
0.45163748701301926
0.4845161755786717
0.4704644427765657
0.5491785910568422
0.545556194333499
0.4337284787242992
0.49151518782012277
0.5661418648413089
0.4881484214411409
0.608236727622556
0.48846155506807587
0.5158746658219302
0.5795273598463044
0.5108131364863783
0.5039838988367408
0.4742353792058616
0.5748524356513857
0.6210726099984347
0.569138588796329
0.6418386351003784
0.5446746233041205
0.5195814261076453
0.5942135417513783
0.5037051838148484
0.5689691843341748
0.6416009685525836
0.5710330344956248
0.5192033581421893
0.5367774075617753
0.6270218436900901
0.5010746313014937
0.4192753263596797
0.5070430462302619
0.5180312652519279
0.5321155580401362
0.5105273380450546
0.5282570094523175
0.5140375830388917
0.577177606467377
0.6404379498085934
0.6066694665102195
0.6022530448620709
0.7635609230335593
0.5228880026353282
0.6485885335508716
0.5124245520272325
0.6153773980132722
0.5795148010764563
0.7277548118071808
0.6951124857960179
0.5804355351980994
0.5258405852588498
0.6266993176064475
0.5786742230010571
0.7119298136264157
0.5743768744990135
0.5331445094182269
0.579814497871096
0.5555429255696895
0.5248099492239632
0.5615396357417531
0.6102926575875192
0.5643987769557365
0.4376943176783963
0.544155178203112
0.6040555706680847
0.6084040778671085
0.537776069268836
0.4607379337652501
0.6361526729301927
0.5213136188125025
0.6024178973036226
0.6309421671362256
0.546197719454108
0.6033786768497265
0.6930629240474986
0.4967650878951785
0.513194892950358
0.6836927484414075
0.6072757687068516
0.6053905739602399
0.6018304685674984
0.5873685271995288
0.6038910453642397
0.5337924300870257
0.46597031733003336
0.5311028254430956
0.5574638796425191
0.42955565978598875
0.4448826894742613
0.42585992935207573
0.46683825849164307
0.47351807495975884
0.4360855152505278
0.3756059521182281
0.2944076624738118
0.4333345118274804
0.4827226553017919
0.3458048481092251
0.3452908532755327
0.4103577218388337
0.45925467234970874
0.3676397062440949
0.45715849822958254
0.3203792119984479
0.42184287786067176
0.3900894907853852
0.43011198200398304
0.4248458761043562
0.5706759440331675
0.3792773446163601
0.455537914587908
0.43519434050557376
0.5965949579806321
0.4461274575299302
0.4143434469267411
0.2999857911563127
0.3781056005873232
0.3605675564595891
0.37543284977929503
0.5108118099999299
0.5669093782605393
0.4536805615342146
0.4931457951319212
0.2894773647753094
0.434428126609128
0.4156034935487304
0.4167006685177994
0.3139703207838451
0.40727903549293515
0.43075050025109646
0.3744840508335545
0.34863627347410653
0.42505468347409736
0.3273201445814026
0.19174326141036882
0.29829348098968717
0.28552790517961474
0.2969968478880904
0.14080624504535627
0.2098145362456299
0.36966626146888515
