0.2726563548603801
0.2581238247046138
0.29920707828688703
0.358427213708165
0.30163564111923213
0.2656515883421891
0.299225191076841
0.3955015087188164
0.30785749741677015
0.2941416994966687
0.34882560180791
0.26257095618812776
0.29682096906938216
0.3409308025044049
0.3401301364502238
0.3247308108720416
0.31117170572211417
0.2393165783868904
0.33201449881395073
0.30430058526114523
0.28756578818185174
0.2824583578463702
0.30850168801538924
0.30090225359663547
0.2634599461553072
0.2865840410071589
0.3346697450966215
0.29867884296818126
0.24338416931811757
0.3257525437114454
0.2788709370666002
0.26275559164107554
0.26304758256172917
0.27123250351183337
0.2683244046002335
0.2477464162418321
0.24023622863332836
0.32315149223199524
0.2851855483356944
0.27320260495812493
0.2834940590174474
0.2678986828663483
0.33113889751586434
0.24889543759964114
0.30943491987568517
0.3695497437978739
0.313290685908716
0.24048744146958173
0.27077122231795314
0.3081129211889603
0.2764653402202908
0.3202181049771804
0.2829247930499694
0.32411289262941656
0.2524427786602851
0.4049916738317393
0.2894488341213852
0.2798644096461567
0.36749108714869994
0.3164541046021193
0.3969274993688878
0.30335169930553274
0.36024158631218506
0.33973167689436023
0.3696536052802329
0.3546259255845319
0.3288501059784471
0.2581316086425111
0.373838023021249
0.36631084485948207
0.2988236980296052
0.33927364504814195
0.3376417696002134
0.3682945686888448
0.4175078279869256
0.41755354281701285
0.42223158946656325
0.3551627882154049
0.39788708835678005
0.40594611674512815
0.5146254921996449
0.437144140700332
0.4604263241889553
0.443488343772664
0.5158488399032535
0.45060226910550133
0.47841768683752045
0.5453532978309585
0.4332952132830657
0.5126771506448027
0.523004197162829
0.506981060482647
0.5958492747985816
0.5696868795537134
0.5507733296002965
0.5299525094050889
0.5715045518768198
0.5790139865095199
0.5409771447349018
0.545004770351843
0.5551392443455778
0.6394925784871976
0.6833424523322493
0.5689528162656112
0.6507489536805537
0.5816856845648806
0.5386795317483405
0.5712213593921307
0.5730560631486402
0.5738650282435462
0.5736344129429414
0.5036107388883472
0.4262641929176985
0.5240109760763199
0.49019865507004057
0.4626713229829281
0.513851086212361
0.41091509644481217
0.5011893405352212
0.4244934923107322
0.47729304427062413
0.5845627749504304
0.48931473505970563
0.4055587561533207
0.43171690233355536
0.44023201500790626
0.5322301082498707
0.4505309938704292
0.5231112602307424
0.440165804611764
0.46423772849100003
0.4919326242936126
0.45173816553393087
0.46983958036627993
0.4562460190021863
0.4169614088426638
0.47147128095690727
0.4236518291564564
0.45716564849174013
0.42999232503451884
0.4801207655098535
0.4667246248907817
0.4748117691610546
0.4976636817777822
0.485365570291295
0.44198456976962286
0.31876417466473095
0.388905038296933
0.40459039811581954
0.4686423119745049
0.38929638381729076
0.3486997643003751
0.4399121098753944
0.4072932986332615
0.34437426850771047
0.31896278524834465
0.4185455332046846
0.4367516973973746
0.4151577987916051
0.3727345554900402
0.444433413460979
0.4617457616870869
0.40631023257859744
0.48092474571663757
0.46356516226280486
0.42566490469082674
0.4998148285721703
0.46073177306619917
0.5005873356500454
0.4546778156486377
0.5336001892630045
0.4310215802200611
0.5490970952538443
0.4059997254702907
0.4573337782915452
0.4146633210518226
0.407665757341792
0.3876130037950994
0.4058256810032662
0.4808808576323937
0.4439824885089706
0.4482214544684834
0.44775330859242496
0.36883875400311594
0.37818703626339434
0.405649525671955
0.3825392299653057
0.39929942534448565
0.396893756432508
0.431986762358163
0.29886339901212744
0.3530134895108976
0.38152505309487744
0.2169856080159222
0.31704543560943543
0.296663419436599
0.2871454981379545
0.2992031372670273
0.379142366871814
0.3734723395001843
0.22938935597652654
0.3069163442701436
0.2925359247625829
0.37872393148674605
0.35422340443203915
0.32760355055187584
0.28918362542268905
0.2660886591430267
0.3314449241871128
0.31414174465965894
0.3404205115823974
0.3607126399927493
0.2778400438761693
0.33157360969472716
0.20574573504980406
0.28335680851897066
0.28811440456885173
0.3097008137022546
0.34913959915307863
0.3207361903067747
0.26750045706422254
0.24486973603346932
0.27809430088928655
0.23371417035558606
0.33810455860821104
0.27233485458944634
0.29621165753264694
0.2892099638249185
0.3093114269644067
0.26575007983825233
0.3290746089719053
0.24263985394489263
0.3073021856578471
0.3616975102751857
0.3277692199095016
0.3060267294538037
0.474686410209335
0.35718083493742714
0.4160162433298038
0.4804104845722858
0.369632048479279
0.39087030621309404
0.4116989719977059
0.5013474075117397
0.49289015928049745
0.45033420173928074
0.5302412981515205
0.5425027757984737
0.5920451622361107
0.4783037180166757
0.6721638885533139
0.621037241734273
0.6463030860707034
0.6616623959800207
0.6225249577163303
0.7584852003144313
0.7082988408728528
0.6546780381304954
0.7201352465510915
0.7281248908739275
0.7177515394440799
0.6909962435177056
0.6846344460568959
0.6922703425518557
0.6766619269668329
0.618146033754972
0.6988647538281976
0.6551170090259296
0.5392350853446124
0.5324709491042522
0.623137444185761
0.5767843121876728
0.5463877472103469
0.4322192846003605
0.4291139223882404
0.4959423385087197
0.5109444844462305
0.4691626943128036
0.46187669181869423
0.38808236496570603
0.2937263715106948
0.36792599692780853
0.3186141371618054
0.36566081750189494
0.3716720367787543
0.3484348954938067
0.4336642506647002
0.38661004678256
0.3623385559393775
0.3638124142952319
0.4198849940066668
0.34773540001425324
0.3662440519868388
0.3233646995073638
0.32292341051120177
0.3875622278853154
0.3991086453953374
0.40550579238396
0.38212947523433805
0.36205783350935133
0.4031476510982636
0.3595441702537131
0.4616713477099097
0.29738253734151604
0.511410276123906
0.39642676345883754
0.3251817655734508
0.459694923461609
0.4642075398053105
0.3105088205281936
0.4123143863286574
0.4923100609095467
0.42859385992599286
0.36723295747453977
0.49637617357869646
0.3864063390249811
0.46076868763816836
0.4011085546120864
0.3945656832657495
0.48042661383961127
0.39369193993182217
0.4701172603284278
0.48698727645053075
0.4829943163627311
0.4691479505076222
0.398177813854049
0.36266384394430523
0.48685383931156034
0.4218113951150634
0.5469103209097684
0.4196731804231155
0.41586939837153336
0.5066191515444223
0.4862285327999773
0.4279236720410523
0.49291593057908817
0.4725196911574666
0.48526562543110807
0.4994992655914219
0.467641486742462
0.5277585188013586
0.5271191970562172
0.5196021264658951
0.5377245197137848
0.5002976782591882
0.5719502699097316
0.554858617134205
0.5172954040474316
0.5612922823727635
0.5210808090240893
0.5483593416776138
0.5004389438380062
0.504084679566738
0.5760263678052078
0.5465898509232443
0.6684741080939309
0.4881374465985815
0.5451182358846332
0.5399071368991144
0.5688849211022664
0.6440298483379188
0.6421558943128087
0.5941791911455317
0.5339141151826619
0.476426370450168
0.522330497357651
0.5561279903529315
0.5404675953997409
0.5230534883407665
0.5653268792345092
0.514063120232835
0.5072330440336921
0.5452828502053569
0.4797533602741143
0.5724353642921665
0.3988872498289324
0.4597040787556125
0.43558414301362014
0.48819675064871126
0.47979771728482196
0.41427525278654687
0.37434861725037083
0.3812205893228019
0.4098887930855525
0.3588224543666838
0.30284518993738235
0.5250603488687662
0.4243782856659027
0.31035837856464604
0.3612967678729957
0.3557013887864338
0.4383501532792792
0.381665268346023
0.470821118650529
0.34768063675391114
0.3418826655656536
0.4832865502923941
0.42956276276860955
0.4226049596291881
0.49651869231945345
0.4426351262832343
0.5217624910867451
0.4029089437385468
0.47928881638595033
0.47345637782079203
0.4912952575215518
0.5156129094737456
0.4077163580755553
0.5455879538737136
0.5082719875742163
0.4304545939493756
0.4753573452220423
0.40761632572044104
0.4365299859192977
0.4707081013702555
0.4451675356932591
0.44513870652173115
0.46408622125550836
0.43875457456528716
0.42284992337414895
0.47366259996651583
0.3962868779829688
0.43044105397331855
0.36489218041595717
0.3327663590863665
0.28195178713581215
0.4268219292325687
0.37797867063764645
0.32192518261904257
0.32833062700148097
0.23898318527462542
0.3654002214878985
0.29339482688449525
0.36960543937518375
0.24683088627314975
0.25142501128357214
0.2921572514205737
0.3098280541328091
0.27328065915512567
0.26983758413374426
0.2332306844366771
0.2713886407295367
0.22425471259502522
0.21195431147038662
0.1674662334648
0.14407078847647153
0.2554329777657692
0.17191682197322217
0.17455665789751404
0.16144094853997248
0.09090836778854572
0.17704510078584756
0.14469207408208248
0.18784704684796277
0.12622943005029344
0.18779218855685906
0.2239353908029908
0.19307663030899794
0.18932384971943927
0.1681297211873315
0.27070655390945025
0.23986226377445596
0.1813889890617217
0.27610245999366384
0.1551728923228502
0.23783251724446916
0.23086359809392687
0.20335423328618218
0.2254390059416832
0.24099763535618646
0.2814743339672885
0.22021798315108432
0.22779567776850143
0.24595017429094235
0.26918082579540814
0.2520980741442783
0.22976217918084996
0.26851421097069395
0.301583246586451
0.19544374295725975
0.21024270529953046
0.23172101746836957
0.2158323282021464
0.27361965157671597
0.25857243420130466
0.18826609000818065
0.16914234593377125
0.21641722597217677
0.15446642265271643
0.22110386013329109
0.35295868263715535
0.21659967259655893
0.33996994309836065
0.35015203146637536
0.38825294124297377
0.31406538966066777
0.2992229560750409
0.31039145576462834
0.3986982537547803
0.29916120937860863
0.324791758245055
0.360865642572762
0.32419611627889444
0.3159996035494133
0.3319844319717741
0.33829035397413953
0.4032034638808175
0.338861505457025
0.32422351380486625
0.30100424139182
0.3567589792396826
0.39057958959038314
0.3722651650828528
0.42952631319696144
0.34822614641465105
0.43077383182972984
0.41443451477203963
0.36472835314739754
0.41588967831768037
0.3821901746601011
0.40004005384277835
0.4545283693666857
0.42260027524321403
0.33620619397980095
0.369875793711145
0.45565221690088975
0.3776211458985657
0.4801295352214182
0.3689391890162367
0.35748666875788504
0.38544035738886784
0.44589805346236544
0.2668679620252199
0.34713767328863776
0.3537088249761541
0.23614877140318874
0.36606317986431214
0.34933166793562354
0.2458102515896272
0.29411551892744714
0.28328432526119457
0.26580321664803175
0.30819571364702913
0.41012522502955406
0.251385316750598
0.22764062236774169
0.27258860071736646
0.2676832533889712
0.2949470625020408
0.2611494994239964
0.22359699232817842
0.2418878012825761
0.25301347196417734
0.24987800518173264
0.226968819289402
0.2577846257959353
0.23564675193125068
0.28420479693533274
0.22955893074482558
0.34665250807254055
0.2638884534078084
0.30448758246187174
0.3992728045179257
0.2499408946156699
0.32885534747376255
0.30229265991655807
0.2891174585396129
0.23134898292926825
0.2870141821979
0.3444534906666081
0.31088490718772516
0.2633189596501545
0.2877590263750934
0.22572842544865196
0.4082184617904663
0.3035515620598242
0.2897078679295233
0.26793050486096837
0.324356990238548
0.37344890160083094
0.42684973853115293
0.5258212065384742
0.616218233238484
0.5206210621645686
0.599474628909979
0.3930971429015738
0.43941972281382113
0.45533653815725283
0.3888772543965849
0.3892784991125189
0.3084536158850225
0.34710964023456037
0.34746027496783605
0.35512695823631185
0.3245906192554706
0.34370082227098064
0.4198853111368276
0.2837208376106678
0.3420154195767322
0.25670968880987505
0.36751505786050226
0.343060493156455
0.31039820602065304
0.29550935525177946
0.3230565792376634
0.2891210693998507
0.40348160334014027
0.46477362669734124
0.4050564117808748
0.3067969238336335
0.3623500190538991
0.3670712929216875
0.41936576198602765
0.4311224695088298
0.2861014083820197
0.39568329473830877
0.33425034284704036
0.3764319884892148
0.4833944871177364
0.47247896280343205
0.40103739286429807
0.3261999286239917
0.3785700493161871
0.2922798072389152
0.42760908931702424
0.3901912607303494
0.36915217877793227
0.44491549105404327
0.3952794253163127
0.34189556175959346
0.46637604940755284
0.32532232074862694
0.4396846569325101
0.44250474316818106
0.4797952554146725
0.4611993995825123
0.4348212663822816
0.41695080749092367
0.40798522427682493
0.33509640831210935
0.41458553338566834
0.5265826779626188
0.45456394882468143
0.4505432860920209
0.46544469269546684
0.34382502663408676
0.45915975950423693
0.5354631411028782
0.4221017754678709
0.5155159578904956
0.4105936097238296
0.46975665847685427
0.40001614879501934
0.434095379728502
0.40501085300802675
0.4791378232276285
0.4353318703977621
0.38903759218488965
0.41196688118734115
0.44141766183018616
0.42289567744377654
0.3921435257939795
0.420768708036692
0.39445848325540056
0.4426723404005599
0.47068696946073973
0.45634307468735047
0.4270944063086629
0.4122507658012454
0.48720339661258527
0.41630967150898623
0.4594515962074214
0.41909422647509
0.45846775717085414
0.42163942967519413
0.3669266622730041
0.4900592167583824
0.32950170940288176
0.4733793018661496
0.526898788906484
0.5142981912877489
0.43467943009316473
0.4794056056271378
0.5527383300965576
0.5348983879603513
0.5362011864190703
0.4698359271155405
0.5186763267050098
0.5486413857264356
0.6448449785596546
0.5183237114423649
0.6041902826162411
0.5407993938667368
0.5148615026487214
0.5193252990362809
0.5609302028124066
0.49198014154493536
0.4098930052029738
0.515392553722768
0.5200382749731092
0.635747353974716
0.5395998659440571
0.5593344290794484
0.4488635907725339
0.5033453051544595
0.5702246957911835
0.45726945269804314
0.5234253389178308
0.5724217445796375
0.5287706163065423
0.47759384992214504
0.5779282787368616
0.5697970939827967
0.526079434870259
0.47194363066679934
0.4802385859166701
0.4960888836490742
0.4256211291559905
0.5166295351602221
0.5995534333302378
0.5784976560060411
0.57980347523322
0.5182170312048787
0.46854249838557727
0.4827511332618313
0.6209428031085025
0.47575816147881267
0.5571179477138668
0.5488840550544185
0.5465951840887602
0.45029737996316155
0.5764821587087643
0.5354850659955075
0.60187430959207
0.6191977959162545
0.7323686492787586
0.6815233642195876
0.7640075361900234
0.6213931439399502
0.6673892853711435
0.5234138400241883
0.5059692688632256
0.4727860329934718
0.4797919528923329
0.44626335881872714
0.5176174752241093
0.5323335627241496
0.5467403487930443
0.5993615564864393
0.6827655032179298
0.5411479759052108
0.563651807762028
0.5170781712890461
0.5247328026749163
0.49817811679543156
0.5255248647116668
0.6172989493015801
0.5211637304189722
0.5988327178203303
0.5725070754115904
0.5545808925621026
0.5280394415402098
0.6141122228098937
0.5141720999640628
0.6027451687511676
0.5447040253287447
0.4762074585845205
0.4489589616999612
0.4192163088920853
0.5493639693305193
0.5198254268150759
0.5523850743997052
0.45063664685932026
0.5575100996558837
0.4666108449722923
0.46252478563015714
0.5636117088772623
0.39930472814031076
0.5199166390348424
0.5196578008590955
0.5237121512015857
0.5616006928901855
0.42907313913529677
0.48619810021998894
0.6006703160243392
0.3951731311684401
0.41355289287456165
0.4635310331229462
0.5128547414730182
0.46575820922473415
0.48832138440345046
0.4752582911480424
0.5502583301328712
0.4937237558988523
0.37838947741467616
0.4385397875957486
0.3789511135824705
0.46066392245833593
0.3403986626174697
0.4752311574946607
0.4536575963943696
0.4032519330724663
0.4698086173390072
0.5048101009730308
0.5579510969037806
0.48943286316604645
0.37595279469320914
0.5193936576230569
0.45369112433412206
0.3865280763667467
0.47822146692358214
0.52440982165427
0.4527433569308996
0.5457158546806166
0.4753624105096472
0.4689985504058577
0.457331941440981
0.4447759654391116
0.4564070249469236
0.45305735112866763
0.4126107833028062
0.45659591858186066
0.42646314992517154
0.3655684409654612
0.4818999544363316
0.5077472206114058
0.4446144808858281
0.44494299891260336
0.43826990053171905
0.5112471375621108
0.45910835787267823
0.41750462871295546
0.4730552231339863
0.40455012014727004
0.42040677328209664
0.37367021474314593
0.4335552892656356
0.38335678420451047
0.39783209290243793
0.39232584613243915
0.2436867697623335
0.48312590109719095
0.33774737774542785
0.34211801922941265
0.3724715966994567
0.3770226112864709
0.4403103321252664
0.33765862140222963
0.35506052821007955
0.37150681390243695
0.33729422192773045
0.2661460403831959
0.3725011885792277
0.3023744888965602
0.3816425628107697
0.3431162704630367
0.30952836379684134
0.3286389892544804
0.35071613786515765
0.40297570030006913
0.3804065853764027
0.3955950927453127
0.44877970152833857
0.28600800646141517
0.4217315034233865
0.35693238838915603
0.42938244836568346
0.3982508152550217
0.41348799145998183
0.39060739764518226
0.3849222053499345
0.5070235791272091
0.2827303177636318
0.44987648438165134
0.43679451736218516
0.42303000905968213
0.4467783286288961
0.36936176396599185
0.2726631443505789
0.4293952400859701
0.380643402112393
0.45159755928925216
0.379124732279828
0.4266721134884803
0.39340576687908047
0.34391808140034263
0.41473969914208625
0.4388693150987102
0.36659120454207395
0.3171249059482715
0.2886368731540426
0.35595014974402805
0.41898339702261855
0.4295164713865331
0.3931294490590762
0.4406672634269211
0.45516190029238335
0.3829362175230326
0.45544786578813656
0.5052908726000763
0.43667277480947875
0.4207942795300766
0.44112077842965286
0.34320728354356306
0.43549394973538347
0.5008315951594378
0.36187287490090386
0.41628080860548045
0.3704246782868683
0.3876346455618779
0.3467017173754527
0.347922931743188
0.4325012664929199
0.3601943342759887
0.36641124920091594
0.39866354643921675
0.32003650449163523
0.2702132079581685
0.2804515339171995
0.3147816100925972
0.2928399239512005
0.2228660817193108
0.35897440646163714
0.3323561276440548
0.30049070739443196
0.4559622612347806
0.30339744448620876
0.39878832959216737
0.31591785967831854
0.4232673889983348
0.3043249929432106
0.311273489190352
0.2428828853581998
0.38407574909294706
0.3293952142527785
0.3248368179806208
0.3531012524819658
0.34575970611740525
0.42072618133705925
0.27498576180315626
0.2688074805913636
0.36415929665947794
0.28219047353466925
0.28780222254273863
0.31289800661156125
0.3641979454740194
0.3644712489826602
0.267203774982561
0.2821665404554883
0.3552760542450905
0.2806829954934927
0.2952956158816718
0.32766729248883575
0.06200738180561751
0.2487703678599901
0.30312388820880043
0.3569696469705202
0.3143911747281002
0.4025786627764727
0.3356914983083501
0.25187952988272083
0.25995380426261216
0.3742814979478763
0.31213755499948226
0.25101648968212825
0.29527160050563855
0.3478841615975202
0.2226112291834219
0.4420321943919176
0.3419552442873168
0.35955047192927947
0.27631257395577635
0.39395858311125675
0.4220274432240978
0.3093655266647196
0.3010943367203448
0.45506811316191054
0.45003368848131553
0.3478962266893168
0.3646352640846636
0.4661762720909142
0.32326254535981735
0.42959301644795184
0.40672832934292613
0.454446510477569
0.41952061760052095
0.3452113511312962
0.34528100366724035
0.2991448190716005
0.27304671701674676
0.4510622047885499
0.31080228047534086
0.3688238657215597
0.42846875406740237
0.34681470637890016
0.2472819906207853
0.33994999291953465
0.38458487135480557
0.2535059057469152
0.28470990795635553
