0.46121834074162465
0.36715790101727275
0.33276155245965217
0.4325944930043853
0.3384893052116584
0.4830553981086483
0.41879717192207866
0.41418812087944873
0.3499149786700874
0.44970317114644554
0.4301333492437576
0.2614182154470332
0.4506727126279049
0.35653769278959463
0.3518391456102145
0.3173383848930521
0.44686912681602575
0.36760538170102325
0.42258584171116614
0.388025416902837
0.2938158169505683
0.40840070403627576
0.47826735479251814
0.3243339995823514
0.3196056203573879
0.3297335998329405
0.44427373885027294
0.27545419289400674
0.3303153247218162
0.459741654485248
0.35055636765012976
0.3308075534739417
0.38563885325616776
0.39572208466334535
0.4207362548849974
0.28164434235255514
0.4110259240476119
0.3017511410757436
0.35653769278959463
0.2770651233555085
0.316920736254885
0.4164404403209928
0.24745681811401807
0.36186271292622535
0.35694042540497
0.2923540467169834
0.27250082038125356
0.4167238447540348
0.2924435428537334
0.46643894871871366
0.28247963962888933
0.3520927179976731
0.39185883476029953
0.1780525640643179
0.38183526744428864
0.34700635422570925
0.40165866173443515
0.366770084424689
0.3915903463500492
0.4014349213925599
0.4113093284806539
0.42118373556874794
0.34151725783837
0.5004922287521255
0.4805196742340623
0.37099131887473524
0.4404850690611855
0.4204528504519555
0.5495957757823453
0.49971659556695797
0.4945705677038274
0.5491184630530115
0.3947972912502611
0.4791324841144357
0.3247963962888935
0.28978849079681396
0.5531159571611826
0.42859699889621433
0.6023984964649025
0.567345842904448
0.3980639002416395
0.6165836341397929
0.641180155723278
0.44203633543152054
0.675457176098565
0.4613824169923331
0.6351242504698547
0.6746069627994391
0.5500134244205125
0.6341845410339786
0.5244921094239432
0.6832880880641985
0.7227409683481996
0.5981175979236897
0.6673428596998896
0.5427045732525879
0.6268756898660541
0.7557501267861937
0.7205930610661974
0.610840965364995
0.5756242355538319
0.7641776796634945
0.6692819426628084
0.6639121744578025
0.8076578861012499
0.6829599355627816
0.6626144804749262
0.6273977506637629
0.6518003639509561
0.6165239700486262
0.5663613854001969
0.6205662122251723
0.6151069478834164
0.47540347841651504
0.35063094776408815
0.7777214283583426
0.6230721040541749
0.7369111900002983
0.5375137973210823
0.6364219444527311
0.5414516273380865
0.35694042540497
0.48566570209719284
0.5398108648310014
0.5641090659586528
0.5138122371050983
0.43365353062259476
0.4430207929357716
0.6761134811013991
0.5810536678500045
0.47107783180692697
0.4804152620745204
0.5494316995316368
0.4692133289579666
0.568046895975657
0.5176904030309358
0.6314250768175174
0.595939858596104
0.605247456818114
0.3907699650965067
0.2807344649622624
0.5286685958056144
0.6124966438948719
0.502446227737836
0.48184720026252204
0.4165299364577429
0.5301601980847827
0.47971420900331135
0.4442140747591062
0.5429133975716716
0.35820828734226307
0.3525252826586319
0.2871334387398944
0.38581784552966797
0.49944810715670773
0.32962918767339877
0.47303183079263744
0.49712120760120526
0.41678350884520143
0.5154231675666
0.5693296739357419
0.5933892186987261
0.7218907550490736
0.49237791235345
0.665538020942096
0.6448345813072403
0.48987202052444734
0.4840696876584828
0.6274275827093463
0.62161033382059
0.5113958414128457
0.5950747292741864
0.49974642761254134
0.49388443065541
0.4731362429521792
0.5717013215596194
0.4912442946212821
0.5152292592703082
0.43480206437755436
0.6228036156439246
0.4230482384177083
0.4469735389755675
0.41126458041227887
0.6738462456370633
0.5337251275319949
0.6023835804421108
0.35783538677247095
0.2325855433907103
0.4802661018466036
0.4743295247755139
0.39379791772321826
0.4028221115121864
0.3670385728349393
0.4058202320933146
0.3849527162077504
0.31936696399272096
0.3730646460427791
0.36709823692610605
0.3312997822260672
0.3849825482533337
0.4983294054473315
0.4774320575161839
0.23277945168700218
0.24171414933922017
0.4296262044688404
0.4832940544733152
0.29829062378807314
0.35195847379254797
0.331031293815817
0.4592643417559142
0.3488410250290862
0.3129381581695057
0.35167506935950593
0.3307329733599833
0.4440350824856061
0.3782852540198681
0.2678470212702485
0.38113421437307954
0.24080427194892756
0.39883953342680706
0.2286775454192894
0.23755257898034066
0.2911160168252737
0.4342203394886787
0.45795173175024606
0.2878195757883118
0.3413680976104531
0.3203961695653471
0.34411264580412276
0.3379970764595328
0.3468422779750007
0.26614659467199664
0.31968020047134627
0.2837773336117657
0.29256287103606693
0.316264431252051
0.41454610542644904
0.3338355061006533
0.4917663554189911
0.5751320068017064
0.404910354703022
0.5330091584379941
0.4821604367411474
0.5654664240326959
0.5593210226425227
0.5531756212523492
0.57684734942275
0.4364428268846395
0.5943736762029772
0.6329614271650608
0.6417171325437785
0.6951761582291698
0.5995047880433161
0.682840607380448
0.7512454879031055
0.7152083768383998
0.6941171206109602
0.8370573670236569
0.6817219056710717
0.839637838966618
0.7439068046895976
0.8570597535873034
1.0
0.755168401897318
0.8831777094955401
0.7427582709346381
0.8558515557411771
0.745204498672474
0.5898541212970974
0.6582142537513798
0.5773992422660422
0.556293070015811
0.37106589898869363
0.5736553205453299
0.6121535753706632
0.44184242713522864
0.5847677575251335
0.6829897676083648
0.3933355210166761
0.6406730109483607
0.4255988783150861
0.4491960263715283
0.4429462128218131
0.5411234748366696
0.5050416157035889
0.3645028489603532
0.5223442021419409
0.32218609230034906
0.3457683243339995
0.4737776319322216
0.3929477044240924
0.2673249604725396
0.2909071925061901
0.433832522896095
0.20379761940276245
0.43620417051997257
0.37029026580352614
0.3938277497688017
0.40250887503356103
0.4111303362071537
0.34521643149070735
0.517914143372811
0.48184720026252204
0.371140479102652
0.4991348706780824
0.5226872706661496
0.30756838996449987
0.18199039408132214
0.33978699919453476
0.46773664270159004
0.3719608603561946
0.410459115181528
0.40417946958622947
0.5023119835327109
0.42143730795620654
0.5643178902777363
0.289549834432147
0.3727663255869455
0.545478953491841
0.47953521672981114
0.38375943438441573
0.4073118343724829
0.4606962799439157
0.4395155275797261
0.5823961099012559
0.4418871752036037
0.614599803108499
0.5785030279526266
0.3782852540198681
0.5360818591330807
0.4104889472271113
0.4191402404462874
0.5023418155782943
0.4960770860057874
0.38540019689150085
0.5879299543569702
0.43250499686763516
0.6052027087497389
0.4945407356582441
0.6075743563736166
0.7355687479490467
0.5801139584141284
0.6185674651710867
0.6123325676441633
0.7104650815906447
0.6296351540825154
0.5786074401121685
0.6469079084752841
0.75997136123624
0.5299961218340741
0.6728916201783955
0.7262760657498285
0.5708511082604935
0.6988305838131321
0.5732376719071626
0.49240774439903345
0.5756391515766236
0.7185495659437368
0.6675516840189731
0.5867217565108439
0.5208078517943975
0.7233972733510338
0.6873154142179528
0.7556606306494437
0.6599295963724233
0.6536648667999164
0.8115062199815042
0.6859580561439098
0.6797380746397781
0.7331374362340026
0.48826109006294566
0.8549565943736762
0.6398824617404014
0.5590972823006474
0.6125115599176635
0.4720622893111781
0.6299036424927656
0.42980519674234063
0.527982458757197
0.3577309746129292
0.500656305002834
0.4049849348169804
0.42861191491900597
0.5864681841233854
0.6250559350854689
0.42494257331225205
0.4634855762059604
0.48712747233077774
0.4213030637510814
0.474791921482056
0.5730139315652873
0.4922585841711165
0.4114883207541541
0.37549595775782346
0.4289848154887981
0.46757256645088147
0.5359923629963306
0.47018287043942597
0.6131827809432892
0.428045106052922
0.5114107574356374
0.6394648131022345
0.5438381909847558
0.5526386444318486
0.5166761134811014
0.7044688404283882
0.5789952567047523
0.6027117329435279
0.5071149428716327
0.7843739745234332
0.7633722144327437
0.5484174099818023
0.6318278094328927
0.5063840577548402
0.6494734643954536
0.6135407654902897
0.5776378986307091
0.5715521613317026
0.580412278869962
0.6190746099460039
0.5980728498553145
0.6666268906058889
0.40698368187106587
0.5053250201366307
0.39485695534142773
0.37388502729632167
0.33805674055069956
0.48117597923689626
0.32597476208943643
0.46910891679842487
0.31392261567375673
0.546552907132842
0.25713731690582026
0.3406372124936607
0.2451448345813072
0.37339279854419616
0.38232749619641415
0.36143014826526654
0.4299841890158408
0.33452164314907074
0.2838220816801408
0.3226037409385161
0.12275290116643298
0.2808388771218042
0.34949733003192024
0.35847677575251335
0.3674263894275231
0.27202350765191974
0.20640792339130692
0.4391575430327257
0.25427344052981715
0.05443900838280481
0.033599832940544735
0.012811222815548461
0.09639927209808775
0.19495241788729453
0.174144566092897
0.1980847826735479
0.13258703499298946
0.2012917275737597
0.2998418901584082
0.3088959159929596
0.1986366755168402
0.19283434265087554
0.23175024611437606
0.2408490200173026
0.23503177112854629
0.3037946361982041
0.2681602577488738
0.27727394767459207
0.19690641687300495
0.2806300528027207
0.20027743802392528
0.2989170967453238
0.24841144357268577
0.22775275200620507
0.3263774947048119
0.24606962799439155
0.31492198920079956
0.18988097013812238
0.16922227857164165
0.3574326541570956
0.3517347334506727
0.19684675278183825
0.17626264132931596
0.17054980460010144
0.3737209510456132
0.32328987798693354
0.19832343903821484
0.17772441156290086
0.21684913934548491
0.2857760806658513
0.33980191521732644
0.453536589003908
0.5075624235553832
0.5168700217773933
0.3621312013364757
0.5056979207064228
0.39569225261776203
0.5094418424271353
0.3994510903612661
0.42371945944333395
0.38833865338146234
0.3231556337818084
0.3027057665344113
0.3121028608931714
0.44082813758539424
0.25633185167506933
0.2955311595716118
0.3795381999343695
0.3143999284030906
0.5028340443304197
0.392962620446884
0.4322663405029683
0.42677724411562895
0.36168372065272514
0.5203454550878553
0.47018287043942597
0.4050744309537304
0.2803615643924704
0.3942603144297604
0.44855463739148593
0.38349094597416544
0.5869604128755108
0.5517585990871394
0.41217445780257156
0.6007279019122341
0.3716774559231527
0.5751618388472898
0.42067659079383074
0.5645565466424033
0.3355061006533218
0.4644551176874198
0.47412070045643023
0.4390083828048089
0.26966677605083383
0.4881566779034038
0.318844903195012
0.20919721965335164
0.3531368395930909
0.5269085051161958
0.3874735240595447
0.3375346797529907
0.2875958354464365
0.4614271650607082
0.27727394767459207
0.3467080337698756
0.4758211270546821
0.4259419468392947
0.435711941767847
0.3112824796396289
0.39569225261776203
0.5248500939709435
0.3855046090510426
0.21637182661615104
0.3157125384087587
0.2062587631633901
0.38023925300557854
0.40501476686256377
0.41493392201903284
0.48448733629664986
0.3601921183735569
0.4297604486739655
0.48444258822827485
0.2855970883923511
0.1762178932609409
0.2458458876525163
0.300602607320784
0.37026043375794276
0.3802541690283703
0.4797589570716864
0.1914919005996241
0.3506906118552549
0.286163897258435
0.47520957012022313
0.41069777154619497
0.37603293457832404
0.32646699084156194
0.336580054294323
0.48093732287222934
0.4164851883893678
0.501223113868918
0.7500223740341875
0.7601652695325318
0.7405208675158855
0.646296351540825
0.6415679723158617
0.45787715163628767
0.6023388323737359
0.46341099609200204
0.3394140986247427
0.33476029951373765
0.300274454819367
0.6088720503564929
0.455087855374243
0.6294710778318069
0.46078577608066584
0.6650308761671788
0.27263506458637865
0.2829867844038066
0.5767578532859998
0.5274753139822798
0.2544524328033173
0.5184212881477283
0.49900062647295723
0.39009874407088097
0.3856239372333761
0.4557441603770771
0.525864383520778
0.4468392947704424
0.7258136690432863
0.5125742072133886
0.46341099609200204
0.38444557143283314
0.3651442379403956
0.46518600280421224
0.4160824557739924
0.5907341666418066
0.4074162465320247
0.46276960711195964
0.5032069449002118
0.4392619551922676
0.37531696548432325
0.4605471197159989
0.5159601443871006
0.2730527132245458
0.5671519346081562
0.4734345634080129
0.6333194117120611
0.5992959637242327
0.6100355001342442
0.45671370185853644
0.5718952298559112
0.38877121804242115
0.5039676620625876
0.42527072581366904
0.3615196444020166
0.491676859282241
0.5920169446018912
0.7072879687360162
0.628665612601056
0.34123385340532797
0.5907789147101816
0.5867814206020107
0.46345574416037705
0.578816264431252
0.4555204200352018
0.52614778795382
0.5967900718952298
0.21996658810894662
0.5591271143462307
0.3314936905223591
0.4469437069299842
0.5474926165687181
0.394469138748844
0.4502998120581128
0.5061304853673816
0.4426478923659795
0.37918021538736907
0.4947346439545359
0.4909608901882402
0.45737000686137047
0.5580382446824379
0.4349810566510545
0.46108409653649945
0.5767131052176248
0.33437248292115385
0.4500164076250709
0.4165299364577429
0.27863130574863515
0.3495868261686703
0.3608782554219743
0.37218460069806986
0.3835207780197488
0.37994093254974487
0.5404522538110439
0.641314399928403
0.32454282390143496
0.33593866531428057
0.4666776050833805
0.6421795292503207
0.5939560275648101
0.5308314191104084
0.5124548790310551
0.5836043077473821
0.7442647892365979
0.5767727693087915
0.5883028549267624
0.43577160585901376
0.6113928582082873
0.6527997374779989
0.6345425255809791
0.616300229706751
0.44892753796127793
0.5649592792577787
0.36778437397452335
0.4838459473166075
0.2866859580561439
0.4027773634438113
0.6531428060022076
0.5306076787685331
0.4826675815160646
0.5540705826198502
0.7149846364965246
0.6521881805435398
0.5595447629843979
0.5564422302437277
0.5533396975030578
0.4010918528683512
0.48751528892336143
0.5888696637928462
0.46649861280988036
0.5231347513499
0.5648697831210285
0.3679633662480236
0.573789564750455
0.660317412965007
0.5976999492855225
0.43068524208704995
0.5470898839533427
0.67842546463411
0.7202798245875719
0.5980579338325228
0.6548581486232511
0.6370931654783568
0.5149309388144745
0.6165239700486262
0.5092926821992184
0.566167477103905
0.4440649145311894
0.5457176098565079
0.647385221204618
0.5700605590525343
0.7314220936129591
0.7436383162793472
0.4873810447182363
0.6636884341159273
0.6312013364756421
0.5241490408997345
0.47676083649055817
0.5487306464604278
0.33731093941111545
0.36456251305151993
0.4813102234420214
0.6875839026282032
0.5508039736284717
0.5781002953372513
0.456266221174786
0.6625995644521344
0.5706124518958265
0.47865517138510194
0.49112496643894876
0.6229229438262581
0.6503385937173712
0.5584260612750217
0.7350317711285462
0.47908773604606064
0.8347006354225709
0.6533665463440829
0.47204737328838636
0.7978729751499061
0.6016676113481101
0.6441186122132394
0.5971033083738552
0.6843322096596163
0.7715909429909609
0.5008651293219176
0.6627338086572597
0.675457176098565
0.5986844067897735
0.5965215834849795
0.6092747829718684
0.5176307389397692
0.5304286864950329
0.528310611258614
0.48147429969273
0.50921810208526
0.4474955997732764
0.7139255988783151
0.5776378986307091
0.5308761671787835
0.5586945496852719
0.46719966588108947
0.43538378926643
0.35884967632230547
0.3867277229199606
0.3102085259986277
0.4574445869753289
0.410787267682945
0.42380895558008413
0.6605859013752573
0.4349810566510545
0.2690552191163748
0.505876912979923
0.6979654544912144
0.18901584081620476
0.38113421437307954
0.409191253244235
0.31793502580471944
0.45041914024044627
0.538185018346708
0.3723934250171534
0.445258196354524
0.45848870857074675
0.4866352435786522
0.5446436562155067
0.4087437725604845
0.4220339488678739
0.46515617075862886
0.34421705796366453
0.640941499358611
0.3410399451090361
0.518480952238895
0.41250261030398855
0.5750425106649563
0.3646967572566451
0.4676023984964649
0.5406909101757108
0.34529101160466574
0.582485606038006
0.47661167626264134
0.3111034873661287
0.5930759822201007
0.2933385042212345
0.5007756331851675
0.4993884430655409
0.4383520778019749
0.5413919632469198
0.30139315652874316
0.5238059723755257
0.4926613167864921
0.5360967751558725
0.5049670355896304
0.4142030369022404
0.696339608006921
0.4713463202171773
0.17178783449181112
0.3346409713314042
0.48257808537931446
0.36205662122251725
0.43544345335759677
0.3000357984547
0.4182005310104114
0.2529757465469407
0.38608633393991826
0.2805554726887623
0.21977267981265478
0.3529280152740073
0.2921750544434832
0.29110110080248197
0.3944542227260523
0.2889979415888547
0.33271680439127704
0.2422063780913457
0.33068822529160824
0.3296888517645655
0.3137883714686316
0.2979028071954894
0.4013603412786015
0.4600698069866651
0.5188091047403119
0.4731362429521792
0.21865397810327855
0.3072551534858745
0.440604397243519
0.4994033590883327
0.33446197905790404
0.4081918797171922
0.4073416664180663
0.24244503445601268
0.24162465320247012
0.27065123355508486
0.32952477551385695
0.4928253930372005
0.6262939649771785
0.2824647236060977
0.4159631275916589
0.5643924703916947
0.47416544852480536
0.3690522359118164
0.2937561528594016
0.2781539930193013
0.4713761522627606
0.24696458936189258
0.4849646490259838
0.4694072372542585
0.394185734315802
0.36372721577518574
0.31836759046567825
0.4520002386563647
0.42157155216133174
0.4955699412308702
0.6143163986754572
0.4496733391008621
0.5684496285910324
0.3143402643119239
0.4331314698248859
0.432609409027177
0.357507234271054
0.19292383878762567
0.5802482026192536
0.415679723158617
0.3704543420542346
0.4594880820977894
0.16070522955759078
0.47349422749917963
0.38356552608812383
0.32346887026043375
0.4722114495390949
0.5314578920676591
0.501223113868918
0.32184302377614027
0.4407833895170191
0.5149906029056411
0.5742817935025805
0.5142597177888487
0.5139017332418484
0.3494824140091286
0.42373437546612575
0.3637421317979774
0.43800900927776615
0.3780316816324095
0.4373974523433072
0.48184720026252204
0.42189970466274873
0.5111124369798037
0.43626383461113927
0.4807434145759374
0.555069956146893
0.3609080874675576
0.37558545389457354
0.4648429342800036
0.34529101160466574
0.389815339637839
0.35977446973538973
0.2700695086662092
0.3742877599116972
0.46357507234271056
0.17999164702723666
0.3140568598788819
0.5823662778556725
0.5822022016049639
0.283717669520599
0.40288177560335314
0.0
0.268339250022374
0.2980370514006145
0.37248292115390347
0.4618448136988753
0.22306912084961666
0.31244592941738014
0.35707466961009515
0.22272605232540796
0.19278959458250053
0.28218131917305567
0.43125205095313385
0.326750395274604
0.1625846484293428
0.4160824557739924
0.49058798961844813
0.26677306762924735
0.2517824647236061
0.3113868917991706
0.4604874556248322
0.4007637003669342
0.4603681274424987
0.3559112198323439
0.47519465409743145
0.4005697920706423
0.44527311237731565
0.4601593031234152
0.5794427373885027
0.4451687002177739
0.3705587542137765
0.37052892216819305
0.1915068166224158
0.4152322424748665
0.5643626383461113
0.4450195399898571
0.5792488290922109
0.5792339130694192
0.69854717938009
0.43004385310700755
0.45986098266758146
0.41509799826974136
0.31068583872796157
0.4598311506219982
0.41508308224694973
0.4299841890158408
0.6388085080994004
0.355389159034635
0.4747173413680976
0.3255421974284777
0.20621401509501505
0.37027534978073445
0.16145103069717492
0.5641687300498195
0.5044897228602965
0.40007756331851674
0.3403985561289937
