0.36270406258582055
0.39621378706444216
0.5145377440494119
0.4127610907872904
0.37231876350310333
0.45750081811192933
0.2957152875830911
0.4100059582425437
0.42448354286278
0.43128592926993703
0.40563635631970296
0.33877558712573824
0.4064772000174799
0.27962122150307905
0.3271047324131583
0.4297766666993441
0.43280858525286736
0.32926864646176635
0.45276685252951837
0.4346836031397887
0.39993192873291195
0.32020530697239324
0.3199548018303266
0.3548680730792611
0.456989550934635
0.30194489377891875
0.330817696377682
0.35067688748237386
0.24793348144335825
0.3316840363260264
0.32653153853333605
0.3270831271054012
0.3607495166198842
0.2881135840053487
0.32806856895168296
0.30773944841589457
0.40369838393991253
0.405850414979766
0.2965353127680942
0.330850875921323
0.36702844181146543
0.3114269046909364
0.3114349880347478
0.33993087342692385
0.39505255813055096
0.374414391201908
0.40890325912052616
0.3354485930623308
0.4234165672366925
0.3290404226906369
0.32920837731239233
0.42645870891134396
0.3184417195183286
0.2713309078124559
0.4673751858078489
0.3734816268788726
0.4139025577127583
0.42091307469881684
0.2190486459004658
0.4440362101275768
0.42092442996119844
0.4296034946876134
0.4578957676385915
0.3397413231776899
0.3486302913279659
0.38292249800794415
0.40404949425548387
0.384821825299712
0.41772766365729785
0.5402482726395098
0.4142356959376402
0.6030062914946909
0.501261257803999
0.4875372690138673
0.5097281537034994
0.48185386747443815
0.4938449440878865
0.5704527703748592
0.4957686354889684
0.4620746714988542
0.5662324644925946
0.5236981937737983
0.6187742700008994
0.659178561105257
0.5786680317145907
0.7221476823225867
0.518605251715745
0.5712436346546668
0.5092150231504093
0.5525655901237765
0.6001013397541242
0.6416100542217456
0.5936912052352465
0.6942304267068165
0.6617870894116294
0.6143167734059256
0.621270115741285
0.6747175435968967
0.6471289472874394
0.7562267649873983
0.6597753167362614
0.7019128201526255
0.7092537758576055
0.8176074476713597
0.6405279733147778
0.6881895415867854
0.6554237244112985
0.7978165990216224
0.6331987241324457
0.6481331048316562
0.6339036428688656
0.608530844488494
0.5863442393534956
0.6336629430551999
0.5730992668501009
0.5585468560893396
0.4890884358292712
0.6128432662357176
0.7629894371182159
0.5929939351638944
0.6053288839837095
0.614410003203254
0.6530751384291109
0.5430343108740544
0.4962509661038558
0.5513841201477446
0.5585010787215234
0.5323164981000499
0.5301717183980776
0.5759889312987632
0.5363504785419998
0.4737413373899573
0.679415824435618
0.5270835069240457
0.47515675946526614
0.6240219959770288
0.5208510666788368
0.5881166235661086
0.5611607956247047
0.4868921487193887
0.49209985289136005
0.6108713863460049
0.5057295796583247
0.5074892958569621
0.5378481755142563
0.5393530481874911
0.5523682514990889
0.5185872741001377
0.5295331172731486
0.49784860144651033
0.5034098663518184
0.5523737613206285
0.4560048594655687
0.5555938197441598
0.4618444999996631
0.33858823856402676
0.5218057036845243
0.40737631549012476
0.4661551263820511
0.49416372468555236
0.567086350731521
0.580709958301858
0.5733068878915135
0.6216730747646179
0.646324661815074
0.5255999614451006
0.6059019383399036
0.6737015463872946
0.5649831957602087
0.631134875216082
0.6679161438933682
0.5496541100314023
0.6280465980655625
0.5211293305642155
0.5803027060283206
0.5002931827975531
0.5066092897520991
0.5875604402856481
0.4171718503128824
0.6942474510017491
0.5097152803337763
0.5519256416192474
0.5362431826152307
0.576571156473785
0.4399736425159089
0.48748751222674036
0.6367309080399891
0.43727024141059834
0.585341577505686
0.49661756618789654
0.3219828739469758
0.4002873409362355
0.3952055024066332
0.4283072799505744
0.4482033121409055
0.3588102114120377
0.4324401933835151
0.3703148799434508
0.47915635888849406
0.382737233585293
0.45032674690659896
0.3337576248943035
0.4555500056675541
0.3804330210192759
0.43246548388925643
0.3842157085903867
0.453191590234085
0.45148338657919695
0.40923331055049184
0.44390866358733067
0.4100167775878993
0.37253990378491064
0.44750900241388636
0.37259960962611693
0.3648509373210574
0.3570411109459878
0.27953367651933453
0.3077052041972499
0.3341688049953138
0.4227856996738074
0.2792138611434737
0.28393651998940084
0.318279895921194
0.36470698963435316
0.3314031232036576
0.321510503202556
0.19924173490623626
0.3475848667720623
0.2996617852316386
0.36733681673226865
0.32618468178194016
0.419072042837903
0.48072699037836497
0.4259001924036281
0.4849557080646947
0.41523446676482356
0.46945586058899924
0.27834392992074747
0.5767057349115152
0.42129460357763143
0.5391461674072472
0.44651664998486484
0.4166610059863387
0.6672345920575087
0.6315388856079265
0.5578805884327549
0.5156891636084834
0.6507188395060515
0.6699159435271664
0.6346757212609375
0.7782843780768978
0.7703188943020305
0.7470986897249697
0.808465210021416
0.7803972156611834
0.8683283811990707
0.8069111270610214
0.791746548405267
0.6965044000748792
0.7015512066570646
0.8513331019674144
0.8016946899394113
0.8697033664010454
0.7746889601623344
0.819961641522924
0.7511108336685883
0.8637786943472872
0.7735442070780152
0.7547518533986501
0.5781308163328903
0.5895718867574191
0.6013152868310797
0.6046328605205695
0.640216913517374
0.5161508153120411
0.5357153824716088
0.7332046613180492
0.5264819462486912
0.5261240243320057
0.4583642063534884
0.42927059006559365
0.46226192792672527
0.44245738580714333
0.48311025393507334
0.38449094412047247
0.4570184482000913
0.4775143684163689
0.49082462723920467
0.5571654593369886
0.4194182158223601
0.5142602834559542
0.4800234989383139
0.5125394368437597
0.4992104628676991
0.4434166941697334
0.4768704674167763
0.5362533802127951
0.4320289357002084
0.4165898322055543
0.4768563774757183
0.5735745847101773
0.5098850613688493
0.509762067205234
0.46692615153803363
0.4473495859689636
0.5196361489282958
0.47774501980525064
0.5181502300691715
0.4695423572234831
0.535822504168928
0.568987850171955
0.513482977635676
0.5188435134065328
0.3905658344869998
0.5316749489256757
0.5754602763491979
0.42798386954961276
0.5964152086033796
0.567026682786582
0.6282382490597365
0.6261856158043103
0.687156006498343
0.5887243727719184
0.5841822060335942
0.508245391829092
0.5877317530458176
0.5379654884282488
0.6102729049952551
0.5912982614000372
0.5765224684080805
0.526997613828469
0.5807960110753405
0.47654493404669845
0.5859599029604684
0.5832177956039606
0.7326443306919035
0.6022840926051736
0.6759577272634042
0.5803604531694452
0.6116234959732229
0.535245334449319
0.8695477837821772
0.7410226814574703
0.7468866564530807
0.6695164567201277
0.6346247196553606
0.7208009576198388
0.826672177027729
0.6638666963273304
0.6282785339589236
0.6957249617141483
0.6934249050535485
0.7148056300381482
0.7296904021892234
0.7132671495234199
0.712153054986097
0.7436848437203933
0.660804481536913
0.6740684265301965
0.6676512924851842
0.7526962401115079
0.5901664565441864
0.6979473992715547
0.784171592277433
0.7847260454804665
0.7006326197399831
0.6448810271750366
0.6195063408290942
0.5908628987338425
0.7245393972915736
0.6412241700735787
0.6149253163323198
0.7481398484218105
0.6463223186274034
0.6845713200020138
0.5755887479630037
0.5533870558338247
0.676525111731074
0.4101897251790255
0.4408587350468509
0.523414383649112
0.46122822677948605
0.5196547952145877
0.6351044538701479
0.4165642374402554
0.49172038496251413
0.5589942113288559
0.44741244186928564
0.5038929820497429
0.6281073361326075
0.5339585222663922
0.5671933802949998
0.6066897323217327
0.5303532780131772
0.5506372342135775
0.5435989657988867
0.6173891296887564
0.5531000289619303
0.5129536763485446
0.6901013791600166
0.6174610396064751
0.5358013955590621
0.5644840767099073
0.7385974826074694
0.703319538926094
0.6828885524461235
0.7084896850181647
0.749219485291904
0.7007698488932028
0.6114896784178332
0.7400266839055722
0.7529111390259702
0.703544051975675
0.752604940844962
0.6281950466148754
0.6807039234574963
0.618627110158116
0.5504757755722802
0.6980384386335172
0.6095160819906329
0.5085117411903399
0.6146153156850018
0.653490298883221
0.5022067130188387
0.4472954108817322
0.5900035674160748
0.622946722157862
0.5323619565789489
0.7239766578012695
0.48470607967261087
0.537068987642404
0.47501974469442027
0.5494222224616181
0.46818096837730505
0.4812085852453971
0.43308884884722443
0.44448197061124417
0.26759242845469183
0.42304459833323943
0.39392318361600354
0.48900619875077506
0.42608027453120423
0.3173231063764077
0.36487922840187115
0.31564858635554754
0.25346009127845864
0.3014987989210014
0.1978526055178487
0.3267456911170016
0.18093564240056423
0.3319238909050853
0.2625363009471093
0.39770593873117976
0.16813117181077003
0.33595811133078823
0.28797458547775173
0.38889118077869217
0.29986999790614954
0.28479391559385747
0.22476350507676215
0.23510780484173197
0.20312963621823102
0.45139316187025397
0.3360621772816728
0.28067915034863394
0.3226266271744713
0.38791724515733444
0.3608352820198257
0.22394268186796387
0.4419505478241577
0.3449147428691508
0.2648293078904198
0.24309138809944256
0.3191526552793048
0.4132540241085033
0.24908483456334785
0.24287686378997003
0.24593655875097897
0.3218041364754486
0.31473315237676436
0.29856006682143726
0.16294678459721462
0.19089337355786828
0.2785467445949422
0.365316483157871
0.26999694652578515
0.3862330918586824
0.4475155071097078
0.3151699568908718
0.29423757151494445
0.3131916287917859
0.38264456624015913
0.3346378485719855
0.422661420071924
0.42332678825632875
0.5032067127900604
0.5169045215626857
0.37561448886626897
0.5787607734515754
0.42654717148277355
0.4942136233307798
0.3628740137261089
0.4590553690562057
0.33177638166961326
0.39182207263082763
0.5403646773659591
0.42970560512886186
0.41893546469119436
0.2878578842733195
0.40473321045843536
0.38259120222642296
0.31993465751315514
0.5308784484515607
0.44902317585824075
0.41484771644961493
0.5243710276784578
0.5382184804836645
0.46937549824739727
0.5556802287581162
0.4217933723014553
0.3934649265464436
0.40737376788049573
0.43303411543203285
0.40524917490527496
0.3867331583156619
0.42660495737613857
0.4541954129371572
0.4626209587955724
0.5075548562434522
0.44855812135003215
0.4113247042946884
0.446858635081634
0.37140083257274026
0.41762261559391367
0.2984640833583909
0.3377008456440732
0.4133482660552084
0.44636430372277197
0.303117226241261
0.4747087820888802
0.438012387976903
0.35736018615405896
0.3234976827568765
0.3112125482300228
0.31861544394402297
0.30353718808238134
0.30885705571151395
0.27857258891533065
0.2565838998756531
0.358028158909217
0.31224084452916034
0.3333932252838597
0.27622709190690015
0.4894139468662306
0.3324548776812226
0.3308849312811581
0.3050882112499226
0.23805991028495307
0.46123124097231355
0.3129259747219884
0.23729854260745867
0.2919361592262757
0.3903436345882122
0.417859667249889
0.36849080576719306
0.09838036980397609
0.4154535772229596
0.30825407326470855
0.3430099701872791
0.48596447907090096
0.4292028332519254
0.3477570787164935
0.3343793029703637
0.329613631199819
0.3389908450042255
0.4597528640150568
0.5270290600264219
0.5007601462815832
0.4538788004417389
0.44754604371943396
0.5112076637357985
0.6538496157249258
0.8835812595579036
0.8275140212025209
0.6815286588294582
0.7054268394533298
0.526567851716971
0.4836983837687179
0.49350046982111156
0.4865866447326289
0.4739075792093808
0.571054435089863
0.6454923973030265
0.501015711392376
0.45855175474602927
0.28724886332481236
0.4256951709527612
0.480513208197639
0.464425900337141
0.5753426259483255
0.5778809525481821
0.4087560614592914
0.5164311327548927
0.5219689143472882
0.6072657812611868
0.4859159100632841
0.45791050796363447
0.5346557298517023
0.35608907897794817
0.5030768043863652
0.35352107609922634
0.40806037462705813
0.4079415559784274
0.5315510638496121
0.3088756851896052
0.5332567335904421
0.47298283434343125
0.5827510911685407
0.40831269886776245
0.5634842857961413
0.4838177347548504
0.48663449581219564
0.39356850996190224
0.5478564644161359
0.5224539348967997
0.4754944211971381
0.4040465735971802
0.4120340732356677
0.5131318175958445
0.520905243088936
0.4550560479020769
0.5230797606998426
0.42851525583177763
0.546403498890286
0.45303838963294346
0.4064764122887077
0.4231853512167753
0.5508101776804692
0.46469860063030094
0.43927912712187955
0.3568567136241674
0.4959622825347807
0.3614742325374433
0.33401250032416097
0.4947088715925484
0.5219460259357352
0.6026963391709497
0.5234374819297253
0.35382642492139327
0.44672680447344104
0.5335583557388334
0.4821585115972312
0.5241170389589984
0.4859569928072901
0.48692511481444506
0.48214838107683783
0.47503377572896055
0.3750774371310772
0.3897883274352087
0.47934161872001646
0.34608350646804537
0.538056266874023
0.37631730377624534
0.3860339665067064
0.4351338753802686
0.5446979112450655
0.5007283447769452
0.4710609720792179
0.42135326661005806
0.5374674581758315
0.4974622834755731
0.582371397418407
0.37237131831092213
0.49301504976557253
0.5614834807829361
0.4414412713292156
0.5461062863266362
0.5323937348944955
0.5893722199634992
0.3741911750295094
0.36887711408897816
0.5204200830157963
0.4250089002923953
0.4031159280412109
0.4036555974980166
0.5480740591014028
0.5361518946319677
0.5390905897690534
0.5133000728198173
0.5704754535862964
0.4981637496830818
0.6822946540535917
0.3401749597039343
0.4435042987447744
0.49427893338402273
0.5260065020158472
0.4489693164694809
0.3981091627949353
0.6108636108412752
0.3864919046873492
0.5196170815810156
0.5841886873846924
0.6536147997152635
0.5215522683128175
0.4893368755858719
0.5110968426780296
0.5599716769836052
0.434231559190459
0.5123587261206068
0.6363511896222647
0.5384770361312987
0.6145485108691404
0.4738286660303715
0.5726632373029839
0.5737391565259278
0.4743053299471802
0.578745270376614
0.6695311669304778
0.5773439213563467
0.38902580209289706
0.5961673910614645
0.5172333769646726
0.574530527152779
0.4675980133684241
0.5796007668567222
0.597589492918018
0.41611714226095425
0.5214710228403417
0.5832420173882797
0.6742516766145095
0.5294923137320304
0.4502795609181926
0.6242958872401443
0.6746040372734486
0.5899079889839738
0.6800884530623459
0.5951917641149203
0.6640904722283727
0.5935989242452795
0.6231824914881989
0.538353673354506
0.4940801610820753
0.5107533614179587
0.6010899518137992
0.44176183172856864
0.5594681328632294
0.4476532379410262
0.6478836205543296
0.45269506431562256
0.7963624228384341
0.6517554413129483
0.5520622530710944
0.542996258352919
0.588381257868368
0.5271807320929123
0.4762342172610923
0.4331971250189153
0.6101780805198936
0.5386666197167972
0.681021611055228
0.6953099386826416
0.7646767912896643
0.7131626415791117
0.607693516739459
0.6377586619633939
0.6961112030365783
0.6178113827366305
0.47672994852518125
0.5877120160162481
0.5537526611213996
0.4546671039610568
0.5191550859318712
0.4979869960461214
0.4844113074106795
0.6395603010826207
0.596427463415757
0.5933807794805213
0.718434811892587
0.45089684496487875
0.4817294925482687
0.5667784410710487
0.5501587831025858
0.6285454252290099
0.40765071893646454
0.5333158929316812
0.5383347579035571
0.5419739712967635
0.376535730934337
0.4133302801911324
0.5886936308842606
0.5099375532237314
0.5477174239458531
0.56054004309688
0.4271663831810596
0.4117490926065664
0.41815034648152394
0.4073871562348098
0.27386057624360327
0.4683848572200242
0.41831995959022217
0.4730056859481375
0.6110503819323535
0.4813835490424394
0.5029328315651759
0.4198550564429726
0.42481175970877505
0.3190452411504213
0.4065190746923083
0.6192937865029859
0.4899969196171011
0.3919732356267237
0.43087690676604884
0.42066667581572303
0.534433132625728
0.45709623382897613
0.504915033713274
0.6152255276034644
0.6468311521951331
0.5285784356012244
0.36981813372861827
0.5789335207449777
0.4537907556630365
0.47300241714219704
0.43827277143853816
0.4091010087679714
0.43345607293571287
0.3916016854497868
0.3402374329064294
0.42580053549277463
0.423369929071121
0.3774591493531215
0.4403608443958776
0.5480381043370828
0.2878802103104936
0.35989744029733756
0.4766969519263535
0.3722573773087303
0.3963941534529296
0.40273895472947263
0.44128758858172684
0.36909956712237957
0.4265150110141104
0.3620290547427329
0.4673575124517991
0.4066567157242586
0.3676986176859557
0.4010797191991502
0.310068957487247
0.3147493385883571
0.40356582622141146
0.34877944504354697
0.31783245858606834
0.3691424323760606
0.39947122311316463
0.2534626776403279
0.35279417340364116
0.3581114072811168
0.41233518584657003
0.5140789063187733
0.551165342196281
0.37404645688912797
0.4744443439601102
0.364995631727637
0.47331637487570744
0.5392538620618862
0.4900890208527003
0.3188708831489427
0.4747590543274925
0.41199413765135345
0.459289601214344
0.36156779663120614
0.5230886728591387
0.4001818746132295
0.394300327110773
0.5276151117906343
0.5129405092243895
0.5659226462453795
0.46280556723150523
0.42250415476541664
0.4767262223183001
0.33680392060679437
0.39059783986888597
0.5220474316776098
0.45818036004494805
0.37676248912375193
0.4568010766125612
0.3589422883070592
0.4193403316787439
0.5082736632225227
0.36791330634227865
0.4876573853956536
0.4978368688555882
0.49859600096458534
0.41158869723958946
0.45033728704906656
0.45646037827692776
0.5103311535032157
0.5037716199157176
0.3250933844561188
0.529372488381125
0.4434452439100789
0.5902728748649992
0.5963104479135364
0.6083815384096869
0.46020228285027687
0.5248825150743064
0.4654751670453837
0.45700841300398376
0.41153705380975947
0.3836709312303569
0.6263636617273243
0.5044899940058067
0.4484041119320518
0.5721320457158094
0.4693041857989577
0.5117683533259695
0.35500566851118565
0.5426996856681284
0.4302707495147212
0.4333710318447126
0.47523327739787247
0.4480658485288507
0.4348212094659173
0.3822410448424475
0.3287434295673839
0.5633825680909507
0.4482955488537145
0.4349179054877277
0.5436410447400419
0.5108570816334945
0.4409929020727448
0.3135116852641651
0.4086412313344135
0.30712297225225826
0.3682404169596631
0.47592653474477553
0.2895028319771479
0.33583400463548696
0.3437607703311641
0.5004208347003161
0.3172646294792397
0.41694190409026893
0.4244810564163254
0.5548104654617647
0.27489412868495655
0.3791007087260273
0.3528958022432527
0.5001810398059324
0.3116425247238943
0.3257920489855958
0.317470614016657
0.40836183577467594
0.45779721010856333
0.3133226740134606
0.3956719741729796
0.49148209767034656
0.5884846655758778
0.35582202764087734
0.4723052683855892
0.3511435818795626
0.28349829540800725
0.36019376755127286
0.318756089986543
0.4374439635796361
0.4305479902008876
0.35604948010235643
0.37723331071234856
0.3300975601500796
0.39373923427941876
0.4085016996133415
0.4700601111989777
0.3940216093261621
0.49967259399405295
0.5140333090944036
0.4250911570582746
0.4603392980102015
0.7022749464539364
0.5371510423207972
0.5907346633686341
0.5322572041375745
0.6632754723840899
0.5839779891975159
0.7589993168197919
0.6111751295181188
0.6600119463974592
0.6062490381876824
0.5198603969374544
0.5478975745512836
0.48864418520447656
0.4697046916809743
0.41672599536090243
0.609797433526901
0.40439501677814044
0.5530551630499188
0.35369969723621686
0.4027389542625781
0.37696291174198904
0.5001476755277161
0.521422422784243
0.5364764454226514
