0.20950299834434893
0.2373518780854258
0.21100600031190828
0.24666852044786913
0.21870171661726287
0.18834324675275083
0.2481953719095407
0.29618295521920335
0.25608200970216044
0.2638581782122739
0.22671173410303203
0.2744786345053209
0.23772386500847767
0.30081589119650387
0.27887525737989316
0.259285982468453
0.2713011318986484
0.33091520397014274
0.23550700107267833
0.267074231549778
0.25317482757985077
0.2802300296337153
0.23243650184443926
0.17831177412264432
0.20832657169612
0.22027731480026988
0.257717809294161
0.26662091220393186
0.20151403912896232
0.19582558706792508
0.1756394602739969
0.22747546228773907
0.2049215375008832
0.2251376620769249
0.21867453861681285
0.2024291322960405
0.15960501472702943
0.21909266826687376
0.2359980563464132
0.2249430198316154
0.27255640623209476
0.2179055716459957
0.14900172551324703
0.24867644620753207
0.20775815733543956
0.23474269535243478
0.2943026509219764
0.2247971722493884
0.2505548807874366
0.25904628839205474
0.22953958180534081
0.26427162383267755
0.21994382597351136
0.2112613564253683
0.24606378536771772
0.3155332626829225
0.31673495667960605
0.22417037135141005
0.19528993278086315
0.3023399680552542
0.30779580921883065
0.29407856901912377
0.28352256658266517
0.29608830937902797
0.27814863292282055
0.38740790030994865
0.27057727532671627
0.30496870400205867
0.29355208183407966
0.2815874065144701
0.3330152386043872
0.3894116565624105
0.34585432537649896
0.3827355563465116
0.3205990393308214
0.3687088106907923
0.4272732615007697
0.35158416738422005
0.37817313379701967
0.45044623171200004
0.4601924019480478
0.42147483145709463
0.4135144201748979
0.4908412407935072
0.4866390742582293
0.42645847923165303
0.444032514228874
0.41974050800717455
0.5571680747395987
0.6132303709487763
0.5793621968509952
0.6247301586696072
0.6177098711395832
0.5556866369381017
0.6101726169215502
0.5417219526751846
0.6225746147451612
0.5944305275788666
0.5786530065068674
0.6002064444819613
0.621110545129103
0.6588466490570937
0.6598070113112605
0.5600974367466671
0.6056770924174748
0.6549559436032986
0.6362757095665541
0.566223301663559
0.5825454243448444
0.633019365286023
0.4988513739495568
0.5837125817880953
0.619428841953922
0.5672032640301901
0.5118079818172497
0.43418403122686133
0.4403508096541322
0.5497889898200845
0.46989428563919583
0.5005991261966418
0.4331044224114945
0.4523536078132391
0.4327906888291007
0.40225913776771516
0.3892506761867085
0.4684333411366398
0.4167543657055214
0.5022649722495107
0.4511993136944519
0.410264045605379
0.5264116181946943
0.47979864118421733
0.44637486653256625
0.4605425551657985
0.5033588303306005
0.48938216013207664
0.43620531242944827
0.4854464648191009
0.4826742414018991
0.4695880843911068
0.4766176473791416
0.44746807939805877
0.4120777805990884
0.4875113237986941
0.4805472994501817
0.4418508557147359
0.4178630542406818
0.4494043599313999
0.341623848097521
0.4509789729530312
0.388421157361854
0.33441073291162715
0.28288926453683844
0.3372325262546631
0.33868369133928483
0.3869645573407752
0.4206440901486853
0.38161998076278886
0.3929833515732519
0.3919992165110604
0.4783784082326739
0.4943163010905074
0.4704498260349931
0.38265487680995114
0.4720446403819646
0.43761983673907073
0.4843516297349009
0.515843071598862
0.5175264900261773
0.45164356775666437
0.4520689914384086
0.4506156286378705
0.4266428447031314
0.5011164589357914
0.4632812652897782
0.4914397066939238
0.4541775316748791
0.3769946253328633
0.43162949636178793
0.45940092417121847
0.44867202658908484
0.4251706432636333
0.4040579255136889
0.3837099268474836
0.3208469126515626
0.4287254458481924
0.31443113573024384
0.41239122132799644
0.40490698132606606
0.3684688434225042
0.32035148973307515
0.33083918689517805
0.30387450683949324
0.3397354877164028
0.39957025173112337
0.2882028006813501
0.200677955144115
0.3886706729689484
0.3220895189142403
0.3859182732612275
0.25341247730980637
0.4473461474908504
0.3363751976277218
0.37835061587098306
0.36079083113648186
0.2931804958224977
0.3419627376080674
0.3010104515734544
0.2704343353507709
0.34874591859843584
0.3276180386102836
0.3170882000861186
0.26752650593913474
0.31916078252263974
0.2139919556103843
0.3301287554989085
0.27947933726692253
0.2763769479222884
0.23773373707141568
0.2811132516997642
0.3185988086557625
0.2047405513238903
0.1895754402149631
0.2772236820056908
0.2835730467461586
0.33820135416384894
0.2837754643086784
0.2961856438172862
0.26894132293933065
0.2938109077100178
0.27455074960641035
0.3311408077094542
0.33868431060410353
0.3059135844573785
0.38007920245562354
0.34268906215344785
0.3640425603410071
0.47649011833921595
0.45037612661283244
0.4659666181659573
0.487175400609597
0.5210172405465185
0.4739410298727203
0.47412651821908963
0.5765353868079863
0.6304867978050597
0.5905880333754459
0.5570202430827059
0.7366620764372974
0.6707018942028216
0.6956677358199866
0.7254240124929957
0.7730120412448429
0.8665672351812264
0.8366690783633672
0.8023984835199938
0.9426943447691138
0.824782096084112
0.8102704131360599
0.8343029502405142
0.8889496949865503
0.8346505190839473
0.9232071887632263
0.8544244161100074
0.8048261667022768
0.8863791032288348
0.8351236222495296
0.8068916659660217
0.7686707009242679
0.758804993520745
0.6417696587658193
0.7299446629463412
0.6351730757704985
0.6170524082723372
0.602433033362449
0.5632714977753636
0.5119024456560817
0.4936563357304786
0.500055145097691
0.44603720422816173
0.4617026586231885
0.48508280085224936
0.48246609563501075
0.4851791176851722
0.5137836553409799
0.4310990310078441
0.5011616582777214
0.4777922312172881
0.4941893801642817
0.49684579692135783
0.3829377127729414
0.4089654506025924
0.41325007657907364
0.5093211002563927
0.3967089658130709
0.409856780038502
0.47241362553119803
0.5475270844319791
0.43026292036322367
0.4800323233903031
0.35575876252889177
0.5121526165719834
0.53780543748017
0.31754446323786234
0.5024251779459857
0.5286951714927448
0.4870537629305685
0.4843244997553233
0.5605852943750096
0.48442830511774304
0.40077699552710533
0.5767794426861266
0.54563017995042
0.47455617108174764
0.4928873227221946
0.5945567668552878
0.5647124025757433
0.48403675659502066
0.45956089587682203
0.5739296503591679
0.6079196779638578
0.5919218802148569
0.5649052832324151
0.6033299652430655
0.5113664771425812
0.5934516215162166
0.6083653111247272
0.5284367384109208
0.5236589563901259
0.5346755017102782
0.49863396406428107
0.48135851359052684
0.6066365742452016
0.5351702350778449
0.546344204065229
0.5247244850809316
0.5865743768911769
0.600190172925594
0.6556472491251631
0.6505124984863462
0.7393048334317924
0.7400947312198656
0.6790216787751736
0.812673109694037
0.742892334666829
0.722924621901502
0.7279916318264358
0.765911760616196
0.7907602106162961
0.6339950601327198
0.7202928839875613
0.6866024668733732
0.723367899851411
0.6711637901520318
0.724319522679358
0.7354397151153205
0.7054983570142868
0.6677790263719918
0.6868458010290381
0.754211756773478
0.6487146945023704
0.6684059090279826
0.6136991483051673
0.7241534654982902
0.6657187844864345
0.626301269370182
0.7091302840394583
0.7021171345973473
0.635449125695732
0.7064046536759486
0.7569668066137258
0.6558373077897262
0.617276225737488
0.6012679860376026
0.6942594397759156
0.6552945569529606
0.7290399325009768
0.5991054522457656
0.5954447246337718
0.5457168085955197
0.5659602414408726
0.4983479977960471
0.5052789817621011
0.5146686775135932
0.5217050098822539
0.48562509420325983
0.44430195748737755
0.40745461831177376
0.5455990706376569
0.5402356236851316
0.5544226061727122
0.4595611748266075
0.5207210425730787
0.4944573949141027
0.4938745358035953
0.4747347129879643
0.4606807442577429
0.5777123398562982
0.4684566518263149
0.6168314498528396
0.5568383960461661
0.6137425589520671
0.5657144718887426
0.6191822330149955
0.6441697930968893
0.707075649414023
0.6418021741211335
0.5723336993622087
0.5697770564181261
0.7680383426649064
0.6549599124200376
0.654936239516638
0.6318555179569403
0.6007709434738391
0.5535419784384125
0.6677478870787433
0.6302675378276834
0.602618082047391
0.6019455355172212
0.6715454873809803
0.6238901126877517
0.48505870381847394
0.4810827238864884
0.4726235272519505
0.47943012237949245
0.5170681077649572
0.45066765189894764
0.38778671954744365
0.47151874952178596
0.3451618388606872
0.3741316565280526
0.4176400742556592
0.3326053783024592
0.3573229040637691
0.34230863123329214
0.32270836693191685
0.3363822892959966
0.3417359607295275
0.3579363724267392
0.36046318238991226
0.33554894448715405
0.2520502096863783
0.25930770366202327
0.23638517426878072
0.21096044029679595
0.22094102584068293
0.2380426659830885
0.21639527465695324
0.26782260815581393
0.18476620648536618
0.19591382410888547
0.1324572695630384
0.11579044974015949
0.15206566257149634
0.12942288860813705
0.23613294096144188
0.13859837193043759
0.2119484979151407
0.3031245261345437
0.1648888264357532
0.27856968171309016
0.23223626115828813
0.2142093124976171
0.28403600949825303
0.27702987977969307
0.20627116852430744
0.20019907050773572
0.20629953963775788
0.2310725048256983
0.2143190960880278
0.27789578504662515
0.3004386578440965
0.20739394753586557
0.22420501614969862
0.3285150837354669
0.27335510733722534
0.27085711535126183
0.31803452184470915
0.19818839557002577
0.29174817634766936
0.32244620538030244
0.19893302380627328
0.2091158834640469
0.26735092472525895
0.17944446466800953
0.2855310296063368
0.21807594562462426
0.3348631785972146
0.19513878953447067
0.28180985024971017
0.3469256795967406
0.29505037787302957
0.29066976741510586
0.31771433085691636
0.4077962791295542
0.4418634469833347
0.5162725793813168
0.4145145043889046
0.4765458495941212
0.4405351493857694
0.32426576778318483
0.37471873547772966
0.35159860571670765
0.3958874367977383
0.41954137906880684
0.47359729777288484
0.3416355398830644
0.3413674508294225
0.3622208975879272
0.3227999096196689
0.45468905072862964
0.3165635736748515
0.4506887625887391
0.3756361257512729
0.44676886759215517
0.4965002172061308
0.4422409457223465
0.4099006907469881
0.484526033962634
0.4249713674320935
0.4227121881046413
0.3718143841828037
0.48435738269395634
0.4205447716665768
0.46357364966517545
0.4627944671332305
0.36129162273937254
0.451698568676365
0.38848941576713003
0.41935821886760877
0.37560866613570293
0.42938906858791825
0.37919519619018527
0.45175773698663513
0.4224273749609141
0.43759379526406383
0.28407583888396815
0.3473302006944142
0.4397503658189126
0.36374133117962915
0.29821456941394553
0.42929034086402396
0.27837828075923743
0.33961722910994785
0.31909835076734605
0.327424926338442
0.2934504176994201
0.22274885122076654
0.23925847717230675
0.3112995549873851
0.2695619413560774
0.3289264686010159
0.1405136032612987
0.2680676035511005
0.26320235349541776
0.2780714250485483
0.22839752316709844
0.2604515996066886
0.27394191183798744
0.20195147807406794
0.2205708685371527
0.2571732717979949
0.24068653267149184
0.35162161029433986
0.2143177813433769
0.16000434595188495
0.18299288904041278
0.18785597746189867
0.1834138821763405
0.24190831834477786
0.22732444241124145
0.1836337456901233
0.19071374553601392
0.2739943400188739
0.21630456814441656
0.2618116307161099
0.36985764515199043
0.3292857048797717
0.32530584728609335
0.3864650319767817
0.4328684961286024
0.5024953773548534
0.6525495442092085
0.6214636211871645
0.6037595407645738
0.5210470919186938
0.3652415982077168
0.33918473713451447
0.37099159402307147
0.24616930512011165
0.2757124545977878
0.4066155449350096
0.18429556821280707
0.26459476088388517
0.43733093569058823
0.25761301096676636
0.2518383787908679
0.3436434126383313
0.304897712965723
0.2180233321654097
0.2599284562014158
0.3642504445433058
0.29895219495281095
0.26526104413569596
0.1925899817725514
0.25709988886955165
0.31240240899803734
0.342530353820623
0.3774663024445432
0.2560163789762008
0.3212096478245529
0.3652575823965476
0.21907125217737616
0.25824311032808783
0.20109801459175852
0.28384117248056795
0.3395830490671675
0.22634900000036173
0.23499292874940134
0.3434976158673484
0.3336636435931952
0.3191580796502488
0.2579870460346331
0.22587423883467606
0.28948527280373965
0.23116479778228205
0.3975857189169037
0.3192938635860616
0.29411584715785494
0.3212136404187448
0.3162018678588354
0.2979361433769614
0.19604841250729532
0.3088802581662701
0.4250757231180789
0.33806788890570794
0.3060611742828044
0.32927992131964995
0.335002020184347
0.2155076718343663
0.3017659496918259
0.3711637392094882
0.3672288658853886
0.283395849424258
0.26554452229827974
0.3030859700111746
0.36318829713027145
0.31363943775216313
0.34658118290503537
0.3750549833301769
0.3441338590193266
0.31118042510669985
0.3448677902560292
0.3161451872043416
0.3068838469197162
0.4109402806349971
0.3238411079506937
0.37729878487205837
0.361724326293907
0.34924046096684924
0.28019047003680453
0.3138100880305473
0.4298402708275084
0.28688327719126094
0.3863728146780674
0.29770772855158767
0.3878559703410818
0.30879072070345254
0.3798096887066803
0.29837932497084574
0.2598164218657961
0.3152475186330527
0.3267252182965986
0.3092507946061562
0.3236733496508002
0.40282472038621076
0.339254852801136
0.31345105121243666
0.29677006410184065
0.30179514245127426
0.3769277745924897
0.3729241781209397
0.3821788219902511
0.3950493849070351
0.40257807860543304
0.41804691986375087
0.36265754745887424
0.44171227663991786
0.3219360798345743
0.39466050058118785
0.4498433600087418
0.3708432123053434
0.3586147134986727
0.3596514709369708
0.33805981897714554
0.3740096188435784
0.3148337342670715
0.3368907552264825
0.33136341510898426
0.38312550655149596
0.34036622276196726
0.4080507780366331
0.2941803380619009
0.4607749183083761
0.40222725029721074
0.3680173287102981
0.36816668705237704
0.38808718465123965
0.38453161417432447
0.2550803321508113
0.4241986211401876
0.4018865415739515
0.36409827326087973
0.3114181705996486
0.32512662554473004
0.36749686519457664
0.2713210287340442
0.39332031523876
0.3244040842292394
0.4088851246215872
0.38475312181741594
0.30399324613860434
0.35551530725350877
0.26663769223104766
0.3390511693428738
0.3675800979372263
0.2868423075434109
0.3410956786405978
0.3301710843787571
0.403267697918801
0.3507214274027133
0.36752503874769055
0.40973915025164753
0.4400128649755263
0.4723230449510023
0.46945634155284344
0.43250485165711144
0.441838443768357
0.44472984815119393
0.43211681082840614
0.4036730812448499
0.34879779107951514
0.42430370788321914
0.382427177251487
0.376797201222519
0.3691987902187779
0.34620751983132825
0.32790758687464927
0.37966489309815504
0.39655736848809103
0.3688736697863043
0.5045141747768436
0.4396688775943475
0.45898803286764567
0.43465715308332986
0.3357409582233003
0.41159443572734344
0.36570505518657226
0.46119764629704957
0.4955808277939757
0.41289904762455604
0.35849747317502995
0.3779616040372133
0.417969860089581
0.3704716833527979
0.4392429880149522
0.47189386898154795
0.36874682151867966
0.38144040730777584
0.2532539137988262
0.4168944050227651
0.40479570350916955
0.36674015618992833
0.36191281925466995
0.3960628680196223
0.4062452752449999
0.3409462018924364
0.4509211210638536
0.3611507592605615
0.4072527550753818
0.4143949955747486
0.33561980533506874
0.3398823947020153
0.32173252053125967
0.34625722029766437
0.3732317342701963
0.3285980015972412
0.32443197404118285
0.3185360874988659
0.35395150452498225
0.3361860811374737
0.32388679721675706
0.35061710328163126
0.31393818401697016
0.3378411001063732
0.1487110740284256
0.20691202749046567
0.26816941922262827
0.23876903832798752
0.23350498299125536
0.3140270311493225
0.25623611935330304
0.3102058799432835
0.3140815353749225
0.36881106476602066
0.21676009761429915
0.2751231051186788
0.25037798464979677
0.2744353809697754
0.3544683084020578
0.3572332410846887
0.3713256349689554
0.42673944445032186
0.40950180811571485
0.38428156359532956
0.42318834405117634
0.3745580088744449
0.4790518521730456
0.3513242182128082
0.3320000800924434
0.4038551092638237
0.28849618955844347
0.3079223647374633
0.3197966096993068
0.44651242368030447
0.390012970317796
0.37300308493874584
0.379928941836264
0.4096204731938534
0.3732079286730323
0.2794658344980284
0.318644372168858
0.3567060208892413
0.3416592685270976
0.2716973613031731
0.2719530712440792
0.295174562660793
0.3065363146235565
0.29305224817936826
0.28565459794125647
0.3071844007486471
0.2620918615960568
0.34450538189774405
0.3110690140932205
0.2425346822745169
0.304589617356189
0.3765831681729118
0.32329683529157693
0.30886174358072116
0.2861713880450004
0.2781270642849677
0.369997565986371
0.3713938956147283
0.31470759101404844
0.3040366630257573
0.40845142681875085
0.36555904088837704
0.31611768135821133
0.30632515558649703
0.4122285946334381
0.3834270932862559
0.4325851193250485
0.3716098268931322
0.4217491644190188
0.4099298663948827
0.3933467597485605
0.40021213195501215
0.40919870766351774
0.44209750024621264
0.4502105220737648
0.48838159557958016
0.3944492899804231
0.507699073729815
0.3755222563405705
0.4306351957839166
0.41409381570340925
0.4937525483424407
0.4496445418278264
0.5090001283274108
0.39109113061296635
0.40279007653471927
0.462186382049353
0.49145417417071435
0.442254731520044
0.4928796159321669
0.4363468301633391
0.5641660307984223
0.3898556744758256
0.44855481234112005
0.5325349496525567
0.5420514879134068
0.4266423565217117
0.5036663608216323
0.4937259026074286
0.4237805259746159
0.4900463731089173
0.5557648677943282
0.5418497278609578
0.49146604593878795
0.48136021010742824
0.5538326908100836
0.5657119896742366
0.4994987407613696
0.4849073141762038
0.4267929679417394
0.5776146608479245
0.6604708262815266
0.5416858733718798
0.5279374808685083
0.5581272519067648
0.6551462072981422
0.49705815662328506
0.5282571819409227
0.5197199706012108
0.47309720317080506
0.4772457201770721
0.4816565177788087
0.48673196587329
0.5015288005195266
0.4510321962199972
0.4901650360897286
0.5531426455642494
0.5057275037775427
0.4913361331053029
0.5177297712485234
0.5021279243557365
0.5267176007818521
0.552313011900044
0.4872722978610302
0.5254454756382401
0.5220602916043362
0.47776828019161177
0.4954832708176093
0.39976177185585104
0.46562748876486976
0.5812655470613748
0.511974282060678
0.5442303827250587
0.4693300005463631
0.4943182965511196
0.4673171649784325
0.47322446553920156
0.43784052679934554
0.41680978790126294
0.51143924799595
0.43791133893189294
0.44333100999649033
0.38560441615594454
0.42719395368711727
0.4275148730998971
0.5570899084137059
0.418339947796108
0.4122396326326583
0.4185022038790026
0.40334784847934146
0.391739462512361
0.4177807459389862
0.36611026681965
0.3811510289193128
0.4314131535406627
0.36494325678987594
0.41048104441557487
0.49695541047209846
0.4535220438279104
0.3241537766666428
0.4004338965834954
0.3692656564217103
0.48771570166709755
0.43107183369358265
0.4792561922997224
0.4564871277166305
0.45213534963091495
0.537791419374213
0.5256356769027486
0.4380115555887031
0.45270926982183624
0.4306739419983943
0.4853038941467096
0.5551634774235263
0.5035535315860389
0.4551830569682335
0.4175353491078417
0.4660908641541919
0.5333201166261343
0.5033332480032932
0.45330380325599234
0.46220384261361913
0.44207189655550005
0.3738617523643621
0.3753719479915577
0.4571304379758673
0.47266703917905706
0.4154806210901231
0.33730721922813744
0.32256860836534706
0.3848931203051873
0.38995638165912905
0.4060511068967292
0.2739093107628481
0.3728336592442812
