0.26559356549927954
0.3502715804127332
0.3369204819551956
0.32283047930843417
0.30861263132358374
0.28042162595709724
0.2793664248366419
0.350904660549168
0.3668609432784925
0.35252556534063983
0.35946455150312107
0.3657164233733923
0.3887012172707564
0.26984190582361384
0.3487825435139257
0.30052611171996035
0.3075275892039395
0.29519219964759236
0.30430278186312965
0.3318120895899609
0.3687118466056093
0.29449013330631946
0.26909987510564043
0.29672817962855447
0.3029860510134603
0.33060274899504205
0.3212191233601835
0.31784721709416613
0.2777236043130258
0.31195374215846705
0.30783018751072305
0.23696542619671376
0.35114097154821117
0.32052139766423965
0.27435621645404923
0.3292049507046396
0.29276729987604955
0.34401397081764173
0.27007725688290135
0.29110444779208433
0.31671275701462287
0.3210158802101593
0.29084547691180906
0.29662115795042504
0.31959657695300037
0.28624912392580315
0.2936149117331957
0.3210759075003118
0.3403675966328045
0.28583497882154724
0.3479974833362922
0.3400762484712034
0.39183632452807027
0.3545973446153788
0.33090508769675386
0.3331248440860543
0.3449398570937724
0.3310825021326034
0.4460246558840828
0.3931074661755426
0.3534066907387702
0.4004469476786472
0.43302879712715153
0.39294786320304353
0.3832751433017589
0.40098480379111784
0.426054731441815
0.4030939139296663
0.4286764436744428
0.403413595713219
0.41818597683145214
0.39725047476181224
0.41951823426267904
0.3857566544697885
0.47922118159572
0.41632019793587294
0.3866612616420352
0.41281543780320723
0.47082263869533947
0.435094435823142
0.4535769794150111
0.42599464025771283
0.4573250004478244
0.4705421668608992
0.5156352946577802
0.4319341215938924
0.503716347263563
0.511043555785231
0.5383086624968282
0.5611262002449924
0.5649598229261905
0.5756848022919518
0.5499840131257685
0.5544140377827615
0.5639423250530333
0.5760719518580859
0.5931265331141475
0.5245541614001301
0.5619820384793242
0.6381904973017436
0.583312501939809
0.6073397241763838
0.6261851146647844
0.6253062919798902
0.6256161914509835
0.6330623171947878
0.639896743052265
0.6687939082500494
0.5706186319737605
0.5462585290928103
0.5719280351416103
0.5714412407306291
0.5942993245604922
0.6690009655411441
0.5892015314458038
0.4925873775963132
0.5488884027225349
0.5344500984923626
0.5465548927275353
0.5181555935085972
0.49847080397141885
0.5562770712715319
0.5577358361844783
0.46088889770079483
0.4466687819809263
0.47984238605843166
0.4864424389849936
0.48412889190467284
0.5044756801711556
0.5288575265478683
0.502990356139464
0.5090755856656937
0.5664712862692107
0.45322931618303164
0.4903910881771576
0.43389078687441435
0.5158292384070331
0.48775856559457625
0.51008237863675
0.5039778970384015
0.5077878723997337
0.4588849341910369
0.48868840122266705
0.485058868787064
0.48643654460510977
0.497714277260876
0.4598626748927818
0.41742485580961386
0.4652929815375197
0.46176623293435326
0.4816719772607555
0.4604455504314508
0.38015801950800415
0.3327396010438143
0.3747402313627302
0.43174287005415113
0.42135845137234984
0.3875096321523612
0.42037862577553
0.4004379786305654
0.4188836597121726
0.48248632697324423
0.5292274078628345
0.5004980903132834
0.514334118734721
0.4542688855107821
0.47867327789269054
0.5006718245722116
0.47076909786075594
0.4899892380143845
0.5586351916056378
0.5505312271848469
0.4969758527461006
0.4240600517544099
0.48925767674482723
0.5189574032244509
0.5099992717513587
0.46531271920503425
0.5124397294508308
0.49868539389300515
0.4010433569406558
0.44142599709995506
0.4204183484778125
0.3872606758285266
0.411240994052401
0.3935991090823052
0.366690173909986
0.3928438748882592
0.43202388889814375
0.361532146035163
0.3862387244572355
0.39681203284737704
0.42079203313980884
0.38186019913636193
0.35929771251539644
0.412038311838111
0.37470769682248534
0.3754216839181273
0.4245674754274155
0.3470498094369999
0.35655604048592265
0.40561049442046937
0.3839656009433091
0.4134154961971743
0.344211187316368
0.35944005807708745
0.4301565574057229
0.4513352987741805
0.3862157484221393
0.3192095725736768
0.4141110494085181
0.43218653656692746
0.3636551807472723
0.4020103324491303
0.3543137600222602
0.4143177594502495
0.3464156462007043
0.37260736923491444
0.30643793787835855
0.4133001684617452
0.358040697345232
0.3674584172773625
0.314241798073285
0.41010965104398023
0.4036690349354568
0.374207286676195
0.3039202350157359
0.32115131790308804
0.376641981557334
0.3915781576307907
0.3543423738985504
0.36751744837047545
0.3996091515288171
0.47326526268674657
0.402675220303334
0.4871625323332698
0.44591821695957756
0.42560488486386794
0.43566544933272955
0.5688363187175446
0.5246963302340627
0.513116254129959
0.5574999698929992
0.6066591844674354
0.5931261892383616
0.6519492103874016
0.6004050311595719
0.64598220146699
0.6909088263343487
0.7550015041983958
0.7399530168710536
0.7745806906961767
0.7937429543502174
0.7886111475143238
0.7536087469228991
0.8853897383478235
0.8101089426664606
0.8466773949665656
0.8432596356889319
0.8769080426552515
0.8335626355442787
0.8422993021570883
0.8435228343634473
0.825476628616471
0.7812569369777399
0.8742133416306159
0.7195101465212153
0.8003685807719694
0.8054251440473417
0.7546805461117219
0.7373311353980421
0.6423249774311175
0.6687359150790029
0.6316196758983376
0.6238237925364224
0.5286500986843193
0.555402192773248
0.46473345378901043
0.5698650366042072
0.5433626490115644
0.45914713977041244
0.6119858523531865
0.5643621973520848
0.5500878928350629
0.4291166826882844
0.5381278123853583
0.5294673270274664
0.44616105057610767
0.47952068114517443
0.5269226191958327
0.45666279168407403
0.5095603499553946
0.47367377740254335
0.6006455741202218
0.5011014645315863
0.531249168772218
0.48089624895752253
0.5206413682855222
0.45953117857738623
0.5725681915152631
0.49023930695334383
0.5335816657509783
0.5137395622815211
0.5410577426658356
0.5197536605909848
0.5952240728865841
0.5562768820754221
0.6528507893671335
0.6049305082201091
0.5224429061421825
0.5894761457571231
0.5548944502236544
0.6280770457803173
0.5454027281463634
0.6153045661783745
0.6982300223324555
0.6616220160441901
0.7121351251749921
0.5324315088969254
0.5326652529552808
0.6459952195323104
0.6715610595145362
0.6741877590429668
0.6239707070981334
0.6046924970229229
0.6224443691026106
0.6760098327194212
0.6160126856914881
0.571898151424147
0.5819132320703293
0.6310931310722909
0.6354409581733493
0.5972318179608483
0.5702131769526895
0.6560103351396303
0.5947580473628189
0.6391837890101992
0.6466400917548396
0.6130862332466779
0.667589867135918
0.659349237596627
0.738198504506157
0.6919149635421191
0.7260635664466909
0.6887534866975932
0.7030387262942274
0.6501477366062175
0.6894482257500034
0.7533468933920044
0.6638757311122432
0.6692493677532931
0.6838948833540257
0.6245429354834231
0.721478052356227
0.6498342116215731
0.6520455282788216
0.7151447606446104
0.6604955413064553
0.7479827460836921
0.7091805465274368
0.666671118766544
0.6485202109944617
0.66248468038358
0.6258125796163608
0.6985613039890165
0.6737234811130183
0.665829634624324
0.6081883655465684
0.6474366450506142
0.6994247007596855
0.6417902723420955
0.6522770527619172
0.6254605546852285
0.5586224416143049
0.6041217920708105
0.5461898620723147
0.5749585965664586
0.6504193815447311
0.5316249258593684
0.5742890050992544
0.5969297985172282
0.594709935757291
0.5111003517222712
0.5657608248553999
0.4919490806546576
0.5390627727475191
0.4639123891336752
0.5104120508624038
0.5127714572113369
0.45578504823918886
0.45676091787977635
0.5342192111015731
0.4353468210151419
0.49170830371815544
0.5006878370147899
0.405670285177742
0.5307486236426844
0.4838049154434106
0.6028350569498775
0.5496343946751753
0.47285112135800433
0.5903887136927529
0.5976336703634367
0.5935393704230079
0.6017980256734353
0.5944586023271476
0.6577694896291293
0.6275978807218127
0.6020069216843389
0.5159142612441876
0.6004880164761077
0.5455795602860232
0.5687476700950015
0.455231459888847
0.6159102443875959
0.5535015743439727
0.5475541314410963
0.543810825818415
0.5135185474096582
0.5380803177559021
0.5528688123086146
0.5109555565907721
0.4822666017101558
0.4391358106081945
0.40163811233114965
0.4644132012823049
0.47013689357210875
0.5072089623272831
0.3967138269220886
0.4657079724501926
0.40190767144254597
0.38773312723242936
0.3232219530872959
0.3715925585799297
0.32759036707612127
0.3632616444589568
0.3764983437035466
0.40139792575602107
0.3584733359516608
0.34814085537310746
0.3478215883394525
0.3296014476316721
0.2680853408511621
0.25137608453558147
0.3043625615250462
0.30137157676543797
0.23137119294477773
0.25266300358531063
0.2677663631048094
0.20435786038291945
0.19366886305473152
0.22715279205183575
0.0812450848419039
0.20134538342193165
0.2642149385007725
0.14362914612322406
0.19071898854913222
0.2175381120882208
0.2387108763380807
0.15007117982690843
0.28893617196956456
0.20296019907581064
0.34171511056504617
0.27822925306141416
0.19857922698399016
0.36958306854717504
0.29312226930224206
0.27471850781141316
0.32456316431167054
0.2959353882218914
0.2653112009310742
0.27659962239117825
0.28828822659914477
0.2753754346290661
0.36427186260845934
0.3778509277910257
0.3862884068309281
0.37447130910602994
0.4159379372082138
0.33695319559610615
0.2799741270332638
0.37633791531672833
0.3530787263540476
0.399062845372877
0.3524120633517505
0.3141386497897309
0.39550320538001166
0.40790317300519074
0.39124002835216654
0.3231516302719511
0.38877540558651685
0.3812170744737015
0.40202344092262443
0.4003393547242321
0.5121567145827088
0.5189594773694238
0.49408246799957817
0.45081542339669184
0.49446129238990866
0.5091666828931318
0.46384092077327294
0.43229119849152603
0.42571469630466335
0.5049400685800309
0.5291740773888353
0.4468189146885222
0.385890798969048
0.5763421899518066
0.4398908554391174
0.46887913391655506
0.38499293957623665
0.49398057226119446
0.5133566021069628
0.4613798684653326
0.5459138118208864
0.5531238424054018
0.5400814835113068
0.5877677280662752
0.598245455081925
0.5412212442555239
0.529731190021661
0.5539109571933076
0.48658505977408656
0.561385127250497
0.4601722885727664
0.5693039468042487
0.499563572702495
0.5013405096462955
0.44495671230324835
0.52602976540151
0.42879420621658737
0.42408533025607326
0.5150062080512279
0.4708652577540614
0.42489682855526006
0.4295913149392164
0.44403186185310284
0.412020113161334
0.4987669181151133
0.33294717285178294
0.45494930746039014
0.46406884935749104
0.4619209096831046
0.4510908287268035
0.44324526733468805
0.3805928235853484
0.3936170644557149
0.39348508815928035
0.4081562930547997
0.35787553824242546
0.4219295148935156
0.384100040998347
0.44969531994801015
0.4254412918050751
0.3674212228123995
0.29367989086296614
0.2976405406073608
0.3195291591463599
0.3536116603298429
0.32880510806279606
0.3975725778582231
0.25358521115596716
0.44914986210255525
0.4176741696995303
0.3010660204292308
0.39648691735060204
0.3183648617476158
0.3613299031333737
0.31954824695594525
0.2311629386326038
0.3205429059893023
0.37853519497086596
0.297982784452435
0.2816647640891176
0.4168583842290711
0.2925868057262022
0.3205299184638154
0.31477994383587804
0.4059867050683568
0.37287175354609536
0.34401231948144484
0.5601524322083218
0.48485148502583897
0.6272087565555695
0.6135112290035935
0.462620599370262
0.48207228962515103
0.48629600039120413
0.36894462154954016
0.36431444351515674
0.3324305612024639
0.3693188342630801
0.42871348496291667
0.3214744303169934
0.33244692375462465
0.34109472908361915
0.31748323882482393
0.31848242824612816
0.3834016896049865
0.29644053110398777
0.38822759253881556
0.23297997598851256
0.35586078322145864
0.29586354067234766
0.30054438393702404
0.2536761997965654
0.33399625020207413
0.42882587933767147
0.32141804248318345
0.27994377506289847
0.3502748865991711
0.28389909767927085
0.3472661618052477
0.30429554548217735
0.34280647763777694
0.26244294448265754
0.2814374992862249
0.35842100179518216
0.3816763028550851
0.4145007977017331
0.35428258175806626
0.38153341347369774
0.34223889526872114
0.3639522191701373
0.3966229647913614
0.33357956289670254
0.31748120693435905
0.40389227048703613
0.428081190143473
0.3430952748622715
0.38800494360696447
0.35195004106292865
0.4170105768281011
0.4639657789120881
0.38230454605430236
0.406463535269846
0.35797292735802977
0.38883625407383726
0.4440069392305197
0.4889390340541109
0.37532001795825853
0.3413273428362073
0.3624521249595575
0.38609058109157046
0.4469562989231504
0.3721768435932373
0.47828274663287046
0.4062214795908958
0.36661506954216405
0.3750353896208443
0.4026828255895732
0.4862784762761445
0.42852154404272097
0.4900043423949988
0.5215310379697597
0.5615719572763728
0.4249644592274596
0.43019819096932554
0.38165335864208605
0.4295560591236887
0.43882501173042177
0.39511357303454403
0.43576050844268177
0.4075829695583202
0.4705899921752359
0.38822287832194796
0.415679332889677
0.38908218677735995
0.3207961080225199
0.4035362751163045
0.42791694999040697
0.3845754733844218
0.39646468110199895
0.41190026906949057
0.3825061170430563
0.41897801207528385
0.503872399341168
0.46917244693016386
0.4288128251673547
0.41870928881301195
0.4599175651851328
0.39334028331546367
0.49749055749697946
0.5621457301445665
0.5148335542774665
0.5683881089894877
0.4772785138793183
0.6111421468757806
0.5420719234662003
0.5893797432831241
0.6149606735742845
0.4937672263234766
0.4776966678979906
0.49601891545247484
0.45084242994329105
0.4091311107857795
0.5133577822700721
0.4487141505766672
0.4749890310632146
0.4690946115652835
0.4193847787972166
0.46182593120019455
0.4385846922845864
0.4284172476992774
0.5163434769333294
0.5111501841721628
0.4954475530869497
0.45070405869227825
0.43922734340125213
0.3877822693125035
0.4554608904037238
0.47926244232225723
0.4727519478502251
0.5089372444675802
0.3776623726500587
0.4500706982145194
0.4240585609411497
0.5259596142638804
0.4341065605561033
0.4432135160313958
0.39212796300042463
0.40624890429974686
0.46719261539315593
0.43242971685304293
0.30713038797346337
0.3562834548504562
0.32462647563169755
0.3203917346095363
0.4205951100561962
0.46842640597104507
0.4899765190366603
0.4113736631758983
0.48304901046410537
0.43687337846297647
0.4167770733759565
0.5436434154952084
0.48491552203414745
0.497855647347227
0.38757473945313753
0.49553946088830003
0.46102881743535745
0.45547290640506566
0.40408816736955677
0.40641146441482917
0.4852331796467525
0.4604875297592014
0.4487607563127206
0.4704294618237285
0.34120974057994147
0.48403985930072824
0.41906328235002244
0.5022944691008735
0.5199212435323962
0.4886017258575145
0.3581777351433221
0.49380147200438773
0.3842061691378268
0.4324444898077986
0.42631719270575086
0.4068532163556348
0.4096866635076013
0.4114982490723219
0.4706485193453119
0.45402508467792707
0.42890481819009874
0.3131920145197745
0.4760437746391811
0.4341860015067517
0.3845577206297175
0.3228412560592707
0.4344782820219125
0.35433226084681635
0.4721400819742294
0.40071601219602476
0.5384107758274296
0.39552990054563164
0.500914290363621
0.4668294400558556
0.5302646231981182
0.4556198403470081
0.459964214891722
0.5150798946507162
0.335398251310386
0.4987860177448571
0.3487495574341981
0.5156455781111966
0.45508210691806594
0.49790060211383474
0.44552665520722623
0.4239003846687619
0.3584496674881922
0.3593866082339941
0.3333499518118812
0.36901603586809356
0.3954328536289814
0.3940513864850385
0.41889014607343994
0.3047261385733204
0.3238944492040093
0.30713660633705986
0.3274131129462439
0.35011665497987
0.3775950783430042
0.29339065193978914
0.3561535143561651
0.4086107971310683
0.3915263877262047
0.28103807203003406
0.4599353030866198
0.4946091248305923
0.4049322927191499
0.2919350538261462
0.4437106969910919
0.353609837970775
0.5287475462377101
0.48749541041793065
0.5576616061754242
0.38754836951950067
0.4589844976131106
0.38953473815910505
0.3175082814134393
0.44764922900009874
0.4538810078243497
0.33933024659716926
0.4673604650916965
0.4235814690451988
0.45290918670852753
0.357016375201477
0.4798531990539147
0.42383412752063376
0.49881822166810424
0.41982036591603267
0.4147843302395908
0.4275736062989971
0.3408145751825637
0.3401394816840021
0.331805468142329
0.37917646480087475
0.3712964637509383
0.3792762865202872
0.3824521279840363
0.4255042583709828
0.44768707596780194
0.3400605073207032
0.46423248257771704
0.419683003163211
0.3358097304438321
0.3467252336684058
0.3971277104015748
0.4679455817666218
0.42224682812522407
0.32792672857549454
0.4139429526334512
0.37715281669566947
0.41501053897575224
0.3522686389593894
0.3851018560282659
0.39181964058639174
0.37629687484572366
0.3477553119209321
0.4482954468860454
0.6007123172486678
0.3595480127341423
0.42917631094890923
0.34222699898391584
0.4005241532540633
0.3907243827906648
0.39535323048378923
0.3634798180304679
0.5081601946660449
0.5723964432037367
0.47716975591870825
0.5197832162449262
0.4550231881512566
0.4668567124389417
0.471741332099615
0.5474837949729421
0.46827875703532534
0.4746491612007069
0.4023111248567307
0.4263272402758372
0.4222396290484389
0.4034044986921729
0.5401503745159173
0.3391512664008563
0.49556316415488544
0.5442677913456688
0.4737149271699455
0.43802945799542026
0.5623682269242507
0.4897008219401384
0.4515609674601863
0.5545043006423531
0.5278823232859939
0.47004961125480077
0.5522126374443171
0.6103220486942227
0.5583602693653218
0.5068316307977663
0.5676962588234754
0.6002534135655162
0.5948006876009008
0.43754549193575226
0.5291647112527182
0.5285608945896666
0.5092474123595114
0.5982678336994216
0.635765638295343
0.6664408644762343
0.6018994771987636
0.5935869607011868
0.5309666573090656
0.580063663620611
0.524861985646816
0.5644496170456567
0.5291332161243312
0.496118040297806
0.5497901416776176
0.5535551781162662
0.45840261524672293
0.4288886261333368
0.5464664808289497
0.5850162416513189
0.5151622354346358
0.4017355187225568
0.48193814458840917
0.5136009667392245
0.5304748675877139
0.5514465037120133
0.5077190616030555
0.5399133633938602
0.5546046205791835
0.4991170468625361
0.5474253621946451
0.5557704751296655
0.47754541393113314
0.5618153982846407
0.513665761695492
0.46835475258372206
0.5177747533397853
0.47414171581948544
0.4623757436753803
0.4720792864397788
0.5531406435596464
0.460023527062029
0.4428395304884744
0.44921383617742405
0.45481029335579437
0.46200699281613417
0.41717405281706416
0.5135801427474996
0.42561087100411543
0.43828843322875227
0.41687322850192426
0.43487752558634535
0.5110928237358826
0.45233207328853126
0.41647235595872756
0.4590804705380428
0.4078531061188064
0.35784410956457
0.4687867792173508
0.44946432694804794
0.4527965006652027
0.5169783092377791
0.47794422227579914
0.5320485876519184
0.4966120555124515
0.4885743463194473
0.4199702999387105
0.5123999006997001
0.47095430451476894
0.44795219306933753
0.5819324334313689
0.4702672406266552
0.5211306398839679
0.4940547215610101
0.4741988703511199
0.6254700898904458
0.4968729530063431
0.5134465085862476
0.5296669373528899
0.5848757297591806
0.5141797217986374
0.5902334598031713
0.4128946438940628
0.5125382572002045
0.4919358350701388
0.5056531608903625
0.5452424400058188
0.4333071462043614
0.4721513351137203
0.476938102018325
0.4425461399018474
0.29551849274551373
0.3285295750804975
0.32392471781764987
0.33944815806219597
0.406740587379396
0.43293901309894656
