0.2251230694582824
0.25417236951507227
0.2254878081586714
0.1976432908457026
0.2302935301105809
0.2365982083119953
0.271818802955353
0.30941074368168037
0.26252114371103596
0.21354623202910078
0.3005768576360027
0.2093351397983508
0.28966081796964094
0.24949479104101452
0.2645237524984247
0.22583868721117728
0.24192959769954636
0.25403447655593453
0.177261338165119
0.25049608799661516
0.1862066961934192
0.24524837344387332
0.16955109307125457
0.23654168933735636
0.15459529022387794
0.2077401627182166
0.2602611824610247
0.2128852198012467
0.20392249853500546
0.24894467521130076
0.22882299605669465
0.17773648582057605
0.23929539930352173
0.21726538485998345
0.1947347055128547
0.2749749212274888
0.2721314229333536
0.19691688165856597
0.1671359099633637
0.11867980110041637
0.12199642525217926
0.25187218491398405
0.15614754239806372
0.18970866846594153
0.2787939174493091
0.15878736882766842
0.15719187975875287
0.28286882562294346
0.19554715670811296
0.18557028979928678
0.19564318063794794
0.2345557474583724
0.1802093711798416
0.3224372618492861
0.2281436024398435
0.25552455668031926
0.30498639758618984
0.28475870576178286
0.23491244929854438
0.24151800954629735
0.3215935483463072
0.29572571496506017
0.28633569133299686
0.2786834096915633
0.33378112206866273
0.2899973898489608
0.33187037435801503
0.31129109128363275
0.2803912945543361
0.31206606192485714
0.4545722705636327
0.3029854704278131
0.3013215837486579
0.351702241209196
0.3369539184063438
0.43609350824258547
0.34464604529575904
0.3565283627528533
0.4587489337182795
0.4252318112886212
0.40906019686402534
0.34979127407478483
0.4602044000539014
0.45637960583806053
0.4507404101587996
0.4514627221960029
0.38078813916623677
0.4197021675720686
0.5309843821107401
0.44587195346530245
0.5571734611792875
0.48651308614812494
0.5604334189581883
0.5361874464069855
0.5755143547150013
0.4935414152436044
0.6093432522791868
0.5222404170390362
0.48563434852154874
0.4697361373458874
0.5491545267680256
0.553382430950007
0.5095757819636889
0.6319628410195495
0.6233527095673596
0.5089077667706388
0.5989541085736054
0.596668878259853
0.5937104099716075
0.5986613191731864
0.474688749870918
0.6340856803928008
0.4872379878816098
0.49018936766658194
0.5015984438516283
0.48468006961559806
0.40385008001529266
0.4459593820580536
0.5018525849173063
0.389877930965317
0.4060679980606411
0.4557145200142365
0.3981533184497079
0.46572709039254906
0.48168222529911364
0.49066662674889727
0.512453467595883
0.5015161748165239
0.5062727179525705
0.44683189895895203
0.49386966575562413
0.5634957614643028
0.4458845845880467
0.4433072814102328
0.5340551618944478
0.5027068611331464
0.4948938019976984
0.4962350861572986
0.5596959046971933
0.45393008415087277
0.47441396437624206
0.4544310224044059
0.4585965854439234
0.39918418244751214
0.4243189712422224
0.41740690203026487
0.4051310523923203
0.4139820727066218
0.4051742763943543
0.39271329880322314
0.4211625343717408
0.48050523623199565
0.36398623370019245
0.4135450648682347
0.3141376466342688
0.3996476760977976
0.36400335185294685
0.4556460895524165
0.48657174667390146
0.48974257253659953
0.47657768971074865
0.40280461379992
0.4304178039201977
0.5043813842862586
0.43871512014442793
0.5118650536416721
0.44556312753491784
0.5508950865564762
0.4500393698298275
0.5051724590201327
0.5060151913145876
0.49121284439768365
0.4194971774294023
0.4077164655716058
0.4465657862815024
0.48475712454703557
0.4211726476997757
0.32223884574174716
0.43165434980338024
0.4670447400094935
0.47600643419896627
0.3893201458411821
0.46145583947998803
0.37956877156039925
0.5319059978679943
0.3987674434143924
0.41673798682787994
0.3433401367096824
0.30177460642257076
0.2947106246845783
0.29232012055166356
0.3382896673845667
0.4127534707074854
0.34529811569533225
0.28823501909048727
0.31173614899890073
0.2835127283758191
0.37384330639131835
0.3299475713570417
0.34165840666363934
0.4227897128189222
0.4253134654413151
0.4261367892700044
0.42079475782992626
0.33365138373955866
0.2752219427978364
0.45264374890830483
0.44624910076546664
0.44452570189880897
0.4732320376546054
0.3977399786253981
0.41400799818212985
0.353510100869228
0.42150754662785966
0.3266460718249598
0.33569855724536646
0.356903821605753
0.3604130732926197
0.40726330839216557
0.33234790617043175
0.363262230116519
0.40745289548251096
0.2863823946273162
0.34669201073118566
0.2871944880502686
0.4061936125866429
0.38814172618071363
0.39885559598159465
0.3130925342242186
0.3522579907750283
0.34546097585557606
0.29503187037187867
0.4247903381146638
0.38514260871052836
0.43862088321659864
0.37586923112301696
0.5019597467725802
0.45063548593004
0.49318162225566886
0.40256625141029356
0.4473600098083662
0.5492003541028463
0.4701038704988221
0.5822844406361405
0.513343054921768
0.652379446166983
0.7305461978138699
0.7039379759682631
0.7914126774620679
0.7267754686215959
0.7427393023787148
0.7759327697985628
0.8108796537517807
0.8425180302489914
0.8164101466506946
0.8665922200267449
0.9534384026049194
0.9288906951059699
0.7781430910709032
0.9680312494150249
0.8477743649324627
0.793778384230349
0.9535104826913701
0.8847023628220275
0.82495305261224
0.8686799863089489
0.7683498812322391
0.7870303101077618
0.779772210860534
0.82325000436988
0.6593073845517984
0.64709737443971
0.6891848642727658
0.6557045480099815
0.7099568355027154
0.5914899741315499
0.5514579370224046
0.5541413917144347
0.6061653503100384
0.633421407800552
0.5819376010883418
0.4480626505671609
0.5243938059026976
0.5243902852050243
0.47688709829180453
0.4887992350664463
0.5920279032646165
0.5879623590310792
0.48403206041517205
0.48296171501613505
0.4261018215519508
0.48113829238476813
0.44997589933680715
0.5145938385559288
0.5248868721737568
0.52500240932251
0.542648582429512
0.531006184402987
0.5781209714199927
0.5654310418674177
0.5243647489897518
0.6246532639656717
0.5198931307097441
0.6352327546868358
0.5410619874611096
0.5100308804855785
0.5469926274855165
0.5936447303647653
0.6613840693141073
0.60783578871004
0.6330651045182327
0.5179871439988902
0.5804125067578181
0.6849858273323414
0.6075921799850074
0.5619147686201209
0.6494039496029484
0.5301287980300953
0.6754975049534604
0.6517413172343234
0.629636801604843
0.6403530007687269
0.636632479948449
0.6536146531933038
0.6158163016484179
0.6747695734364848
0.6329386618844683
0.6963536766435057
0.6266194124575425
0.6552518371161619
0.6003744311562901
0.602476415354556
0.5077159870542459
0.5394005578322321
0.6157991022964742
0.7446146751356801
0.7183434795129487
0.6840906254854131
0.7017523256129641
0.7369966019069041
0.740874401217963
0.7734469576523294
0.7449454533598675
0.6538565672726606
0.7271156225628621
0.8008140311703233
0.8206502183142478
0.728250452515024
0.7395486651535105
0.7451016607651592
0.7244517325365647
0.7787736604210234
0.6814789310418053
0.6751977510179961
0.7312008145208448
0.767763306966531
0.6544075911696439
0.71707634818857
0.8116464691431302
0.6366259059133217
0.712640257963006
0.7043067541733593
0.6887980957984317
0.7408389004365293
0.7392473306231399
0.6593196536873172
0.723873113312043
0.7202434277314198
0.7233038140188974
0.6764908673226321
0.7585139779755568
0.5885207119296981
0.6509771287297236
0.6663925258067759
0.5779177515436213
0.5278350771324116
0.6028803893792452
0.626566375130585
0.518754754026581
0.419063142349121
0.4526215846288323
0.6578169393409824
0.6196357144034841
0.5716838554813111
0.4863711623620559
0.5675726289557796
0.44355771086716644
0.5710587531300428
0.616583704649168
0.5383160837742573
0.5194514802612209
0.5963998560480936
0.5028624970449073
0.4512148328480597
0.43839248911218043
0.6193917858404234
0.6587871345277176
0.5640060134508006
0.5202099253178204
0.5510967630284099
0.5630850596838836
0.5715860879383501
0.5013786171914427
0.5917824449336231
0.5011143553596362
0.6549018983626649
0.5260837841747863
0.532463235052562
0.5856894548782303
0.6570402808723346
0.6311319241368991
0.6184776664419123
0.5742281322835208
0.6380468235435004
0.5191713108264056
0.6860645467851754
0.48583129188653973
0.5278041458198596
0.6015847317259365
0.49642506994597346
0.4902504455728033
0.482515645100286
0.5319729245952096
0.5403816399087445
0.42328504770855263
0.40397348046874376
0.3977806104517861
0.403604016719347
0.3762594793855093
0.37774284787003365
0.4001143259791662
0.3855562107276402
0.34334144519432824
0.41018388951058954
0.3038735453413174
0.3577506113803081
0.39288921839643876
0.33844446217190105
0.3788165968167686
0.22983169081629728
0.21046192508029732
0.3673202457595738
0.26357580799701685
0.266153313614947
0.2321258770907087
0.2717220494724966
0.252885323314717
0.22085071597230205
0.3046729767734368
0.293170306435823
0.13232548664037797
0.12438160953652866
0.1569767421967889
0.2905272381130895
0.26334602644019156
0.18269294136067277
0.2527912531241543
0.2684883016761868
0.19324429129409565
0.23768081602829846
0.12587927750820888
0.33051561113299155
0.2648065798120468
0.20817990517174373
0.23433007619211257
0.23142608450195082
0.2522612622965635
0.20274037631547334
0.2161135576240894
0.25824033360841886
0.324721083264128
0.21081686446417275
0.27918115204418026
0.2623422842112949
0.30072798829442404
0.3066543667870274
0.3903977532990115
0.310488404569816
0.207442710872745
0.3125952897280051
0.2742629680993799
0.28383396786470805
0.34521238174825697
0.3528307766745845
0.2746760205653373
0.3268491299227938
0.25110632035894254
0.3479935234038998
0.3119414385248376
0.3289156077610557
0.38219900297313
0.4190928476158988
0.2389727147169997
0.3842709490499261
0.35737785751414197
0.36550699348162663
0.36353487344021623
0.4089170036433023
0.36945602493645696
0.48143166071681154
0.3389315630918321
0.3782931484124071
0.33295414489629627
0.32275596866727835
0.4570332543531754
0.39430771864617276
0.4501410572481558
0.3684058646641335
0.4197737493062428
0.3014492976765999
0.4657095178962393
0.33328149849818683
0.2882729837404512
0.46008390913475994
0.511282798429025
0.48414852980499923
0.42398912525910903
0.4804786599232909
0.42480339692779456
0.336401352964446
0.3855953239432359
0.5514284437412966
0.5000706333772305
0.5711689336116668
0.6082637419090586
0.6013838846014478
0.5222294731238741
0.5288386470454713
0.5184297514821331
0.47544221636348377
0.4157966192128687
0.4191381232921052
0.42958362667315264
0.38104617283427195
0.3730076911128293
0.3114629967856278
0.3179610778194435
0.3643716837724226
0.311713907859127
0.23043104744598797
0.3449886500888914
0.3186619005841755
0.33305673480332376
0.32613246711773747
0.3840513548301679
0.2741379791170561
0.17136672243997242
0.2720927150938632
0.33931286766652
0.3117463776173877
0.26193623247910547
0.15101899205648786
0.2743585995458052
0.3152275002934948
0.23084002420851554
0.05507088745011364
0.25346487849935967
0.18758748096932742
0.16558921540880442
0.2520266276315511
0.2009751268907789
0.25654388543451423
0.3498813338931738
0.25492952158305443
0.3060231519343445
0.2885153701387564
0.20434090865983776
0.18728954502792566
0.21078951273420232
0.18816792872521115
0.14095545052967284
0.1379536490233845
0.20816795785774472
0.08313375502365747
0.28101290472062335
0.22667167560291637
0.24817689534713772
0.2230728333174034
0.3082952081445142
0.15369080129715396
0.2727670049387702
0.40840061275015704
0.4059803971520531
0.56335076822491
0.4341438289297959
0.3903426568597881
0.33709878643782626
0.2670760258711774
0.2146681618474638
0.24945058397093292
0.2508728305405151
0.30738180652204283
0.2655373303665257
0.26331454718807207
0.2426295099176442
0.1804276810887584
0.2494379609061234
0.20833193869076905
0.30807002047831156
0.13758452060804433
0.20972360601756654
0.1798821085706302
0.18707637608142136
0.17958897627409273
0.09002082542261079
0.11657462025742499
0.19404984049627955
0.30020389860241936
0.16945768115198218
0.2166161300268032
0.3672720462927116
0.16170559950849075
0.1138332088692325
0.29644837721250744
0.14130193961929108
0.14760046812882233
0.1758569458716287
0.22338810187659386
0.28618181391054925
0.2205919272137905
0.1188512967634499
0.18782805743150477
0.1996874959322925
0.07494436535271502
0.29152072259096573
0.13116982866227248
0.2572582740424291
0.21379306082885408
0.34015039763428945
0.24729815214199122
0.2683386168592079
0.26789774741052064
0.3023775314777025
0.335317387796047
0.26863170812226195
0.3393865884724672
0.2797531773986581
0.2915765436244814
0.2756177262417061
0.3538867051885538
0.4171123076524471
0.2720007932726906
0.43378531653365493
0.32329450090577383
0.2566036027894339
0.3213681617110988
0.3374356893123148
0.34806816405409824
0.3722016496947964
0.37086462508350815
0.34646860634794185
0.37437627183653843
0.2089977199763518
0.3372833738895391
0.38448728104576624
0.29608007566524763
0.39699545458095453
0.20528613156276954
0.19301296162203996
0.28181165494733024
0.3033911806275346
0.37708459641461567
0.2875029358775581
0.1946478527525224
0.20517256377328544
0.35715647443285464
0.3003959477017716
0.30040378311361826
0.28585353426599586
0.3608921528483622
0.3996343631497996
0.3626589337765445
0.3038389402303305
0.2983012354797564
0.27025681506035454
0.27225737775214115
0.3473045668779457
0.3283485120031617
0.32031749130951737
0.3153676612513626
0.36660688918715645
0.39156196000214716
0.40472757424054273
0.5244012377979623
0.3004193132333728
0.42121501756071933
0.4597506155952279
0.48940744674665837
0.33293615028817036
0.4592066727634241
0.42185719653538556
0.39022844183218586
0.3070531215013842
0.44441934955606366
0.4137130901646955
0.4533714498443765
0.3937341108372653
0.33783404323739064
0.43673021401998835
0.4442559333983175
0.37429416024108353
0.3842011084495133
0.4387803385894622
0.4771083691818456
0.44449306602312283
0.4559439244597123
0.4555330063547353
0.5150255219589261
0.37021612806810517
0.3081749112356496
0.341721585211483
0.34329573996821205
0.43133538265210936
0.37804492249072497
0.2553317631517583
0.40023328279148684
0.4328043794999692
0.38200155877649805
0.29799814741880176
0.4077793509345903
0.36462516780649246
0.3425047588303499
0.44126019220281987
0.2729042197917011
0.4354158136102982
0.29696230423712244
0.2756159615539814
0.38900874695022664
0.43679923952930255
0.21300216584891024
0.3161285280272948
0.38493763158452593
0.3662638077361877
0.45377232590304967
0.41563015963512673
0.4293999001807829
0.36266942644735695
0.4071967200982126
0.3900141987009865
0.33742003212512656
0.32090322569048135
0.2835967001145343
0.2421962105887958
0.3020161913662824
0.3084427675262252
0.3825126091183838
0.2280003701691286
0.4293182292923782
0.43908244978078076
0.3974007234537846
0.34781152130958054
0.2935634685715129
0.3847177125680106
0.306978508744037
0.33493147904137355
0.3462583277206718
0.37850254004700623
0.3096395090709412
0.24114140026824246
0.31650015626195127
0.1732374693225124
0.2070664989128606
0.34289505791981556
0.34424825604596143
0.3243213576306101
0.36772408403905343
0.27790604956274545
0.30890468182128666
0.3050220849398066
0.2908604566518438
0.2132734213482958
0.4118290005817829
0.23698946753538647
0.4097590776664667
0.26890109604029366
0.41310900538679146
0.3986488268948574
0.40911588587137826
0.36338455452575147
0.3554407634558524
0.35846609710704025
0.32167485848716854
0.42840015034866685
0.4250505833758854
0.4002038905444846
0.27619476487132155
0.3282418038716021
0.3116498689717815
0.31354477602226366
0.2559160080544637
0.3279509427969687
0.15030840939713877
0.2811318020281946
0.15748094391392242
0.25327467838612705
0.24844897771460356
0.2679027024205912
0.24720948138759619
0.19290182038664944
0.1648924073551341
0.2492776237472546
0.21508361272672705
0.2167355768855288
0.16290729916248306
0.3285258423548112
0.21362304584233494
0.3394886099851696
0.36613248757249506
0.2884720178296064
0.3535833586538439
0.3427442387935512
0.47621533553922396
0.5572643187332232
0.43348328282247883
0.2951463519311709
0.4003751662878817
0.5063067992977943
0.3892979369331475
0.38306356855188867
0.4375950374526611
0.4001955078129117
0.34707465850162333
0.4211370688183584
0.41876107888557024
0.3221869656581975
0.3995294054496185
0.37256700079823135
0.37219883933506914
0.4721139868020945
0.4859207188471253
0.48305921850677047
0.3380782687043572
0.4070618910138283
0.30684363255172603
0.3293892891203128
0.16241638656665408
0.2900667457336024
0.34609018341471226
0.3887924044170872
0.4127261667052827
0.42991997478982125
0.4388635349069116
0.3775827286473095
0.39766164434184836
0.38560729121611964
0.4348384067950457
0.2906152419184182
0.39212474724427926
0.42934750562908736
0.3625640621313882
0.4952802022863956
0.39704076558810586
0.39468425974170224
0.42342055613882607
0.3852276397577512
0.49008281697467193
0.4355093947462017
0.43359954419361957
0.5008917914809777
0.40877524101592955
0.5085397286558633
0.43136737947158044
0.4285891039613675
0.5094802049393157
0.5231319680216518
0.5243870285596763
0.5657732040939762
0.5497476230022055
0.5313624269408744
0.5368103693968065
0.572761181531263
0.5474822685144378
0.5929980897735758
0.5278176372821056
0.5446305108371166
0.7576671076216535
0.6379600842140966
0.6342946759489116
0.6395638562201617
0.5000314482600625
0.6922753289713872
0.6502551253734078
0.5288551645721614
0.6416418438885462
0.6163068364882629
0.6707662897660632
0.7068142644785282
0.6558933999687353
0.6200164709146363
0.5868822846055138
0.7282988534302568
0.7139298337350524
0.5913267538436039
0.8493848473387058
0.9358495437287386
0.7554684108500463
0.7234167007269373
0.7225827900115823
0.7950333108826872
0.7693682628691727
0.752714043852273
0.7382331081202537
0.8113310914918994
0.76916217064896
0.8794224283070043
0.791477522762736
0.8703985157036133
0.897074332465184
0.9191103432519072
0.8021296167162726
0.9576848908639508
0.8640306756900661
0.615785877365918
0.8030448096796375
0.9335500459116333
0.8240641483512908
0.8305405200690303
0.7611551483447203
0.8005466428598081
0.7395891544164362
0.7993933651956472
0.8016769318557809
0.7404180134265029
0.8123611682914562
0.7618917278852767
0.7742993755844327
0.7687440208574065
0.7643580894165473
0.880448110432881
0.7795401311806995
0.7949077298281069
0.8531736969668569
0.9522756165776761
0.853830355430546
0.9183985536378909
0.8519458809262856
0.7152932982899947
0.7440583461423506
0.8573765013017283
0.9161407103850541
0.7208198378421198
0.7915787006716475
0.8389710686668692
0.7156843052380419
0.7965601841572819
0.8041422371777492
0.7281736219660792
0.8308411467408197
0.7634254900742978
0.7466733671493866
0.6301213562173724
0.720540078742139
0.7603295447403194
0.5813127893186
0.8026641776325862
0.6978876483388319
0.6611303311451701
0.6139299180334474
0.5929301774989484
0.5280950546222607
0.5964965537452476
0.7327982071219004
0.7163775206924667
0.633318531526918
0.6234787579821592
0.7629172996794304
0.7616599482085536
0.7243759730731092
0.6129794399933653
0.8026547386917113
0.7822215230414166
0.7740718914068077
0.7858325799164281
0.6333621336320472
0.6654132970552712
0.7484432826142122
0.659580770445181
0.7528071179581243
0.7504044884928353
0.7226082729205165
0.7031425053210262
0.747878835437508
0.751508528456225
0.7199740013832375
0.7271099844878557
0.7273747273163866
0.6542265863997184
0.6662356390555952
0.6536891308252826
0.5575452555313694
0.5434057307784472
0.4585301273166098
0.5897155102724412
0.5649462864263592
0.5541834739690895
0.568578965839687
0.3517358899053044
0.5147757433351892
0.4745740135569175
0.5477116680011846
