0.23318076022084577
0.2553792147042051
0.41468353324607676
0.2260230939850928
0.22345858127667298
0.3077807422172141
0.26161698106647574
0.30164734667998416
0.33004319925059866
0.30671057430033866
0.31911290334492404
0.22295705152024545
0.3741426188282936
0.2551545466752833
0.3614417843939908
0.3307931240861544
0.2960415790015043
0.3020067351922363
0.3107961808350785
0.25295465790924154
0.25524254775102484
0.29383230387091985
0.2796591700483715
0.28406105606997034
0.33823557552373934
0.2566008641616607
0.28492015485722827
0.24533696532528515
0.29888326807980287
0.28775679310228724
0.24816806168274697
0.202718237367923
0.2506100695649073
0.25620555515593024
0.18580637438928407
0.3251448359498424
0.2179567322376944
0.2771867866148413
0.2689965152530022
0.22704285895815413
0.30112706878905005
0.2845543527567258
0.2865116977968361
0.3122177150348409
0.23959524301126922
0.27880890348792725
0.31139697343760897
0.31848295326722637
0.28501678762318117
0.23177588673816213
0.2936689021029273
0.2947939638065471
0.30184954274963005
0.31660106973865487
0.25864233467357595
0.29811146020740076
0.31340451229132504
0.3249841475112469
0.2861126248786697
0.34307851199166917
0.3492015180825144
0.3366491427961787
0.34309513679837356
0.41249322507244357
0.3347025520883695
0.43381090033396
0.30210973039976563
0.29599731330528783
0.3009969547176364
0.3626964273233162
0.366429750798815
0.3788789156057493
0.375568750881492
0.4132141545332196
0.4257222059770274
0.48981822950205517
0.43498667042013905
0.47773249706185117
0.4475634284649078
0.4425045620837511
0.44271799512956
0.5569316718321874
0.4169274944362402
0.48493479228334735
0.5729331243183676
0.47264570457758837
0.5530952913872448
0.6130018563266617
0.5677973953711422
0.560372920941163
0.5658475671078399
0.602117882798892
0.5623151908952965
0.5730499824978722
0.5903336239421919
0.6483440558404574
0.5751914735226901
0.6840686402421885
0.6343985573929262
0.6753772508026188
0.6339024247265158
0.6239500789096704
0.6787943464568865
0.6973267378917044
0.6531743035617056
0.6773705940484352
0.6714325906790369
0.6083617841238279
0.6432235321953845
0.5729650387359515
0.6416060627324964
0.5664884954890697
0.576195959609985
0.5645644617186238
0.576751837660228
0.4901443675287111
0.5322610750435842
0.5349371141522176
0.511665512068127
0.5427323339926111
0.521260809348096
0.540824534535686
0.4390759461255456
0.4895729945013458
0.5593650584834674
0.47463103999494355
0.49076604935452683
0.5428790762240723
0.5347258367379757
0.4967312886885954
0.5578877289094853
0.5666332646907873
0.4278722947511479
0.45275732244742173
0.5194439891514839
0.5038719939938505
0.5843316616871708
0.5039878114046261
0.4437205376850717
0.40362700146791547
0.5310846468426758
0.4829511718425918
0.46946590937208077
0.4610436705489296
0.44473456293065183
0.49506971379877535
0.5526467233350939
0.41758246712858454
0.45481127982556957
0.4551273893523229
0.46444537791998186
0.47169933288173027
0.40066189057801294
0.4462132868180756
0.40142501603528424
0.3887637564904549
0.4510505495888615
0.42146864750645574
0.4806590361154433
0.5264871184748509
0.5012271547446264
0.4361322043700034
0.5048288626271573
0.5310425896553017
0.4781890702890463
0.5391182965664492
0.5384586952949292
0.5464510505500608
0.6116986444186139
0.48756341007985327
0.5792899399507079
0.5166135984860478
0.5216253655795344
0.6065535419192842
0.4622981946982504
0.5093092425169327
0.5403202782508253
0.4677806747250759
0.4125469044234622
0.3881821062863097
0.45707039290426643
0.3871840378168239
0.5155186378640902
0.3983378891825082
0.40780506741077305
0.391135309154204
0.422601619617942
0.40567089461590927
0.3660789059073521
0.3743954731199728
0.43377638459658796
0.4507792739092593
0.37317302974314714
0.34744869754666513
0.3965632698772823
0.3460326920909345
0.34286335600778295
0.4042588173438482
0.40757807692255027
0.3884658510780861
0.39001339907278487
0.33592665795080257
0.3376056865448849
0.4037509909350533
0.4002972613436433
0.3818491125350003
0.39149778725033163
0.4077848511864467
0.31624419502355267
0.43952246480325086
0.3693385501152558
0.36084873997850103
0.4121072081027505
0.32315266814345134
0.35008138819813317
0.3465927239901393
0.3031451330283176
0.2718763278388659
0.38224472676740384
0.3577119843372544
0.32503447726084334
0.3715637890960993
0.37751410781658623
0.336096103498314
0.3821834725332652
0.32697428585281385
0.29227458112656035
0.30649697939089954
0.32974148835406275
0.4274121668548051
0.27401947019459383
0.3543834070118531
0.44908811910574553
0.36064486371711313
0.305012746149357
0.428044866530256
0.3907844400587221
0.4290046515239566
0.4140194463135571
0.41994225577118843
0.458595428437438
0.4701971960876131
0.578564682839007
0.5328721560229058
0.56285521845361
0.5993212918576452
0.6082338885918526
0.5820277141949795
0.6353718477078539
0.635352193063623
0.784617275983287
0.6471815427395033
0.7821172845285604
0.6609444585464236
0.8310094998723794
0.8525716171688678
0.781095177482735
0.8187158476081285
0.8345165765804496
0.8401915334807337
0.7832421203787149
0.8082162687773293
0.8266869719908599
0.8334158480860481
0.8124303120843993
0.8203984052736508
0.7838533810007874
0.7457014925359884
0.7605380426625316
0.7423793312406856
0.7501570892800898
0.7053031182402113
0.6717234281914475
0.6135884204982278
0.610139343560769
0.5481906915110937
0.5481495795417615
0.4314089048305676
0.6712790208192823
0.444136097023456
0.42015512060964844
0.4968171733437837
0.4917449437973235
0.4833214170162783
0.4944616275006191
0.5144823569315307
0.5339896484060848
0.4751575329359532
0.5466857958874201
0.5404138725829098
0.44362012000166984
0.4210800736857668
0.4655973109376348
0.4699983801664839
0.48458482973324957
0.41468263344303863
0.4598867861175939
0.49163906821864134
0.5185950184953172
0.41309955245444485
0.490450333906435
0.48559545957288175
0.5247078166834421
0.5357830460081066
0.45400346760560895
0.6265159068514012
0.5064655107015675
0.635930225276039
0.5324634294177658
0.5446452839792464
0.4564556893571875
0.6196946341221321
0.5854034433286024
0.5750247719672344
0.5955721533338063
0.5606118785768722
0.46417241438190393
0.5452419587824326
0.5833582800912993
0.5371816382828322
0.4256480426936602
0.6432545906831344
0.5406242321387391
0.48891276171215947
0.6581839957412139
0.5948454664057673
0.5636718215031471
0.5478835824401551
0.5624413421929597
0.6296012523946664
0.6615039532211218
0.5402282629151051
0.5684174000411427
0.6711091147158609
0.5145817253699227
0.5838410663481154
0.6281799295279075
0.6234160744955423
0.6008633385256763
0.7491737251766688
0.6805854851252043
0.7517484833366479
0.7790088796412384
0.8065728005641295
0.7633298619284428
0.795227344122808
0.6996938208951436
0.6833211403234927
0.6721130965668058
0.6843056940725292
0.7317017823288934
0.731797364183888
0.7602786039085799
0.6809766537978595
0.6833715532668339
0.7573925861937414
0.7460240800972036
0.6694179744923047
0.6982794609523335
0.7259751321153041
0.6985433336328845
0.7254019677292161
0.6649990671155992
0.6622965944267515
0.624180023666177
0.6514016556579472
0.729610466869417
0.6488153778729502
0.6962283876794302
0.5093377996484049
0.6123972824967496
0.6760085756290997
0.6484121937938248
0.6098909391543044
0.6336074059498545
0.5764605031100956
0.7043346664366672
0.5076515555834321
0.6048660058408213
0.612561190530431
0.6152051063725884
0.5581912492970355
0.642584528622964
0.5039430665110969
0.45029664114403634
0.618163562843717
0.5270890813316689
0.46341541568164163
0.5928143212928867
0.45769561425796035
0.49587878986097444
0.5716356888474079
0.45392449118058165
0.5865471691281863
0.5080175578174302
0.542689521438904
0.4953915036012475
0.54170266897975
0.5275875104554022
0.5667483310527716
0.6158739776013131
0.5810910805517394
0.5433582803948794
0.6547713145078798
0.6242142340237966
0.6351440656513561
0.6572116878607194
0.6673357668397721
0.7675521119212005
0.676703909506446
0.5998249061388419
0.5998711073655848
0.6628293302823637
0.5164630761691995
0.700842427407329
0.5982705212600213
0.6229508893497723
0.4874134710672844
0.6353074767639803
0.6366027632573554
0.5347070547082201
0.5048613158223678
0.539774614799423
0.5052938612554424
0.4167583217023306
0.4526562976009989
0.5031958980953245
0.4311397239592826
0.34167609805328425
0.44078797699984873
0.3622762915354336
0.36573901815988236
0.39717742909430703
0.31069579719340135
0.3572677365789121
0.30375004034225384
0.4193413012270101
0.4000126259886194
0.4901739618135609
0.3839817780631809
0.30047857313218973
0.22129932773471875
0.29045195354335035
0.2781069462157807
0.2675510266743398
0.24715195974133009
0.1895495206153984
0.24776548985514685
0.26919284053850134
0.11100588440815731
0.2682471935345567
0.22267601428525308
0.27827408446337343
0.19076371712525475
0.1624942196769985
0.10765993951571386
0.23799350772397754
0.2470021793815933
0.19919280014061946
0.26521584798653763
0.2851907059585944
0.2596333720635892
0.2875900964596154
0.2905983572018742
0.2862468797932135
0.23288762460837087
0.27866446108166043
0.27027830932500874
0.2600183654725196
0.2532517291772174
0.2818905442900516
0.24934616095202
0.2389545707553835
0.32608480467630696
0.2411367857962468
0.27478909132645635
0.26004115393898164
0.3031527649146224
0.3582743510136153
0.2671169899792653
0.2319934486473853
0.29956787131283763
0.3081071400445333
0.3455088670123694
0.2499233624328191
0.2931476716863942
0.31480493012523775
0.3416761886817853
0.4279251311979123
0.2570760477617088
0.30290782267122396
0.3689859701226693
0.3645451210213053
0.4537780652698946
0.4067870096812892
0.4088591103851622
0.42973479343121346
0.37370374956969715
0.3732090184401988
0.3978318845571111
0.3959967440306602
0.3923856528886318
0.3728677532645547
0.407424276592548
0.36276985845520276
0.38458815802988355
0.40707547842840297
0.439564206816688
0.4262212347623284
0.3618715271968822
0.3905860658837381
0.2982790731534467
0.36618078819238997
0.41113899910825213
0.4567006627871987
0.37022020496485947
0.5123107832990974
0.3312648301611784
0.46763740585084335
0.4653306253912765
0.5303997523445706
0.4933707247634207
0.39391425359990395
0.4904993764780936
0.5570690780383082
0.36686277596076633
0.42113881067299896
0.3948440785359342
0.3509009108668175
0.42653974209983025
0.35539349140824106
0.3607996815275342
0.2875722179622099
0.417835546661286
0.3041159572748361
0.4284085719839799
0.40142719806605565
0.3494205199405881
0.41860876823091064
0.37730604069581675
0.2780730413574713
0.37619348192295493
0.24545946232927868
0.2829444597016506
0.37890877258782024
0.32833062002297164
0.21221175441960183
0.18231101118152443
0.22006965109068094
0.35939151429439875
0.31623812011414965
0.2796072028333372
0.31498049829730795
0.2793864529237161
0.1828902796367734
0.3059017314518027
0.33695683198364845
0.27860450095123046
0.22575125807983915
0.2204861884415874
0.34688393297050035
0.2704621416295293
0.22719970073609655
0.33364396205313585
0.2607416747467822
0.23331164964054002
0.17497250334556094
0.360751266922655
0.19854265654094008
0.15521591251589253
0.2027969729488418
0.24488995194359464
0.2904657591508258
0.1581224753089033
0.2628678366841763
0.2777898405369498
0.23126694359882288
0.3457721723962489
0.1952308058280829
0.3955256150457376
0.4262808350687743
0.3781556566549031
0.6040171261656659
0.5334187189352132
0.6309515254977176
0.48990320839165835
0.4512696623406498
0.4014266809123632
0.3210637801993472
0.3597068148378699
0.35405716788333996
0.26964761112558017
0.34143072006043806
0.3291708776232351
0.39393250788909084
0.3789808538746172
0.4243017967952252
0.42219628511295326
0.409171494545724
0.3606307390423663
0.30208077010920986
0.3258070131209243
0.344014846359777
0.21917112576559256
0.23197725791735646
0.20224898887663134
0.36124010159627495
0.3159886999808862
0.3739417477241944
0.25494614070164395
0.3218425401547377
0.39064046375186234
0.3616210167193229
0.2652258964543629
0.2906694498716315
0.361509824441551
0.31499930697186157
0.28750815393300144
0.24948608692469276
0.2486497746931096
0.3646594666447096
0.24954004111720557
0.3150415543703726
0.23654767512111208
0.3840442373030689
0.2795036288671166
0.2943818591607814
0.28143612858260125
0.3556069783953337
0.3608200127120516
0.4317923413471231
0.32364389002081817
0.26629448991278953
0.36945149202536753
0.4315143980159377
0.4542010101389905
0.459567311385106
0.33041210189719283
0.48776456960755843
0.38376352893406057
0.42280502333241493
0.4214739661778413
0.416914709481083
0.3158947974553832
0.44819456168404725
0.39125092358737823
0.439821145881631
0.4788073502267526
0.3979631761896776
0.42240659061492214
0.3944007170041157
0.42383249380835053
0.4188344752162002
0.36642732879071394
0.39601474157536193
0.3982079612450006
0.3355849441335249
0.39101675682714077
0.3167568411006336
0.3816774887320036
0.3639402424072287
0.4244124305824125
0.4037148878722035
0.38843882782230954
0.34817904460664617
0.45232560655428466
0.4408394290191785
0.3721309257563763
0.40323459986070825
0.36210189068480414
0.4409072236569166
0.4258600014000628
0.3843420670276433
0.46278383256176936
0.3887436151585897
0.42736480294478696
0.48867733737140817
0.43981697252618585
0.5234432599135292
0.4107141672347164
0.44371129775952944
0.4255369699668241
0.45965537077495494
0.4789238893920039
0.3569232747359948
0.454430098798433
0.5565536515405033
0.5379359926621009
0.4631194821289091
0.46463954558017184
0.5300542876430153
0.43206138804191785
0.4505196429976608
0.5050525652762812
0.5491859734832223
0.4877151867387761
0.4413850726265556
0.4442349187723972
0.38576239277655366
0.33870105586791366
0.36142506094884935
0.4029695362656941
0.5407120704692606
0.5394630645438239
0.410873835430547
0.4565200827610826
0.47640077687029914
0.5280427557394878
0.5365862457398317
0.42887427560769814
0.4438084122552706
0.5256209187281586
0.5343768869428999
0.4487302369930206
0.5289799815661119
0.4072820270943016
0.38140219197259373
0.5984047436738222
0.5717340727083189
0.43430994515108234
0.411849085102479
0.4244045722226522
0.4906006597352017
0.5208951582000444
0.476333484343473
0.36415010234487394
0.4248802133999152
0.45794546750033605
0.4400903287635761
0.5184135723835532
0.5400476639031263
0.5021358223860845
0.5939074495907329
0.5903241140573422
0.5378506813264445
0.4758255030537988
0.4751368507454251
0.43314278024867925
0.5473167495851272
0.5058949622183699
0.5082409583493286
0.4921407719304257
0.309323091105551
0.4053536313403303
0.44617233073382045
0.3447413721815009
0.4373211822236338
0.4024167354442394
0.3681782930911326
0.4909498165621544
0.5210582259508139
0.4869034671001
0.469115446969966
0.5440013301843821
0.36398801746532333
0.4958097677203591
0.42041366905380767
0.44353569648112845
0.26848646133799287
0.4752142027425438
0.49825269854619725
0.4780640127154994
0.4549468288801737
0.48184165196308787
0.3115493011387439
0.36736458156470986
0.4411592935801437
0.40398613867547023
0.48662571311855596
0.4082830912907224
0.42152717708376686
0.40834752869561836
0.44975215704187177
0.43687856705766204
0.5473601916779787
0.45266440350212
0.4101696420137064
0.5121966745782287
0.43231243433482347
0.3646002719674969
0.40337035207649574
0.42783009970331676
0.4778329712352385
0.36215121035571984
0.28117986647447896
0.38788437823572186
0.3588512014534987
0.36253788843984325
0.3921796506599866
0.4494036995619512
0.3207751559177169
0.350900515880183
0.22773488749023252
0.2737166502741524
0.3730780297262918
0.35928462276187745
0.4842317910155417
0.33418152886654073
0.33868570425229333
0.34632097230191605
0.3210438913236704
0.3672448361290672
0.3428085210707037
0.40675998788618134
0.35633365857033505
0.3606262307549325
0.30578346842575294
0.3906640586980614
0.42921831636584107
0.38350899722613
0.316495866303222
0.2612670272978111
0.4958030121154525
0.38483003525455184
0.44828040776500405
0.36617741480282273
0.4606152052137841
0.3911234094748938
0.47968057564407235
0.3790273992100585
0.3737607901152561
0.36705614243333673
0.36970896674364695
0.43669546835038553
0.4422233859349221
0.4174033680117078
0.34477258306532665
0.3618030419978848
0.3492133067564137
0.40233086852694605
0.3295738254264187
0.3314357924762288
0.3061477351643569
0.32712951282719194
0.3353049354690901
0.4049547012445549
0.2955196551887883
0.26839187742746884
0.26939394310657444
0.3367564466420411
0.40386249146989045
0.32801392375985483
0.4461335847825331
0.4128497493585072
0.2984267035613063
0.314940025305524
0.3509240884649754
0.331714608945466
0.30254169324615954
0.3440440790690038
0.35316871932691773
0.3990685675281205
0.2571161832459474
0.3737318262317384
0.29696463211646984
0.3981301624157797
0.41556582464282704
0.3717308634553962
0.418284672367494
0.31225557481375465
0.43250383972494544
0.3796601399631604
0.4221668628277681
0.45311465473137447
0.44035817466135985
0.356967831377161
0.4397769204732668
0.40183754948045053
0.3757174858547113
0.4351646133087955
0.48866932680871356
0.44645496992254924
0.46911818316170517
0.39389999645316814
0.5792746794242731
0.448065830568142
0.49266375203432927
0.3509898636658437
0.4664382017306325
0.3304004202503398
0.4830766808095523
0.43155666527954273
0.4039887886661225
0.4781674792875097
0.4855200373777011
0.4100051029739857
0.42461491843309546
0.5870291057176477
0.5447186157720152
0.40588678563157643
0.45833411956582304
0.4647896513322371
0.541696952887303
0.5701178509926413
0.599930731605425
0.5070176311550605
0.5742213338194758
0.5225941674416827
0.5639215658581915
0.5808901550077481
0.6101871951733111
0.5648285989452977
0.6101410349069255
0.6059291593010426
0.6971493253628833
0.6869770856585764
0.5660552826492746
0.5694741413831532
0.5817215837805466
0.48852274098955395
0.5800131002157594
0.5140630932697662
0.6907656745821631
0.5268545281679942
0.6009772248167362
0.551854111571765
0.5050454714264198
0.6044886296879874
0.5291732838903277
0.529797946990603
0.6043583087850083
0.5974203568727694
0.6949319678782261
0.6062092925535034
0.44569936178798925
0.6145435772897909
0.5471896857699103
0.5778371957720739
0.6158344397498062
0.6075418897616621
0.5200021054574564
0.5361467909612048
0.5178851169381051
0.6082775953455419
0.6439035008177669
0.5841855016524595
0.5920991943049501
0.6049170664251584
0.5988798915114181
0.6792304369369343
0.6604360990278368
0.6395906019943662
0.5801430969364538
0.4655198477009581
0.5003504211355987
0.6278867462454332
0.5566738342522362
0.5056393373329181
0.5053094082418036
0.6089060687197199
0.5765516226873677
0.5327735837684391
0.5022918911549231
0.5954679585501899
0.474060083976411
0.5102188936018646
0.46240699378658406
0.36264661958560573
0.5085631732526121
0.46646204560565463
0.4559310896839776
0.5279877695796159
0.5375519898504304
0.4431872669718967
0.5078711534529425
0.5054907810842882
0.5640726228649955
0.6004330119590159
0.6158137101656895
0.5558422173361923
0.6418489016516751
0.4859941879068856
0.5449715972248241
0.5236487721518251
0.5462807715755036
0.6310122039090935
0.6084057293444936
0.669200156743959
0.636712551057067
0.5571627413790476
0.5606135068362925
0.6877543703801723
0.6854020187728727
0.4547236810682961
0.5882830493082429
0.645148920280849
0.5497476589282391
0.4691265783875814
0.4786783966944973
0.4794221907209069
0.5974419228386022
0.47495928505173546
0.4098328037040817
0.33101747192404896
0.2985827503850524
0.40766723313124653
0.41238064811095176
0.38609985556684956
0.5240671781784367
0.34258070658604034
