0.2962765881603245
0.23722412171841334
0.32159931343308706
0.2784251410954466
0.23248165742178317
0.2665361839733226
0.3824079951088798
0.314228262372671
0.3302947685290172
0.3760458481897726
0.38215750611702165
0.3217042432956273
0.340410051189439
0.35413055779602204
0.39659023773900126
0.24193723526476354
0.3178859548190839
0.3488376055721235
0.3126709120681632
0.2843036859768495
0.3688725775987245
0.335677019475791
0.32909525980875065
0.2097923676531815
0.33229820579635583
0.34389772152083004
0.373942734306615
0.20384338919867045
0.32468732369913045
0.25083959821913315
0.22809496985846386
0.3190323037136542
0.2953786816553824
0.22659663505620392
0.3250603514596139
0.2454681832652767
0.25382428114437805
0.3273523185659501
0.2478865518699262
0.2604911226262677
0.2280746567120461
0.3094311266847699
0.36192229002924425
0.3536471634193475
0.3299419528899351
0.3125603100513363
0.26668872720709225
0.2767761449743444
0.272933480428176
0.27882955279595295
0.36353293636899653
0.34289890621222885
0.31168525482633036
0.38789345325829294
0.24395980504773912
0.23621650151756837
0.2647261100433597
0.3492466268336103
0.3575684486180293
0.3710178252353338
0.3632749279327393
0.286027048209366
0.4095371332919558
0.3063413732400647
0.4052320031530543
0.3107288014298453
0.3341457457960109
0.3748962214472782
0.37225475312166595
0.34521783501855585
0.38663143439512604
0.4095177332228387
0.47651986490122067
0.4943673681936026
0.4286318342338393
0.30218730099931335
0.40362438315533256
0.40371921837159486
0.35894519048644646
0.4025967442047923
0.3771093485414486
0.4342745981403616
0.3980387620731717
0.5243890098843491
0.36235958943628593
0.48666511897760334
0.5220970889850068
0.49648752249203415
0.5464659077951901
0.4935542400188244
0.5606485924175506
0.546391712242734
0.6072504798586017
0.5033445462796738
0.5096717473265693
0.4949289782233293
0.562822212326316
0.543057434616348
0.6903370351134839
0.6466305040195642
0.6016600039890282
0.5967212167237342
0.5793564343954893
0.5847672420263622
0.5449927610517338
0.6674482266694927
0.5758545190132331
0.5416016822511223
0.5446526557301961
0.612594032467629
0.559908539060386
0.5939845874206391
0.48144014516978917
0.5227190125943852
0.5643636167210335
0.4686009686276933
0.4589075003142258
0.5708215996708786
0.4653996146072224
0.5221014179619852
0.4480711382816116
0.3946412122958528
0.5164373891089468
0.4819133222428319
0.388506311590018
0.45698683117543815
0.41219770830883506
0.4519196668126809
0.424447014836315
0.4031033693817745
0.554018202910683
0.5349463125831214
0.4888897450596778
0.4295019493162713
0.46214331473905357
0.514632955002451
0.41820139904148684
0.48593937570883583
0.4301689907356034
0.5467434383813166
0.4056983578492144
0.4947469309451451
0.4730990863613387
0.39983758625966337
0.4782454531990472
0.48019485978502474
0.44785548380967827
0.42748238431152935
0.45297699478966835
0.377672998493288
0.4103774834314323
0.32663823188950347
0.4089759459491662
0.30734393016287087
0.3812644781125811
0.4136605289838343
0.4546796356881997
0.28199416747269435
0.40146196572896153
0.47588844796052543
0.4136800746431588
0.40453416363163563
0.3948624818203864
0.4882325283834489
0.459027972092355
0.478459812910918
0.4566341931899727
0.4548656010316164
0.4185794983171004
0.3629515261817089
0.4618409201643623
0.5198783736436992
0.4622604102507594
0.481333574455064
0.42748305467101244
0.4145301286751226
0.4822712710770115
0.3429405484783848
0.3811672530763662
0.2726228357999752
0.3342652277582162
0.5011277385119661
0.46593474738343876
0.42905356200742634
0.2201125457897999
0.32246665396866453
0.4540352687134497
0.4275998483322301
0.35976500777084486
0.3054904070287053
0.3197181435871723
0.27626363040138163
0.36481275306887107
0.35954267188178546
0.3184507715424644
0.3501976590452076
0.40618849875701624
0.3931077029677044
0.29149564453668303
0.3949005173819494
0.2710072260699955
0.40845549594698916
0.304989498899878
0.35951536223441827
0.3484528949246177
0.29399794863441364
0.3564668698950203
0.35729503210138935
0.3428219449597837
0.3629391581826814
0.38906495954914494
0.40833669435316705
0.40680382760163214
0.3744587387655069
0.4700633818896438
0.30534767937941415
0.32777054743242906
0.2659024276463566
0.30532118707195377
0.2845041445572146
0.2495754752213612
0.3272559729662221
0.24113870138433546
0.39745810022956973
0.3788912006158174
0.312765420112707
0.34584318650130025
0.2973087772928241
0.2961884050866706
0.31104978994533533
0.3075702865052956
0.34776700639787606
0.4168691991467296
0.4008097459576286
0.33207731377221184
0.4446847996021148
0.2928976995865259
0.4275615655148496
0.3911830521084401
0.4291227376126318
0.4841240766761169
0.43175560046677386
0.5086413386434248
0.49606745260408414
0.5120012966459208
0.5008085385767606
0.5703205886543413
0.5680956241758449
0.6201439973260647
0.7604241545168489
0.7639536746528345
0.8017586550094797
0.7691494221741373
0.6983283036602763
0.7056950121646185
0.8462108014100584
0.7866290285738327
0.890370441212097
0.8659934725757621
0.8795897635470502
0.8337981267976637
0.7326003272030402
0.7613726438285641
0.8080101513629091
0.8334859481111512
0.784337121675824
0.7275730955496933
0.699882443237811
0.6595193952261763
0.6714485465679226
0.7010277968252923
0.6544246097425309
0.6338280631404906
0.6312348182151695
0.5566053169273554
0.5164406037653884
0.5947419333785786
0.45258935699743325
0.40116403390798894
0.47955576575255665
0.517326661471213
0.4812810550290924
0.36205048076034924
0.4118606101227814
0.4731078759274498
0.5387704301077344
0.5576508735363638
0.4948190173417154
0.4704486342775339
0.4234534730740864
0.5263614474782929
0.4200089390059624
0.5061311809324309
0.48420262081059984
0.5255434219775621
0.44730482675660854
0.5069159661392388
0.348893129521735
0.5212757705783091
0.5772502768659838
0.4731751791473072
0.43446026509122565
0.42286937547179415
0.4948640910407453
0.43634354235979167
0.5296268237552826
0.49406445080386885
0.5451200901208931
0.48035224424127865
0.5361660221056384
0.5484191912000501
0.45444831832667487
0.5656673461831921
0.45848346099779996
0.5539680069795405
0.6413851350850011
0.6106239384427756
0.5731732256007608
0.5706565694275334
0.5516512111203224
0.5872450218075704
0.5142350462848875
0.5593072304803571
0.6525867940203484
0.5914346215381945
0.5455717681410036
0.5999952377073525
0.5544709822712718
0.6086448929873184
0.5858614761478665
0.6406968641638626
0.5406472075721678
0.5898134255595935
0.48226786502373464
0.5532669671040856
0.5996638243513662
0.552885853653921
0.5428089577511813
0.5966139877794336
0.5582421646592852
0.6762060344142606
0.6872444849570606
0.6400362986938948
0.6262628619476853
0.5578825110261075
0.6385715809685613
0.6337091830113155
0.7597247371937941
0.6391724236753198
0.5621355315167929
0.6369004151540211
0.6817053617940293
0.549461788964791
0.6407513818181729
0.663442008490065
0.7445919720998195
0.6292019821783263
0.6976961068140931
0.6209314018741919
0.6255278105823633
0.7192809970368661
0.6600603677793004
0.6239746938314944
0.6566606867215381
0.7235480054047496
0.6196070970106689
0.6382691215490026
0.592453475217579
0.6762552316848509
0.6266358851350494
0.6219419534483515
0.5866616506660343
0.5505657315297401
0.6627936111902883
0.659983759943276
0.5642968119704066
0.5836192230316588
0.5353299812461298
0.44486494386502995
0.5140363621089111
0.43097783697957076
0.6494843248177201
0.529830239117316
0.48122396312688837
0.4894997233130147
0.46174891535671214
0.5068748611137681
0.33748895040652777
0.4881048166730602
0.4153864079805595
0.34079937837625607
0.45513494842364777
0.31998728179340313
0.5096139736101494
0.47439227260127387
0.5262665483095258
0.45338312677429216
0.5719049581424005
0.5009838294042696
0.5130865234322309
0.44382128326519726
0.5066678587741021
0.5152861708720358
0.6272150698864692
0.4820652366620135
0.5664885466693811
0.5758265141065622
0.5800583893548052
0.48146105277372997
0.5483199263639655
0.45055588179642836
0.49729901955068223
0.49564326718084845
0.5397983026423305
0.5974731966515963
0.5720580074709118
0.5765681222872989
0.48194651576237235
0.4264989537098518
0.4614120951081774
0.48484949244512693
0.5902827305429187
0.49404179880306015
0.4462596898493773
0.35513388407938556
0.44963407372473485
0.36627281601665235
0.3877117196208253
0.37764664535960013
0.4153221778327498
0.48990817603228287
0.4048915516239613
0.30151855184926035
0.31257435064968325
0.18813308524614492
0.24387479326316935
0.2556798975768311
0.3073832276044485
0.30942809330847754
0.3443054385806601
0.2172664476239402
0.2705209110646768
0.24544748846824238
0.33679333115594545
0.27371687960929825
0.2041135700743164
0.23585994570506855
0.30193535310936814
0.1652024222791646
0.33589406303582625
0.052388769383618514
0.09599470617975046
0.19895221445257433
0.23561827985702954
0.20117609031179073
0.13599317484480541
0.20848209848941937
0.31302574182143367
0.1567793399435518
0.2908022248290828
0.2535863714726052
0.21438537690916376
0.2204908278473232
0.18685079564786952
0.33549330996813387
0.264206351381374
0.21757753310653727
0.1976117557535051
0.21488583011258555
0.2553803681948601
0.2886822984725504
0.22176697558418845
0.3012586593157189
0.3349843014394391
0.3384935632767222
0.32084099359621565
0.4060656132242171
0.3517869273811487
0.36115861846438607
0.3481664814610671
0.3910702167579109
0.32045062266843605
0.43333443200641747
0.2985990068571125
0.2489955319951041
0.36029316799214606
0.26372892310161533
0.26970286861791565
0.3245639046582331
0.338341401406623
0.3381006404565057
0.34393411580359584
0.36244462220003115
0.4030267238190993
0.4501054930480324
0.5232960051057629
0.48678583982146095
0.3533117339010571
0.5175183610054064
0.5520295726767647
0.5677083863206478
0.41725035559934515
0.42079019715834975
0.43521440944784295
0.4225869929370628
0.4786241726140458
0.49374181557715635
0.42651335509005217
0.40615428364720146
0.4786955344160252
0.4603552807692153
0.4923351824988566
0.4373169424081496
0.48344768864887877
0.43900186417852133
0.5274906251965967
0.5379056665661508
0.4675550048465599
0.5431691969030465
0.48637104392565056
0.5073385267885304
0.6129062057017083
0.5202739220418388
0.47482649449574754
0.4416811161091728
0.44065067302835936
0.4512239198495044
0.5532175859994547
0.4431386552762545
0.48202247318749375
0.48240674895871105
0.4791808999583304
0.51753560032027
0.3961447319113373
0.5615799434761286
0.41234859522230943
0.3893230510765178
0.39449601532234135
0.3449678170497636
0.386929945472574
0.4990707516356127
0.48567553912368155
0.41468041703309955
0.4311892624098258
0.4828031583666284
0.38228099597017356
0.3456436401887303
0.48495796831746196
0.35464141485040857
0.3777763742927816
0.3989913168880994
0.41659404450211984
0.3549355623166513
0.31255680020323984
0.32068827496796204
0.3471384508957898
0.3820942416932549
0.47912413886469196
0.3569813819126153
0.34570917983794003
0.32300481570451356
0.3687945231911949
0.3869036670922992
0.2932372635483521
0.4089449454248249
0.23912401535881933
0.35320358474787983
0.31832679290338695
0.18364420893720887
0.3124363034462853
0.33729610742176785
0.3196880820481952
0.30546425068321
0.36381061688033467
0.27979492238724313
0.29629759858793336
0.30804988005092865
0.2885684019167274
0.44672154046506424
0.42562504789405065
0.3575159508407743
0.39302175704632847
0.47532465934810275
0.5579644796055563
0.4821929632414093
0.4717922082629793
0.4014729632810745
0.4523319193167783
0.3958743125730202
0.3843094282795829
0.3339147308791647
0.39879341306553207
0.19148844429223383
0.4072702023142668
0.3214630121297873
0.3728641101725044
0.35280192522003906
0.23816265973601008
0.3288674570777173
0.4572504394735873
0.3728525892046135
0.3460416489701501
0.34103541189186753
0.14251348717049994
0.25262574759666667
0.3901316163569205
0.3625010791789286
0.241622859493636
0.39394308115206333
0.26574718885140913
0.2768412443961976
0.3642718392635362
0.26485638651050436
0.2644299541164768
0.24471194752259254
0.34599652639983913
0.4009945911395152
0.3205208797117358
0.3498650057311583
0.3276884533922946
0.3660233385512399
0.3009540477639624
0.3791752314969545
0.40159011166200453
0.25444585196346414
0.35217299536887614
0.24964644093380894
0.3123643373126526
0.38626512989570566
0.3420722924800796
0.4946067642563206
0.3209836385385353
0.3975919674416809
0.4214639751972065
0.479721701670314
0.4075268179022963
0.3548451258836659
0.3892474756501346
0.49071148891814503
0.32103976426467423
0.39028433659626494
0.5419732463437581
0.334805668012078
0.5264756040216947
0.44530264232830463
0.4692216470906968
0.49284347391373506
0.47607471580611765
0.3972526304758297
0.29923544108087874
0.48691728909446724
0.4181224642341812
0.45009242780986775
0.4391278707243007
0.4581868267847282
0.3592343438705699
0.5481224433386829
0.44635149306926536
0.3389179966275203
0.5125844319637546
0.36135062922554295
0.2932795872870977
0.4992554369140335
0.3529194276817942
0.4294720516887691
0.5471857390800058
0.4824049330213575
0.42688692143320284
0.4080590587007846
0.353282970648801
0.3197377014554833
0.2421347856907192
0.4038946775841971
0.4761421349034785
0.33832757207562325
0.3873173723180777
0.4567872774376023
0.41534606932688223
0.3349954712371838
0.3508165958212387
0.35667556574775594
0.44837688905219286
0.3847893345815234
0.43350280047268064
0.468615130339684
0.5501526201334839
0.4677315979541349
0.4171508849425638
0.4494952442010851
0.47434682193142264
0.4258494102716922
0.4673628279040831
0.484867874478051
0.40660716059525975
0.3559135890193911
0.3061760069551867
0.42265079653834964
0.49348747607578125
0.47262842732133115
0.4715430357810584
0.46631729534172034
0.5421131523957191
0.44460255690927364
0.4561551918744281
0.31550851460648643
0.5697875837087105
0.4156041296245515
0.44981915838079967
0.438914498481294
0.41006450159152974
0.3132230780820058
0.42045778899061814
0.569355868757239
0.5066996110379615
0.4083744586666987
0.2895906326345186
0.4703874559759726
0.3225425077173985
0.4670620825061065
0.4988732912730307
0.3704625216001386
0.4867430321190766
0.4041520231448526
0.508714599734888
0.40494809403125814
0.41832713354670487
0.3145371652401226
0.3724028763608829
0.3413923583512254
0.3732302925893499
0.46056168990731017
0.48004644397904583
0.4629317638133079
0.5521077657605277
0.45423861696263457
0.49298176384872827
0.581730678534756
0.4625374363099717
0.39869011926479514
0.5110534730641081
0.5121483191558337
0.4188414287764758
0.3626713668451455
0.40778878942107377
0.4980940534600853
0.5098214120544176
0.5092840202401354
0.4528312465661847
0.44919524591628524
0.4567909236782183
0.39146273116100316
0.5619180585961158
0.22853487571421288
0.37160820998083127
0.3910450791611233
0.5232710780553989
0.38886581235838263
0.3094492776806119
0.4916958014625383
0.486677173313338
0.48505327693648415
0.44645533521568326
0.43437209191553766
0.4772874409614949
0.41630633840344955
0.49298249279432144
0.37374519488085145
0.3457845239429876
0.429300152028753
0.30705717757552065
0.32686805098737914
0.4361101158050992
0.46148351103254903
0.312951371369249
0.3884419258344017
0.3738991136131885
0.5258219479508922
0.5478810787611585
0.4677593823524161
0.37754820158463454
0.3165369730821736
0.5304116836933663
0.5211240461290197
0.4160836604077585
0.3361858759234206
0.3365757474723001
0.40052985606490243
0.45495947004381065
0.32840727643851186
0.35509268727189636
0.2938397080372792
0.2728306078733902
0.42387753644167303
0.3222485844915443
0.3700272213338724
0.3422308424554106
0.34833971186191937
0.3367416357129314
0.3552274451906984
0.2364560365945173
0.3879456047518547
0.35329093141030576
0.30715792866953684
0.35005961570104754
0.25023043682678014
0.4150736548114582
0.35116309365964726
0.33377424380048537
0.39562803615927067
0.3047354491320909
0.40199900980514297
0.26158625923039974
0.3206818044500702
0.48433959839018237
0.3032713829583201
0.3491044726990705
0.39197314033037683
0.38726375277679326
0.3614211063233795
0.36792887963478316
0.39158531205446384
0.32948876467950383
0.39410135454465745
0.3772922503730924
0.4128677347094336
0.38627295765183245
0.4205194706424943
0.41806398335828915
0.45289599677075787
0.5026774396383473
0.5041946166198081
0.31900946548808357
0.35631770108781347
0.28441476164376445
0.21800938816588286
0.3158489551470772
0.22322075705921385
0.3897555484631108
0.3824132490503697
0.3733042114598992
0.2673395823452469
0.37308427182038384
0.2806033443814171
0.3699687502167771
0.365566228077007
0.2851027965754784
0.2523445378819639
0.3609522300546426
0.38454997680099773
0.337288854357754
0.35453197574214007
0.32681556192488737
0.29890948823261737
0.31171466225173416
0.2731607984056089
0.36942296448739437
0.37467857933443804
0.3360752088134288
0.3546069791431831
0.32247843601508475
0.3171982907848656
0.32034763595054155
0.38040308642531784
0.45292546483948576
0.416754334399814
0.3596168103663324
0.4740744605811579
0.42800305439476305
0.3968687704021916
0.47490081528461825
0.40858636757735317
0.3941103740973302
0.4035105850563099
0.45577765800649706
0.4175426993822077
0.4333468795331172
0.37019336139022624
0.3564582751724624
0.4092842054814012
0.41173439433275166
0.41065979916333484
0.3144379719679119
0.3410682067756731
0.343861345945862
0.32446877039751565
0.31122470853321776
0.27026927548316765
0.33647562466719744
0.44065191621002076
0.4346576468746277
0.4652647381863555
0.3697669215602038
0.35331916289659615
0.43460073527715465
0.39860852959905063
0.3862437219431299
0.4137515030647888
0.42890903778200656
0.36922747151554847
0.4622857460411587
0.5589357665862481
0.42668346462474005
0.470089092627204
0.40677595240064446
0.415468312671628
0.48308464427404996
0.5174116709845706
0.49699687655170116
0.4826742340165474
0.48698772332390206
0.37139230861098643
0.4574007215363536
0.37851779729683294
0.4991135482505738
0.45563410960229567
0.4965806557604091
0.36765073850496416
0.4377989789932434
0.3606016221487085
0.3918259551111637
0.34181513889613346
0.35138380065664765
0.4411098911081318
0.44580312134068634
0.4925342955886721
0.4276572216407418
0.37515882539217243
0.37747187112810215
0.4660708778998225
0.46817147804263815
0.48000072504918123
0.4921353657427566
0.383941531507814
0.49927927075501416
0.323961895253296
0.4234181677513569
0.4667397415020099
0.3195738632020114
0.4469536003428273
0.49809602566422323
0.3842345528679313
0.4277086380750623
0.4840265317098156
0.33980752334225084
0.3681222506423254
0.36415650325403104
0.3109421731358273
0.31623216921992725
0.3589786130464586
0.3373671330976673
0.3169376902519989
0.31000379376111337
0.2679910750498607
0.35086348357960967
0.3191423572116136
0.48044939797536335
0.30807977845016565
0.33463874164104224
0.3313163487267523
0.5096061482995481
0.44783626097989326
0.33502826656650775
0.417445534819353
0.30383343140449814
0.34481807533172215
0.480583390098874
0.3093293078935251
0.3726928363343357
0.4595067011757509
0.5069551023103898
0.3652322141326103
0.47139175367839314
0.4520260231725559
0.4206628848721994
0.5256554963154849
0.5402872301013072
0.43869971732695523
0.6464069673361019
0.6214322192891679
0.5466887306977116
0.43028683197418
0.5062147882060073
0.5529344780395751
0.6069224712941493
0.47442055968350194
0.448435120661283
0.45124805271711976
0.4416559914006477
0.4324029143816048
0.4603280804917997
0.4944310262495447
0.3795282428307267
0.2788171662941781
0.32335438263533633
0.3125006997344133
0.3897125068233461
0.5083492279115285
0.401809054011615
0.35866976883939083
0.3459476150005171
