0.4333001538322323
0.535155189575604
0.5600398154013211
0.5578228214641209
0.46959551171839653
0.5126232920097729
0.4470771875848339
0.5986788525925255
0.44719029952040534
0.521898470726631
0.447267215636594
0.5038910505836576
0.4655234820378246
0.4045109039905891
0.5108587458148584
0.2553207854492806
0.406926974934395
0.4454800470545652
0.5247488915030314
0.4365758754863813
0.5023074834856573
0.4050674147136005
0.3757714234005972
0.2830829789159352
0.4392996108949416
0.5728440865080083
0.39419961994389646
0.450891322052303
0.39894127228305126
0.432960818025518
0.4715862817844539
0.4829879648900552
0.49438964799565643
0.27504750701294
0.4313003348113293
0.3477060899466111
0.32293457605646547
0.397710614424034
0.26436069134015017
0.3708080716677224
0.2691385394986879
0.4615419419057099
0.28298344041263235
0.31253280246131576
0.4009048954845715
0.3128268934938015
0.33786535155189573
0.4036286308931318
0.47393901004433986
0.3767532350013573
0.3610894941634241
0.4857026513437697
0.32976653696498054
0.39102343679305035
0.44319066147859915
0.3325264681929237
0.42546828341326576
0.5771875848339516
0.5162881187222875
0.5911229752963533
0.4759297801103972
0.4693692878472536
0.5306307121527464
0.4968328658039996
0.47217446384942535
0.4881911139263415
0.47710614424034026
0.5021717491629716
0.5091846891684011
0.45737942267668086
0.5276898018278888
0.48040901275902637
0.41503031399873314
0.40844719934847523
0.4199710433444937
0.4993665731607999
0.5154737127861732
0.5134376979458872
0.44804542575332545
0.3871957288933128
0.5073296534250293
0.5007691611618859
0.4625825717129671
0.4831689439869695
0.5399963804180616
0.4655687268120532
0.4726269115917111
0.6968600126685368
0.5545651977196633
0.5480047054565198
0.604832141887612
0.6435616686272736
0.6235182336440142
0.8432268572979821
0.5606732422405212
0.7306578590172835
0.6607999276083613
0.5547461768165777
0.6251470455162428
0.5100895846529725
0.49904985974119986
0.5016288118722287
0.7620577323319156
0.7555877296172292
0.7264500950140259
0.7697493439507737
0.7316079992760836
0.5984526287213827
0.5693602388924079
0.6216631979006425
0.7193014206859107
0.6313908243597864
0.6248755768708715
0.5595873676590354
0.6979458872500226
0.641706632883902
0.6533797846348747
0.6016650076916116
0.5047054565197719
0.5027599312279432
0.586869966518867
0.6302144602298434
0.5151569993665731
0.513256718848973
0.5837480770970953
0.6361415256537869
0.6613428648991041
0.5146593068500588
0.748031852321057
0.6330196362320152
0.6040177359514975
0.6428377522396164
0.37854040358338614
0.4942539136729707
0.48787440050674147
0.5538412813320062
0.4705456519771966
0.5636593973396072
0.6251470455162428
0.5734775133472084
0.5897203872952674
0.551714776943263
0.6176816577685278
0.6339245317165868
0.4194145326214822
0.6754592344584199
0.5242964437607456
0.5179169305945163
0.4391774500045245
0.46448285223056734
0.48072572617862636
0.6056013030494978
0.4680119446203963
0.47973034114559765
0.5548366663650348
0.602796127047326
0.47425572346393985
0.4769704099176545
0.47511537417428285
0.5547461768165777
0.44434892769885076
0.34752058637227395
0.5719844357976653
0.5746991222513799
0.509501402588001
0.5438874310017192
0.5692697493439507
0.4860193647633698
0.5973667541398968
0.5231653244050312
0.4535336168672518
0.4788706904352547
0.6897565831146502
0.6698488824540766
0.4916297167677133
0.5486833770699484
0.5921183603293819
0.5542032395258347
0.43027327843634056
0.5189575604017735
0.46746900732965335
0.4475748801013482
0.5137091665912588
0.6160076011220704
0.4197131481313908
0.38627273549904984
0.497647271740114
0.42350918468916837
0.3403583386118903
0.3702741833318252
0.33684734413175277
0.3532485747896118
0.4962899285132567
0.42668084336259166
0.29373359876934213
0.35991313003348113
0.4713148131390824
0.379083340874129
0.46330648810062436
0.3484978734956113
0.25176907067233734
0.4536693511899375
0.4700479594606823
0.3959596416613881
0.42140982716496245
0.4423355352456791
0.48588363044068406
0.34846620215365126
0.2970138449009139
0.5261062347298887
0.37962627816487193
0.46384942539136725
0.4531716586734232
0.46507103429553887
0.4317301601665008
0.33501493077549543
0.3695593158990137
0.31361415256537867
0.38883811419781017
0.26955931589901366
0.448855307212017
0.44722197086236537
0.34148040901275895
0.29913582481223416
0.37438240883178
0.38181160076011217
0.35300425300877747
0.4328296081802552
0.42212921907519674
0.26212107501583565
0.31933761650529363
0.43080716677223785
0.31605737037372184
0.41400778210116723
0.42142340059723093
0.4152746357795674
0.5584110035290923
0.3532123789702289
0.45566012125599487
0.44047145054746173
0.45243869333092024
0.5910777305221246
0.5940638856212108
0.551714776943263
0.5817573070310379
0.6118450818930413
0.6374083793321871
0.7398877929599131
0.6025699031761832
0.6869966518867071
0.7578047235544295
0.8376165052936385
0.8360781829698669
0.7711519319518595
0.7741380870509456
0.9399601845986788
0.8433625916206678
0.9141706632883903
0.8854854764274727
0.8975205863722739
1.0
0.9125418514161614
0.8385666455524386
0.9456157813772509
0.8897837299791873
0.9651615238439959
0.8143154465659216
0.772056827436431
0.7297982083069405
0.6422948149488734
0.6679033571622478
0.7659487829155732
0.6422948149488734
0.5095466473622297
0.6573160799927608
0.6603022350918468
0.6723825898108768
0.6437878924984164
0.5924803185232105
0.5412179893222333
0.5442493891955479
0.416052845896299
0.6091303954393267
0.5669170210840647
0.5111302144602298
0.6000814405936113
0.47647271740114017
0.42068138629988233
0.44636232015202243
0.47203872952673964
0.5429825355171478
0.5188670708533164
0.5807166772237806
0.47520586372274
0.4465840195457424
0.5808976563206949
0.5658763912768074
0.4784182426929689
0.6127047326033842
0.47099809971948237
0.47859922178988323
0.5223961632431454
0.6431544656592163
0.5919373812324676
0.5995837480770971
0.5755135281874943
0.5559677857207492
0.6948239978282508
0.5893131843272101
0.6331101257804723
0.5819382861279522
0.6574518143154465
0.5881820649714957
0.5098633607818297
0.6984888245407654
0.5477784815853768
0.5554248484300063
0.7123789702289385
0.6476336983078453
0.614559768346756
0.5407655415799475
0.661569088770247
0.6330196362320152
0.7809700479594607
0.571486743281151
0.63795131662293
0.6411184508189304
0.5628449914034929
0.6021627002081259
0.6098995566012125
0.5813953488372092
0.5483666636503484
0.5153379784634875
0.541127499773776
0.46742376255542484
0.5067414713600579
0.5144783277531445
0.5493168039091485
0.638494253913673
0.5964166138810967
0.6448737670799023
0.6571351008958466
0.6603022350918468
0.7404759750248846
0.6531535607637318
0.7197538684281966
0.5103158085241155
0.7216089041715682
0.6388562121075015
0.7054565197719662
0.7268120532078544
0.6440593611437878
0.6608451723825898
0.6595783187041896
0.6854130847887069
0.6569993665731608
0.7099809971948239
0.7403854854764274
0.5943353542665822
0.5794950683196091
0.7003891050583658
0.7217898832684825
0.4626278164871957
0.6332911048773866
0.6592163605103609
0.6714776943263052
0.7109763822278526
0.7414261152836847
0.6723373450366482
0.5398606460953759
0.5024432178083431
0.6007601122070401
0.5994932585286399
0.6933309202787078
0.4567912406117093
0.5189575604017735
0.5629807257261786
0.5120351099448014
0.5424848430006334
0.6951407112478508
0.4676952312007963
0.37150031671341954
0.5105420323952583
0.4414894579676047
0.3226993032304769
0.5477332368111483
0.5013120984526287
0.41415256537869877
0.35420323952583477
0.46163243145416705
0.5780924803185231
0.49547552257714234
0.381214369740295
0.2850466021174554
0.40153832232377157
0.29633064881006244
0.45805809429010946
0.36192652248665275
0.5010406298072572
0.6311646004886435
0.5033481132929146
0.2895348837209302
0.4784634874671975
0.531626097185775
0.47172201610713965
0.4887340512170844
0.5690435254728079
0.6720206316170482
0.5261514795041172
0.4888697855397701
0.4108632702922812
0.4640756492625101
0.38607818296986696
0.4709528549452538
0.6192199800922994
0.5366935118993756
0.49945706270925705
0.4350375531626097
0.35256537869876026
0.4736675413989684
0.49977377612885704
0.37205682743643115
0.4434033119174735
0.3880689530359243
0.4051307573975206
0.390525744276536
0.443833137272645
0.29802732784363406
0.33773414170663285
0.3638720477784816
0.2226088136820197
0.2578092480318523
0.29300968238168495
0.3010723011492173
0.19602750882273096
0.2764908153108316
0.316242873948059
0.3197991132024251
0.16949597321509363
0.2454574246674509
0.17211564564292822
0.08973396072753596
0.23358067143244957
0.1421228848068048
0.2859786444665641
0.09955660121255995
0.17551805266491718
0.11127047326033844
0.1148538593792417
0.18182517419238076
0.20808071667722378
0.17096190390009955
0.002638177540494073
0.1691702108406479
0.055153379784634866
0.0
0.12126956836485386
0.15205411274997738
0.14668355804904534
0.2136774952492987
0.1585150665098181
0.148601936476337
0.292530087774862
0.11526558682472174
0.20490905800380052
0.10453352637770337
0.19419509546647365
0.2114650257895213
0.02966971314813139
0.2369830784544385
0.15473712786173197
0.3258709619039001
0.2707809248031852
0.29262057732331914
0.30541127499773774
0.34536241064157086
0.49837118812777126
0.226160528458963
0.2616052845896299
0.41469097819201883
0.2917518776581305
0.32269025427563114
0.18170753777938647
0.3574020450637951
0.27072663107411093
0.4328658039996381
0.5045697221970862
0.3997647271740114
0.2633472083974301
0.4074156184960637
0.41579495068319605
0.38342231472264954
0.2786670889512261
0.47710614424034026
0.5171477694326305
0.3264365215817573
0.37557687087141434
0.47896117998371185
0.6231110306759569
0.5772328296081802
0.5042077640032576
0.5533435888154917
0.5346122522848611
0.6109854311826983
0.4429553886526106
0.49212740928422766
0.4643923626821102
0.5361958193828613
0.5039362953578861
0.6119355714414985
0.385155189575604
0.5338883358972039
0.5785901728350376
0.5509456157813772
0.6589448918649895
0.7308388381141978
0.6036105329834404
0.5533435888154917
0.6342412451361867
0.5613971586281784
0.6649172020631617
0.5287304316351461
0.5282327391186318
0.6544656592163605
0.563478418242693
0.6671341960003618
0.5173287485295448
0.49429915844719935
0.5074201429734866
0.6427020179169306
0.6649624468373903
0.6373631345579586
0.627906976744186
0.4827617410189123
0.6588091575423038
0.5860555605827527
0.5087322414261153
0.49932132838657134
0.45371459596416613
0.46240159261605285
0.4530359243507375
0.5205411274997738
0.556420233463035
0.5606279974662925
0.5060627997466293
0.5826622025156094
0.5235725273730883
0.4237399330377341
0.5049316803909148
0.35078725907157726
0.5722559044430369
0.5222151841462311
0.3953126413899195
0.4086327029228124
0.43104243959822636
0.4896389467016559
0.48036376798479774
0.3851913853949869
0.3849832594335354
0.3395801284951588
0.39821283141797115
0.41164148040901277
0.4974210478689711
0.42037372183512806
0.31167315175097277
0.36131119355714414
0.519545742466745
0.5420776400325762
0.4741199891412542
0.25232105691792595
0.4784634874671975
0.4693692878472536
0.301909329472446
0.47832775314451176
0.2746764998642656
0.2520269658854402
0.36964528097004795
0.41035652882092116
0.460139353904624
0.45109944801375446
0.5009048954845715
0.4557053660302235
0.6141073206044702
0.49647090761017104
0.5870509456157813
0.47855397701565466
0.6505746086327029
0.5285042077640032
0.33857569450728436
0.32964437607456337
0.41574065695412177
0.5154284680119446
0.5246131571803456
0.5564654782372636
0.4480363767984798
0.43917292552710163
0.33982897475341595
0.3988598316894399
0.41265043887430997
0.4264546194914487
0.3859741199891412
0.3681295810333906
0.4769704099176545
0.3822459505927065
0.4730341145597683
0.3783096552348203
0.4826712514704552
0.4287213826803004
0.39738032757216535
0.3524839381051489
0.4297620124875577
0.45728893312822366
0.4124242150031671
0.5078273459415437
0.367989322233282
0.4362727354990498
0.43671160980906704
0.35119446203963445
0.3561804361596235
0.46525201339245315
0.47027418333182514
0.37573975205863724
0.4757940457877115
0.45371459596416613
0.4949325852863994
0.32809700479594606
0.5277350466021175
0.6188127771242422
0.4746176816577685
0.4164102796127047
0.4532169034476518
0.4131390824359787
0.6581304859288752
0.47778481585376886
0.44679214550719387
0.5017645461949145
0.5205863722740023
0.7113383404216812
0.7392091213464844
0.5091846891684011
0.356135191385395
0.5922088498778391
0.6291738304225861
0.5394986879015473
0.5538865261062347
0.6723373450366482
0.6234277440955569
0.5654691883087504
0.7835490000904896
0.5175097276264591
0.47316984888245406
0.4695502669441679
0.6605284589629898
0.5619400959189214
0.576508913220523
0.7222875757849967
0.5332549090580038
0.5794950683196091
0.6484028594697312
0.7218803728169396
0.6188580218984707
0.6606641932856755
0.4808162157270835
0.5723916387657225
0.6323862093928152
0.588272554519953
0.5487286218441769
0.4141797122432359
0.6235182336440142
0.606641932856755
0.56261876753235
0.5322142792507465
0.5651524748891502
0.6071848701474979
0.6536964980544746
0.5328929508641752
0.5930232558139534
0.5763279341236087
0.55053841281332
0.5428920459686906
0.6393086598497874
0.6271830603565288
0.750791783549
0.6255994932585287
0.7446837390281422
0.7145507193919103
0.6255994932585287
0.6271378155823003
0.5924803185232105
0.6257352275812144
0.7404759750248846
0.6968600126685368
0.6577685277350466
0.6549181069586463
0.7470817120622568
0.7532802461315719
0.5423943534521762
0.7793864808614605
0.7178083431363678
0.47072663107411095
0.5675504479232648
0.4833951678581124
0.6119355714414985
0.4871052393448556
0.6564111845081894
0.6764093747172202
0.5199981902090308
0.5852863994208669
0.5781829698669804
0.6661388109673332
0.7224685548819111
0.6475884535336168
0.5953307392996109
0.7286218441769975
0.5949687811057822
0.6197176726088136
0.43637227400235273
0.5969143063976111
0.567414713600579
0.5379603655777758
0.6351913853949868
0.7143697402949958
0.5447018369378337
0.5560582752692064
0.5674599583748077
0.53814134467469
0.5585919826260066
0.4795493620486833
0.5814858383856665
0.6020269658854402
0.4823545380508551
0.6658220975477331
0.5914396887159533
0.6663650348384761
0.6734232196181341
0.6443760745633879
0.6741018912315627
0.8758483395167859
0.6251470455162428
0.6956836485385938
0.5852863994208669
0.7102072210659669
0.5636593973396072
0.5573703737218351
0.578318704189666
0.698760293186137
0.620215365125328
0.6955026694416795
0.6214822188037282
0.7330105872771694
0.6771785358791059
0.5987240973667541
0.5022169939372002
0.6681748258076192
0.6486290833408742
0.5838838114197811
0.5824812234186951
0.5177811962718306
0.5979096914306398
0.5151569993665731
0.3736087231924713
0.5216722468554882
0.5883177992941815
0.5871414351642386
0.47285313546285407
0.8201067776671793
0.45701746448285224
0.4288118722287576
0.6992127409284227
0.485566917021084
0.43480680481404393
0.5288661659578319
0.5052936385847435
0.6492172654058457
0.5985431182698397
0.6339245317165868
0.6195366935118993
0.5237535064700027
0.6858655325309927
0.725907157723283
0.5396796669984617
0.7290742919192832
0.624377884354357
0.5966428377522396
0.5599040810786354
0.604605918016469
0.6493529997285313
0.4995927970319428
0.5761017102524658
0.544023165324405
0.7065423943534521
0.561442403402407
0.4932585286399421
0.46131571803456695
0.4610894941634241
0.48353090218079814
0.5240702198896027
0.43797393901004433
0.4650257895213103
0.5826169577413809
0.5916206678128676
0.4513709166591259
0.49212740928422766
0.3926703465749706
0.5013573432268573
0.5875033933580671
0.5379151208035472
0.4159533073929961
0.5247941362772599
0.5657859017283503
0.6340150212650438
0.7248665279160257
0.517102524658402
0.5808976563206949
0.4773323681114831
0.5456972219708623
0.5462401592616053
0.44728531354628537
0.624377884354357
0.5842910143878381
0.5804904533526378
0.554067505203149
0.5593611437878925
0.5466021174554339
0.5519862455886345
0.5709890507646367
0.481404397792055
0.6090851506650982
0.4064700027146864
0.5794498235453804
0.36336530630712155
0.5273730884082888
0.3475658311465026
0.4935752420595421
0.4676499864265677
0.29702289385575964
0.5019455252918288
0.5666907972129219
0.5228486109854311
0.5695412179893222
0.5031671341960003
0.3463623201520224
0.3072255904443037
0.32242331010768255
0.3286173196995747
0.3619989141254185
0.30946068229119533
0.4062709257080807
0.552891141073206
0.3647543208759388
0.4028820921183603
0.368658944891865
0.257564926251018
0.37726450095014025
0.3069767441860465
0.3362772599764727
0.492308388381142
0.5624377884354357
0.5239797303411455
0.4132114740747443
0.3477196633788798
0.3772961722921003
0.5109944801375441
0.39586462763550806
0.4798660754682834
0.3512759026332458
0.367514252103882
0.44261605284589634
0.43632702922812416
0.497963985159714
0.4736675413989684
0.4222649533978825
0.5654691883087504
0.4779657949506832
0.5896298977468102
0.39817211112116546
0.41037010225318976
0.4543027780291376
0.6249660664193285
0.3794000542937291
0.40084607727807436
0.4676047416523391
0.5072391638765722
0.3614333544475613
0.46000361958193825
0.39121798932223334
0.4220251560944711
0.3442991584471993
0.44307754954302775
0.43784272916478145
0.3557506108044521
0.3325264681929237
0.458646276355081
0.29529001900280516
0.44867885259252555
0.4030540222604289
0.4027237354085603
0.5743824088317799
0.49724006877205684
0.43372997918740386
0.38837661750067864
0.519545742466745
0.4697764908153108
0.4336259162066781
0.5875938829065243
0.5515337978463487
0.4296172292100262
0.547552257714234
0.45737942267668086
0.4396977649081531
0.4989593701927427
0.522124694597774
0.3914894579676047
0.47357705185051124
0.38377069948420955
0.44334449371097634
0.48941272283051307
0.4314586915211293
0.5183693783368021
0.37004795946068225
0.4751606189485114
0.3360238892407927
0.5408107863541761
0.3927382137363134
0.40761469550266943
0.45421228848068046
0.43755316260971855
0.4164193285675505
0.40440231653244046
0.2883766175006786
0.47104334449371094
0.26465478237263595
0.17145054746176816
0.43573884716315264
0.44220432540041626
0.37181250565559676
0.40555605827526925
0.43935842910143885
0.3963170753777938
0.3578544928060809
0.3828115102705637
0.2901999819020903
0.3333815944258438
0.2725771423400597
0.39733508279793683
0.37738213736313453
0.36201701203510994
0.5050674147136005
0.4129490543842186
0.3842186227490725
0.369134015021265
0.3722151841462311
0.3527463577956746
0.328829970138449
0.34116822007058184
0.29928965704461136
0.28914577866256447
0.44196905257442765
0.2147995656501674
0.31346484481042436
0.19955660121255994
0.29383766175006787
0.2841417066328839
0.3107094380599041
0.22422857659940273
0.5043434983259433
0.386331553705547
0.3091258709619039
0.27725092751787167
0.4038096099900461
0.4082707447289838
0.24994118179350283
0.5531626097185774
0.3361686725183241
0.5490905800380056
0.43629083340874125
0.4140666003076645
0.4235996742376255
0.4151208035471903
0.6148312369921273
0.5160166500769161
0.4580128495158809
0.3729164781467741
0.48244502759931224
0.47896117998371185
0.5208125961451452
0.35913039543932673
0.3875622115645642
0.42512442312912857
0.39038096099900466
0.3919057098905076
0.4206678128676138
0.41783549000090486
0.46036557777576687
0.36265948782915575
0.21077730522124696
0.40736584924441227
0.4049543027780291
0.2533209664283775
0.4275450185503575
