0.3684031224580391
0.2778368774495491
0.4727224117607395
0.4058387322988696
0.34384170034770156
0.2927704769831596
0.3267362543654089
0.3404610070659449
0.30419283755728765
0.41434102962619646
0.36774576790868324
0.4008045077105737
0.3118476441916469
0.44877419016989206
0.4333290357780122
0.3049667620886213
0.3908697814554343
0.40125318532409476
0.3146076735251381
0.33491185128263357
0.30327847616241616
0.41053628705834
0.2158730904538929
0.2768829430215485
0.24292776902999147
0.3131052338882049
0.4211616900546605
0.32605128414204626
0.24317096765345458
0.3391441534251123
0.3204016826463163
0.3700185588215795
0.44512044717696403
0.3138858288284291
0.24163778243717354
0.32419975661727785
0.2853534178099283
0.4330023077349767
0.32825862060881833
0.4344980218783523
0.29398213127695383
0.2741707693984834
0.3341658699888157
0.32071129657188324
0.29162430436072373
0.34355797435831403
0.23618881361330568
0.21104157571864257
0.33631849356482213
0.28452372046098895
0.36275313885773197
0.3676223021508592
0.24946893615494575
0.30785193812297684
0.2712642558925588
0.3119115682262672
0.4395078787041976
0.3596915352420579
0.45021716205834283
0.3955868206038489
0.22806853954987358
0.4580399409588406
0.4052277651545857
0.4545899146996265
0.41573189241629316
0.46228416589662513
0.4459915068141115
0.4042595256553326
0.36591373288153944
0.3230779508965947
0.4635288928704473
0.4825075954213317
0.35846009993563566
0.41245522983499716
0.2657469475178344
0.4776247270993028
0.5214083359997982
0.3679379695461067
0.5886829181383186
0.4198082641360517
0.3993447802079886
0.5634832263678342
0.5673003283313421
0.5532709608199661
0.4873865068432166
0.5704017740161957
0.5258684835003189
0.5427870880000432
0.5774519626936375
0.6128580486931694
0.5865549444524815
0.6071052452584775
0.7222654547768135
0.58816414152619
0.6709307236247559
0.6610535449916362
0.6844284339531106
0.6022567141629225
0.53174815018463
0.5750732056424548
0.6591442134927672
0.6259190490502006
0.692973870547454
0.6514526952381684
0.7406889633181193
0.7290147801538551
0.6180334252943762
0.7042012115138642
0.6732215019464117
0.6353027025892082
0.6789386593501907
0.6408200421755572
0.6144691814312034
0.5283998074120451
0.5165330625668273
0.5928687566813091
0.5902097314719881
0.5049510936718612
0.54289626300138
0.48906588522543387
0.6374999307477922
0.5507345320635684
0.5848554434058615
0.5260998277766109
0.4640100156246118
0.631951870134636
0.590153800150065
0.5444996870570308
0.5171857329715955
0.6914764165258803
0.5725635581813788
0.4948755862287155
0.6135597408275479
0.505174946705245
0.6031188562448062
0.5446643684673169
0.6210377498257824
0.5246437049222205
0.5912436348840596
0.5743843487790785
0.5773951575368248
0.5115017450537106
0.5716135528846892
0.6047652255027423
0.4623419132911623
0.5870961182365196
0.4985018773520412
0.37764345140138267
0.4679360240064052
0.4207428088971794
0.48731372214999535
0.5358977959270279
0.4311885307381389
0.4464582681439595
0.45798556324196554
0.3786639319122712
0.36645052421826146
0.47292779331073276
0.37426552603354135
0.4171750348588321
0.514386447070011
0.43639342338906284
0.4651573803136687
0.4267518517519404
0.42145778712707127
0.4945030213554783
0.5294539200113104
0.5641341219228889
0.5080127542747979
0.5045963031166981
0.5027842948087888
0.5369414868334622
0.41735761937478133
0.5501234845572787
0.551849118657786
0.5026936438387155
0.5954756254085909
0.5622292116933423
0.5400899954806564
0.5209324633670543
0.40569372739436366
0.39379233175682926
0.5746855531876548
0.4707852367294141
0.3115269538539301
0.38809421530136534
0.5098589843850598
0.44748488198823577
0.3507062775705044
0.45458135184250625
0.32944841136341413
0.3709189740109319
0.3819105688200808
0.3358803065452657
0.3998725035938102
0.39883209425675076
0.3435382925977465
0.45691743209325564
0.269328291772609
0.5744634845169617
0.42497049380300894
0.3152722719799996
0.3544014592725558
0.3932316363926366
0.44879239121293557
0.38677735409545094
0.4171580524734454
0.40016566034092205
0.4330706261307844
0.48602777173212985
0.4490197762787893
0.36428899885135335
0.3156930144193855
0.3149557691188698
0.3041464250560762
0.3861873307213869
0.3707506705572931
0.37315302391378957
0.3550543136401798
0.3831530844797433
0.3481281102197074
0.26943342117661623
0.31290933605150795
0.33527344338987053
0.41019861641903144
0.27367981928605245
0.2547981235969916
0.370680307233824
0.3655134091413413
0.31288449363680365
0.3257062943541138
0.4016582438994581
0.28153851017312104
0.4486327543984665
0.3207603737032595
0.4386381729448805
0.5806932341918047
0.4533446704916535
0.5455366328097551
0.43108380826304893
0.5130243486685467
0.5244098750409313
0.5342568554079814
0.575740523766848
0.5986231098252587
0.6545908940832612
0.6428380259150255
0.6642333979921322
0.7847776825196578
0.8301551337788442
0.6849117706488284
0.7862794676637718
0.9227559882661506
0.8022211600907874
0.8411629845443341
0.781030403542524
0.8917339858148376
0.9121296880601968
0.840252525599138
0.9096718075021013
0.8837077942334914
0.883311919395549
0.9868240987354602
1.0631054461181924
1.0045198305593832
0.872927782891758
0.838043776319378
0.8070585347292858
0.8370033415690801
0.7782313097124756
0.7248305012860978
0.7895279912214248
0.7235229978597841
0.6288049406416281
0.7027760470577076
0.7059825481718471
0.6975306848435195
0.5742614510818826
0.6419007580415743
0.5419538178034323
0.5881381339529996
0.4959739681460683
0.46797883009272645
0.5140573823227189
0.6166821386178012
0.5020169622269354
0.5551671712055232
0.475937638539806
0.4403196767979645
0.5588766691679001
0.498386931144642
0.49420085749521914
0.4681699308522086
0.48558733380630953
0.5596829252277514
0.44159235321538737
0.41278290704664033
0.4911331045099959
0.4828582215122521
0.5464196033283371
0.4524107290344689
0.709027651211771
0.452730937653149
0.6690394735772194
0.5808092952295116
0.6454007779848512
0.572043414418552
0.528372318985431
0.6217806929465375
0.6635240248083039
0.7529909119132983
0.5647550724382624
0.6058911139666652
0.6707189910301007
0.5891546884129698
0.6080498693811629
0.5985180213270527
0.5507092492886276
0.6218192852823351
0.6177527145563068
0.6072468889564009
0.7522131870835426
0.5777955324658993
0.7517919411358727
0.7230729588486509
0.6567705599272593
0.6434669492111443
0.5604617825547721
0.6168535823957558
0.5951102663889513
0.6500575741224556
0.599697184727314
0.5387366888819596
0.6935459633188213
0.6476439252835383
0.6508834690438782
0.6643485951609251
0.7017530785862276
0.7999586715508102
0.7926506041861583
0.604701137029519
0.8181779228854074
0.7529226544911434
0.7816362827842953
0.7630675500417132
0.797550100829629
0.8593826490139336
0.8077616664941873
0.8414077887771197
0.8732691972952251
0.690318120973222
0.7669897622473747
0.7838158879264399
0.6613097806518143
0.69932020039675
0.7777349968630958
0.7864482373891843
0.6667960386242269
0.6986610752105703
0.860951752966469
0.7560214184224735
0.9170821774216874
0.7444641388738814
0.6942562008245623
0.7912670975093961
0.6703079556777717
0.7670481556183517
0.7418621711417637
0.6444341408333283
0.8214271359073955
0.7744096999568542
0.6864746508493944
0.6175500931286476
0.6916419599930845
0.5970385178401274
0.5992151590104302
0.622606187869926
0.675977356577885
0.6408315044068753
0.6105961345558053
0.5218673788171868
0.5893762963837754
0.48554558769212847
0.6297024071252018
0.5279514472148574
0.4804768982222669
0.4293645075402461
0.6427755433229241
0.4530732942943406
0.4887579442701267
0.49634238536132225
0.47327272615670274
0.4732111685883673
0.479598639345306
0.5963150355523734
0.5565523820641697
0.5516791874431783
0.5939649796058761
0.5662070576006456
0.58544488105234
0.5233473131060715
0.6460226761739358
0.5451678962302722
0.6624536522663071
0.5503150319736821
0.5164929617446727
0.5538613529351396
0.5620578757291272
0.7434593909243981
0.5478945029873806
0.7748486255458269
0.6804794504181033
0.5772790163183117
0.7031448814849539
0.6426894961807322
0.5289830095285828
0.5729188212144009
0.5010330463381414
0.7497176478203946
0.6269739389955886
0.6242463900007559
0.5440772325082797
0.5117586325793144
0.5862349437602992
0.4648445279442228
0.5199835276007817
0.47713222845541164
0.3494105166459318
0.3649828786571989
0.45673413836221916
0.260527387849532
0.3569298642405314
0.295349854475234
0.38984605688348034
0.36324968241945443
0.3606377046346114
0.3564282364908875
0.26505735797402763
0.358662049248818
0.41290737665003996
0.32509650840447735
0.2509954399544627
0.11563813319422644
0.2555232277567288
0.18446661564539987
0.3275395615835818
0.24679146102498206
0.1951049977851751
0.20102447741083582
0.2795345763306214
0.17789671325964265
0.13598674452721263
0.23654346894829534
0.066827928614711
0.11763859040602224
0.1115666109183563
0.08692271021000869
0.22440871468423362
0.1933747033225227
0.20734599646475124
0.20409972313386365
0.20337308222063777
0.17727452646495484
0.2070377152619658
0.3175837726460099
0.3791656981889806
0.16972421784472771
0.3744027168881186
0.3331330322113706
0.3220075358180006
0.2648452642486446
0.24134128559322826
0.24646292470091372
0.2476613947786485
0.4290311424743394
0.35024212397415855
0.3964676222995688
0.3772660170617055
0.4091378826065566
0.41834337856142356
0.2891883016112922
0.40150237404269157
0.29437031904056105
0.3997034460781926
0.32976469379527623
0.11924751962147775
0.3946336319479472
0.3183419710032229
0.3765044398762525
0.2839074699904646
0.4907128048770406
0.47350152951683117
0.29175702579219487
0.5299241546196705
0.5160777067075344
0.6106403862069353
0.38213805744148444
0.3969145469885233
0.5170221899475602
0.45483149493919817
0.3800811509035166
0.5496847021159601
0.43372105917395604
0.5343440681163583
0.5589833621882312
0.4799425769526795
0.48483515041387
0.3896048338788459
0.4721717820775377
0.498468014324822
0.3612311957153008
0.5529802768579823
0.6006801678913606
0.4769891006424726
0.518397059294182
0.517335457264004
0.5112721738151367
0.6258953825753564
0.5862568394624199
0.6239321292577112
0.5075167453876841
0.46209873305945476
0.4521135096572685
0.6269634860458331
0.592102858293992
0.5055160829673838
0.4964845169390674
0.531307061525881
0.6565058477515524
0.4948658399572532
0.46110735537268144
0.5909704561587998
0.45634307890264725
0.5052501037537369
0.4581132745055364
0.5419728002695887
0.4915310948528294
0.35001530909802775
0.406703294346209
0.21139935580611077
0.5008611187573552
0.39585376570176317
0.5328967157737866
0.45903866293567713
0.24868667771213898
0.47058269996725044
0.2735513598494884
0.37678342686288496
0.3468267189717323
0.38525998895996366
0.4226280484646316
0.28085997679241304
0.36127064403783116
0.23894369311933397
0.36623853699292125
0.3744039746395811
0.24156202779252478
0.2029388983977134
0.39532920239100977
0.3645855930900634
0.2457607488543035
0.2951439731315477
0.3324097495149344
0.36647165611892685
0.40611488088495695
0.4061464286347676
0.39610551481547646
0.32726961763290996
0.31886428105211806
0.23782383456914832
0.22682617260975182
0.4384376749042933
0.3714418077718622
0.43947231702168077
0.33250052569390537
0.2894163622797143
0.3420598133866477
0.37316437416377823
0.5003961850968932
0.4561508207309604
0.44566937254238187
0.3103717922383032
0.5588692286608694
0.6557858503843821
0.6653205428186231
0.5156456512999699
0.4119364042989868
0.4062635023968285
0.29431073985434775
0.3996000496668001
0.3690823743403119
0.271564053331833
0.4033862091323357
0.4801086233845691
0.31884227119427294
0.325367625939415
0.4109840714033184
0.5330996795780188
0.27021959534196627
0.38519962033255695
0.30531702333422284
0.2560918510547751
0.2941267780405247
0.27171391501880954
0.2203947418876786
0.49544959622735274
0.24455868083275786
0.36829430360444204
0.3922936514219172
0.38607843549217435
0.29685752230844076
0.3229064914448779
0.4448828929198695
0.42128863131069094
0.5335203982802622
0.26550506784598593
0.44547884817870775
0.3750739033966697
0.43316008965482544
0.3245811638479602
0.3906481283206377
0.3409510174774453
0.4146927975008594
0.3026518995818299
0.40222092729464953
0.43257332207449856
0.3783150732871823
0.5150888620094438
0.6031038560920323
0.418384353127868
0.3887601323001425
0.39390118897943355
0.5424303733773268
0.42035019596845924
0.5300067535341899
0.39242410314766973
0.34957191476544724
0.3095476389617745
0.3811772681887385
0.4412338203456622
0.5307215065330256
0.2560899066022711
0.4339602664693585
0.3706448315304996
0.5288064465911911
0.5131798382780316
0.4163449634233961
0.6182544217166588
0.4075001365904951
0.4752428219775229
0.43257925395927277
0.43566065516733476
0.30707123745280807
0.4741210945350507
0.5724577816684344
0.4200258815035949
0.5170831318903824
0.5144087423171668
0.49319437591892246
0.454289862720267
0.464640654654087
0.3163200880756713
0.542939478281613
0.3581676093234151
0.47519248926907887
0.5819427723311077
0.37172861306661303
0.4221914542345284
0.4139241681190378
0.39387653116178345
0.47450774251007644
0.42507401089331
0.40255691934651194
0.3825715511658754
0.4356422894591889
0.49831316072580123
0.488445293485194
0.5160714239751075
0.41514902329925135
0.5241185046044055
0.5078448343753328
0.4947477612624192
0.5141754155817626
0.3850111254492815
0.5167167010753311
0.5318747716687326
0.4645046120611367
0.6238774654267272
0.5327839888080278
0.5726734656819468
0.6638649255110116
0.5497296255644678
0.41112782689154165
0.42337756618500877
0.4756334796723649
0.48276844020947846
0.4616187894161426
0.5713565278286176
0.5533500222660288
0.3936851426573963
0.4649842261477447
0.5787177607756719
0.5436308387793428
0.5336794711563931
0.5802372276448834
0.4767065557118326
0.4391548141201662
0.5707192555814617
0.5321046210033351
0.29682811968964956
0.35658592033647313
0.33626049366869476
0.6237635982627221
0.4492108785331679
0.5333305772879894
0.4199577452586474
0.4114957956831786
0.4281453411202939
0.4595139298182838
0.4232945103304929
0.4485418977668898
0.42666981840655505
0.5355942762410432
0.4774735332784435
0.5037965644880069
0.47997058447074004
0.36173914855276923
0.43911170230488333
0.44232898375108787
0.5893461194992542
0.5185407728800064
0.4302237363408655
0.5411192108070499
0.5336443795961411
0.6727810927860219
0.5930971641656937
0.5465712492421045
0.5697896121325972
0.6117709446365802
0.4772256826280152
0.5791871115378663
0.46615397065885317
0.47523474106593866
0.5955841893144036
0.5769023513519764
0.42171538590625723
0.544328178273733
0.58161082379278
0.5116164561546775
0.40808723322922735
0.5113284889177327
0.4951776010523346
0.4796549835304321
0.5567645730937177
0.5403676738440493
0.5046352771040741
0.5685882042210575
0.4731452536235553
0.3940448325769271
0.5262576444867757
0.627248966681183
0.521506464033914
0.3714469147003287
0.52347798598589
0.40226364128629316
0.5147355308808562
0.522226040021502
0.5590726727345416
0.5843202324464227
0.4547405421812536
0.49778273588100375
0.48097747741534314
0.6415263981601721
0.538922795781502
0.6419826693037545
0.4752235632273336
0.5354044669814421
0.6052549947829249
0.4864221165662674
0.47743424771842
0.5993291330821772
0.4833627577866718
0.49326818529566907
0.548942260464994
0.6192343725060288
0.5679234921993701
0.5132173098945357
0.39604485065158346
0.6089941560196636
0.41568602441976676
0.46815275811668156
0.5447276889261949
0.4832819648428909
0.4487473614455848
0.4633113481639286
0.3567772386260299
0.19907546375140128
0.3606924861094114
0.6206689049795611
0.44893763715815943
0.27952154894278325
0.37229980260346174
0.31850741970305607
0.40094533601046634
0.42587234069540364
0.4393277781624494
0.486067347256753
0.45008813832104155
0.44407234329108736
0.4790650134290393
0.4531306124724144
0.40070840489866677
0.5145698328051252
0.5481254667898915
0.4811688520579639
0.34196762226559385
0.511731169520639
0.5399422358445033
0.5078121604702419
0.3422950365566719
0.3459696096170943
0.6443985179053593
0.4468987198862466
0.4127595839449668
0.38993028428376697
0.568139620695409
0.4283492753840825
0.4453741924303566
0.35531020411519154
0.3469892022501271
0.3480536036323446
0.32223481683000565
0.42087663623487964
0.4656324103684474
0.42244102691499796
0.46592895178748495
0.28041412956135636
0.3849050475561649
0.43238363018691395
0.4454201273801214
0.44448076302773326
0.40718928865060844
0.40789245402802893
0.42192676357626957
0.4822289297015233
0.391715327242899
0.4367408341390485
0.36381459189656984
0.40555608009808874
0.32087046702397864
0.4127383287832991
0.26744319476391254
0.17274665182279852
0.4093700729036054
0.27370983431406465
0.29948350727245576
0.3393931150553575
0.3346768925280707
0.17401991180473697
0.41026128682447927
0.4828959771590704
0.4040255230908605
0.458362272828693
0.24169270542883176
0.40218248798188244
0.43351217684841736
0.46437366865037155
0.4828637417569205
0.3650415527062982
0.4504711660194105
0.47709088406066047
0.5445336578979896
0.5703653112282552
0.45993800483472147
0.4595359787246346
0.3250348567482692
0.5635752544545818
0.3587120176102419
0.37856071239695155
0.4607793127268208
0.3160320817902209
0.5383667414364011
0.5906443295624119
0.4363920421953985
0.4043695844122352
0.43487184445775207
0.4789638544698433
0.5772081278785108
0.503569567506316
0.32709232455188164
0.4557302488456625
0.3680615809883788
0.47891016612670334
0.41053490414327976
0.7444107361918515
0.4071566731823764
0.2570339461298684
0.4770349038148555
0.3986981164781138
0.3034587435889613
0.6042328417094757
0.4825367965915094
0.5054518454575206
0.5217509966032556
0.5129902636718637
0.5255042506359595
0.5814897421681982
0.4380842658145939
0.6561064467701258
0.3998167995414383
0.3817203715669166
0.46128100706730385
0.3825935981243309
0.3419940461447789
0.45520274294461566
0.4416611941001332
0.49526595577095356
0.5327422916177286
0.391133966566914
0.3313482734184523
0.43350277576212143
0.4516571720134467
0.526864940663825
0.3247260302254007
0.41005077823286806
0.5838730183364671
0.3169029927078275
0.38831315914030506
0.4510786640074725
0.4838391963962487
0.4964858174989265
0.5983169708995995
0.4560348321730786
0.4422549085092833
0.4762644369335717
0.3826210768567683
0.4154609414490534
0.38415225483489696
0.5335323248807589
0.48563860286349225
0.3278462219562817
0.47266878212625774
0.298707727393503
0.4374243018556398
0.3778843401834243
0.4264744688344341
0.4067900344408273
0.3817784090619532
0.29705608916939186
0.32187803593354936
0.4145474967880679
0.36485016433781065
0.4327726562702965
0.4333208628170503
0.44780236541079743
0.3536906417923156
0.44590032501992005
0.2379902183040233
0.2519733825090826
0.32320507235559004
0.3248602834726724
0.28923556434615033
0.48227574011697383
0.3148284371512829
0.43176024706741534
0.3283364633972241
0.3853610262436536
0.43183334297088505
0.32708924855341026
0.532929285942128
0.48213393175394814
0.32608995398595664
0.5191040288658151
0.4628712411538091
0.6877742218118656
0.5543223149276933
0.3618416515144195
0.5424080724223848
0.5665121695777848
0.5435862188401022
0.44221354767067167
0.56272670958786
0.5395995870190173
0.6415278891154714
0.5362369398999783
0.48104548392140406
0.4581223445402318
0.48128540296868755
0.47373688369413913
0.3906473879845257
0.43274031926049195
0.5099262778255427
0.5378453437726025
0.4579120477256091
0.3520930969376662
0.31140146627138887
0.3198047203709101
0.5713750990170672
0.5742987011819217
0.30519935016400945
