0.32283658113588876
0.3861721449152658
0.34026137186087474
0.4035969356402518
0.521501044668096
0.33900503898728646
0.2930532985565828
0.21978997391743707
0.3513498750495022
0.27807289461825235
0.3822665883734586
0.33628753635854647
0.19469062802987888
0.3535348017861776
0.2118832702890931
0.3433885482527414
0.13345395949692063
0.26493602261399174
0.25986972374332573
0.3639814827459067
0.2769531196657062
0.18988378920919308
0.1984186592743312
0.24789359406792388
0.24275901623673682
0.3604855999672261
0.2050963416132953
0.1726228679894577
0.1401084269893075
0.3260866596566934
0.19800898551120458
0.22010405713583414
0.24217181717625533
0.20963006459189665
0.3819388493629573
0.2947466167775062
0.2485217605047181
0.3115295852735938
0.1969984568954922
0.27364841797648476
0.22738259432738395
0.276693659615726
0.10751478239495282
0.21144628494175807
0.42459954389654375
0.18712531920414044
0.19542804080350681
0.32663289134086226
0.33493561294022856
0.23393737453741004
0.20124540823990497
0.2777997787761679
0.2314383645823376
0.23970011880539133
0.20693987354736515
0.24248590039465243
0.3053435114503817
0.3135369867129143
0.3353999098717721
0.37089131355064253
0.24252686777096508
0.3053571672424859
0.3134960193366016
0.33529066353493836
0.2069125619631567
0.351582023515274
0.2778134345682722
0.23130180666129538
0.3486869955891792
0.3158175039943192
0.32390173292001806
0.44125961026369337
0.4083764628767292
0.44374496442666156
0.32889975283016293
0.2823198459626651
0.3177156590968059
0.44866104958418107
0.4157232790288001
0.5739529421404089
0.3907878026464925
0.6172827704871021
0.5570061041390706
0.5103715741031559
0.5183602124841252
0.4444004424476642
0.5889196902866352
0.6105368091876169
0.49559600704638873
0.4898469185705117
0.45682721326250536
0.49207281268349967
0.5819279247292739
0.6035040762539431
0.5294487156727526
0.5783227956137597
0.6818063881795464
0.6350353002225895
0.5609935954335031
0.7600540769367328
0.6586325089786833
0.6938098294391566
0.7425883188354341
0.641194062461593
0.8265304729000806
0.6295320160045884
0.7055947780250994
0.590517417962829
0.5573338431495719
0.5514481967526527
0.5046361414193831
0.45776946291769655
0.5474470496661159
0.5005667153723251
0.4810389326632891
0.5980144478280462
0.5647762498463724
0.46324543555148917
0.5119283344030371
0.4650070327329337
0.37715932212647996
0.41215911728959836
0.5564052492864848
0.33193133867729996
0.5444427754031873
0.4838383700446544
0.47780250993458884
0.32158024826230047
0.5613896134045255
0.350530527523249
0.42645673162271774
0.5979598246596295
0.40074287509046963
0.40832183970831226
0.5524860369525734
0.5737481052588456
0.44479646041868653
0.4660039055565418
0.39166177334116264
0.46747873110379773
0.28387660626254624
0.359734531401494
0.49016100178890876
0.42943369430143796
0.4642696199593058
0.3079517677422879
0.42469513444127327
0.5414385011402587
0.4397165057559164
0.31064195878681944
0.44102746179792157
0.2710265058924743
0.346761528902484
0.40885441560037694
0.43000723756981524
0.32821696322495186
0.37662674623441533
0.35675756872277375
0.3641999754195742
0.41259610263693347
0.3380901009163037
0.46840732496688475
0.33931912220568355
0.4423111062557184
0.34042524136612545
0.47072880962460223
0.38253970421554306
0.48551803247347364
0.5202174002102992
0.5549031121550205
0.5213098635786368
0.2282565650220541
0.5633697032596376
0.5570197599311748
0.5097570634584659
0.5580712559231998
0.45613076786519
0.3815428313919349
0.5117781206898906
0.3961681847355556
0.3898455529913013
0.49271463491239803
0.4590667631675975
0.47998743667126414
0.5555859017602316
0.37165603790847884
0.3516503024757951
0.3452457359789154
0.36620737685889465
0.3324775703614688
0.40799410069781095
0.442597877889907
0.4225102077045979
0.402436193311393
0.4506138278550848
0.3486460282128665
0.3968236627565582
0.49962446571713387
0.32930942659328954
0.3911428532412023
0.31640470305480073
0.39188026601483017
0.37176528424531263
0.3516366466836909
0.3315080091220691
0.24310041103934232
0.34587390241570964
0.29842002485354163
0.1690313946660476
0.24447964604186864
0.3062721053134687
0.2997309808955469
0.29323082385393767
0.2047959141870024
0.225593685561731
0.32828524218547295
0.25350612462275873
0.31527127231015034
0.26773545999535703
0.34314274399486544
0.2819511395758511
0.3027352551584755
0.3371205396769039
0.24865831842576028
0.28304360294418873
0.09897581559218342
0.25625093883570715
0.31798877493889033
0.3660161957694356
0.26382990345354984
0.27093091534774477
0.31895833617829
0.4489068538420572
0.3330920810061588
0.3264826776277158
0.41546381897881984
0.16303650193229458
0.3066408117002827
0.46388725778038753
0.41629682229717735
0.35503693891764193
0.3484138797470947
0.5330128774119542
0.6492373240109792
0.5606658564230017
0.6359638940856766
0.629327179123025
0.39052834259651237
0.657007469718281
0.6913244752761885
0.5617856313755479
0.7872291032241325
0.8215461087820399
0.6919936090892952
0.6989990304387605
0.7469172049324722
0.7675647625940543
0.9247292739215338
1.0
0.8977454287235931
0.7135014816534433
0.8433953761487936
0.8639883106419588
0.720766363052889
0.7959824659629381
0.8712531920414044
0.8645208865340234
0.8031790684018627
0.5780087123953624
0.7488153600349589
0.7693946387360199
0.5715358669379618
0.7286730666812329
0.6126944243400838
0.6605989430416911
0.43537396386677407
0.524218547296836
0.4765734886452089
0.551775935763154
0.5860110065684361
0.5382976689562878
0.4359748187193598
0.4019309290035369
0.35421759139138864
0.47038741482199675
0.3270425651039889
0.27932922749184064
0.2862527140886807
0.44337625803984765
0.4639418809488045
0.4162421991287604
0.40945527045296265
0.38905351704925645
0.3549959715413292
0.6622922612626145
0.3141514973576042
0.33471712026656103
0.36889756790342626
0.45774215133348817
0.5328899752830163
0.4988324297750892
0.4374223326824072
0.4579879555913641
0.3009873137691352
0.335208728782313
0.5059470974613882
0.25335591090961235
0.3831678706523372
0.5539062393314124
0.5061519343429516
0.41743025304182774
0.39704215543022575
0.28100888992065987
0.5473378033292821
0.4176487457154952
0.5474197380819074
0.4450422646765626
0.5201900886260908
0.5953515683677232
0.4520067186497153
0.49985661418290567
0.4247907249860028
0.4316732442065302
0.6160674049898264
0.4454246268554808
0.5205861065971131
0.3772549126712095
0.43876060030862096
0.6231274495077087
0.507107839790247
0.5549577353234375
0.548198118231848
0.4184817490338527
0.4253642682543801
0.33666989853746465
0.5073809556323314
0.568900299061847
0.5894112988023871
0.5416843053981346
0.5485395130344536
0.5554493438391893
0.6169277198923924
0.4326018380696173
0.8355296398967622
0.6238921738655451
0.6717830367750481
0.6786382444113671
0.7128186920482322
0.5967854265386664
0.6583320815523904
0.7608051455024649
0.617460295784457
0.7609007360471944
0.6039137500170697
0.7200426060713652
0.6586461647707875
0.624574963470756
0.6997500990044927
0.7885810266424504
0.6452634885086509
0.5838807030001775
0.8229253437845663
0.543063540400661
0.5090059948927338
0.47494844938480657
0.6320310259596608
0.6252850646601755
0.7687664722992258
0.8030015431045079
0.74160510180393
0.6119706673585601
0.7418099386854934
0.6257903289680318
0.35961162927255597
0.5576888937442817
0.5782954840295511
0.8309959169181609
0.5102077045979051
0.5444291196110831
0.5104261972715728
0.42174548334676154
0.4423657294241352
0.44928921602097527
0.6200822078684675
0.5997487334252823
0.3608816179382485
0.34050717611875075
0.47034644744568416
0.5865845498368133
0.4569774269756517
0.4502724330524792
0.457236887025632
0.5188245094156687
0.48482158707615836
0.5190976252577532
0.49876415081456804
0.5330538447882669
0.4171298256155348
0.5470237201108851
0.5949828619809092
0.5336956670171653
0.5406464651982138
0.7388329760067732
0.6229499242103539
0.5070532166218301
0.5004165016591788
0.5347061956328777
0.6509852654003196
0.6443622062297725
0.7606003086209016
0.6993540810334704
0.6517363339660518
0.6041732100670499
0.6248344235207364
0.6728618443512816
0.7071925057012932
0.5230851165521856
0.3525925521309864
0.5918283740048341
0.6261863469390542
0.6059211514563903
0.4764642423083751
0.6883611683895725
0.4905843313441396
0.49765803165412614
0.5456991082767756
0.470892679129853
0.4233568668150596
0.5806579360635814
0.3009873137691352
0.3900230782886561
0.41079353807917623
0.24038290841060234
0.4113670813475536
0.3092490679921889
0.3027352551584755
0.514700460200194
0.2897076294910486
0.31046443348946456
0.3312758606562974
0.32478935940679243
0.34561444236572947
0.4347321416378757
0.237023583552964
0.24422018599188847
0.27872837263925493
0.1220104057135834
0.2111595133075694
0.24564038837072744
0.3347990550191864
0.15084187958322523
0.33555012358491854
0.12426088025235905
0.13151074028048998
0.16602712040311898
0.21425937811522758
0.1941717079299185
0.10581736743639815
0.26331098335358943
0.33884116948203585
0.1412555135260621
0.3260456922803807
0.23772002895027927
0.2860069098308048
0.3479086154392385
0.3142334321102295
0.3624930014065466
0.31517568176542077
0.19957940160319
0.16593152985838944
0.20057627442679812
0.15328626636988077
0.1879446667303937
0.22260306709090658
0.4894235890152809
0.21001242677081486
0.14906662660967648
0.2793428832839449
0.2047959141870024
0.25316472982015326
0.055684223463382
0.19966133635581532
0.2890111840937334
0.3100547597263379
0.15361400538038208
0.09273921533818569
0.2640620519193216
0.2987887312403556
0.19701211268759644
0.1907987272801759
0.26656106187439405
0.38324980540496256
0.25416160264376136
0.466509169864398
0.5149462644580699
0.39952750959319394
0.37975392262628194
0.20973931092873044
0.3947752939409251
0.21110489013915254
0.2596102636933455
0.26714826093487554
0.41124417921861556
0.3642272870037826
0.22157888268309003
0.22914419150882848
0.33232735664832236
0.29895260074560626
0.1016673722159254
0.21851998525174451
0.32173046197544686
0.3293640497617064
0.405276598069071
0.5221701784812028
0.42054377364159007
0.264335167761406
0.32663289134086226
0.5118463996504117
0.39659151429078643
0.36332600472490406
0.2344426388452662
0.4060413224269074
0.3591063649646997
0.3805049911920141
0.40186265004301575
0.4232885878545385
0.40370618197708563
0.41148998347649157
0.5284791544333529
0.3723661390978984
0.380190907973617
0.3606494694724768
0.2592005899302189
0.5128432724740198
0.5889333460787393
0.32364227287003783
0.33146704174575653
0.3666170506220213
0.30619017056084336
0.4642696199593058
0.403856395690232
0.42539157983858855
0.3513498750495022
0.20904286553141516
0.16234005653497932
0.1566046238512065
0.423998689043958
0.2134536863810785
0.2623823894905024
0.39320487784893965
0.31924510781247867
0.12240096136776414
0.26695707984541645
0.3841783992680496
0.21466905187835422
0.4138387797184176
0.2853241202255937
0.18413470073331606
0.137541138073714
0.10464570047385599
0.4404266069453358
0.27099919430826586
0.18347922271231343
0.38274454109710637
0.30894864056589605
0.4126370700132461
0.24322331316828033
0.40160318999303557
0.2868399131491622
0.2813366289311611
0.37142388944270716
0.2430867552472381
0.26492236682188747
0.0
0.30863455734749895
0.08470414726406206
0.256797170519876
0.30601264526348854
0.4508186647366481
0.37715932212647996
0.590271613704953
0.5985606795122151
0.6887844979448032
0.6424367395430772
0.746357317456199
0.6044736374933428
0.7083942154064646
0.4163241338813858
0.315435141815401
0.5286430239386035
0.3595023829357222
0.3405891108713761
0.417266383536577
0.3983667672643351
0.46141555940952356
0.26501795736661704
0.27347089267912983
0.39117016482541067
0.2767482827841429
0.5173769954526213
0.2664108481612476
0.5343784566223764
0.365360717748433
0.15540291414603505
0.39608624998293024
0.43194636004861464
0.29029482855153016
0.39446121072252793
0.2801485750180939
0.275082276147428
0.2973548730694124
0.2240369252618498
0.4101926832265906
0.3369020470032364
0.2909366507804285
0.3405754550792719
0.14441000150213712
0.34428983053162
0.25739802537246176
0.38901254967294374
0.547952313973972
0.3791667235658004
0.30598533367928005
0.423998689043958
0.48738887599175196
0.3732810771688812
0.42304278359666253
0.47281814581654813
0.4543282033074329
0.35391716396509576
0.294487156727526
0.24872659738628142
0.5034071201300032
0.4440044244766418
0.41194062461593084
0.48912316158898805
0.33417088858239224
0.31579019241011075
0.37937156044736375
0.4156413442761747
0.5065342965218698
0.2697292056425733
0.45624001420202376
0.46525283699080966
0.2694287782162804
0.3740594573188218
0.45137855221292117
0.5560228871075666
0.22370918625134853
0.4785945458766335
0.21457346133362465
0.15540291414603505
0.5468871621898429
0.3375302134400306
0.2783869778366494
0.41045214327657076
0.36500566715372323
0.42880552786464377
0.42435373963866774
0.40624615930847074
0.3198869300413771
0.2744950770869464
0.3793305930710511
0.3203239153887121
0.4798099113739092
0.5027516421090006
0.2252796023433339
0.2482486446626337
0.4624124322331316
0.3898182414070928
0.4537956274153683
0.2583266192355488
0.41790820576547544
0.33171284600363243
0.4776796078056507
0.43247893594067927
0.3736224719714867
0.3694164880033866
0.33789891982684456
0.4293107921725
0.3705089513717243
0.3527017984678202
0.416829398189242
0.4946401015990933
0.5451392208005026
0.40447090633492194
0.4413552008084229
0.3416815742397138
0.46051427713064497
0.7295743489601114
0.5070532166218301
0.35281104480465386
0.635567876114654
0.6042551448196752
0.3408076035450436
0.4460801048764833
0.3874967567493752
0.5337639459776864
0.2840268199756927
0.4986002813093174
0.22157888268309003
0.3269333187671551
0.6371382922066394
0.41478102937360883
0.5338322249382075
0.5573065315653635
0.5534692539840773
0.4131013669447896
0.3683376804271532
0.3235876497016209
0.27885127476819294
0.507230741919185
0.6400469759248385
0.6090073604719441
0.564325608706933
0.574267025358806
0.5159567930737823
0.4986275928935258
0.5632331453385954
0.5049638804298844
0.5969219844597086
0.565991615343648
0.46678228570648234
0.4222234360704093
0.5415477474770923
0.33313304838247143
0.425173087164921
0.48991519753103274
0.5000341394802605
0.5238361851179177
0.39742451760914393
0.6124349642901037
0.4314274399486543
0.5918420297969385
0.6430102828114544
0.4210900053257589
0.7863824441136709
0.7693127039833947
0.5474197380819074
0.571358341640607
0.41777164784443327
0.29152384984091007
0.35645714129648093
0.43507353644048125
0.6092804763140286
0.42846413306203823
0.4115172950607
0.558453618102118
0.3776782422264403
0.6065766294773928
0.26194540414316736
0.27239208510289636
0.24187138974996245
0.41620123175244783
0.42668888008848954
0.49179969684141533
0.5842357535948873
0.3079790793264964
0.4277540318726188
0.5612120881071707
0.48983326277840744
0.5550260142839585
0.6202324215816138
0.5625503557333843
0.5048819456772591
0.4881945677259009
0.38958609294132107
0.40023761078261344
0.45187016072867314
0.4762047822583949
0.568832020101326
0.7433940105695831
0.48099796528697647
0.4507640415682312
0.5161343183711371
0.5678624588619262
0.3601305493725164
0.42554179355173494
0.5182646219393956
0.46080104876483363
0.37602589138182957
0.4824591350421281
0.49330183397287963
0.49050239659151434
0.4194513102732524
0.3210886397465485
0.5777902197216951
0.37020852394543147
0.4903794944625763
0.3647598628958473
0.43033497658031655
0.3047426565977959
0.34303349765803165
0.4223053708230346
0.3923309071542695
0.2667932103401658
0.37341763508992337
0.589288396673449
0.24529899356812193
0.16076964044299388
0.4449603299239373
0.4833604173210067
0.3579183110516326
0.34172254161602644
0.3665078042851876
0.5551625722050008
0.6209425227710333
0.386308702836308
0.32920018025645575
0.5042674350325691
0.3789072635158202
0.3628070846249437
0.2784552567971705
0.48087506315803846
0.4375042674350326
0.23026396646137462
0.3507899875732292
0.566920209206735
0.5509019650684838
0.39835311147223096
0.4642969315435142
0.31176173373936555
0.41870024170752024
0.23888077127913804
0.441423479768944
0.24797552882054927
0.3549686599571208
0.4209944147810294
0.20026219120840102
0.6077100602220431
0.30507039560829724
0.3711371178085185
0.24605006213385408
0.36676726433516776
0.33729806497425885
0.499009955072444
0.16912698521077715
0.41278728372639256
0.45163801226290134
0.35393081975720003
0.420106788294255
0.25414794685165715
0.3886301874940256
0.26365237815619497
0.3435387619658878
0.1503093036911606
0.4350462248562728
0.200876701853091
0.3354135656638763
0.19686189897445
0.12658646164770787
0.12460500621338542
0.42305643938876675
0.3664804927009791
0.25528137759630753
0.40355596826393914
0.31969574895191794
0.2768029059525598
0.1519889661199798
0.28664873205970315
0.3393874011662047
0.15997760450094908
0.2810225457127641
0.16991902115282195
0.23634079394775298
0.4803015198896612
0.35556951480970655
0.4903112155020552
0.6250665719865082
0.3911155416569938
0.607819306558877
0.2782913872919199
0.3311393027352552
0.4113124581791367
0.3276297641644703
0.5034071201300032
0.26952436876101
0.4043616599980882
0.37532944598451434
0.49652460090947576
0.2899944011252373
0.4794821723634079
0.5460814704556939
0.3122533422551175
0.24230837509729752
0.2543118163569078
0.3755615944502861
0.41489027571044257
0.2630515233036092
0.493574949814964
0.3690614374086769
0.4357290144614839
0.516066039410616
0.4735145912138633
0.18515888514113263
0.3747695585082413
0.6190034002922339
0.5355118873670268
0.41105299812915647
0.46413306203826354
0.4899015417389286
0.4200931325021508
0.43223313168280325
0.5263078834887818
0.6340520831910855
0.4004014802878641
0.35793196684373674
0.6568709117972388
0.39593603626978385
0.2442474975760969
0.5158885141132611
0.40518100752434144
0.34911032514441004
0.45690914801513066
0.15503420775922108
0.38574881536003497
0.4389381256059758
0.6150432205820098
0.25857242349342474
0.339100629532016
0.4332846276748283
0.5274686258176405
0.444140982397684
0.37446913108194835
0.33210886397465483
0.2078275000341395
0.5888240997419055
0.3689521910718431
0.504144532903631
0.4208578568599872
0.28293435660735505
0.24062871266847832
0.4714252550219175
0.2515943137281678
0.40046975924838524
0.3035409468926245
0.24759316664163106
0.2735801390159637
0.3541902798071802
0.38017725218151277
0.31058733561840257
0.2136858348468503
0.5810812656188122
0.4159144601182591
0.2917013751382649
0.2904040748883639
0.3300878067432301
0.36975788280599214
0.3821163746603122
0.4627674828278415
0.43417225416160266
0.41923281759958486
0.32237228420434527
0.3757118081634325
0.14229335372598287
0.33220445451938435
0.28996708954102884
0.3296644771879993
0.3693618648349698
0.27250133143973015
0.25757555066981663
0.17438446517090223
0.2823608133389777
0.06261044121864288
0.2798481475918011
0.3741687036556555
0.34560078657362525
0.22144232476204778
0.30212074451378557
0.3827991642655232
0.5181007524341449
0.2437149216840323
0.5019186387906431
0.47335072170861275
0.3628480520012563
0.4844801922735529
0.40128910677463847
0.4956233186305972
0.5216649141733466
0.6706222944461893
0.36892487948763464
0.4222917150309304
0.5302680631990058
0.7201791639924073
0.5004165016591788
0.36258859195127613
0.5934534132652365
0.4010023351404498
0.4816534433079791
0.5076813830586243
0.3015608570375125
0.40952354941348373
0.5174725859973508
0.420598396810007
0.2144642149967909
0.2814322194758907
0.3620696718513157
0.49731663685152055
0.33213617555886327
0.28985784320419505
