0.10282235781631932
0.1694765866353384
0.21118314090770723
0.1859674747965815
0.21389444656207315
0.19628982275423795
0.21410291053577254
0.14953399917937205
0.18617065324463988
0.1695590609350105
0.12104439603364411
0.13767527083302145
0.14891692582851557
0.25813623597609536
0.2825045556491617
0.2631270472270838
0.15307651773021136
0.1364219735127891
0.19030754587067644
0.15940187509091747
0.1523778148990648
0.205072049434092
0.22780155781034356
0.1222592137314225
0.14955982178587535
0.13052024230373194
0.2019914047598398
0.21400024504723908
0.15047231652423862
0.13089369776647874
0.14959784744200766
0.1188046303945679
0.21590647411926567
0.1960818439057763
0.1267981256838017
0.08871821110378232
0.16554162275015152
0.20455963878386757
0.17940208483675762
0.18832258773064117
0.13554616660114752
0.2043167708448242
0.1510581323127531
0.22686604705635482
0.1830361634556571
0.18151089023406447
0.14469918041808283
0.14482208466109808
0.13964307102165516
0.21843387233089542
0.1780652444105573
0.20968772918909434
0.1624178081219114
0.18311942721745914
0.20064782836503234
0.2286859676419737
0.23073774910991857
0.19899102542905878
0.22216226418396914
0.18812780160335243
0.24085404908461058
0.24771210978199715
0.2698484793895505
0.26022870911640344
0.2024767019004015
0.2761019009492146
0.24342787346100625
0.2405860076324722
0.15408761173391236
0.2640256049928507
0.24305724450422767
0.23510882958353968
0.1771409598258452
0.27638971776233817
0.26962672772415824
0.25684044178541715
0.27368746622209283
0.27468799964957513
0.29872741282895915
0.2784935456214661
0.2918483038326085
0.2743133525495379
0.3443620890270923
0.3487351403405316
0.297656115537347
0.34643540552932234
0.32212498581923693
0.3849165377233619
0.3701418738755467
0.38628337144353975
0.3970369995249038
0.4402333654935418
0.3969420933976827
0.44079832857103896
0.4402445181599815
0.46180517912742525
0.42170818340241756
0.4374071984270824
0.44642265729105834
0.42743324409905453
0.5032968125776037
0.45900380566907295
0.5376282137460755
0.5270555292841501
0.49088066891330284
0.49166231006187355
0.4586532053580797
0.48286866866467454
0.4603811263031799
0.47960506262465874
0.4067313897631245
0.47563126130979083
0.4413708104908258
0.38724883826801076
0.43746585026032453
0.38758145480643513
0.44280145128251774
0.4474953070467738
0.4305675721056241
0.4078258088246423
0.3706572753886235
0.3864784337422629
0.36582591562829325
0.32624633068975273
0.39918844575046836
0.3631894225724892
0.4006568477679457
0.394153783205974
0.40302485843723423
0.4277153526394343
0.44623741117624555
0.4515192540716477
0.4406292897719051
0.4086741465293221
0.3917932462942537
0.44206009180759404
0.37054578267125665
0.3702916282944393
0.39741450069420947
0.39802386964076963
0.3524640034067913
0.3788359666929691
0.4489850316199494
0.38074448883548917
0.3999223165848136
0.4193351897376324
0.3551554334849073
0.34792868006363764
0.48018589301389064
0.41665035107947795
0.3994356634934324
0.2795248837273335
0.3800393579679071
0.3755753229935279
0.3451562427029195
0.4039157769506798
0.48529120239176665
0.28434621620718115
0.38837664324476295
0.3363471429273462
0.3652910995657514
0.4502722777739039
0.3961701534796512
0.4510582895221888
0.4756168347214104
0.4774845007597859
0.5047435470917039
0.41642083754630743
0.4710789654048304
0.4749724400742983
0.48008244177562825
0.5378659621920971
0.5019804932369379
0.4962331519855425
0.43247253437722305
0.44053621834732715
0.47551929849795854
0.453312030098749
0.3957767168612616
0.4068433951897977
0.41968060673421925
0.40568107802869047
0.42997003261835975
0.42835273742658303
0.3061685342258855
0.3322775583786872
0.45034362811266093
0.4403874103761949
0.3757256806808613
0.3007147066164444
0.3364186933015314
0.33940927527901915
0.3169830181524229
0.3639950538617805
0.40528286529581503
0.4485243823932018
0.3746000955165071
0.3690168246855463
0.323531792316839
0.4480212047094707
0.33999994709454995
0.29444988740271677
0.38899135068780594
0.36567754799958896
0.3543615097080281
0.3948066342270686
0.3954327121724809
0.46437314974296906
0.4687239505691849
0.4004044229120322
0.43566041207309875
0.38843268099595996
0.3435902134162761
0.3988645394433676
0.45359590173112446
0.4137834416113808
0.40697682117685846
0.45803179501164054
0.4397557197242827
0.32673968002792486
0.38378288126574406
0.32224318404017516
0.4067147083345718
0.4413784577073128
0.4280603634592323
0.38608734630624514
0.3638268555521117
0.3830177427052425
0.34970364825583317
0.4027140894096057
0.3653719834447874
0.48549945766575675
0.44603150762144317
0.4286633624773734
0.47243677639937043
0.5654937448157717
0.4954095525299909
0.5491085065991246
0.5447853435784026
0.5561078524847615
0.6189999502178288
0.6439139317798503
0.6251715451592619
0.5878061181577343
0.6402357189666475
0.6904432055398557
0.6539579338791959
0.7648007285966435
0.7725293215972335
0.6995410921187752
0.8609254275966194
0.7836745072474384
0.8048738086318951
0.8786179388403375
0.8218894858459185
0.8760302647099825
0.9437941553435852
0.9565928874202375
0.8380825761894648
0.8137483490041717
0.9412585250482655
0.8403399293487728
0.9187944170757533
0.9382302540281043
0.8634821097010618
0.8241528171778912
0.7862065146567172
0.9259278145747987
0.8501375489395899
0.7634111932738277
0.7489068521453744
0.8200417660626342
0.7690369991669682
0.7826401362308717
0.7628244573156043
0.7085282118653108
0.6918914269256607
0.6882198984617961
0.6475462482261665
0.5816794575837523
0.5270027558626731
0.651907283864416
0.5015578468605151
0.6024280666022093
0.5817457340385505
0.5223756115178226
0.6389763176086171
0.5500074133200672
0.5775596700543272
0.6666625487024449
0.5477566826363913
0.5823422715701522
0.6579517004719129
0.5911460444455482
0.5988364962152526
0.5905560833806004
0.5070196381104688
0.5844719776848459
0.615050921608927
0.7063259028637077
0.5780263439112452
0.6693170929596922
0.5552159851989305
0.5884594718402044
0.5841053741751246
0.5466102343856716
0.6724553502562725
0.6196902312885787
0.6351774627309077
0.6343221923948895
0.6418481945994368
0.6645415863305669
0.6387377479063217
0.7073913936616153
0.6448806809093248
0.7049013532777122
0.6407528739955456
0.6765235143631149
0.7089484339459216
0.6694187256276274
0.6165802385493611
0.6989127283284092
0.7311605809535537
0.6634231523003883
0.7022945979193129
0.7723415354523262
0.6785932876687932
0.6281298948737303
0.68844480979297
0.6992923628173722
0.6274806830346632
0.663386443931631
0.6909550476672157
0.538532167012353
0.6604434492462653
0.6823829205238637
0.6937025197298022
0.6302879799774292
0.8332343245548861
0.7008115379402502
0.7298061434853662
0.729608487805322
0.7577582541258856
0.8068627391636668
0.7266164175680633
0.7182367005370379
0.7504766286724729
0.7733795476835825
0.751303869597771
0.7659984283420065
0.7487405217215829
0.7550710987371956
0.726352071458015
0.7047815590472113
0.6975081258378635
0.7404911977981247
0.6685128115265352
0.6911478993039585
0.7118661524680581
0.7196087992931622
0.7256941759951561
0.7103471870383887
0.7326559207019637
0.7231709044689953
0.6425966653252044
0.6935197311126795
0.7064582637991437
0.7270022747553697
0.6027425831195423
0.7102329412327699
0.6660547924992027
0.645449724666522
0.6717871041740492
0.6963764904262348
0.6803003448042297
0.6249356499068266
0.6485468129997085
0.5252620688836976
0.5390846338625532
0.5955645617214227
0.53338138881033
0.5644119215355319
0.4807902330218414
0.5252482009857884
0.5499508151050727
0.533741468481937
0.47668917349206413
0.48606711986578904
0.5297170855733949
0.5081128332189464
0.5267481962125399
0.4481877559956441
0.5015279089128171
0.4054852778611272
0.5267477598063793
0.4657159738328029
0.4412909881014805
0.552706063817235
0.5109184846742133
0.5337151252250988
0.5391011358769352
0.5447151146336475
0.5977627913962432
0.5521578188602774
0.5586414821276474
0.6564639647152435
0.5614946586266152
0.5449189883196899
0.4987673318074237
0.49964694990369574
0.5387474088708673
0.48495550231699547
0.5480228115572894
0.5838756920081817
0.54823628060658
0.5415589581344552
0.49787578515297365
0.5275629795104885
0.5048907579867257
0.4950998598316625
0.47542460289926164
0.4965148494932701
0.5083944622350877
0.5218781037525924
0.5076263564419301
0.42471054864515745
0.4460840196055424
0.39548717636897107
0.4337243444110882
0.3667229162370568
0.37838325028142483
0.3214889522832879
0.2411140991430874
0.3051705329456628
0.28665510121476756
0.27034953415918506
0.27810566176200174
0.37045385547951276
0.2912305886389306
0.37795707121530014
0.26870347136677253
0.17904553341579135
0.22665244472345544
0.22706375925925698
0.22441188486099725
0.22274583637104803
0.13794818765140945
0.2171192349542697
0.16161376940181704
0.14789273056342228
0.1621050112431015
0.17510100474000773
0.18626426266217433
0.18598347858330055
0.1492765658946702
0.15997715835702075
0.13018974605042205
0.2004655849186493
0.12059405103660735
0.1868586865593065
0.21387630642323913
0.20660835918645953
0.21387483864196094
0.2311216549411011
0.30601913457635227
0.23398174243899936
0.21958805791303426
0.27591735238067433
0.28918479000960384
0.21319401866173734
0.1970351915568167
0.23237825013665483
0.27424192191483965
0.2972920028373469
0.3515258955704962
0.25295607391157715
0.3349562656935204
0.3242621271766112
0.2810622755889528
0.273356929741957
0.29616279693215025
0.35790065273891375
0.2729093317526843
0.35813817807548487
0.3567816875766433
0.3105648534446698
0.34600645684804787
0.31522899352012657
0.40715547736292956
0.37920938679593974
0.3488760501910103
0.3343511954542265
0.33859346007004304
0.3439993219145292
0.4748653478319327
0.46616964694367136
0.3563951167992008
0.42940534452774143
0.4233131075844398
0.3978862252279575
0.47106711781906757
0.4275930050082905
0.42605641573378267
0.3513089420608071
0.3478116949870086
0.39466575309976515
0.4029423050135841
0.466044633087911
0.4556781418648476
0.416185985467446
0.3658891852530304
0.504896184077936
0.4633064405922717
0.427412016088654
0.4502831283416259
0.5324169225779068
0.4498977378202629
0.5008890999308926
0.4075835979502943
0.47120669552772304
0.45881042601395094
0.47285973456423097
0.4384076172212299
0.4763240120896376
0.427450874251243
0.538865054395158
0.43151007916150225
0.34356203676035135
0.40375135725240463
0.4422280978675675
0.3848179088625508
0.41214418067243047
0.4122391289125542
0.35623283704442327
0.3781580281938084
0.4364272545016404
0.32059268224418097
0.3316771277386421
0.40589153636307673
0.3937371107872808
0.33502847916450623
0.38155649651061857
0.40359000367859654
0.34333831986384233
0.35779656552218436
0.3942985384791742
0.3470990826873023
0.24603386272196223
0.2841558947216519
0.23653780575158204
0.33768732533052725
0.31531446240674277
0.24443964214629058
0.2864308299044464
0.2374759433658178
0.2539341976844675
0.30426774324278777
0.3163601041306086
0.2392582941574528
0.24750775538734432
0.3400971067099427
0.2980531179665816
0.2513019899608272
0.2546640160539009
0.22253771486648194
0.2003259870261996
0.25960738057954413
0.24184737887849533
0.1592473434084073
0.18047454355604806
0.17890421545861795
0.18540431146645123
0.13842381283349176
0.23768958952912067
0.16050514432455334
0.1948538678529947
0.1924085886767235
0.1987195877493199
0.19579040616080035
0.2246718364613975
0.28831066264157423
0.3503257427835285
0.3217812675893059
0.45533160582677346
0.4411563891746092
0.37923790651931955
0.2552550748444188
0.24369368818569198
0.25217730267692196
0.25697632290663497
0.17059757478890786
0.22992555072827242
0.18211362952289956
0.20737884611958943
0.28282130773962627
0.16843664442289452
0.120911333546731
0.18842245844921743
0.1430324211565224
0.2140895764748123
0.18896757314964002
0.12520247044437327
0.1483918682343098
0.126735063102317
0.1634826888307816
0.05957949071436713
0.16644098590043496
0.1338866722550942
0.1815626012343351
0.1722546444078752
0.1224992862992069
0.14139237564109758
0.1298560688086129
0.16658456217931603
0.13939337711278618
0.041734120227868265
0.16433664627153952
0.1453742545032979
0.16987553613259165
0.17269034283214718
0.19668168212550866
0.19358106772563546
0.12590925837995834
0.17997272159942287
0.15836094934269285
0.15551008451837117
0.18751278559242085
0.16560294736992792
0.21342130910063414
0.16594357768834525
0.21321430605767894
0.2278587754346524
0.19905469859147096
0.20157781449579965
0.2145827621935803
0.21718357334483585
0.26733581411990087
0.23645245292538192
0.20925478656636637
0.17125213649064658
0.21362802876012474
0.27855320671071604
0.3247245598168551
0.2776598031825083
0.33107044023958115
0.14396477123775117
0.3025324754216295
0.2971534592707113
0.2023104197366609
0.27909963379196023
0.20210646915770902
0.18564447678936644
0.16911422032201878
0.1954080933248165
0.2537597081997993
0.19008306937439604
0.2952120850926191
0.19974295749743462
0.22560351686317026
0.20179574039303302
0.20469816599114243
0.25440004004772976
0.20832965738891995
0.2753935624981021
0.17311325450475148
0.21715308480531398
0.1901815941843529
0.15492200344170082
0.212031628087789
0.19853078228028653
0.2045580243967389
0.27260456173772485
0.17925392659760828
0.19384204331753646
0.2510190258977497
0.19686159502978384
0.16443562712025925
0.25815851665848927
0.20681753830097713
0.2805716897902866
0.1999410843738088
0.2676742081353174
0.24885145589734065
0.3325609769014972
0.23393259484342752
0.3225443982508213
0.2428591269787253
0.2915777948237393
0.3035377506820445
0.3102785752328869
0.23515916714135443
0.30989687174126257
0.3268299353262074
0.2201376107801643
0.2753838467761696
0.29074977821971887
0.2768668343197377
0.24672143411020653
0.22040731458088691
0.26317248959069667
0.2376675215843287
0.2896862906583894
0.21805863370491066
0.33540829679866946
0.28345120458808437
0.2551079494138867
0.2459760295437183
0.24992301316449803
0.30185888426824525
0.24040244812194833
0.25378326576785504
0.19185191679001046
0.27635227521411165
0.24080359069710458
0.245057419314169
0.23442020549437315
0.3150671356155346
0.24449200248607122
0.19743411548192574
0.28307985356863236
0.28353876418077006
0.3630283574963973
0.21846353022462342
0.22497501836190045
0.1844065754031871
0.29473771627490075
0.1621424724891747
0.2343065061709055
0.20195006308561314
0.21406073576281912
0.3007506797671353
0.30486270484549793
0.29843321896464853
0.32665732709912626
0.29835455144149176
0.4217620981618549
0.3895297965553253
0.30031134186914704
0.3511292247051273
0.2310061272020915
0.3455322423616405
0.3272804003355764
0.27758451711539345
0.31243146497577245
0.280241396068097
0.3205491750960324
0.29192415845030933
0.26541282920964926
0.21481172054254127
0.32073984853494825
0.2593371023909456
0.35446772983814206
0.34620443789957467
0.2857503127809287
0.2530040690774804
0.23891093324847823
0.25229449324541053
0.24904693204261014
0.23588307381028162
0.3300584273964715
0.28358101934554414
0.24936136296112452
0.17777937196715118
0.1945885270198837
0.22204386383954336
0.2959114412928856
0.2081291212759
0.3285547033131579
0.24310474207856686
0.29964192594748457
0.30208699630606933
0.3663355797311858
0.3797487808778979
0.43840086616417623
0.3500148266742895
0.33852313421226987
0.29568413165279805
0.35963964956531286
0.32165797684000336
0.43045103617623753
0.3489368363092751
0.31193069687629216
0.2743200859798468
0.3743939446632554
0.3595096204773905
0.31498786750428176
0.3007486550826339
0.30811017983376665
0.34958114584575267
0.3554786189259477
0.27550010486674614
0.3348541494668926
0.30615985212069907
0.3315249195453718
0.31892656295169786
0.2806847556212447
0.3025984493600525
0.21808815048253433
0.19496294800110364
0.2958916931400465
0.23725872800029835
0.27541278697439875
0.27506182454291883
0.28960188356831157
0.25146864643812294
0.3591087870782099
0.23352791719607136
0.37207275185742383
0.3636974420400082
0.3749396643938153
0.41671597194583965
0.32435227416703327
0.3268855872150406
0.3903915452159227
0.39346736685241784
0.3671171595285432
0.4569435845975623
0.4245430736274176
0.3970560200243244
0.38439575438085916
0.396680896779974
0.37383437063013336
0.40364818266431657
0.3843471983245608
0.3714490266005382
0.34525331783347657
0.342212386035603
0.3981334622143518
0.48518694270127427
0.46771401674006696
0.39388947263931556
0.3215041928409841
0.3952842942958704
0.2793146930442711
0.3195590528567493
0.2972847910101852
0.3080246393709794
0.3375098747440148
0.36566747853202475
0.37367461255235074
0.35311936152858076
0.4078071048847073
0.37337797342498563
0.36595440686673536
0.31745211830174935
0.3592692083133099
0.3637089421215623
0.42381210458580953
0.3787472684367079
0.3488088403124802
0.37544454967128266
0.3568615065661968
0.40993817786182996
0.48011585597941725
0.459319465929757
0.3513524621898736
0.39544379792260526
0.4029912775224571
0.4179276888975424
0.31157473918035666
0.44243065162747236
0.38142079932978606
0.3718895640799477
0.4452842098359444
0.33346531584687655
0.4006311924347785
0.4528002471213797
0.424146303179261
0.47999704102070667
0.3528845920499758
0.49144719135278536
0.47312385209447544
0.5163842094242224
0.5246953548253616
0.4983643616232343
0.4358571382006534
0.5290683018006295
0.4524562815745998
0.44750717375034854
0.49123161722761555
0.3751774771524009
0.446380500197038
0.4333893480684779
0.4679024510905122
0.507154401445633
0.4490871253549527
0.3880459831749261
0.472510052425204
0.401088175788374
0.5176787499755201
0.49785619427645955
0.47098838870495296
0.4142190405016767
0.5166356943147808
0.5176273499408265
0.46523217644036535
0.5709967055792718
0.5344878812136021
0.530878523467818
0.5390590529643042
0.5122390833906905
0.5222839400585242
0.5577269302997246
0.5333767258517436
0.4680529211108079
0.5029053015941788
0.5638244248295975
0.5331842233227524
0.5395666496572281
0.48334792809157495
0.4084150585364367
0.43989761016034745
0.476888668369042
0.47841858085942485
0.4488465894426964
0.4808431598769786
0.5520560764168266
0.5432916607299545
0.4237444382860993
0.4295761594130233
0.5021804344928195
0.4397510777191849
0.45586574452200795
0.45200714858800717
0.45236080696128284
0.46392398308747973
0.45306320547801365
0.49419992401601637
0.47331427281523314
0.4895095244560021
0.5093196468232275
0.4367396507267834
0.41490446893916555
0.46961630794616244
0.5953428470760763
0.517501750294676
0.5520423577877677
0.5497393118875129
0.4485549101043105
0.4523206241715002
0.5051832402938458
0.37847591629025856
0.44459958037384417
0.4557738526153876
0.40034019064020737
0.38306922878063465
0.4623957584434629
0.4192937647500594
0.36288234942472525
0.39114205201342384
0.43977845759238593
0.3865604563990616
0.37900446644804897
0.416215698875449
0.41316057449320026
0.3546718946361964
0.4407664501846795
0.3449497397978039
0.4262655499678995
0.2852896740117924
0.30411621392577176
0.35711308564544697
0.38656562775986886
0.39187549949551326
0.324353247885
0.3483851855293939
0.3799680263925718
0.37119451432819434
0.3934897821454196
0.3916178508411254
0.4074453632940632
0.3810051327066698
0.4232162597168345
0.4319578944540498
0.38231587444158155
0.3942974784065856
0.44738972546548694
0.4489855685630308
0.44345195037582497
0.41599851794830683
0.46555128923424327
0.4318075643620783
0.40400967105092594
0.4608775213319803
0.3953663635390024
0.38950760608229107
0.40597601862984695
0.37977153165243444
0.3128827705109013
0.2987096544222622
0.3397988572603909
0.28639959490211586
0.3103730414190012
0.24328137144627698
0.26335205939866424
0.2657226241525579
0.2504601077610734
0.2317844154817092
0.3354630162091626
0.3206895727310588
