0.3743368455474314
0.3319824266636485
0.25169369711694317
0.2961081219301426
0.3478890939444429
0.3390610720621253
0.3205324806033258
0.3492139851259499
0.3697975051057688
0.34080073710312286
0.43173398711306965
0.2824520740021017
0.2530368738737424
0.31042751679682157
0.3521791750170036
0.3550469393146667
0.36402442406633395
0.26860595205686694
0.27212745137527844
0.3283179786484708
0.36487045650069483
0.4656839706927472
0.23524008618911266
0.3170728269615243
0.18638363586625534
0.4318268843043667
0.2669585067913089
0.24178605951275256
0.3212623729036449
0.21197649867043378
0.35580970631755726
0.31482141676598685
0.3361740813124672
0.329101058633582
0.3218126498777598
0.21840742345984399
0.32252180781994855
0.27396038613571516
0.23987047861022048
0.36000960605032084
0.2785845791488869
0.2973688206772398
0.2992860012734706
0.22806679271053587
0.32882123850288464
0.3465637541745835
0.28772819469121313
0.36062457597862274
0.37773285204348916
0.1713262965873561
0.35990944185141904
0.31832729271524485
0.2890634749495462
0.2430007715462694
0.2902082011666885
0.403554238125694
0.40956935226793156
0.32976949911269726
0.37998459943047036
0.3770803139800546
0.4032077852312284
0.3783975695909907
0.398790193722503
0.44015980933343635
0.34701353577412264
0.41155472892504297
0.3194173666357931
0.30488604048448925
0.36148545992880915
0.32210368057710415
0.43515527848905267
0.46729797288402997
0.5419652739190999
0.5774735010957457
0.3900258782516326
0.48792379751257775
0.5499391797151174
0.4444708426490639
0.4204988597858757
0.5799051124279992
0.4819053591684267
0.45565609993166284
0.458340934642583
0.5729717713141099
0.558428873863674
0.4413274503316719
0.6293868195481087
0.5918081521065051
0.5849243685009331
0.5209835185973013
0.5671556415950154
0.5924760552572671
0.651066303284173
0.6580435746322766
0.5760445974409567
0.6206764847506951
0.6646722907128058
0.6490147002559719
0.6398460200096812
0.6534804301899746
0.5720931277171972
0.6613817598945454
0.6735998327432746
0.7160564268762909
0.6369664420421175
0.6382892066880387
0.7154150824416343
0.6486288535422855
0.6234068602948257
0.6958569052525471
0.5591106234573703
0.5474897725897593
0.5495757252712
0.6038668254236357
0.6189856114421137
0.5538614580385015
0.5091910961324906
0.521213828620221
0.5798317102071254
0.636892870755009
0.45209867741660903
0.5429694021063303
0.5732156595603879
0.5395614705562395
0.5931684390908716
0.43947005443922793
0.527236036584156
0.5677955404620858
0.5433068625453052
0.5661826995970112
0.5780690543518812
0.5680181189587714
0.5856709800674909
0.5012353498857909
0.5140787122343939
0.4309580907337491
0.5895411211259896
0.479111465154446
0.5512121772552488
0.6401092536865943
0.47346520970232453
0.5113977117837336
0.550037210149956
0.5132170019008849
0.5555920957376854
0.5489149718384005
0.5650320315278041
0.4151354192809531
0.5199270752364007
0.4044451692738955
0.47684777571396364
0.3942677608938678
0.4077858673357827
0.48232895207071524
0.47244238254914994
0.3457181411114917
0.5252907108570177
0.4118655916680122
0.5033939191944373
0.3682422280467766
0.44630977269528876
0.5752691402405565
0.5125235268984467
0.5689766353918433
0.536569881807133
0.6264012987171661
0.6207015596271022
0.5658083102637114
0.5787380217055416
0.5143666739091552
0.5812050905317472
0.4824762353961076
0.48608389998871726
0.47939319195019237
0.5015570961257483
0.47109708129916994
0.5498707849626732
0.4984298168147112
0.49120499171429366
0.5074244878682038
0.4769017459914717
0.4204337206850547
0.5180724683877005
0.4301439057171083
0.41100420684367056
0.4884942570031785
0.41738924614400524
0.47414585454894304
0.4064838706771488
0.48271223922712314
0.492521031864243
0.39189370470527857
0.3266728356480938
0.43026665208972736
0.3713088680240597
0.3972247533289571
0.37978786337691434
0.36933652511298687
0.44393991132343347
0.3653206529385007
0.4534930040959116
0.33948116473774415
0.4849545764694371
0.4600515791664427
0.4746873245256427
0.4505301403971923
0.3344541223119413
0.4097658134856811
0.5160425929357817
0.4317325881499853
0.4433041469244602
0.39321392406549005
0.4256331052969221
0.3849212445831862
0.29933661759554087
0.3275163506090536
0.38885081715474173
0.3703765698475395
0.38954355732500834
0.35490798293721176
0.280394623343855
0.34971635830775605
0.34625174045090784
0.24975124062284582
0.34287323265924163
0.3249510717556767
0.39361244039404353
0.3510330913064211
0.39123444201564245
0.3952630898322027
0.2775405909534048
0.3060141031228193
0.4736114121009024
0.39583477000851197
0.424076098161513
0.4330421200460637
0.4768005975046266
0.42181840608670595
0.5488582005087752
0.447900937442928
0.5578520484293034
0.46626814381567167
0.47733304152716
0.5267044545852371
0.5215099587808699
0.4829980565337195
0.519597546990711
0.6163648349754318
0.5731316000574624
0.47246807179012135
0.6230284042249454
0.5471430940157218
0.6204362505458222
0.6576637619058374
0.7048208248318217
0.707350701341523
0.631268095397142
0.6479411701420096
0.9141830696572051
0.6337264006862037
0.7800583338334816
0.6713373453049103
0.7447088343249892
0.7759634588853246
0.8318358512269559
0.7544187449657542
0.7654201824234584
0.6158916846944484
0.6017648554864563
0.6278198613408085
0.668089253439325
0.5204966904825321
0.5400748430695772
0.5666362606453832
0.560750715876941
0.5469846493578101
0.47497481852728674
0.5064610543490055
0.5049320922511169
0.4066693776738052
0.5194457501809411
0.5721025785248159
0.5194898473912468
0.4821535699983708
0.4035948189008147
0.45586062847648445
0.42392606283361267
0.4099278122980682
0.4400736846663893
0.4166615513970539
0.45910019692101506
0.3513331430818528
0.39976895997621276
0.38613846467812046
0.4183482982080327
0.41349570174176153
0.4438577238793024
0.39106163202990313
0.5223581327842238
0.5853523628392777
0.48791193086284673
0.3507602880052496
0.38802737793896114
0.4031887551070239
0.5070806778187638
0.3929008784466381
0.4528523564727503
0.44768623544398456
0.4796707018799201
0.43600271044554884
0.5164501822123614
0.4618211314404822
0.4070224390482222
0.3971123470609491
0.5391004048441437
0.3680996220840844
0.4849364416537605
0.7204931143855969
0.4786113914997051
0.5802472664166853
0.42321183651519734
0.49423449950393794
0.5337524390953707
0.43045956606819746
0.533892907258186
0.5559055873513763
0.4952699883562336
0.5464680607520217
0.3503311762407421
0.4113572891502883
0.49237226151315217
0.47735509709830937
0.49795250816313597
0.6170025777196554
0.5001251839748116
0.4867179489063015
0.5059552909202691
0.6037470985613125
0.540340401625522
0.4893114432397168
0.6773271196461672
0.5500191100272688
0.6110472655467282
0.6456695661113716
0.6183641938958822
0.6195887598908477
0.5124775255534014
0.6854713068908971
0.6285669538987021
0.5451727035852049
0.6680842872183383
0.6467547260992914
0.6490409084869346
0.6945274446208076
0.5409497988182943
0.7641915064568
0.6330497525004022
0.566727193283689
0.7701150486784589
0.5695075867212995
0.6269480828503282
0.6841196152717728
0.709432539231112
0.6132918811983386
0.6583064621064684
0.6561668760720096
0.4948826918684678
0.622044076175202
0.6316453506204773
0.5787371450730167
0.5287382584268008
0.6111871515174805
0.49069610182934503
0.6076505492824624
0.48280979495502396
0.5276537923675543
0.4920372426977241
0.553405544951048
0.6526905839742512
0.4975176434349319
0.45014573305203603
0.6104838556521924
0.3792370416734586
0.5022780221726391
0.4309152994909454
0.5013577967007581
0.46560542867846477
0.4021214911526098
0.5447973511315122
0.3912093325198226
0.3567200013276551
0.482288989094697
0.4584167802918988
0.42149356207366867
0.4535456747891276
0.39678022045688544
0.41990812638767594
0.4719757827341316
0.6192099341341616
0.5141138738567066
0.4787604647917771
0.595150671992912
0.5678947609505847
0.6141109086455523
0.6623307034565475
0.6610662001429984
0.5911033695802865
0.48782286083065884
0.4908099247291867
0.6087615412335918
0.6021774576432
0.674981676894487
0.5102531279997033
0.6804389392570034
0.7366509604727325
0.7353885100062443
0.6810426061505028
0.6384303964981731
0.7816631806987113
0.5590756524474321
0.6106023320726582
0.45761449264416243
0.43994491449641404
0.5247507629822026
0.5370320755067035
0.5014944072152906
0.526304545047557
0.42708044048258054
0.3963910205869088
0.4961218920303857
0.24668379866279982
0.3423567730702764
0.46493975410587296
0.40651442138430166
0.27951700412472946
0.4222815133184977
0.3114068324655545
0.3487341144683802
0.2851428370709743
0.3941661243638365
0.33070214429447453
0.2583669946629551
0.1879850937913115
0.3290066036724989
0.4090802828086153
0.23853686796756524
0.2764822567751242
0.14370539078302297
0.23125404043403724
0.29650625183776635
0.22802290913097448
0.3153668728158784
0.27421926459496726
0.21600037745596912
0.23304776215076983
0.2564447014479679
0.18931234357547244
0.19809543899834547
0.2734520284634701
0.31200220625578434
0.3750696330760711
0.2662222597971645
0.38032688025018696
0.14283398608667605
0.27532765824950356
0.22526851711305912
0.37859850570781944
0.20493945584603201
0.3854553245285919
0.43183612116147807
0.28280782214682715
0.3565658160406484
0.201187865743379
0.32946157397159914
0.36244780130931653
0.3007269463990021
0.32969341147240855
0.2519725065303634
0.3213407223228682
0.28480212296077206
0.3623465084888585
0.18482619486114873
0.3120758505185057
0.1917333624897546
0.1821356438536335
0.08534153804749192
0.1909609497199507
0.21770832533010623
0.415856355570427
0.21838853083180237
0.25759129845008394
0.38301490728346177
0.27879114090496104
0.2858209262075838
0.4460888641693552
0.32184962936217726
0.39482401360949043
0.34170820323247003
0.4115493954280155
0.2968104149663647
0.42227486848012363
0.4170389351547651
0.277973828697353
0.3261702277228478
0.23932403813704986
0.30883495333327443
0.2602766063834523
0.31716117942939814
0.35690281048936623
0.30583146155794116
0.23740230170396615
0.27091143722024047
0.3215330034042495
0.38541983644250344
0.3749618840906191
0.4369299004874967
0.4836004674011643
0.4639769186475773
0.39512146595945785
0.4508279858734832
0.44897395735916046
0.3837455464768923
0.40691037088392934
0.32597774758755993
0.3521939411251268
0.3551197477736483
0.4915586951421478
0.37382072953449974
0.43146327748329016
0.35464087345453255
0.43514938748177867
0.3546868689540754
0.3536823066924434
0.3455148096807831
0.44755136544162133
0.3721322691679726
0.28538359476492015
0.32288863260225376
0.1987856763085387
0.3720135497939302
0.25094777299824667
0.48882580285278565
0.2352947175631107
0.2798621854906548
0.22996960630475682
0.29935023634079616
0.2302855995602644
0.27939129660868356
0.21937424981159992
0.4698772608674153
0.2690210741239646
0.2091118949777599
0.3139234410475548
0.26666114104668476
0.3390235463611502
0.25376527030058443
0.16640905071740852
0.2897432376292439
0.2259226385110501
0.3874880327697651
0.27815969354305814
0.3091864619105537
0.40036242758806173
0.30806767216820985
0.2896218258046862
0.30829313908108136
0.12263762401434697
0.18180226695098375
0.2623733555663099
0.39762480910780773
0.337183723060547
0.2771534647154906
0.41625845881060625
0.38567886762441994
0.3597724196124056
0.2007032931761659
0.4562649833108664
0.36940860734375713
0.44430484863806397
0.33279525478068306
0.41945838269589564
0.4841353088940695
0.7336790569035713
0.6743995785755776
0.6415631565671007
0.628411187957042
0.42465721886069874
0.3864733026472597
0.4209194727264715
0.41252008398787204
0.3249343627206821
0.4191666111610537
0.4142848074806734
0.31626877991612123
0.2551315353718355
0.46821617031057006
0.31957780207279374
0.39570015164435945
0.3187685132730692
0.40708725255775285
0.3147274951064668
0.4346026547721575
0.3931805396627669
0.3853461996533623
0.2998609495025506
0.37660889575615303
0.3194630049476254
0.20251468697473288
0.36232703396239996
0.49176847969560744
0.5099831779352254
0.4187562318549769
0.29012853689845863
0.37111555554567666
0.3567951538129135
0.48410514884986705
0.33943730648098647
0.4995256864103727
0.45637095228770025
0.42170212842285215
0.4254019373520362
0.45791855618299265
0.5096135926021403
0.4064732735564904
0.42657637125269776
0.41112752773208283
0.3696132367342122
0.34741272457185257
0.4667587796053578
0.49245938737737593
0.49246971882622725
0.3687447012443322
0.3552193806312127
0.35682399758234823
0.29096615532370323
0.4222370621920384
0.4893186960219673
0.48379967796320344
0.313219374227409
0.43600822890318985
0.4555813780212431
0.35215877011349317
0.2912348277017477
0.35536424123311383
0.39658047941923535
0.3348870579485167
0.4478239915751725
0.39717316924897483
0.3570432012166005
0.34950560782609913
0.2783754863770754
0.4770015014849526
0.34392118813950456
0.3717204350753829
0.5038107689883756
0.505667627361011
0.4535393726425493
0.424361220995772
0.27740189362362727
0.45090916612037313
0.3716265362273463
0.5517914457409423
0.48731076885030894
0.48171045489689923
0.5086173652524546
0.5213318741052951
0.46251722762335024
0.45095987791375935
0.45919391750535515
0.3741640948579107
0.495467120258442
0.3888513496690701
0.4247695043705546
0.37836446859507733
0.3837922427492132
0.5358832573329014
0.3266229041546304
0.37698824821016996
0.29604674440033596
0.5931384426224366
0.6145825304232855
0.43457372880288614
0.4481099476698903
0.46055206365671986
0.4478995118056821
0.4169783534592232
0.49895472607190056
0.43363086170500553
0.5994322850980307
0.47694813449539875
0.6894419993492127
0.5685150156646527
0.45553910505701994
0.5337348156840233
0.46455834984375877
0.508226681964691
0.4382976062662435
0.4368495309287883
0.528445660205717
0.47726568089836197
0.47226395165783713
0.5200883074191642
0.5148008072995718
0.5885869256963362
0.5850608031645166
0.5049675622799095
0.5682663092610903
0.411709538862428
0.43249564560606896
0.4863546906981344
0.5171310984131567
0.49484793777333547
0.5485508347564603
0.4874881807694739
0.3754368875251179
0.38729998547789046
0.35917551184185237
0.5858041081946224
0.5705914200293871
0.6074726458089124
0.5291725481153222
0.48215012353874
0.4397296954644424
0.46444306633689775
0.3166667193685025
0.41745149244964297
0.5922516131263611
0.5562524102914334
0.5022544768291247
0.41301976925765993
0.48126583160288594
0.5450534459244223
0.5254851439431834
0.6301623535735086
0.6126866107032918
0.6413752374369124
0.5288664649553625
0.5298264576930154
0.5923282496184045
0.4890029158450617
0.5864853204486644
0.5048855210887768
0.5904486176506993
0.4323313591126963
0.4984872152178611
0.4720689331782816
0.4678497855696955
0.4575123861270392
0.5766308506859594
0.48885332132052683
0.443528819672208
0.4812332318331761
0.5098821122723043
0.5223867635228807
0.518750245721855
0.44303542496231346
0.5162040112738108
0.4800103804427107
0.7181109759672177
0.5613598076550714
0.6252480942898726
0.5873676396819012
0.6358233349862714
0.5845446416765763
0.3041427811808023
0.5876033087194965
0.5898398831361962
0.5350294644080384
0.5869050451593469
0.4846606634445348
0.39829677895891025
0.3988486586641131
0.46410581695792064
0.49096293611058656
0.48132653557628774
0.5344296756177508
0.554096655115335
0.4841671619146586
0.40160470509903157
0.42305389098051793
0.43596261552485016
0.47145827606819535
0.433083214189674
0.37075126731922003
0.4882843540129389
0.4628178371200058
0.48281791035754884
0.46402694643784803
0.42419850101880785
0.24573355644973077
0.40883629783212466
0.47801525370282977
0.37401299269922217
0.4262361550624364
0.4223597551899865
0.32293191857261466
0.4927924545034201
0.2802971573282228
0.3500161118915006
0.3340032759323287
0.34880516167118475
0.24567320084050115
0.3308396632670565
0.425614280189372
0.40413079635744154
0.4422573249496033
0.42014957299368993
0.4085196552065872
0.27298278998969033
0.22669044457582138
0.4389509844547094
0.38443296803163957
0.44213867953094305
0.4175272574215341
0.4620014297785007
0.2906949916398004
0.4411262872786651
0.5093501868285489
0.4226196020153895
0.3684423313144292
0.49468380936048373
0.3836830648577806
0.36572521358272103
0.3921311797394765
0.4287770061521894
0.2792884935743134
0.3239773331755253
0.3256524263768442
0.5747080736761606
0.3766110236595888
0.38643366180659583
0.3724771462281122
0.18504586422777577
0.3295038543771209
0.32304027788490997
0.33064904579949383
0.4288406673552796
0.27683686893851484
0.4665707699586257
0.2938326991395508
0.3292055881975967
0.3168498725947332
0.5059904364392906
0.3825441491566608
0.36054748094851835
0.3848860554110153
0.2517593056029662
0.2568654502946285
0.2717182162070947
0.42532127707841993
0.309036819203217
0.34533533629320934
0.3159305933469647
0.3043180948762062
0.3022439857073238
0.4898609764208016
0.4292990703652781
0.27807239512081794
0.3445045018871675
0.21829105493384043
0.26239845773260506
0.4761877574753055
0.3418101809782148
0.25707705842407214
0.42958287003013185
0.39211931443761094
0.33178262930493274
0.3312462936187215
0.3121268001330384
0.4184994648674324
0.44772204196799825
0.24284720676234756
0.3812152717077953
0.32624348175381124
0.24794243305752967
0.4562338736785295
0.3674687370882891
0.3501999500496772
0.5673290644717706
0.4787531022240795
0.34462038960664
0.2501043704082911
0.46418523194353456
0.32565155003105106
0.26455582079379125
0.3170777192053455
0.4870071544789609
0.3756041571758515
0.46779234511650203
0.6045894807296837
0.4531933966593384
0.473202852952043
0.4128601154836822
0.44817904496934496
0.3882051410855982
0.465223022590928
0.41010439912579555
0.4392310620084931
0.508262532063488
0.4343495276809271
0.4994127244721424
0.5895304110064195
0.3894978093112028
0.46134516538922127
0.4070749400983521
0.46225987586005884
0.46446431280021316
0.5663123854145473
0.5109714567056501
0.3774140660401635
0.4924632206056022
0.46759217791975793
0.4939177591832586
0.4936701099206366
0.5070856939775494
0.3983358167271506
0.5358859356508106
0.5253310590927616
0.3751537349252377
0.5207903114069288
0.2920776567538482
0.4396482042531807
0.34389364107650183
0.504323345611056
0.44517325716357325
0.4663958142604608
0.46002169476666255
0.4965102047249741
0.44548633725452863
0.46306307678475467
0.32578347892043535
0.34994410654364116
0.5036173186370282
0.3418592849921103
0.4728355624938582
0.25727992611595796
0.44418920492247815
0.4709247721073109
0.35045484092897516
0.5132306271258207
0.3904971968912029
0.3357834370118488
0.5116035727650037
0.4757399012818313
0.19647448262940462
0.4275009412299029
0.28660560384622735
0.4069516145737359
0.28824995973430656
0.32061338622998514
0.3775617535617307
0.5109748541394366
0.3341080289555409
0.4185891729831849
0.3047943626143451
0.22801554776159677
0.3554568598836822
0.2961234769484684
0.376248849700457
0.43571424694046224
0.23943875005993243
0.4976034463060424
0.5174614586437234
0.29369145840914007
0.36003738354653625
0.26840678231734416
0.4534036173149578
0.3214126885849524
0.4363836518736065
0.48780240959145615
0.43930979395592906
0.39438993994143795
0.4062701364525594
0.4300313220074744
0.35303937337424357
0.5139264260077944
0.38770217295323917
0.4615446069298378
0.4359717122989444
0.501952382413694
0.5167334982282508
0.502936847119591
0.48386511408445143
0.4037580480713099
0.41880618232721645
0.4445584398852234
0.44698959427496915
0.31919896265347947
0.4462446268695648
0.4212169963632587
0.48778435370650935
0.5768880402335331
0.3460454792874055
0.47122120718136135
0.4711377643075667
0.5291893152725822
0.49877002653109753
0.4219334274465003
0.34074693830879643
0.6422358978733852
