0.22936684178013483
0.26546502622354134
0.2380130075560214
0.21912590555102307
0.2752934613312949
0.2063341628767006
0.21069275388936942
0.18332515261329857
0.19616155868602425
0.22869503022056553
0.173607937599979
0.24368662104099093
0.20472341700283964
0.20421804096852306
0.2336122627539615
0.18804426471316282
0.14055006014512764
0.15125678859846525
0.19862156502303205
0.16642570635741835
0.20704857353883874
0.19537975653302886
0.23827434986547083
0.23067391142934135
0.2074461483753331
0.12879103843460113
0.2422718999849932
0.19142382639417288
0.2629696798848779
0.1360609192108363
0.19691130376615212
0.23583219341568262
0.15410976884662417
0.12465221402841686
0.23111845648613316
0.17265469482619156
0.14459688085783573
0.14870237029267253
0.2681630374909955
0.18508018093152034
0.19638612458592153
0.1723739052034076
0.1305242563072211
0.13155484179669566
0.23759467403820994
0.24222928129598453
0.21917926039832084
0.18220465749387674
0.19895379319777484
0.2732557973482418
0.25023659315438335
0.24908390033682606
0.2662861350863029
0.26477136570390136
0.12418598816455198
0.18561491464507693
0.1966415600061445
0.19056188842700333
0.27304041801192847
0.27014955038426186
0.23737964414532575
0.3042875492288484
0.22590399383013335
0.2793048248554791
0.3225553901213871
0.2812244272348723
0.26998186601098334
0.2671656016823773
0.2715373093026627
0.34246486918912755
0.31820000766444434
0.31684157476153674
0.26310794311854346
0.345662825309488
0.3755170889093847
0.42413524266524744
0.38700190742619434
0.4209321389128072
0.43117062682839064
0.45928720323895506
0.3788561628369481
0.42477041261847065
0.3832280561068579
0.4315542748938479
0.4940549483492669
0.39261375595477793
0.38282528082176326
0.43201454547101426
0.352943058525596
0.4700222645831095
0.530854489606574
0.49290588133520996
0.5206635209472599
0.4850697221292244
0.4498187465715755
0.6107560517544486
0.5210248055310838
0.49603981744890396
0.5922424560750538
0.5772292996044661
0.5562907967943391
0.48983964734205593
0.542695441820697
0.5558000063198428
0.6091465126005807
0.6544411667541838
0.4529792795262725
0.48229121897559446
0.5794064576663769
0.5733055149741692
0.597678452826897
0.5299311608177091
0.5739296724144076
0.49546052828399967
0.5310361877825414
0.42627459521462535
0.48815921587388866
0.4995247148767143
0.4354484586178512
0.4866425032953625
0.47126596047555414
0.5050989834608977
0.4651462013131028
0.49671332212477004
0.4527533514119742
0.42489580723453435
0.4886824721302078
0.44024785662219823
0.4785823509915175
0.43239577481209734
0.470725348042665
0.4773997612666757
0.46122580825964327
0.5209302621930901
0.4846748707963364
0.40110432817630803
0.4447724949029442
0.6082673565743335
0.4035574637294339
0.3913531518873094
0.42224796706962453
0.5777124104758441
0.4584406377950225
0.5026321265523656
0.44586349382289153
0.5123585768858743
0.3984052979282984
0.3653623530876057
0.4100976948990267
0.4328669132758947
0.39404202074916983
0.34224905848255494
0.36194872530336036
0.4160280274659317
0.4210621247507775
0.4126208553674626
0.44578871475720994
0.35776405448499043
0.40205601392133333
0.45626887245990866
0.42461362960132587
0.4421206352732591
0.5410671371028593
0.4513918912437722
0.3969047948773598
0.4671923748287011
0.43338109935001373
0.44465923212907327
0.4716822047668476
0.6460820534425984
0.519802803702857
0.40019399967353153
0.47678951751989584
0.4603772103185546
0.4637035182465482
0.4098009621006365
0.43278411991206844
0.3306442995363086
0.37247682601896426
0.4208818092409907
0.3912273601759735
0.36371997610703716
0.34785780537278177
0.4374848480765662
0.3438899708102571
0.36512293097656956
0.4158983899067729
0.25214894677743827
0.3422555531017886
0.3233153226231099
0.2771106029445698
0.26531279247983713
0.3013556236742102
0.22877062604779927
0.2626183842348683
0.26873795897216846
0.43124445809200374
0.2524003670322231
0.2785498741468534
0.3441692624902385
0.28685160309901647
0.3215768860596342
0.4055180182384117
0.3169038632865633
0.416509245269337
0.4310981268783332
0.41185748142753514
0.38632231137609496
0.4202068851750106
0.4107955755208913
0.3373951581165878
0.3525484238030331
0.2876718328293947
0.3198017472801019
0.372959688720761
0.30589934785204514
0.3630234203040611
0.3367113665956699
0.3514011783193286
0.38087007255235694
0.3633768918247188
0.31152009187155505
0.3776838093501619
0.28877039858464026
0.37854304480420464
0.27893673974003863
0.30176070578119896
0.2727564165789878
0.28791777584872685
0.3500839233981959
0.3765002382340378
0.37785721944194633
0.46996724352030067
0.3489637985615048
0.39541464973024903
0.3404269172529161
0.5997398634366085
0.5136071686871092
0.5342156242391337
0.477931622985144
0.5289808612327174
0.605837228842499
0.5935368503699062
0.6583403761452173
0.6298080170286907
0.7104153639247746
0.6733698953085655
0.5998003663476794
0.7169317735884402
0.7850108018522567
0.7993854633726558
0.8687525412228331
0.9131447470543717
0.8081927800888405
0.9979090284461124
0.8754843485249231
0.8725292644926226
0.8869646565820386
0.8701650276204745
0.9619130154714819
0.8780091470836113
0.8518137345753264
0.8765017008458305
0.9276219835279693
0.8607657680014289
0.9074194264559378
0.8499018349239792
0.8437914318222937
0.8524493661138809
0.8535572800768466
0.7097563693309045
0.7269979859686941
0.6623375713573556
0.759981378715393
0.6787461601997342
0.6574964197337536
0.5781431617144138
0.5926723822222337
0.5611079868842749
0.6006482766889527
0.5503132765314716
0.45936843405020883
0.6016998451435485
0.5732943398918527
0.5788411729598583
0.5240788452817992
0.5770355204925799
0.47711813284900567
0.5649330759984099
0.47534867765994665
0.41532238796999404
0.5025478492343164
0.6498321673325065
0.5634066590803063
0.6185211162181504
0.5812627776352178
0.5515937560879587
0.5380204182273849
0.6101088559512067
0.7122179374150004
0.5279568221939459
0.6381017146497062
0.6231469703724135
0.5549816705826328
0.5704646095720564
0.5661856778602611
0.6764140848688769
0.5694164264248585
0.6254810310274281
0.6869574861836019
0.7175730196886497
0.650403906919317
0.5325985679774292
0.5914073369633117
0.6001737906865972
0.7099427620325839
0.5872922704383357
0.7832610464454507
0.6700063383979231
0.670251662053942
0.6767209374640832
0.6725487758770273
0.6754622778172126
0.678848157126362
0.7001612639150472
0.6691304481031151
0.7793588551117308
0.7362328013294435
0.6756782524373011
0.646905318231461
0.7218865944853443
0.7171665615440526
0.6544474878761761
0.7700042308855405
0.7765047824351496
0.7530270863806712
0.7578225488171753
0.7647414176124423
0.8373862188461293
0.7362531037696732
0.8785751441735554
0.800222921910455
0.7584340566990833
0.9088982066316261
0.7809064373302937
1.0113544607374265
0.8167326510886709
0.7901273410873975
0.8033376350544741
0.8482933464296339
0.7976302140250606
0.7478730112394094
0.7932077431531752
0.7643936905303643
0.8621067206130482
0.8122660032745417
0.7102269585791634
0.7805826020672901
0.8482700672712504
0.8217893902398034
0.8125763780701656
0.8008278411537716
0.7559212042731078
0.7659775292926729
0.8418021828865424
0.9116885484345372
0.7063596500808161
0.7351865799199035
0.7314425778560085
0.8330823813796702
0.651899741120856
0.6704378995006357
0.8118178130073763
0.7977770189165897
0.7167302633686066
0.7737057187288499
0.5771885352893947
0.579250167733964
0.6692983867957031
0.6641546438819566
0.5852281952639039
0.5904353045003553
0.5625137682020858
0.5090413118203064
0.41807368535520517
0.5778581248491975
0.621845354326499
0.6255446024664862
0.43854965725349715
0.5598083640754188
0.5037119472552768
0.600873534966847
0.5295149695225027
0.6816966786864407
0.541071170749975
0.5489151821311248
0.6321125130823566
0.5447497990717662
0.5614417226454012
0.6652916189124739
0.6346541154673566
0.6893269997876587
0.5885086036639138
0.6145570140772176
0.6083974719909772
0.7418233397516474
0.6181516562581079
0.6745573348141053
0.5116067987100349
0.6663548371721514
0.5954521363735581
0.6272914178790717
0.6064796792137551
0.5748656733031958
0.581698806650603
0.5097655432632613
0.5613483610368613
0.5909132482130692
0.5669033227544377
0.5928891808888057
0.537553976977668
0.5426114483654503
0.5467580689955588
0.5320947880990932
0.49066128866935804
0.4848459199653777
0.5618483544069506
0.47205176594088233
0.5051952105708847
0.42789613618566147
0.3104913042356372
0.3404597894590943
0.38390361316559757
0.4375625078709419
0.2901682801352994
0.3085393851046027
0.40366991529600393
0.35373484862735466
0.25895769674479013
0.44045140829699575
0.31581308064824876
0.3466763351567145
0.3248215394795937
0.2746940774253658
0.2841546852450355
0.27572342088812196
0.21081985719288968
0.2899118023864175
0.20590885061273123
0.17994321936671892
0.15990389050288167
0.1696765657424595
0.14324816810406127
0.20400947873423142
0.1717334817020327
0.21602182526148753
0.3307352851145692
0.23069786018470667
0.25565947120879695
0.3096491541871346
0.3006239949529944
0.2996413331892628
0.29778581147088157
0.29996116513993354
0.22749522894550742
0.25060255641075446
0.16915581869241023
0.33930933134452823
0.22757580478847098
0.27389667447843774
0.1388090129818231
0.3286190743669317
0.2855598763108691
0.3068885564550278
0.43504873018449086
0.30343891578829946
0.4445267033921548
0.359509237211423
0.3423049125496547
0.3949491384430873
0.39255800787985196
0.36777076366278727
0.34398028446230056
0.28653378671801566
0.3087358349634305
0.3643765508119155
0.3484922631383927
0.41088985925518706
0.34103673919794164
0.48244194211790653
0.381668044493998
0.3916585268717822
0.5492389539489759
0.4011454715838182
0.5250820080333966
0.4671887760456974
0.5089787359548711
0.33533609884589405
0.521465090626998
0.40363504798612976
0.44711176257527613
0.399516672736342
0.4670954275745915
0.4485228778768111
0.44159415105434074
0.45556189597953145
0.4271262737762285
0.3919317701709032
0.4792258845666035
0.47753412589585365
0.5125794962312138
0.4312802773095228
0.415810483425276
0.4672980041275462
0.5263779412943221
0.425045459265544
0.48626046677850504
0.3863097365347395
0.509269025965497
0.393178048820949
0.43482774157091086
0.5774277135301868
0.5796640784222886
0.5655172742095382
0.512808540046498
0.5123964112094395
0.4685693259477281
0.6085755031606069
0.5128842543753696
0.5178656416587823
0.3570410654410554
0.46116400030988464
0.43884023941212785
0.3704916862081531
0.3591897124422433
0.34090087791028983
0.3877719776382966
0.47406972497700517
0.35470730786195537
0.3260474887287686
0.3823355655783402
0.36525035874820017
0.45331822857415516
0.36875380826437476
0.4714260858067244
0.2591425300286168
0.29438919477896985
0.3609026161554337
0.3376278491722031
0.251674836194102
0.3333972649427867
0.2796678707190782
0.3059652337266209
0.22578527770658663
0.2511999058037642
0.34449737810604397
0.3121379876643088
0.28032334096286243
0.1313157456623002
0.32702310997201434
0.2871034135212235
0.33291785902615273
0.2545419858438485
0.2012248119231191
0.3552904654162753
0.27999054127041045
0.14350726233468944
0.1742087415087718
0.21240580284166308
0.26720384814889514
0.23709340375469168
0.3423338643706017
0.0968251940334498
0.05193829371506557
0.2117221552004439
0.1901015929191533
0.14465660085121068
0.19629502367118362
0.2291690642213154
0.2995700104298997
0.30019723302398355
0.45107811689855437
0.48651359379322745
0.4442167954063951
0.42123358023968327
0.3642131499261585
0.2933294089996893
0.25501347236225574
0.2936833211760803
0.09400600971502568
0.24843567943066286
0.24588349694784392
0.20809399780268106
0.3373976652766536
0.18824766647721836
0.12851485606645532
0.10629777494749967
0.11536470711849763
0.21162033514519935
0.2009859150819887
0.09165107684797244
0.09803036532833978
0.29394532349878616
0.1518948488042527
0.09212409180831124
0.16955179656538746
0.1486389067560349
0.19036539748504944
0.15959951324170019
0.22270805877281263
0.14595042370240374
0.18448990400474835
0.22123452541323896
0.22348383010142966
0.08061809502718931
0.21702003218035767
0.21705479845477996
0.1451973277095759
0.209196180822608
0.22357022212854838
0.1498611641878997
0.18571195121543843
0.2559146844948843
0.18312182970120913
0.22613779254141797
0.21634772894009618
0.11986538353585906
0.29506577198288275
0.25850102814520265
0.2992064275630006
0.24379115140255234
0.3283639924500531
0.3614756131290888
0.312816550192379
0.357929177357932
0.2632671872275173
0.2561279145336689
0.26196345442838137
0.289735175707321
0.3622061083387562
0.31031627656523575
0.28220483052954654
0.37435452237477934
0.32568119967532333
0.269325345362319
0.29312907674867195
0.33161418617831645
0.3029432772039297
0.2945097157285585
0.3790317127023913
0.301745092462582
0.36745272620675173
0.2943046139802116
0.317520444904281
0.16733424794976837
0.36449597583922916
0.26481332333474705
0.12010334326340856
0.21437613133076025
0.37175300659925103
0.3248741717936781
0.3468046373424024
0.15913762299610376
0.2651033684302223
0.21735033958085767
0.44128183810755855
0.2822831002962448
0.1862049732135712
0.2702796739805913
0.2524410345523505
0.24218725045669423
0.33657350666686037
0.26064475082725813
0.32413258220405133
0.3027564915866041
0.2581610629522063
0.2989256205034455
0.2819799850205229
0.3356751373145195
0.33350276036362125
0.28486622703158476
0.3886242211184513
0.21935780289493817
0.27711733149118883
0.36924444440908066
0.3733407246788851
0.3457536964166113
0.4097421260908501
0.45856489158519204
0.4296518229335333
0.376551865390774
0.36508648878319944
0.42780473171616457
0.3822690984826186
0.3422498208145657
0.2579009976758969
0.36889794043886037
0.31141582027776626
0.3563194458660116
0.3796708599325015
0.3803003342625796
0.3009995358057116
0.4664406365115148
0.335225896687109
0.33684706814943194
0.27583111203385513
0.2670228379318763
0.33434492092104484
0.15933781823439086
0.2569778726592009
0.36402132813288185
0.26864140293038763
0.25771823065800664
0.23341799787168926
0.23902990154602838
0.3304643546825802
0.21411361841250154
0.29356182847879053
0.40604666133858447
0.22895639605665888
0.21093243799319417
0.3440019596857077
0.3322935448670332
0.14890565555563312
0.33217513428151574
0.2784138212819986
0.20373347619262183
0.34178760778690365
0.27149796168933693
0.30323244421192813
0.18209289206527896
0.33095421204355513
0.32597528056758296
0.32022130767040846
0.4717812074188393
0.271965112873533
0.39677848091112666
0.3217151693859464
0.29362279536428343
0.22485270253571754
0.3040908998373335
0.2751667842779919
0.2927068250997887
0.2977967254856049
0.2991856884082678
0.17832631949315098
0.34471316301659305
0.33965146355382947
0.31965573168122463
0.3181163329587106
0.25399920313817154
0.2838118973045426
0.26704967484999276
0.28696159787206865
0.2501818112434926
0.3255460738787522
0.22937156431139472
0.3834646923140419
0.202416906095718
0.15991864293137087
0.16877442694531558
0.27823002122092344
0.18890914034531758
0.23401270383753192
0.19782019801070078
0.2666909990592157
0.25563644845953615
0.15864904759352383
0.19588524784396721
0.23843101841147832
0.3672806674014585
0.3209160588877908
0.2357900676318393
0.29405435124246326
0.33941664807151356
0.320453700368435
0.38282927449051507
0.38404651473431317
0.3780722523498391
0.48342590757614184
0.41755014113050726
0.333461052246541
0.31552180122997503
0.3240510075330344
0.45324608839688135
0.33478947156150257
0.3370847044091425
0.3309016909461773
0.3068544617182747
0.3570600907882895
0.25206627696124206
0.3269683819824059
0.2909202026382148
0.2053182437691144
0.321698995597241
0.22097023800474738
0.2673103681938067
0.21134070605446048
0.29259586066884835
0.28267337175412466
0.3099822825121028
0.29952562004249117
0.3317683831235738
0.25807437319341664
0.38057845809617014
0.26857314642963204
0.3186179868876213
0.3729723013755915
0.3297803487010056
0.35588840818281375
0.4853243121259888
0.47346036245242185
0.40229145962082247
0.44291749937966435
0.27388310389911336
0.4378800608256997
0.4114680568570091
0.4995370366080131
0.4575280813223178
0.5081644432689357
0.42381467313368293
0.36947442674198544
0.4321909697515408
0.43330833397317037
0.4041672609984183
0.33471721622731804
0.5688194962497253
0.3555060463162595
0.40826382377264664
0.5583728733503388
0.4860110360275036
0.49861676320970144
0.4915294227044117
0.3911217463285771
0.395783867850005
0.40318262530103693
0.5103431680630455
0.4319517786715663
0.4313636968437752
0.5542063599141515
0.3887963736894857
0.42634599919982474
0.5220641551118351
0.438655441807328
0.4240462147647295
0.4591440081780503
0.41102992099979413
0.43004086736177166
0.5202794586490368
0.689576360225513
0.5558840433670175
0.39278903485543054
0.42639988652688354
0.5381747113416685
0.4525323133113805
0.47822739066440556
0.59289869742909
0.6069697626815629
0.49788570397623727
0.45934945426397855
0.5625963837693333
0.6274153459320225
0.7160015456510124
0.5002693589316988
0.6855263988811353
0.5824130461599555
0.6850760108591136
0.6510313678598345
0.6817839436962145
0.5972989710773134
0.6675541274194996
0.7543547594562092
0.7541091100629715
0.7069675859009397
0.6673223673125166
0.8590803928529172
0.6815002475487129
0.662209460449593
0.631940465204973
0.6619449050162435
0.6398253804825818
0.6252707659135477
0.6881828345054799
0.765722566385691
0.5337795055037282
0.6472625996226634
0.6379695903224059
0.8177479220959616
0.6704269746178582
0.7954036463272761
0.6115262108658666
0.6860596002724118
0.7629099787668591
0.6740955676383207
0.7269788527190397
0.8639108309795338
0.7300102891189636
0.7710832868074946
0.6695067972090061
0.8027014805752491
0.8434643869586576
0.8189907949868295
0.8258951914689404
0.9959673434034652
0.9426944265460537
0.8876592610233988
0.8041198050128654
0.8006218536171065
0.7601243650788737
0.8314530952705503
0.8465080299917989
0.945227716215465
0.8947198420443039
0.8014952319138117
0.8065004842950797
0.8746505764003347
0.8491330803497822
0.7519346838203103
0.7913812684397162
0.8106604395471697
0.670070613262599
0.8624174484656647
0.8932214733030692
0.8252187814329741
0.824863750792715
0.8003544414899655
0.8515053488371348
0.8396941521583734
0.9093568272055792
0.9661483603601312
0.8821713824962321
0.9792795452867794
0.900050205317676
0.9598325204285766
0.8932257990981899
0.916424266471488
0.8617080061152771
0.8940666754876941
0.824686220022163
0.7531202775069782
1.0611901148196292
0.8753406876990608
0.7433073185854003
0.6354827598455823
0.8455542747862619
0.8281685839551842
0.8068695329775094
0.6998453480056355
0.7667764223151634
0.731836210363208
0.6510411673681664
0.7514182243775531
0.7342397390901765
0.6604049929966399
0.6979832162716877
0.7378838213614345
0.6295150340886637
0.601688305510267
0.7647840739505798
0.6419744740954701
0.6921963410577536
0.7470358202182095
0.6280867346601515
0.6576205817140899
0.6881591079441058
0.5605302810980765
0.6610747228083833
0.5104851048119101
0.5159135295942185
0.6895446550450209
0.5343957986762751
0.6688796997745474
0.6569945034397531
0.6683420866014048
0.6275691296894206
0.6392290026577063
0.6603262491777295
0.6315380532463704
0.7347071250072422
0.6895545659922092
0.5286727419662182
0.6063394251919774
0.5664440218950149
0.6723946490653505
0.5590386721482188
0.6008624285542157
0.6105640403114881
0.49889111120933854
0.5907217077595988
0.4986125428081992
0.47084655375662715
0.46734700621908193
0.4591135051787918
0.5210895451158104
0.3950336440916875
0.32555603591178073
0.40096125496074203
0.4075625945673173
0.2757829242265366
0.44810195316604406
