0.34527088036117376
0.4411211437170805
0.28867945823927765
0.36948833709556056
0.35244168547780286
0.3053386004514672
0.3033860045146727
0.39548532731376973
0.3408690744920993
0.2674379232505643
0.3783295711060948
0.3688449962377727
0.272844243792325
0.361196388261851
0.3103047404063205
0.30084273890142965
0.3101467268623025
0.3759330323551542
0.332614747930775
0.32311512415349886
0.2798006019563582
0.2853498871331828
0.37746425884123397
0.40560571858540256
0.2870579382994733
0.3452896914973664
0.26431903686982694
0.22478179082016553
0.40718585402558316
0.33373212942061703
0.2829119638826185
0.2583860045146727
0.2978179082016554
0.3184424379232506
0.32406320541760725
0.38984198645598195
0.2675056433408578
0.2730887885628292
0.30500752445447704
0.29554928517682466
0.35756960120391273
0.24653498871331825
0.28975169300225734
0.2840594431903687
0.3122310007524454
0.34793077501881114
0.278288186606471
0.2876561324303988
0.27445447705041387
0.17843867569601202
0.28186982693754703
0.276196388261851
0.3946952595936794
0.30248306997742663
0.3042964635063958
0.3212076749435666
0.2741647855530474
0.2609367945823928
0.3418133935289691
0.36621519939804364
0.39443190368698267
0.3925507900677201
0.3341798344620015
0.2946313017306245
0.37176072234762975
0.37735139202407825
0.39055680963130174
0.27952219714070725
0.3679495861550037
0.46760722347629796
0.4243416102332581
0.3547479307750188
0.43186606471030853
0.399849510910459
0.4205417607223476
0.4036117381489842
0.48453724604966136
0.3923250564334086
0.5484574868322046
0.3848006019563582
0.5145974416854778
0.5165161775771256
0.5635440180586907
0.5353273137697516
0.5259217456734386
0.5015048908954101
0.5146726862302483
0.5805492851768247
0.5975169300225733
0.5165914221218961
0.47712565838976667
0.505379984951091
0.5863054928517683
0.5618886380737396
0.5863431151241535
0.6559819413092551
0.6052671181339353
0.6485327313769751
0.5639578630549286
0.6448833709556057
0.5264108352144469
0.6600075244544771
0.5904439428141459
0.7240782543265614
0.7109480812641084
0.648946576373213
0.6772009029345372
0.6678705793829948
0.745071482317532
0.622836719337848
0.5683596689240029
0.6154627539503386
0.5985703536493604
0.5478555304740407
0.5724228743416102
0.551805869074492
0.659104589917231
0.58581640331076
0.5840105342362678
0.5934913468773514
0.49770504138449956
0.5899548532731377
0.5016177577125659
0.6127163280662152
0.5545146726862302
0.5414221218961625
0.622385252069225
0.4889390519187359
0.5059819413092551
0.4590669676448457
0.5513920240782543
0.5571482317531978
0.5290443942814146
0.47460496613995484
0.5368322046651618
0.5802106847253574
0.48066215199398044
0.48265613243039873
0.5147855530474041
0.5054928517682469
0.5451467268623025
0.5773137697516929
0.5943566591422121
0.6302859292701279
0.5457486832204665
0.4612866817155756
0.5084650112866818
0.4878856282919488
0.46741911211437165
0.4243039879608728
0.4639578630549285
0.46602708803611737
0.45680963130173063
0.45507900677200896
0.4835214446952596
0.4667795334838224
0.468811136192626
0.3805869074492099
0.4165161775771256
0.38472535741158764
0.45455229495861543
0.4227614747930775
0.5340105342362679
0.5285553047404064
0.5118133935289692
0.491346877351392
0.5310759969902181
0.5708051166290443
0.5315274642588412
0.5750188111361926
0.4642588412340105
0.6357035364936042
0.5325056433408577
0.5308126410835214
0.5291948833709555
0.5539127163280662
0.5560195635816403
0.509255079006772
0.5942061700526712
0.5436418359668924
0.4667795334838224
0.39367945823927764
0.33189616252821663
0.44691497366440935
0.4039503386004515
0.4550037622272385
0.41956358164033103
0.4630925507900677
0.3072874341610233
0.3696501128668171
0.48468773513920244
0.45304740406320543
0.3686907449209932
0.4348382242287434
0.33920240782543265
0.42042889390519184
0.32106094808126406
0.43235515425131676
0.3480436418359669
0.36906696764484576
0.3637584650112867
0.43370955605718586
0.44721595184349133
0.4908201655379985
0.40654627539503385
0.5253950338600452
0.4335966892400301
0.29664033107599697
0.44939804364183594
0.39898419864559814
0.35609480812641087
0.36585026335590665
0.3718886380737396
0.46444695259593677
0.4291196388261851
0.40127915726109853
0.4374341610233258
0.42468021068472533
0.41188863807373965
0.3577765237020316
0.3901429646350639
0.3623739653875094
0.49635063957863057
0.37451467268623023
0.40692249811888637
0.37915726109857034
0.4303611738148984
0.3010421369450715
0.3673175319789315
0.3696388261851016
0.38705793829947327
0.3781038374717833
0.4331075996990218
0.49567343867569597
0.44537246049661394
0.41008276899924756
0.4989841986455982
0.5088788562829194
0.49996237772761465
0.5738148984198645
0.5047027840481565
0.5560195635816403
0.622385252069225
0.6021820917983446
0.6196388261851015
0.6559066967644845
0.6846501128668171
0.735966892400301
0.6819789315274642
0.7709556057185853
0.8260346124905944
0.8472535741158765
0.8835590669676447
0.8483822422874341
0.9938299473288187
1.0
0.9234762979683973
0.9146350639578631
0.8983069977426636
0.8556433408577878
0.87313769751693
0.8379984951091046
0.9683972911963882
0.8128668171557561
0.7739653875094056
0.8705417607223476
0.8579759217456735
0.8830699774266365
0.7915349887133182
0.8128668171557561
0.7815274642588411
0.686267870579383
0.7414597441685478
0.6536869826937547
0.6148231753197893
0.6249059443190368
0.6387509405568096
0.6036869826937548
0.4745673438675696
0.49973664409330326
0.5850639578630549
0.5086155003762227
0.6767494356659142
0.5664785553047403
0.5841234010534235
0.518961625282167
0.5968021068472535
0.5580511662904439
0.6585026335590669
0.5557562076749435
0.5884875846501127
0.655079006772009
0.4808878856282919
0.5324303987960873
0.5538750940556809
0.6129796839729119
0.6118886380737396
0.5656132430398796
0.5231376975169301
0.5220466516177577
0.5773890142964635
0.4671933784800602
0.5225733634311512
0.45752445447705037
0.554326561324304
0.4704665161775771
0.5032731376975169
0.6339352896914974
0.6065462753950338
0.6431151241534988
0.5969149736644093
0.5696012039127163
0.58359668924003
0.631489841986456
0.6605718585402558
0.5805869074492099
0.6510534236267871
0.6726486079759217
0.6039127163280662
0.6367945823927764
0.6433784800601956
0.6649736644093303
0.6602332580887885
0.6329571106094808
0.6433032355154251
0.6235515425131678
0.6000376222723852
0.6442437923250565
0.5868698269375471
0.585966892400301
0.5813017306245296
0.5465387509405568
0.6133182844243792
0.5785929270127915
0.6792701279157262
0.5805492851768247
0.6662151993980436
0.5148231753197893
0.6381489841986456
0.6974416854778028
0.6138449962377728
0.7107975921745674
0.7889390519187358
0.7881489841986457
0.7609480812641083
0.6360045146726863
0.7593303235515425
0.777313769751693
0.6711437170805116
0.7080135440180586
0.7824303987960872
0.7327313769751692
0.7846124905944319
0.6672310007524453
0.7303987960872836
0.6882618510158013
0.7100827689992476
0.7168547780285929
0.7800601956358164
0.7078254326561324
0.7484951091045898
0.6612490594431903
0.6229119638826185
0.7651617757712565
0.6703912716328065
0.6207674943566591
0.7367193378480059
0.5968397291196388
0.6601203912716328
0.6481565086531226
0.6211437170805116
0.5715951843491347
0.623589164785553
0.5589917231000753
0.5696388261851015
0.61790820165538
0.6247930775018811
0.5188487584650112
0.5822046651617757
0.5402182091798344
0.5208051166290444
0.4562829194883371
0.48577878103837474
0.56418359668924
0.44322799097065463
0.6157261098570354
0.43081264108352146
0.5130173062452973
0.5388261851015801
0.4517682468021068
0.4587659894657637
0.4695259593679458
0.4351392024078254
0.4872836719337848
0.5206546275395033
0.4712565838976674
0.44443190368698265
0.4401805869074492
0.5939804364183596
0.5483446200150489
0.5215575620767494
0.4533483822422874
0.44917231000752444
0.659405568096313
0.5047404063205417
0.5983822422874342
0.5715951843491347
0.4282543265613243
0.5369450714823175
0.5666290443942814
0.5248683220466516
0.5997366440933032
0.46392024078254324
0.5463130173062453
0.48577878103837474
0.500451467268623
0.5904063205417607
0.43581640331075994
0.4881866064710308
0.4464635063957863
0.5138449962377728
0.5286305492851767
0.4794206170052671
0.4189240030097818
0.3734800601956358
0.4033107599699022
0.523438675696012
0.3651655379984951
0.37243416102332577
0.41734386756960123
0.28165537998495105
0.26261098570353647
0.2661512415349887
0.2245522949586155
0.2506847253574116
0.23920240782543264
0.37821670428893905
0.29526711813393525
0.28754326561324306
0.23847253574115876
0.2721783295711061
0.24193754702784048
0.18536869826937546
0.27550413844996235
0.2302407825432656
0.18122272385252067
0.11337095560571858
0.13209179834462
0.30504138449962376
0.13190368698269375
0.15065086531226485
0.12422874341610234
0.0
0.12411587659894657
0.2030624529721595
0.03374115876598947
0.18419112114371708
0.11267870579382994
0.20297592174567344
0.19920240782543264
0.3496877351392024
0.1803912716328066
0.22179082016553797
0.1955041384499624
0.2030624529721595
0.2106282919488337
0.3310684725357411
0.28974416854778023
0.22585778781038374
0.2409857035364936
0.2523589164785553
0.252456734386757
0.2299887133182844
0.27525206922498113
0.26408954100827686
0.2529382994732882
0.20414597441685478
0.33974040632054175
0.3775395033860045
0.2422535741158766
0.28003386004514674
0.34041760722347625
0.41211437170805115
0.22041008276899923
0.3598306997742663
0.3073626787057938
0.25493227990970657
0.30030097817908197
0.32689240030097816
0.24812641083521442
0.44405568096313014
0.3577689992475545
0.4483446200150489
0.34705793829947323
0.47151993980436413
0.37772761474793076
0.44954853273137696
0.49127163280662156
0.46527464258841233
0.4957110609480812
0.40951843491346873
0.4738148984198645
0.45161775771256585
0.41064710308502633
0.4260722347629797
0.3625206922498118
0.5021444695259594
0.498796087283672
0.4578254326561324
0.3604288939051919
0.5301730624529721
0.6434913468773513
0.5800225733634311
0.535364936042137
0.47185854025583146
0.5250188111361926
0.6045522949586155
0.4846501128668171
0.5867569601203912
0.5346124905944318
0.6630549285176824
0.5131301730624529
0.45726109857035363
0.5180210684725357
0.46967644845748685
0.5003762227238525
0.5950338600451467
0.45643340857787806
0.4081640331075997
0.47272385252069227
0.5749811888638074
0.5379984951091046
0.4521068472535741
0.4753574115876599
0.48732129420617004
0.4165161775771256
0.5112866817155757
0.5006772009029345
0.3960872836719338
0.4494732881866064
0.3410985703536494
0.47727614747930774
0.41783295711060947
0.43367193378480057
0.3893152746425884
0.30732505643340857
0.3984198645598194
0.49706546275395036
0.3699623777276147
0.3594883370955606
0.37538374717832956
0.4213694507148232
0.37334462001504887
0.31401053423626785
0.29984951091045897
0.33458991723100073
0.3994732881866065
0.3552370203160271
0.3486267870579383
0.2178931527464259
0.2903122648607976
0.22732129420617003
0.5179834462001505
0.3157825432656132
0.354405568096313
0.4682468021068472
0.4843115124153498
0.30100451467268624
0.3772761474793077
0.3181188863807374
0.34174191121143715
0.20361926260346125
0.15578254326561322
0.3336907449209932
0.28963882618510156
0.23431527464258842
0.2918660647103085
0.30052294958615494
0.335522949586155
0.4721218961625282
0.38675696012039124
0.3728781038374718
0.3439691497366441
0.5106847253574116
0.5570353649360421
0.6335214446952595
0.44288939051918735
0.30491346877351394
0.32874341610233254
0.4203160270880361
0.4291196388261851
0.29118886380737397
0.28120391271632805
0.3126109857035365
0.3477915726109857
0.273882618510158
0.2940406320541761
0.28787434161023323
0.2854815650865312
0.35082016553799844
0.3710270880361174
0.28966139954853276
0.38137697516930025
0.2398344620015049
0.3541422121896162
0.31797215951843494
0.33824680210684727
0.2531903686982694
0.26972535741158765
0.2223175319789315
0.302836719337848
0.23664033107599697
0.23065086531226484
0.356354401805869
0.27890895410082767
0.38581640331075995
0.3384951091045899
0.36642964635063957
0.25516930022573364
0.24926636568848756
0.31109857035364935
0.4256207674943566
0.37836719337848
0.2521143717080512
0.32151993980436416
0.30063957863054924
0.2609631301730624
0.3153574115876599
0.21174567343867567
0.28497366440933036
0.2904966139954853
0.3110759969902182
0.33543641835966886
0.2883258088788563
0.4782543265613243
0.40857787810383744
0.42547027840481566
0.2918735891647855
0.2899736644093303
0.38965387509405564
0.4178705793829947
0.3859292701279157
0.42923250564334087
0.3935289691497366
0.37663656884875846
0.35979683972911963
0.3730474040632054
0.4088788562829195
0.377012791572611
0.33011286681715574
0.5729119638826184
0.2739653875094055
0.418961625282167
0.4661775771256584
0.37043265613243037
0.391346877351392
0.40094055680963125
0.38799849510910456
0.37132806621519937
0.4449586155003762
0.33423626787057936
0.4229495861550038
0.36115500376222726
0.4423626787057938
0.46335590669676446
0.3151053423626787
0.3098156508653122
0.4061324303987961
0.2616553799849511
0.36175319789315274
0.3377088036117381
0.24971783295711059
0.3799473288186606
0.3108051166290444
0.25295334838224226
0.409556057185854
0.378066215199398
0.33532731376975167
0.34901429646350635
0.321339352896915
0.3275319789315274
0.39018058690744917
0.2647178329571106
0.3800601956358164
0.4653122648607976
0.47159518434913467
0.47787810383747176
0.5744544770504139
0.5657261098570353
0.5381866064710309
0.5219337848006019
0.5847253574115876
0.4481565086531226
0.3830323551542513
0.4872460496613995
0.4861550037622272
0.41358164033107603
0.45763732129420615
0.400150489089541
0.5044394281414598
0.4243792325056433
0.5399924755455229
0.4374341610233258
0.5417607223476297
0.3112979683972912
0.3216252821670429
0.5238525206922499
0.39499623777276144
0.3451730624529722
0.42328818660647105
0.3358690744920993
0.45914221218961626
0.3793077501881113
0.36341234010534235
0.45665914221218956
0.4144469525959368
0.3948457486832205
0.5107223476297968
0.4309631301730624
0.40763732129420616
0.34295334838224234
0.4062076749435666
0.3302633559066967
0.41986455981941306
0.43427389014296464
0.36966516177577124
0.3803235515425132
0.3496124905944319
0.4468397291196388
0.4725733634311512
0.3478705793829947
0.43762227238525203
0.346790820165538
0.5155756207674943
0.4887509405568096
0.6086531226486079
0.48404815650865307
0.5099322799097065
0.611060948081264
0.47896914973664406
0.45221971407072986
0.43303235515425126
0.3988337095560572
0.31569977426636564
0.29279533483822423
0.33010158013544016
0.34861550037622274
0.43863807373965386
0.42332580887885624
0.5284048156508653
0.37016930022573363
0.43389766741911207
0.3434273890142964
0.3921745673438675
0.46723100075244545
0.4219714070729872
0.3917231000752445
0.35399924755455225
0.3388638073739653
0.4253197893152746
0.40270880361173816
0.35374717832957114
0.3951091045899172
0.282242287434161
0.29730624529721594
0.3612979683972911
0.2861060948081264
0.37648607975921744
0.34645974416854775
0.33527840481565085
0.31282919488337096
0.43337095560571853
0.3018434913468774
0.4675696012039127
0.5166666666666667
0.46045899172310006
0.48325808878856275
0.4835214446952596
0.4085402558314522
0.46899924755455225
0.5897291196388261
0.5223100075244546
0.5000752445447705
0.5644093303235516
0.3841986455981941
0.40342362678705795
0.3963130173062453
0.47953348382242283
0.46117381489841985
0.32997366440933035
0.37938299473288184
0.31593679458239277
0.3540933032355154
0.47505643340857784
0.46057185854025584
0.34828818660647104
0.3489014296463506
0.3758653122648608
0.41038374717832954
0.19660270880361172
0.3778781038374718
0.36353649360421364
0.33793077501881114
0.4402558314522197
0.26420617005267116
0.35528969149736644
0.3899548532731377
0.4284048156508653
0.3690594431903687
0.4451843491346877
0.30310007524454474
0.40936794582392777
0.39898419864559814
0.4601203912716328
0.491196388261851
0.4357787810383747
0.5082392776523702
0.5205793829947328
0.46143717080511665
0.4549661399548533
0.31686982693754695
0.3292701279157261
0.46960120391271626
0.4256207674943566
0.3139277652370203
0.3339352896914974
0.41414597441685475
0.5094431903686982
0.41666666666666663
0.48942814145974417
0.490744920993228
0.31523325808878855
0.4445071482317532
0.4947705041384499
0.38705793829947327
0.4260722347629797
0.3447479307750188
0.391346877351392
0.4191497366440933
0.37551166290443944
0.3130737396538751
0.30332580887885624
0.45161775771256585
0.47577125658389763
0.451053423626787
0.4112866817155756
0.4505643340857788
0.3356094808126411
0.3373100075244545
0.3954477050413845
0.32948081264108353
0.31619262603461246
0.33679082016553796
0.4288939051918736
0.39687735139202407
0.31218961625282166
0.49089541008276893
0.37990970654627537
0.4796463506395786
0.4025959367945824
0.3180398796087283
0.4215951843491347
0.46501128668171554
0.36547027840481566
0.5255455229495861
0.3583295711060948
0.473288186606471
0.4791948833709556
0.409857035364936
0.42708803611738144
0.37663656884875846
0.39766741911211434
0.31715575620767494
0.47366440933032355
0.4646726862302483
0.49710308502633554
0.48066215199398044
0.5658013544018058
0.47787810383747176
0.3975545522949586
0.39623777276147476
0.4287810383747178
0.32217456734386757
0.4224981188863807
0.4739653875094056
0.3598984198645598
0.40387509405568095
0.504326561324304
0.386568848758465
0.3930022573363431
0.42577125658389764
0.35324680210684717
0.39360421369450715
0.37757712565838975
0.4029345372460496
0.3493152746425884
0.6267870579382995
0.49424379232505644
0.4783295711060948
0.4887509405568096
0.47663656884875844
0.5134687735139202
0.43370955605718586
0.47810383747178326
0.41346877351392025
0.4767118133935289
0.427163280662152
0.49800601956358165
0.5425507900677201
0.41027088036117376
0.4285176824680211
0.3978931527464259
0.47264860797592173
0.42701279157261096
0.35509781790820166
0.4938675696012039
0.4107223476297968
0.5044018058690745
0.36486079759217455
0.3871331828442438
0.35297592174567344
0.49191121143717076
0.4615876598946576
0.41249059443190367
0.4160647103085026
0.3369036869826937
0.4120391271632806
0.20501128668171556
0.3893152746425884
0.4155756207674943
0.4983446200150489
0.39680210684725353
0.41188863807373965
0.36681339352896913
0.5061324303987961
0.491196388261851
0.29948833709556055
0.3824303987960873
0.4089917231000752
0.39420617005267117
0.36813393528969146
0.16151617757712566
0.365007524454477
0.35031978931527463
0.3770504138449962
0.2984612490594432
0.3290030097817908
0.44612490594431903
0.4654251316779533
0.2891422121896162
0.3649586155003762
0.3053574115876599
0.3022234762979684
0.33674191121143715
0.3035665914221219
0.31180586907449204
0.33136192626034616
0.2192701279157261
0.3517569601203913
0.32626034612490595
0.3497027840481565
0.2490142964635064
0.29885628291948835
0.4051542513167795
0.37604589917230996
0.362020316027088
0.2991196388261851
0.3716779533483822
0.42170805116629045
0.2836493604213694
0.3299699021820918
0.4214823175319789
0.44905944319036867
0.4540632054176072
0.44785553047404064
0.3701918735891648
0.4054176072234763
0.36166666666666664
0.4082392776523702
0.41723100075244546
0.42626034612490593
0.39766741911211434
0.3390481565086531
0.2653912716328066
0.44006772009029343
0.3890519187358916
0.3644168547780286
0.4225733634311512
0.45067720090293456
0.37720090293453723
0.23606847253574115
0.3244582392776524
0.3188224228743416
0.34708427389014296
0.3527953348382242
0.3660722347629797
0.31542513167795333
0.22718961625282166
0.2668999247554552
0.2502144469525959
