0.3660385577112421
0.3530665414902878
0.4194657259749103
0.38990784946339974
0.4967829217048078
0.43681335551885475
0.3740754645873692
0.4516942919925928
0.3351794168787442
0.4230020804297795
0.3435479321615237
0.47456276750977244
0.3989526250684388
0.4523275310343906
0.42557786049886526
0.3242159452995867
0.42643655292818394
0.41057633620771095
0.42634760672817584
0.37179148580310106
0.4253970815119086
0.4051219209199318
0.3765128863904997
0.2849218256052675
0.4363243818785365
0.32182248443531447
0.372563403963996
0.3061960192895217
0.37446903032232715
0.28950667202649655
0.3605125547774549
0.2671817264211308
0.37344425093103
0.3199213177924185
0.3262354207920066
0.30438362665408353
0.2680155205716042
0.26061885712711075
0.3409826375069547
0.3529437939676745
0.3927781348439896
0.3555471192517137
0.3186173161419074
0.3518297021133677
0.29547250353712623
0.3259962515977006
0.2733536089805594
0.41169907968896613
0.3193268079211711
0.3044000221541455
0.3218259331632348
0.42075352350157186
0.36044846030393873
0.3680791291783806
0.38830908914062856
0.3746072468508612
0.3504085728494535
0.3613965683787906
0.4857733467895212
0.4700614439905618
0.42404984345108654
0.44600326783877653
0.4977366223713353
0.47367512821336566
0.4477257536757772
0.5115628303639752
0.419053147986077
0.4292615557093886
0.4551445852997013
0.46992208773082556
0.37294360334175647
0.4087006632874774
0.46876371972877817
0.4870926926583631
0.40221516581197914
0.4740493740055616
0.5053652780696536
0.4621840004097971
0.5497263891409765
0.5126239518643894
0.40760719987220445
0.5855930641904771
0.6048839088329628
0.503352763569363
0.519718674409977
0.5494496510892602
0.5750073030922426
0.6192712798650397
0.6102207529640207
0.6377795308518645
0.5889104469482902
0.6699846482957781
0.6479190838933427
0.6385479152969531
0.6548321680239151
0.6974472479988115
0.651413222866816
0.6947041156304522
0.726746388850408
0.6114643651456086
0.7554035168205417
0.6656360228043097
0.7609624402313826
0.7414389390346972
0.6840128675819848
0.6803541559792354
0.7678101507048026
0.8712549325884411
0.7246660046001228
0.6415093301147071
0.5933026459539048
0.7410880042054679
0.6994216937580899
0.5563777598639321
0.5785624365617612
0.5876491373695485
0.5435963486721461
0.7056346642599953
0.6078698079717136
0.6252715173673017
0.6438083721320766
0.6105767921820422
0.655491956401351
0.45148738639264824
0.5097399703210843
0.48747696715750244
0.6187468340136798
0.5963576325362547
0.4937881789831233
0.5251814909139697
0.5786852300740071
0.49475165547329825
0.6505460739382328
0.5822400458620824
0.5876378655613057
0.5950346103956827
0.6282324040801551
0.5885901297552205
0.5496983896910104
0.6068880145799924
0.5284214369869052
0.5571352751018985
0.4682026598548126
0.6030235369720834
0.5771913746094803
0.5465377209113784
0.5234636950986613
0.6082436970330565
0.5057805523435001
0.5013700516127475
0.5318754186727662
0.5504092780579217
0.4966444669919261
0.46688443993904066
0.407959860514826
0.5058270862803701
0.5130587743751021
0.4585922449031653
0.42163292541876485
0.521114465211
0.5286473657882016
0.5653296651784238
0.5977077590597529
0.5258044654176721
0.5156015900919676
0.44415629538214985
0.5273725396569776
0.4553582012593622
0.5475911725279319
0.49692804994477496
0.673033635422296
0.5826141847373353
0.5328424880496869
0.6091571179775774
0.547505989395067
0.5953383561446683
0.626640538177943
0.49469614068373513
0.5315681475635248
0.5046319669859578
0.5031070813939077
0.4209035232492001
0.43171883309722936
0.5130083385666363
0.46417734386664733
0.39579590331447984
0.4040653612431913
0.30718688726957183
0.4104791036888358
0.4428979490567879
0.5331967579372445
0.4610856078676683
0.40961793903967647
0.42048150087924263
0.43149890716219375
0.4324456389585014
0.32450681881135235
0.39072755632613054
0.4749009364218995
0.3630964804852195
0.44324485112216405
0.36208466895956615
0.38061545604288083
0.4395931542599018
0.35456915374233516
0.47635067440888573
0.46992484011739244
0.4411513355273304
0.41260859760234575
0.3739601154784835
0.4136011635155328
0.3970234568611109
0.39125828180004885
0.33870333627926175
0.3785723863684342
0.30830472902676664
0.38113495557882376
0.42833131384791656
0.3101309337794993
0.3803476272078008
0.5064517584955317
0.3193194395021647
0.24834548170703968
0.416195702136695
0.2850438087484729
0.3265935587879145
0.33959038407089653
0.4087207479847947
0.32195521102608005
0.3313162200062165
0.367107272753068
0.29979488303354646
0.3840395022806561
0.42726424899322435
0.42155009053665354
0.470362503344778
0.5240370064265438
0.5008091615781363
0.5376928663992482
0.5129341061501422
0.6190035806433065
0.5912706105001783
0.6061549328476337
0.5914110945887203
0.608628343439457
0.6991618869506968
0.6427586866520524
0.7406881667260422
0.7085546396394277
0.6982796033916852
0.7969531413220992
0.8256774225111355
0.8681543226537118
0.798902882105637
0.8743584935672151
0.9798459715639811
0.8985889008072008
0.8412960151253881
0.7517727516355905
0.8404054619586107
0.9585380596692716
0.895861115368463
0.9225371953301953
0.952193501352883
0.9198867006099825
0.8738743562559849
0.8829321814746462
0.7788223661445914
0.8461591529122368
0.7343949882248124
0.787025501242658
0.7632069827438441
0.7355591517390492
0.6220821208406325
0.6728675531667093
0.6135817585166763
0.5815057244388532
0.5494979354287145
0.632308424277533
0.5161929787387729
0.4876960612889525
0.5246860749736391
0.5366407276272631
0.524661042085169
0.5365664186466422
0.5484035501404312
0.5958060497323735
0.5848011887117808
0.6161081320447097
0.6097622407622227
0.4879913710012467
0.5421955991076408
0.5629332700835207
0.4418295359572763
0.5509173003072864
0.5511247355468244
0.4964486345427464
0.5822415502022282
0.48545676538016425
0.6232147598856906
0.5454253007640111
0.5752160220171827
0.6463838618031497
0.5206574812223496
0.6290201566914695
0.6038780656088744
0.5504162329453834
0.5384983160666733
0.5183164072046536
0.6672438982824603
0.5664266804188798
0.6394953533930663
0.6600234274291104
0.6174938482685219
0.49850876118697385
0.49203019518634344
0.7309350464735723
0.5531273995350767
0.643536485244814
0.577183612644042
0.5734696595975981
0.6068031741952223
0.5976861935542487
0.6557473802961657
0.5619791448186071
0.6651720411273158
0.7042655482983904
0.7079751779442386
0.6564353481942087
0.5864048067811329
0.6353788207119161
0.6687399814390823
0.5560005319927892
0.5932273285094863
0.6080360089102228
0.5630002295900671
0.6028935471140168
0.7082543665595724
0.6269346066646736
0.6859364953942501
0.6411357583937644
0.7655411796318552
0.5700448321328965
0.6734045256935908
0.7402422543534635
0.6710179996975632
0.7922072854535048
0.7130126490076028
0.7518753895135999
0.6714664847271108
0.7519029878971384
0.7539896263622873
0.5786795024293507
0.6832041882384815
0.7451651333037718
0.7113887255861895
0.7618296855045794
0.7002874263355905
0.6883202333647298
0.7197507140244267
0.7072274301743691
0.6159908402362118
0.7045802906340144
0.7286641108231118
0.5774827684674209
0.7835817218545666
0.720867994032841
0.6850839840260972
0.7214106774932775
0.6677435235445432
0.7862217480930417
0.5833060935563836
0.6232611797437172
0.6648158866368008
0.5230229295747134
0.6882752840836038
0.7051662882454865
0.7336977407205131
0.6113404729637233
0.5856314130982156
0.5930635861491028
0.5287268671466776
0.4615144904345317
0.4607297468445518
0.4526389417221151
0.5174884973057271
0.5251855595555338
0.47907246226752725
0.517374710394912
0.4666795655904922
0.4852812352136596
0.394315140622552
0.45161404494385854
0.3981114874974021
0.4806903425796197
0.5850079665911666
0.5964232965914197
0.5561107908150059
0.5210262984644953
0.5232070876145298
0.5702183738488865
0.48302716976084636
0.6503255247473332
0.4419406724533459
0.5807291181320018
0.6131028359216101
0.675311776115171
0.6066068821907612
0.557579603159776
0.47493412330459917
0.6172165464729243
0.6314863644576569
0.5845971616842689
0.5394355184428146
0.4217646370829702
0.6389679409802105
0.6365005124510323
0.45680990157297846
0.4755780620552076
0.4628113931240162
0.5320359344264576
0.5003145387330243
0.5347001344663869
0.4564594872092891
0.5289442973299139
0.48687533232070873
0.46666076304388415
0.3609426009314699
0.4663766588069924
0.33830806178305545
0.47809818477880606
0.28740543844370403
0.33842396981006573
0.3922803245609602
0.26803922260844193
0.3005840133046284
0.2667076472829489
0.3723964830839662
0.260054548632135
0.3702605153580817
0.3853686188063458
0.2676269852361855
0.19886152729710627
0.3744479624495419
0.19589408490453492
0.30218426949262983
0.19351257341544825
0.2134636791719588
0.2017968564270179
0.09340917922369502
0.16661846543936248
0.2766066183088325
0.19750347971166599
0.16756642664409782
0.19951745933217122
0.14258577185813737
0.2360873545358328
0.2561249230692523
0.28316513990295145
0.15164941126108586
0.22494580789409224
0.23268759218815366
0.16200535416859785
0.2758736066778379
0.1472169480679682
0.331352640793926
0.14039810426540283
0.1972968585585359
0.30317049320188993
0.27485724615172324
0.22814812783146587
0.27771758245888234
0.38321878567521683
0.3108495870618699
0.35823176626176007
0.22932468230320993
0.35083993750934883
0.30882580581782315
0.3194217717034402
0.3625536035341046
0.30510943970542626
0.2940848573687055
0.32515020229299496
0.31456261987230943
0.31326313004858564
0.3655600040904683
0.2321252460539122
0.34509446817875533
0.3190079188451633
0.4014977215266198
0.21390679695391412
0.24949216290281512
0.3919666692995177
0.37688224856801206
0.4570160606641619
0.49358320112806076
0.40173623122925567
0.39502874844834013
0.35593742673120016
0.39504860167985445
0.459428668937603
0.4351168314006092
0.4825587323586191
0.37266512619302766
0.4673947311466891
0.3368096212186785
0.43259192009392594
0.44142559112791957
0.3885269220614023
0.49057057599345966
0.49403534196676563
0.4486073309349834
0.4916041347493161
0.541996875126399
0.502021167781297
0.4962855154382268
0.5155147783088271
0.4938374141501284
0.5251920291389766
0.6049415645192082
0.5542621695865735
0.38761325403131436
0.5756909134854017
0.4611648070621523
0.5285064657978668
0.3824009128387843
0.4983313714841634
0.5869943991550868
0.49456402664008714
0.4519215688170307
0.5100357269700735
0.5843588642808261
0.41333270683756185
0.4641039163113511
0.4766989891761857
0.30581656490288156
0.3538121029706677
0.40317913420535273
0.4226008421167222
0.42069703742188497
0.4721976114311571
0.45087107023962286
0.4083320041187067
0.3565362802439384
0.3502430539796532
0.45700880480635825
0.388648467288497
0.394150404036911
0.3967413069704458
0.35785006278258386
0.29679388558543385
0.3696962399272133
0.276514636588458
0.41766387604919286
0.2802454782147606
0.30986608526699533
0.17224162823283928
0.3255237336685649
0.28203354789364077
0.37880618724086285
0.35569692624190596
0.37362122850057156
0.40030277229323985
0.40503326252601046
0.3827949470472951
0.30168059688711063
0.272308852746756
0.49943987611821994
0.2042295837407943
0.3223599922289969
0.3648235677750765
0.35488073014279536
0.21167283410316942
0.3079515276947622
0.34136394732033404
0.3349762919778598
0.4171562374730686
0.4153663470685625
0.37716561344099103
0.4417494980189842
0.34765771521186983
0.5232337931478074
0.6139011506309328
0.5743175339762265
0.6687800814314907
0.639194492696328
0.4153622387807635
0.4331633931665783
0.3944321914330984
0.3974751082862302
0.4153827253800633
0.44042100652258154
0.3538479042710369
0.23535984307389318
0.35566460218064183
0.2966930123485488
0.2825733721699324
0.38222635619623413
0.3532066396717585
0.3635337586240366
0.3683491865240589
0.48594841364927277
0.31115198020068735
0.3298172487450134
0.38473570380644095
0.4202277105798254
0.3540063755749727
0.4456821442498158
0.4028528796262552
0.3938449363624216
0.3195279176678833
0.2906254159103188
0.3306130005682456
0.3340396093510684
0.38337190935857823
0.3866557321498327
0.3713156816188733
0.37549653645376657
0.4316479993606128
0.2492855316207115
0.36517775615338555
0.43597792287901854
0.39763840052116817
0.43812228182856006
0.4393778964686579
0.4141745676411831
0.3425464443278533
0.3728892053312096
0.5173827252436461
0.36742503669450877
0.46516938508536265
0.5183063735525885
0.41301046692999266
0.49010209306200786
0.3901963381475628
0.48674948227985526
0.5096766480368583
0.4560907359418884
0.5119837371315142
0.5247140300880306
0.45092128856504365
0.42185905782266087
0.5612888544185481
0.5056396644601875
0.48619533210516974
0.45228232051441813
0.6003568343594973
0.5347480146700276
0.4718761618052027
0.5437046558764791
0.5197253513474911
0.556650930436597
0.5075230193713038
0.4752135526962066
0.46423413211032627
0.4929064712750154
0.5601636698887716
0.6218211967767628
0.5463062991029275
0.4309581511055962
0.5096220893610105
0.43849907147665357
0.573338477794664
0.42851808853923357
0.47943560455614187
0.5009941248201937
0.6302956280758232
0.37186920594576883
0.598178646684555
0.5136279271966213
0.460127439709928
0.5128943120731977
0.4939350920710054
0.38219404122376277
0.5570783697099901
0.5674759447109468
0.4827756564342207
0.4894955626228735
0.617071581251454
0.5235554857668141
0.545851921875534
0.4861912702844632
0.40341726057579097
0.42250956683257046
0.5964432626058145
0.6065287472205858
0.6522012298961191
0.6482217241518314
0.6359055798571345
0.6389222460088263
0.5571830889726991
0.6240572186738984
0.6264473481290013
0.6658633152655636
0.46857078068739655
0.5496996616104332
0.5186814682005139
0.7048163652904836
0.5060888065088444
0.46807224045323775
0.549915332353449
0.5274471898510005
0.5132793626154115
0.5315000332857851
0.6400333991818926
0.67336612443577
0.6546140489340603
0.5398234081670085
0.5185716089100318
0.4122627739827663
0.5654957561306039
0.45369829423310815
0.5105357461366833
0.6750557460166362
0.5817744411620204
0.5870015784487637
0.5187962335633531
0.5184789913834152
0.6177535788528313
0.5868782261377583
0.5041312040048256
0.5714173392543833
0.5225685607028704
0.5347568802502272
0.6740897495606174
0.5441389859212724
0.6014378453101795
0.6043829468533098
0.45232823238907427
0.6031637325383488
0.6095963351668481
0.561717979637421
0.7155125361224094
0.6748675955583394
0.6181241567288476
0.6812127297256316
0.5577745678253463
0.5976793368871366
0.6230787519849548
0.6113943761551549
0.592104927060136
0.5125237713708553
0.555680132096821
0.6527329929930012
0.5739023715644449
0.5476335187992726
0.5979869712070456
0.5775122335491658
0.5880942042968265
0.6291979622960725
0.4544376196080012
0.6034723275760521
0.551902357479374
0.5329692872810854
0.6021015851809501
0.5927854661916349
0.5001528238725651
0.5072000923475912
0.4074884433697956
0.5551108079012542
0.650137845098733
0.502392233519154
0.48917195470704994
0.601641772241606
0.5861032602471619
0.5259804524111152
0.38764780124880355
0.5087307688477518
0.5520402620900895
0.5336152144822086
0.5282475438262269
0.550692799964095
0.5191459457538559
0.6622441937961163
0.7011850518791019
0.49206127834603475
0.5200054532756588
0.5801907580721609
0.6127575794563408
0.6370305619779614
0.6021862485644652
0.7059079178766015
0.6777491454659065
0.60442234020487
0.6139846474772751
0.46133916915679124
0.4487417731078549
0.48276819697381745
0.5579902487996484
0.5537825828104976
0.4362387385083043
0.49201642387482963
0.4799742516035666
0.5026171804579974
0.5218408532947436
0.3905984287267784
0.4549658167605251
0.36436474670779373
0.38989953763452523
0.4767607104346094
0.3780441441641459
0.38306408202545095
0.5199853568123622
0.4516902081746206
0.5613543892184614
0.4948831515472467
0.45437929974074603
0.463798801957286
0.5377299505494645
0.49824152220260776
0.5351446323636189
0.38766730080179856
0.4192075220690553
0.49972391896739315
0.5685700206733374
0.5354144440049539
0.491458828314444
0.5259770748929484
0.4450979891225056
0.41055620410543325
0.5317863993190601
0.4658780162599696
0.5151426752890492
0.47414993135147865
0.48957811546252267
0.5030479733765558
0.39224246283297637
0.5449795616412156
0.33801205213140545
0.49554404694987275
0.43838617434671356
0.3605078982802776
0.4046014508100553
0.41108276766255963
0.3604460970302463
0.3225766493191795
0.35369909176188413
0.3675460380605219
0.423275383088352
0.4728988290156282
0.4675662980538797
0.4086050981272449
0.4689686350024722
0.3094845309258707
0.43996680948519373
0.44853531632034105
0.38399942981040813
0.3686276859087835
0.4502693317940022
0.42382398251732345
0.381684971972755
0.3537066036746825
0.3486770034888005
0.21999117631691834
0.4257540146203719
0.5183916806545404
0.42035626891040145
0.3591762627266119
0.3706309615574419
0.46012384989256805
0.4518916576000417
0.3860389622392548
0.4282710612906576
0.4728866965856765
0.41068783932487696
0.4180999617827348
0.4533673504849255
0.41116065987841277
0.3133954904957147
0.3900768848774971
0.4891308310744359
0.48388001927301527
0.5005494669738507
0.38100377977824434
0.5806655664964386
0.4822855094358721
0.47509488017560714
0.4914575124004896
0.4992034633177347
0.5103487572533852
0.3961371895802124
0.3237135635584223
0.45914815264233544
0.5106672509072252
0.3683788175743216
0.44659277188262425
0.3809957590465205
0.33559508104986363
0.42789747626904273
0.3798736408162302
0.4942842625148925
0.4465082683459073
0.36346315319857636
0.39104679002596904
0.4078944341665488
0.44051479212106365
0.3807098239720814
0.4103965709707165
0.4608568129420043
0.4324991804739582
0.6007920488990011
0.5017513936546789
0.46979903076295454
0.5000617110271373
0.38418699759694364
0.40503966260491414
0.38179721123097865
0.4916896086212367
0.4294473795731548
0.36855810975073655
0.4788289228644901
0.47181805764756946
0.3960706676146295
0.42163409008020175
0.44594436223037404
0.5170775801957218
0.47839798397957894
0.5564047099249548
0.4550005947787836
0.3354792437039903
0.344996415861004
0.4468818311315264
0.34873342945967967
0.4790569777271033
0.44460067647219514
0.4597042878571069
0.30194744266608775
0.4868828818846412
0.37352894558817723
0.31220385162915837
0.35826278085478036
0.42292213600544526
0.425541078853684
0.47363630730228057
0.40892334195012275
0.38041523420130796
0.4148127526403028
0.33750310011388784
0.3230359746183611
0.3547421941593951
0.39195324503323903
0.37559091920128035
0.3142300454616981
0.38949981541054096
0.37642312685437807
0.20077339388754303
0.3884332145617398
0.3939887967925326
0.30331556910882695
0.4407258679933508
0.37132560340887366
0.22811982614929915
0.46165435808806726
0.24674733476694122
0.3170325844816077
0.3053791516087709
0.28407081421191166
0.3417946690802954
0.3044618303273473
0.3905714779495657
0.26718934777458947
0.2898865811256093
0.3918749450324137
0.33159052983262366
0.34425809765394555
0.29617424298541295
0.3373973880412495
0.3012528395741793
0.4387067156049559
0.3805706182657247
0.3642528733203724
0.3464389229204211
0.5044875946675353
0.4475838910919122
0.4882837907161717
0.5101712893323902
0.4540070882693322
0.5154864990331776
0.43446338522710004
0.5467143159842773
0.488457145881706
0.5529223386360727
0.406819612274488
0.46492451447259797
0.4388320656598944
0.40362433766914785
0.43260293183992016
0.4360547078480037
0.3917124520144141
0.4107640546499389
0.4266374565997356
0.37338496318408004
0.4099102438402029
0.34374689795921987
0.315624249356094
0.36410685801082104
0.32149498288408096
0.32294420523128403
0.40303859222478167
0.4190506646993949
