0.28581961304771786
0.3695456206539467
0.19993447145594662
0.36518887142845907
0.302149934288309
0.2950223886557416
0.39176905439761395
0.2253316708688383
0.31985977359570017
0.3088607515915238
0.3218202543737219
0.3283028023167205
0.31507064987714106
0.3364333671884441
0.35298131041130076
0.37780255895961173
0.36989738602972566
0.3619649026261605
0.36586073557670207
0.1795716658547248
0.28652234033158164
0.26417165966414224
0.2658532404479305
0.2823659790957002
0.3168708663098583
0.23875380626074036
0.3602525435204754
0.29824816158658585
0.3475960247744274
0.2635616794929539
0.330712561753446
0.33463669487309256
0.3354462399424132
0.2581943632608655
0.33536928269020017
0.3286502365181558
0.3065312760565603
0.2935193943623828
0.3022673746422002
0.31674470765066676
0.24798612094567665
0.26312061534048525
0.3809398468049084
0.2443571711312063
0.29254748899366495
0.29234481835389137
0.29289170814832516
0.3389760198572812
0.30469938076491004
0.2826080689303767
0.28538367363555595
0.2730837894314961
0.29877692954820145
0.39753108836079154
0.307162591905583
0.26737886054970766
0.30592863529342074
0.26278307675225737
0.3491674021499802
0.3543970888272189
0.3419880578312919
0.43604198823647755
0.27830663268503786
0.3821771414205165
0.302026575423045
0.3577844414267039
0.3694408447953802
0.3280552913361625
0.3812368493240756
0.368248847272412
0.33103594670312003
0.44214041548173255
0.35225285706974796
0.4468580084287233
0.4537229193269491
0.4579743245420949
0.38641880336256523
0.5572273291610432
0.5470925495469275
0.4904575133629871
0.4817949541350805
0.4541130539490458
0.6082235755904277
0.5347622139774596
0.516963379136138
0.5234977102179141
0.5220256757032278
0.5897444894519619
0.47347213301659485
0.6491974781119154
0.5827766781420545
0.7380615348257286
0.6936619197714521
0.6210037983194289
0.726481073471096
0.6706275053085867
0.6275788851385952
0.6347544564608049
0.6634313781313224
0.6431528303768611
0.723744421929403
0.67909251079058
0.6173618498550457
0.7550017766969183
0.7110614364954657
0.6529019520578113
0.6762826046448392
0.5664835844686994
0.6490670323795837
0.5591624121057173
0.5895436233680073
0.5603985401986887
0.5213581462929878
0.5078088017891504
0.5233600043911191
0.4996717174340558
0.42954017905944986
0.5057019817315591
0.5035834154378883
0.4724739708734583
0.5018059092177684
0.46582833344372176
0.4295314683180591
0.4911293696163428
0.5200355441745876
0.4584071002442443
0.5081802560952716
0.47008131064511366
0.4939330877040023
0.42359954143910616
0.5022138696608908
0.49979261445762224
0.47815581442469934
0.4378319072887534
0.5461034252382421
0.4358563906379407
0.5253009961544312
0.5759287356455769
0.46088234821193635
0.5324738095588528
0.3949875335825105
0.39874818058264566
0.5192776358444439
0.5618875256810835
0.5050697378549188
0.45286692721738503
0.45692022154041134
0.3871221532110999
0.4498356172065547
0.37624256971067505
0.48342756018482047
0.4321294582843286
0.332635409797315
0.42637813121585855
0.34523108826950766
0.3800702384032574
0.3654019938278908
0.41560277765812254
0.4378320294652872
0.4607326597504919
0.4488121409101133
0.4482574869783594
0.5452160138108665
0.45228006508636404
0.3569913689060026
0.5117905551043653
0.4599372687721166
0.5349153243490801
0.5084466899375185
0.589287203859969
0.4921372334591778
0.6195526191024952
0.4402603472316644
0.5028244825218041
0.4036683297218589
0.538625712647962
0.4554132967790267
0.5777955472255729
0.4028629963100374
0.42986466424130465
0.43542071460493137
0.4993118026702036
0.47481129516727144
0.47100448215605606
0.4393668690662861
0.5188788523412617
0.44084524045222734
0.37299871223800224
0.36521591460137837
0.37607728639948107
0.38468518477537206
0.31712181364746195
0.3861825221001072
0.2929748130746759
0.3106400966757422
0.3087453305354476
0.356262951033173
0.3050199310020001
0.3130793405575468
0.3577523859791709
0.3707276151900068
0.3499957219865469
0.33191603733927033
0.40012448002105605
0.35899948413831007
0.37497683220810785
0.40065857213862915
0.3640129967865956
0.33891491284819286
0.31679290112126096
0.3491479921090523
0.3102991083155032
0.25447190098859795
0.31397975447675985
0.2376568584603052
0.27690602096920097
0.21142568697849762
0.254409292334565
0.1690206070699641
0.26224584364174564
0.3099510058147388
0.23744002286852672
0.2660934408780799
0.2866425730286452
0.3754660927028239
0.1731145391091983
0.30518910918514797
0.3734902380225557
0.41034088361420135
0.3282916222275567
0.2765517554090609
0.34417246673607416
0.25029179652931566
0.4185932123545215
0.40211908392801937
0.41268277710644485
0.4604123205554316
0.43907020120677265
0.3873764662405766
0.4082280339047016
0.5244088142107797
0.4627131887089176
0.5089665307023831
0.5855852474562504
0.500055554694185
0.4809889842920442
0.5073415796005544
0.5299279396415937
0.5637282020979888
0.6051423326794543
0.6979313607493873
0.771756845906327
0.7686121172987171
0.7317293946714207
0.7164550030795311
0.6712587156603047
0.7910334300264892
0.8034745223948282
0.792836760222384
0.8316365636378591
0.8689569929936304
0.7746974745924089
0.821669504685471
0.8196087801875277
0.8058345346572896
0.7466604861412849
0.8741189251036078
0.7448691923821611
0.739372333934614
0.7668966776678624
0.6350444919376872
0.6026732287831175
0.5350056146598294
0.5735613590764935
0.5418578669818452
0.5403258736491985
0.43959840720257715
0.40226595797576914
0.3849340050077417
0.4248465505875782
0.5081443074673005
0.49001696559755875
0.4540981722816291
0.4280988152086649
0.47690148547886063
0.535412751521513
0.3865032033210931
0.31348183538777397
0.39653005693973176
0.43602313429956974
0.27648894192079215
0.4156293069298861
0.3903670997895375
0.356403558569964
0.3961557450625617
0.42634832470520545
0.3564088647395089
0.3102270787761552
0.41350444234644473
0.38082586194363577
0.4481522852666307
0.4967883587870081
0.2939712206291269
0.39848504334878687
0.36432859100377635
0.3683470542689267
0.44253768777976255
0.36476561908507427
0.4116249611717231
0.41550787789607124
0.4235195650779346
0.4029065991521635
0.35216926386910885
0.39413484043255625
0.43026690911499893
0.4509469453187197
0.38563688124240925
0.4484750253901644
0.3594293933316946
0.42302271470105934
0.49003263308156264
0.5623556935466464
0.4048241207892691
0.39532389708948296
0.5072086515573087
0.4533400140474567
0.47547917809787477
0.48726065824867637
0.42476000762880656
0.4556112978324455
0.4973019968642339
0.5334676261424846
0.6004440277250754
0.5218622451013192
0.4188647639795166
0.6122376208512731
0.5479377490091816
0.544211152254612
0.6057894953147276
0.6225246970607604
0.6968559105372159
0.6585889013691634
0.5800383300758702
0.6681869414601406
0.6757753768144201
0.6415774201521787
0.6537779388242253
0.7353990998804346
0.5671851489815847
0.6905610459637883
0.6117453487049874
0.6630782266868606
0.5033243928511925
0.5853681063322187
0.6621876403127367
0.5667977193870246
0.6656034524487369
0.7549558500730524
0.5848465512617804
0.600641504727204
0.5830563018457544
0.608101936318175
0.6607850346453245
0.6401194812320938
0.5394665962202785
0.679124851543127
0.6853101136746662
0.7134300462350602
0.5962996474524562
0.5314085945864164
0.6443658772927014
0.6099010610396436
0.558992472073785
0.7023254133492289
0.42878746750231655
0.4110888720576078
0.5634849947199985
0.4611146300738763
0.4821970039243896
0.4858215687867755
0.47337805151359835
0.5099179209664045
0.36378331132292396
0.446294248231425
0.4027614685889474
0.4312925315213266
0.3861509630178564
0.4642974274644661
0.5897116871343615
0.31287658708318566
0.48522861821152774
0.45757329094930055
0.4479099199069174
0.38747494153159634
0.42182272274132
0.5603088915249437
0.4119821417502847
0.5271872281154727
0.48647733070528876
0.4896014422624423
0.5050224119032356
0.5983306057690876
0.5239924600558115
0.6405394938984921
0.4541923887796393
0.5352828479096284
0.5933386268699463
0.5251816136520101
0.624478912546876
0.7010353920330176
0.6415621520108927
0.678263529680245
0.5327840860850617
0.6060718773751879
0.6401021334511168
0.6305817212931059
0.6441399080774564
0.48168514585802913
0.6301729108218316
0.5594743057185263
0.5567127879462491
0.49378367861190076
0.5145369993983275
0.5199371258666797
0.539737196478147
0.44110153410257064
0.3522153437393797
0.4382939644468058
0.47188552093264247
0.4023107528527327
0.4183291941782435
0.4945042122317178
0.3733037417367109
0.2914656261224746
0.30215665638361133
0.39197272374469316
0.3080999068215012
0.3175422902740967
0.4316775456747148
0.30793155194167793
0.2979259141403317
0.16084579067294838
0.24122341826807306
0.315522642467096
0.2641220676368901
0.2546313193030145
0.08161374989587072
0.18219330082751833
0.07649298056762252
0.08223234621546481
0.179426162174695
0.12001641703753699
0.1142736656530359
0.1502427502124562
0.13511505363143012
0.1892313302489192
0.27067989522016295
0.22670083928560378
0.23769176201414383
0.33461648197159644
0.24079360979251319
0.22782279648955223
0.24047680630475415
0.18470052819852467
0.20671405991369565
0.254402566526879
0.24307591015383428
0.16961781142742394
0.2223430002596426
0.1913226409335363
0.16888445127735824
0.297582082444422
0.1633765509507851
0.3243233030733375
0.24011173329475455
0.16444012157611
0.2567365185494314
0.21232516753996034
0.31223393310599756
0.12283509687681005
0.3128862233117263
0.28182571020900243
0.19466378750165347
0.29457884278935464
0.33384602923071083
0.15100738333136976
0.2870369624458826
0.2161766805218502
0.18112506565262376
0.23423396583115502
0.16819120099913473
0.3468332342866589
0.2213030488613188
0.34012757390122106
0.33920053119334714
0.3936520935779236
0.367775457366204
0.38364187483148837
0.38647176365665076
0.3375730053263689
0.38701192510869525
0.2804703411577712
0.34783065225680154
0.2813486789295434
0.20425868208131603
0.37859248215958186
0.3886356755526185
0.39248633067451977
0.37295582184163656
0.23806167924891417
0.32738376855361023
0.40016508982656496
0.35584262877571915
0.3922741514994533
0.345701475444795
0.43803669006812296
0.4096453326865836
0.40491262749965723
0.470765344508054
0.34194404368270337
0.4482962488451041
0.3548356973379024
0.35537929701403304
0.42275245992786176
0.3594423343715622
0.3313040964134072
0.4002023114498707
0.3769464332391216
0.5349010864352453
0.40331167297024395
0.3538151138145538
0.44830111454315597
0.403063317603593
0.3673559222935491
0.33313818226681835
0.3758416617908087
0.30551801125934297
0.32975798792484373
0.3711681057653866
0.34659284078690633
0.3832337176375641
0.34011028384593855
0.3744614147216238
0.2695995016044073
0.3237755577493279
0.37691733995134186
0.37710609741365725
0.3499441397351476
0.2630320806836278
0.3381466153124222
0.23219074664087466
0.22523479875381872
0.26927230151768466
0.22087022539668788
0.36442266929438955
0.3407755168088302
0.34235160461361225
0.2424009903347501
0.26229599432223644
0.17063059131310476
0.2854302018275272
0.38210658838238737
0.38281822775907265
0.3709412880017871
0.39299950891954233
0.28145455898499006
0.3200491759234868
0.2653920931286637
0.2936973617140382
0.24770384651501276
0.3000629777368032
0.2032941161987232
0.3658978439519853
0.35103553409319727
0.33804268449494845
0.3056649538394147
0.32130427045464793
0.46264048812652137
0.3588303422944213
0.42508801425820325
0.4569068348856881
0.6051626614744114
0.7545480234154358
0.6871327309035237
0.6530253585061955
0.5775779727406779
0.5190348265866224
0.5061675976361946
0.4691293165764881
0.38169719655516443
0.4330482646331167
0.5159783643438973
0.4235791289744822
0.3790714045256525
0.3872097883428482
0.3534666752530187
0.42956520953184
0.39758483661580624
0.5001696987700984
0.36562446640526136
0.5329135993595118
0.4102643574071051
0.40325694391055245
0.3511315676158179
0.47013578302503656
0.3133624482523292
0.37167786241446527
0.444959946212795
0.3555930215707223
0.44872075743901135
0.33080312190608446
0.34751516472422606
0.44025374993888644
0.38495315337388486
0.36963057467752064
0.4176745504519771
0.4111998845002419
0.4357178665944268
0.2995296289414197
0.35242565617155913
0.4032055253524609
0.5327888074517821
0.3825300135972611
0.449765682312925
0.4988170183426995
0.2564108047309394
0.23497229263422478
0.3666359772403295
0.3872940991049595
0.4264308673633256
0.45958275478424904
0.5400326268249406
0.464356499563701
0.4954512883882647
0.4942848679368953
0.43349523043248966
0.4689811173819547
0.5703778340046127
0.4266477575469829
0.4654208258638285
0.45718043592055313
0.5525925587002762
0.37483829573165584
0.3343637322556098
0.37483186971397486
0.4196270429297495
0.40749635113452004
0.45258881730232164
0.37378234138120614
0.39467597062693144
0.42997748850531126
0.39085556063357363
0.49813805168745406
0.3183075257595253
0.3879962040669991
0.450321137138112
0.513563274992164
0.4129325437495566
0.33723731793145423
0.5651032275957978
0.45997656736892245
0.38886015928313405
0.4579692636794082
0.4513647456092135
0.33566592466990697
0.5052459313048824
0.3829763088342518
0.5524824921476881
0.4931621945591723
0.39259164228875576
0.5381521122052246
0.4515479873781189
0.4347982188124691
0.49856616794956526
0.42883176326840783
0.44936982036277795
0.3681199086990928
0.42559146929359926
0.4942754047675966
0.3708281747884228
0.5051737220982333
0.46126560648336595
0.5263511433851685
0.5417017095386562
0.48740719251922715
0.4481357741734199
0.5257976669389631
0.4886019129697146
0.5297262590586336
0.5107289460001686
0.47433643292108535
0.42250584385462275
0.4048057462792383
0.38825119996327573
0.4757657344708471
0.42325075182661137
0.6269485129555562
0.513686098310982
0.44104581715478836
0.40341585523090867
0.4457440758459882
0.43863980389750096
0.41684765081837927
0.4479773902732104
0.6413203052125939
0.43439703893192444
0.529171853635008
0.5075642949412913
0.5233881946430504
0.5292153790957375
0.46023316637622114
0.6110928971784352
0.4854724311001909
0.5930544411265466
0.5755696979495597
0.4704454530636295
0.3999966011342466
0.5255205875729162
0.5509196365041618
0.5909902190383746
0.5599669099727901
0.4990844908461062
0.46681755852502316
0.482991026832685
0.4213145247434315
0.444856693586686
0.5217697989672535
0.5509594963962808
0.4816533881656852
0.4679776598290664
0.5429825109756037
0.6398069379461157
0.7061404536350553
0.6151814285065041
0.8765911500749808
0.7099228033820905
0.5888613448623226
0.6886741983850883
0.776238079447376
0.7089637538901489
0.5339822960814481
0.43157923626341627
0.5489130092043093
0.4287058431151785
0.43544646722005026
0.6551858548443286
0.48736443614095115
0.5808694509515367
0.5162869369307321
0.5361851315305676
0.5190178304012286
0.5283787430703772
0.5743418290559007
0.5392224136079826
0.5593066502374818
0.6202676526874724
0.6893001804169819
0.5003200429802058
0.5391009802967293
0.6253250915618492
0.5394571254674331
0.44304002395093955
0.6749535609593547
0.6903396363409714
0.5356132717238772
0.41661168687461775
0.620237001585453
0.4309074801308518
0.41307035329837566
0.5536026227214963
0.3688738285255179
0.2850938554835114
0.44988345729643786
0.4091321467011439
0.5078202492017919
0.5237629338495515
0.46837031753492664
0.34054103554491877
0.38269108793678397
0.42906000835505614
0.5728831703976071
0.4647477580422732
0.4210887320609723
0.5008765209738679
0.348391942626587
0.43200728913840136
0.28263654762493673
0.36340729339571765
0.36668032599527367
0.5047260253126894
0.4348965784871402
0.47546553921840606
0.4833839070605729
0.3874923082138992
0.4499073491944751
0.5267600416514405
0.4144461659123198
0.32675985846366684
0.25837324245837745
0.37986570825177113
0.2510952418776058
0.40370335714208394
0.4016392887188395
0.36386713971850265
0.4238971725506964
0.3622396456454372
0.30836979344937054
0.2599875834060177
0.3926221995544742
0.4636046442986847
0.4452616761200276
0.47963881475597364
0.39178779820245446
0.4094310673472676
0.39427227097207695
0.30658248873273003
0.3950588149804609
0.4720415659766855
0.3588975573381576
0.3593137257705733
0.3143370100752525
0.3750140698962212
0.3470777093402462
0.3647459974836318
0.43784925775168393
0.3580811707225758
0.33674425450490103
0.290875132354237
0.40222822532606056
0.32916848019054623
0.38541754540168827
0.35873749915315345
0.32774796099342707
0.28161977171273517
0.4070539436833477
0.4394237916156006
0.31106402839108277
0.24739496609854914
0.24078168920592202
0.3059501926538186
0.2873731148480962
0.29387872061524145
0.4341484937583843
0.4651033668805727
0.3902793247513919
0.3115136934518923
0.28364653316687594
0.08853416157429601
0.4576478603493735
0.34410147883575715
0.2561728992849915
0.30056033022538564
0.3259727910847721
0.3010255684626068
0.314509715882967
0.35746541261840276
0.288331377793134
0.26907021862598557
0.4261101178221139
0.36828004019665483
0.41929425150071153
0.24661375808274552
0.33635484662138027
0.2308971408361307
0.32876540813924576
0.2553925793067579
0.3435484945408054
0.41085872128053225
0.40722144273932154
0.379243974456345
0.3485973461628576
0.3285989421063226
0.39337916762540437
0.533715722482322
0.30033908321006936
0.4024343208524265
0.24491073488295495
0.37404385529298223
0.38342449956906705
0.4283447040796912
0.308285119155998
0.2975080708184714
0.35987160018101183
0.44137548310731084
0.496822882687983
0.361596933562248
0.47087686301828735
0.35034425013091003
0.40926181456874033
0.38067010399166223
0.3727472803617978
0.41139811007054994
0.4546560086476845
0.3913700003380078
0.3309763958375645
0.43290326499915666
0.31274756921920677
0.3594186467219917
0.3848405638669607
0.3344089434239026
0.49977305001222716
0.34301090085063285
0.40218774690834164
0.4812976339072039
0.247110320181876
0.5388147582237619
0.3611117820421691
0.4793127610559924
0.5263281415771889
0.41892897137917245
0.40294597990287173
0.33507491261591216
0.30685018389413127
0.3452051766714434
0.4032764406435472
0.35695136428602925
0.38545693168449513
0.39770547468502193
0.32630643311170393
0.4028923274225841
0.42373135789803185
0.40147499326005287
0.3676520972601145
0.33162648093783753
0.4553358466693223
0.4169222690991924
0.42692962065479806
0.3050210853473217
0.34792135330960133
0.4570607242806165
0.383761657213313
0.30997927728575775
0.4232936472271407
0.40616452873704484
0.3677345055221442
0.41167983631642413
0.39299571252600407
0.26938705511877203
0.4420079790335312
0.3847021662111175
0.3464842384345969
0.33044529769675335
0.22692676650548796
0.39683431831450255
0.29319569149094976
0.3457633151285462
0.27565262941096036
0.3892188595249939
0.3362796342979665
0.3171328489819334
0.30773372191480164
0.368842503748374
0.33029317153100424
0.35108687152214657
0.33088152264583276
0.3507795356417936
0.3330024991384281
0.35652828761056443
0.2586777978938517
0.19903920344315779
0.26270799220787855
0.4653222023561202
0.3266092504540512
0.40800800866642273
0.37208067630347785
0.3435345809640271
0.26938197694705013
0.35315014389019816
0.3804451753550804
0.3588973554192342
0.5273298759609704
0.4285078734761408
0.3215802100145885
0.522507672149195
0.3928083574440516
0.43290919581245246
0.5086132701139102
0.41310692326589804
0.4482173564813754
0.46744258367364333
0.4323461305130585
0.5410329735419839
0.48413547165491044
0.370940839734462
0.5283932968588132
0.5417281515505956
0.48293437630668345
0.4198693940173618
0.3989797579499211
0.5102661680480566
0.3063076234834324
0.45424921756277187
0.38354030901005226
0.4715638196184636
0.2940551904653704
0.4113526720224471
0.42375968348222937
0.414612292869916
0.30166084345239635
0.3764446833491491
