0.3036833344412848
0.26392435271988735
0.33430110210389163
0.2503476115455877
0.31388328469331295
0.2951687657184589
0.329396494548051
0.3304394423014158
0.2955400012993382
0.39533943079683104
0.2814599831150067
0.3401802731655988
0.30973592291808544
0.296206548910131
0.3540076212394164
0.3004317151188278
0.23633928256149966
0.28187839081384286
0.37530569672268804
0.27811378078273785
0.23125571903142456
0.2304488589261948
0.28352079803954305
0.2743019510113316
0.30375831705304995
0.30344176449626964
0.2570422823404151
0.2573853741946741
0.19346635153817981
0.2942467489393045
0.24211778525726932
0.2602813657159883
0.28381318002206557
0.23160898370934851
0.26497376843525433
0.2958805537818381
0.3243317633359013
0.22136772830672483
0.28587031860935486
0.2605245899951638
0.3192966676659644
0.2613343816988524
0.22067744243666249
0.21451249849310636
0.2976341191538686
0.2660582842636386
0.22699064084963777
0.31590626147489403
0.21208881742006216
0.2302112663687494
0.3198914726504475
0.22366553186888816
0.33529062752931016
0.3007402123601141
0.2887831001349044
0.36037798064485144
0.27489676931346696
0.3407426143583846
0.31862846291512487
0.24924375909534274
0.3411537023896228
0.3336836030401212
0.3675944128447184
0.3387651477074175
0.34655423487330755
0.339702485761633
0.44016995721796914
0.32564488593932295
0.34942882837877765
0.3679994351663617
0.3626158103830133
0.3945736573368609
0.45461706232410426
0.3869305708032818
0.4106778866276113
0.3756204111490892
0.3555247698159328
0.45725258825911475
0.414021718686339
0.4637323578910719
0.42925260180314606
0.5050339998450264
0.38876914132176965
0.48845164572320016
0.5439147952899396
0.5175399408371164
0.4677246007169165
0.5297846977640743
0.5802745759068818
0.5805486485565953
0.545958652780996
0.5918549195913805
0.585353676778532
0.632152100715198
0.5523077138248617
0.6340115540080026
0.5954772162918613
0.6883788385325325
0.5878069672345658
0.662403087598184
0.6056130145953666
0.5879984430191778
0.6703810395537899
0.6533797765734992
0.6729959171695248
0.6182635125396485
0.6879042402486197
0.5827098684864477
0.6194662617220581
0.5573619689472832
0.5887235631283395
0.6035508867787533
0.5507863960002718
0.5421255909085445
0.5912997422528151
0.5738764023198708
0.5421641299348618
0.5317716303725208
0.49521470062956635
0.4844936333730163
0.48505287403578046
0.5537692776915955
0.4981500592310676
0.4769660182075511
0.46428995513184695
0.5268788980337026
0.5152264340495962
0.5027081450633096
0.49416413386271724
0.5557526292357925
0.5202334439332357
0.5043800719623064
0.5554339220837664
0.5110700502864177
0.5546491533641416
0.44114287798680246
0.4834241976476844
0.48949875147032196
0.5490939262374821
0.4804890545659858
0.4922200189216894
0.42018257107547907
0.4863400099774541
0.47112387406125505
0.3803133941441505
0.534729118700183
0.5292198504742909
0.48070375826133305
0.4054670037154269
0.4262468333333671
0.4460694175575266
0.4158816111665947
0.4056720987822542
0.3513240850388817
0.3467541835175135
0.41872650643042386
0.3905642487533345
0.4834616429137748
0.45362450483421435
0.4554119426143254
0.4509979064948798
0.4722344097208576
0.5004213449856387
0.49681658299566145
0.4758126122248153
0.5731956609231915
0.4689010977225765
0.6052693990811461
0.48211470953406066
0.5670898062452608
0.5475777251047752
0.5024257028922312
0.5126838085797473
0.5331161347670901
0.488564498292007
0.5047744686682232
0.4536716081741356
0.5096761597111532
0.4323361563392695
0.44435337101110267
0.3769251854470762
0.4339424888134502
0.4405565542316562
0.3559470160255029
0.4665368166630155
0.37390290884559224
0.34307436400508295
0.3655467924539098
0.37615471537058087
0.3392067164637469
0.2894932598058769
0.2917457801383819
0.38666876593663685
0.3506972800674033
0.31387227738433865
0.3497180505754112
0.39356385068773203
0.35293593095983633
0.3150265703933687
0.33177316674045143
0.3693285091696656
0.31923289423867746
0.2915885239669831
0.2970777084402134
0.35931392300241444
0.37616458137664166
0.36776883288044193
0.38494474818558294
0.342494766297044
0.3347977428068962
0.29209876917513444
0.4001153409216818
0.35417379859150033
0.3375812627010705
0.219708546023394
0.34010218003619447
0.3621957934311024
0.3408174425857843
0.37930155174633706
0.3229617069223881
0.36857158214363106
0.23538733879032578
0.3115681166939084
0.2927261407456303
0.3823361549503297
0.24150688230454193
0.31119559293414495
0.21044732639525765
0.28039399912982904
0.36777032522320424
0.2963104985276964
0.369085876251978
0.3662116035882688
0.38030965083443874
0.3934986660372036
0.3676751305714344
0.40418440426285196
0.3416943701913925
0.4700345236335187
0.5590650339410476
0.4986727984745185
0.5735982093728683
0.530046124390402
0.5742194027357661
0.5797769385067989
0.539404565703363
0.6334995684468385
0.7069543133874517
0.7066429537730896
0.7032997532164
0.7109632399598662
0.8621439323050316
0.8187960672598842
0.7779332846841839
0.9063326898802675
0.9091612406920861
0.8593961345555123
0.9272999107386919
0.8640243197921249
0.8975774825959851
0.9551486988847583
0.8944136298696317
0.9121845911794357
0.9226908199436727
0.9293199313282625
0.9362436929782919
0.8719312477014907
0.7929820615236217
0.8710090711577567
0.8625251475212976
0.7356472680382091
0.7368372380775953
0.6805263976573812
0.6971907037845908
0.5887325311040056
0.6339715072885346
0.6788948386372914
0.5506272839050248
0.5981750129578179
0.48171525849619146
0.5800541399949274
0.4799759010297965
0.5200119700552799
0.5850740335569782
0.5585582451528408
0.4503433727118429
0.41163836194561165
0.4812322873330541
0.5111070034101024
0.5132457917664264
0.483900678618766
0.47758641572182114
0.5403318080937406
0.5111799840987449
0.47575185613386584
0.49372151277112775
0.4969929113224358
0.4712451282723671
0.5463584851967329
0.5638659783673712
0.4930439649664874
0.5326872855555999
0.532720537649368
0.4585894035603725
0.5995924117945696
0.6054056503036593
0.4596688805389474
0.4727109582651269
0.4498889216507249
0.5268747578128297
0.5527473244105767
0.6355935948287703
0.5638773936714981
0.5367568360734252
0.5010643027722189
0.553619749051515
0.534186704716776
0.5456860010269671
0.5059978625114165
0.6043155076026725
0.6872059767303809
0.5228211731383839
0.6327111914314365
0.6448863243752582
0.6071383995003728
0.6270841456584032
0.6638861590698373
0.6150834224975866
0.5762949807333378
0.7042142177372095
0.6243822060990883
0.589086394562181
0.6700605261789848
0.6182786173797712
0.6206508430744118
0.5850212321403081
0.5880847761923595
0.642659342767768
0.5564984259861981
0.7126161831605914
0.6584044673461315
0.6832740100879914
0.7216482839276918
0.707220013090163
0.7870507761672665
0.7153601893653414
0.7573289111186869
0.739165843757768
0.7871325216311362
0.8089046065577257
0.655665874382003
0.7416811638850955
0.7111263645486078
0.6638076029761477
0.6718088141788889
0.6980621741128716
0.7062521027448192
0.793261374668256
0.7701583103935956
0.6826302220208329
0.7307434074249142
0.7087991492588694
0.6540712881866916
0.6925991872866352
0.7388038809808941
0.6879780277755788
0.6244760121389483
0.6065948121129698
0.7524107614400946
0.646792121218788
0.5579535500236139
0.6438834686630874
0.6975913204943358
0.6916748255768774
0.5546682182991264
0.5701918573913562
0.6159589863202914
0.49501813429386343
0.5488198075143381
0.5178535726028324
0.5663071777248032
0.5376861206466024
0.42939768179195426
0.512211967674226
0.40875103215519903
0.5492410401185968
0.47755015465043893
0.4088178265471343
0.42430443240954796
0.4170353348427923
0.5795439989114867
0.4510550519135278
0.42024219065586077
0.45649742979453856
0.4138995906784867
0.5202527563592714
0.4789616094764607
0.5774503361415079
0.4567919107305173
0.5608965752729134
0.509451649155849
0.49293622366536016
0.5200241350580606
0.4707368549647339
0.622900281713036
0.5902548400055464
0.5932694888413215
0.6076815300107683
0.6461689495647867
0.5713251821779786
0.5533873045740515
0.6074317970230563
0.6098706543435027
0.549041370702902
0.535844902618791
0.47044087420312164
0.5470618596540945
0.5250134026739818
0.5721344978821675
0.507668442729863
0.6086196809403196
0.5791927195477059
0.425466234056862
0.45294444547319823
0.40536159345486045
0.547234666766988
0.43006263584167775
0.41532657509698057
0.377543188071254
0.37410081145826873
0.36959965634378456
0.3371303072933919
0.3174531689259163
0.3082726904926379
0.32221507994312365
0.33837896970972053
0.31412963089162566
0.32953602731939147
0.26753460174629384
0.2842194874726503
0.21280361272803605
0.2651986094056245
0.26771442881857355
0.24258976712233982
0.20582865041952936
0.22836703341497572
0.12195247115688782
0.16525618310857243
0.1760071575489737
0.09272471092931095
0.16868062019421726
0.10301847321824742
0.11804042831046052
0.06671127189337246
0.1424042000987265
0.08544554325269607
0.16485995227270814
0.13308167231909557
0.12310993049648516
0.24116389551662698
0.16832879689971092
0.1604291728129053
0.23788951708928832
0.26719162093651044
0.28916782255247947
0.2238774798902735
0.27112313611337857
0.27757405981703065
0.27442962686373507
0.21993765667675677
0.22789342965990195
0.38630977967881186
0.2259612415086059
0.26970650363417553
0.28254687471189655
0.30313976243366597
0.3367610389677087
0.3308868732886716
0.23902257197921326
0.32726993644355606
0.2480496091511205
0.21756487400379848
0.23422341014966508
0.27842076718088005
0.25509581685526544
0.34393511382849695
0.22277489301362416
0.30690855702998887
0.297711848650591
0.2648298455647308
0.3476545754827311
0.3919133387278757
0.4013443206166786
0.42547082991368385
0.4398296103504401
0.40430677632563006
0.4668453411482586
0.3739258059547912
0.3409062749853665
0.4604344690664788
0.4965269437689965
0.38961403352136537
0.4164443427250512
0.47670098063742816
0.469878941785385
0.33761166814557525
0.4023752319025171
0.40656646948566444
0.42322074290615014
0.5224363051666385
0.5284132386931892
0.4802078050303702
0.47204253618817293
0.459616701494318
0.4258795231483367
0.5308645942934642
0.4390453489118127
0.5210550047147562
0.5152786492565207
0.4790403869993605
0.5061499525844664
0.5243426476463868
0.5058965628322142
0.3762520384293309
0.48443775508986264
0.4306266360905445
0.5861528892814045
0.4151642800968237
0.4391069526053102
0.5540405389191069
0.5019466623008987
0.4460014646350313
0.44809245615713444
0.47232747024732813
0.4996545423426355
0.38364074284230043
0.3615871826568312
0.3785362720430975
0.4533072713148917
0.41855682554647033
0.39902934297848447
0.3980165044921146
0.3770013254792606
0.28067990757075406
0.39670733077577935
0.30888711700585314
0.3889586071640811
0.3081098676734307
0.31550134889426795
0.2610757687937334
0.33800021311330025
0.2710064164583335
0.29982183416392116
0.3662799680083584
0.3640056336705576
0.33049037333835224
0.37088328595187947
0.3367684425872254
0.3165537802986813
0.24027896139746105
0.36384145084612063
0.40183653008163756
0.321297088929148
0.3424671240084738
0.28425699169433244
0.2784795028286318
0.3210494356483621
0.36479034039485475
0.18406087309896535
0.2079549845679668
0.25071955533776785
0.3344005621086642
0.264209802130025
0.27694519277532437
0.33400849802568555
0.3284219711427995
0.2934536464698384
0.3259644273741562
0.3922560593874108
0.3659484111908945
0.43019839977806035
0.4973500982626982
0.5380853232292199
0.6334912696766066
0.6322723246722207
0.5901427961419912
0.40287894879419567
0.3694118411599106
0.3569192296187794
0.3092698783369237
0.2788561290603808
0.2896442616444698
0.2953197658781528
0.38477192465035326
0.32131077217655746
0.2988316801780635
0.2796576684229879
0.2642149802661744
0.363083100187582
0.37830228622739837
0.384358288858081
0.3470787541383899
0.23913656286526322
0.2727826393972784
0.3310300438957757
0.2474588812460612
0.29926599699071726
0.32178537718667066
0.3074874590258748
0.28415182225478086
0.28165364103535184
0.35669197383830675
0.32340421916428036
0.3259438444275347
0.32403175022893205
0.2988519639506809
0.33056642687093196
0.3811848736987208
0.3640913289802339
0.26365272653464245
0.30066367620669343
0.2962798954401651
0.37886807513794307
0.24798607809603285
0.3624169688064489
0.3464975540733559
0.5044593641214562
0.3132263873982613
0.39675164100248994
0.4654386736439071
0.35913679635521156
0.25488245056581704
0.3701299034253743
0.41594892447116394
0.42608144259886127
0.4079317208596012
0.38999349499690134
0.3202602380030465
0.3741061866797438
0.4058612786557234
0.42706943259424424
0.36683093037607767
0.37795263565032144
0.3728628823548802
0.43196752742820765
0.43978921422715805
0.37582774344425085
0.4358171756899027
0.3860935615287876
0.44080255067089447
0.30168512262200176
0.3654681608194029
0.36661438728732887
0.36994608302110155
0.4479237301256362
0.4155660319658891
0.2601931993319115
0.3792418027498142
0.33009009837625497
0.4345701413550662
0.4554776221735877
0.3148496000121108
0.366876731850967
0.3563695674328099
0.353993303156357
0.39041789692801865
0.407950594045163
0.32183000812588447
0.31270010085425787
0.3043952355599634
0.40935937809275735
0.32379257158282804
0.34263690137229635
0.4568503309374443
0.35620392457115
0.275699841333786
0.41518513260013756
0.33573147941859793
0.4804499717491345
0.44169532157602553
0.3622165878462122
0.44459865747511246
0.4065159480187506
0.433762820722568
0.3942122572406519
0.4549465411647737
0.5089461618700055
0.5760876368414743
0.435226116075353
0.5813534650665101
0.4637847526831116
0.44951731347585855
0.4083955921543078
0.4006721712992972
0.38203777302287945
0.3552647578546856
0.39127427759030686
0.43539265737736454
0.4057380181373303
0.33315943290732475
0.34366999859768965
0.3496255305390141
0.4544839606315033
0.3825924812939063
0.4590707057851163
0.4905619084384687
0.41922696614304006
0.4002341615763462
0.4443673083069958
0.30384307634352403
0.41724676328547855
0.38531825734564173
0.45812964444201837
0.346967949010651
0.3936836511078924
0.2919034033432142
0.3179999866893244
0.39837819732104474
0.43576155141446055
0.45658339302165524
0.33637955623277876
0.3641318012886955
0.3480008423729629
0.3918940150891942
0.41137663711732775
0.41139187705063135
0.42232065977346916
0.38387331825926785
0.4247748881409169
0.42459630652435026
0.38414797939461065
0.41392237389568054
0.4925731707499921
0.5225174255057894
0.4344528495672083
0.5367136819719753
0.5220770758541482
0.44898366164926573
0.4534138780940643
0.46386253750663464
0.44868935055058157
0.4086567130428674
0.2963618631683729
0.3146724992006022
0.35007131266756586
0.5104700938652487
0.3823851543430774
0.436237319614936
0.4258693752339877
0.4318882554166621
0.3539551479805725
0.39428058604993976
0.40729481125730715
0.4383594947694177
0.38570711119924195
0.3990511816280089
0.4119915740259679
0.3736705987711131
0.427246325575261
0.46735771523603475
0.3661444412328386
0.32921815200307225
0.4324115095201362
0.445477463530707
0.39958808968028037
0.3912740218358641
0.3591262639412071
0.40204073532994816
0.33924586561802267
0.33590968336111554
0.3880200617448559
0.39287700666784264
0.46975532010272225
0.4432468155124017
0.47089781782078927
0.40543668963357893
0.5213284444617828
0.44178430650563905
0.4456804008755345
0.38319895930826275
0.37778002676219746
0.4477965888393911
0.5085365692548147
0.4939036632489151
0.44186665042562756
0.3845192120555323
0.34934112182287613
0.41639999865109617
0.3046629036043469
0.35019960900920244
0.3721963702274763
0.3823109082876905
0.32848541523854
0.31701255292077074
0.34114073864113964
0.277453584486575
0.3550288852039231
0.35788695765205913
0.3828596349445255
0.3274899399054338
0.2774073431476334
0.25199704858436933
0.3252353536423649
0.3471603141044441
0.35489605343028513
0.3967063634393422
0.3306741559099368
0.3659690241182168
0.3365572480314597
0.41202807611848696
0.43387334715863035
0.44004692220031516
0.43059704603640425
0.4350833929990172
0.3884863685100894
0.358654836856898
0.3597951487363185
0.43220490314513393
0.34652741536117365
0.3323166856819151
0.41254336582842993
0.41009334629692606
0.3297593746062191
0.31069903917830516
0.30724834366397374
0.3748953476867176
0.41975914153272365
0.35070834760791475
0.41426334721083985
0.418557759418848
0.3109092873816418
0.41690841901495035
0.30164356086006366
0.3457266843482148
0.40333720984026683
0.3531687957613096
0.31231314235469976
0.3317509975386052
0.31072796619584697
0.2535620030035218
0.2929936586106195
0.3322437332169257
0.3551056394402044
0.3407727179282763
0.21707798968930953
0.30843220938893817
0.2778411566819644
0.22594395569042627
0.31616008372414095
0.30925622020457005
0.17192242421574325
0.2998514118833419
0.22814326066577167
0.2578618725548855
0.3188175627962183
0.35217760695872363
0.3051391334182443
0.26245786125698245
0.38890217877231853
0.3613281879308905
0.36380354707565127
0.352711168321477
0.3251724018157293
0.39423182271668034
0.2931629166378238
0.35707558091169217
0.2517916401960975
0.29330027050086005
0.3936481382060323
0.38970979322195604
0.4579484245281776
0.35207242756989154
0.35559571130001727
0.43244923433848637
0.41935292082921594
0.44719540097284427
0.387236307560968
0.38535308207924795
0.4416050318429983
0.47040846789043755
0.4580547301934823
0.3541011324699569
0.36818089938784115
0.38168679015817564
0.39841816545002734
0.36826293794653114
0.34832609339124515
0.43403353904517905
0.3862982921691874
0.3979625760774829
0.42137077191731703
0.4216376366854607
0.4557810859695885
0.4627950936361006
0.43914000992448854
0.483537041083105
0.3852065132015271
0.49945472697878224
0.4680891898058003
0.34964907399411627
0.4931149404238845
0.4200882695471793
0.5077788121709942
0.516564821680436
0.5348393566696124
0.4867656663178591
0.5562510207238182
0.41465610692377214
0.43360656463271474
0.3900552952074122
0.4182677235354838
0.430705454238259
0.3954295759294489
0.47162626073244596
0.42791782808235995
0.38673720326270256
0.36954707020217487
0.42263297244078607
0.2996033976769694
0.42663566659164537
0.37045527482924734
0.2826259794768556
0.4371744215045844
0.36180275418002006
0.4090099242998181
0.4211915285436095
0.4178862754546521
0.4541071172902176
0.4172771310194741
0.42928723535837837
0.39880045244138707
0.43187213033249117
0.40525992461278193
0.37372960827961865
0.3957038974070287
0.4069484104212816
0.42151322061074337
0.3069365366507903
0.42602909415639645
0.4889991693223314
0.48826629761138146
0.39192420211311735
0.3945687811866382
0.3597783507814511
0.36243894948925737
0.341545530188726
0.40720543045676927
0.34936993943583217
0.4138395898252817
0.3574513364712186
0.45541339307121237
0.3887215549481695
0.40857547469308597
0.3618950202580794
0.35757534342685515
0.24594121398608926
0.2623462604530534
0.37422289917264123
0.2949617799523226
0.38621891438862416
0.3171592088401648
0.3640176174541088
0.32232279192911467
0.339459495418882
0.36772874551129386
0.3774051557441317
0.3971415167946837
0.29490775671256225
0.39841685902788493
0.40922293183841424
0.3971501826592807
0.3644731876940982
0.4272091386591709
0.37899574788782675
0.4005014308387171
0.3982522888928918
0.410690724833802
0.49104306866333375
0.42629372019536915
0.4217225232389341
0.4038864188063423
0.43725844150828813
0.43065685153110905
0.44975028218203494
0.4809359190333127
0.4405830393321202
0.429550750156264
0.43007253859259953
0.3138471877446649
0.3128004760647621
0.35344833562199157
0.4072800896351876
0.42358176946507853
0.35138927079568216
0.3510404442220727
0.2676428047841195
0.362345085243514
0.24050215272553355
0.27257221871743675
0.3016162694307489
