0.368370576258951
0.31863955778959635
0.3521781520433318
0.3166302111490922
0.3107017711130424
0.2996878820476811
0.3713547109014036
0.33317820707213713
0.3734003152426578
0.37202862627008343
0.30505360631495326
0.4142515168611358
0.26640134941554594
0.2466829937374718
0.2973612192913897
0.29475966194974235
0.3395075380006458
0.29399521893768965
0.2919337158262772
0.32285316556105165
0.2928819010403658
0.3152540134747608
0.29418936857431643
0.2829924338530397
0.3311332038124014
0.2941972885503506
0.33929888937693325
0.27978213368515215
0.21360637398999527
0.26692426239267575
0.3331012542065511
0.3176926568652158
0.32375473754840334
0.28030273710111475
0.2912498603316357
0.25198159969867473
0.2942184286463968
0.3117594028418448
0.3132892984380083
0.29708806449702213
0.2935214735541635
0.30490430072689556
0.32687586485687203
0.33126058980073386
0.28165064734129014
0.3125797584611314
0.24781767384019304
0.33720852385720645
0.2925121391298923
0.2991179543502223
0.24024459325479441
0.36929824987779997
0.2869418699485989
0.31244273557704844
0.37640015156000456
0.2769975746808966
0.38532031062344807
0.3356321938063139
0.3604732548975085
0.4279962155172909
0.3731351405106109
0.42720969564911854
0.35541157974646354
0.40463705288677515
0.40081724171527694
0.3646416901137109
0.47099491408724803
0.4411862923860401
0.43515990374413066
0.42075746447530055
0.3684863962493843
0.3387703839583452
0.32469970381680835
0.42594181159624356
0.3772335053211447
0.4686432863973068
0.42377965512146504
0.48433902656800654
0.4099727103086878
0.5298446417681296
0.47760585833245917
0.4917966989770613
0.37805728848261144
0.521646233142055
0.4086059292137235
0.4618333494033538
0.5909338749915264
0.5154446986603096
0.5330950824615732
0.5481493827206574
0.4734272318873426
0.6001272136885009
0.4892774615970187
0.5789483654860671
0.575387881741346
0.6768003557458002
0.6454948175982491
0.5776781654435794
0.5866485848926288
0.5943823253625922
0.6539752613694969
0.6534231777247856
0.6600177714156867
0.6381842022207205
0.6415322048512141
0.6427526517867876
0.6594279077531104
0.6653461778134742
0.5691461646648979
0.6502894430539796
0.5630358406411365
0.6206155427659081
0.5769491136915256
0.5929469479438675
0.64756553665156
0.5143144266344946
0.5942938402156479
0.5398397138836228
0.596839526494437
0.484993725695078
0.5451067762937026
0.5460047990794501
0.5388980830600769
0.5559139119460357
0.5301688195279154
0.5267294148980006
0.5297291772663588
0.4316573712547508
0.5486591160288777
0.5769626729011043
0.5863966794778807
0.5453863244613593
0.5636578181060548
0.550386812793629
0.5043019067558661
0.597521120575656
0.539334724068478
0.5625786299191009
0.5387856097533494
0.5001613738793232
0.6186229594996149
0.5344871562097144
0.46766753233556735
0.44317208380288586
0.5527988814277449
0.5132161385301841
0.5443341291858175
0.46542060915411554
0.4933091049158666
0.5397197477207734
0.37887076697715344
0.4308014552242603
0.5182406185207105
0.46476723376204354
0.4564540017295098
0.48403339990251026
0.5412344114870653
0.4233835011624433
0.46292605787936614
0.4969348050214109
0.5490213589321379
0.5062517268657679
0.5437078162373231
0.4510443874474561
0.5031336404306698
0.510782553845288
0.5376978293149022
0.5387430359518488
0.4606204224370738
0.6160980480324832
0.5815153955158046
0.48782554077061924
0.5563886955016426
0.49005467771160194
0.5049640873690201
0.5837054365754886
0.4508491577445255
0.5448190373244138
0.5049920825931574
0.5629000836797746
0.3739461842423569
0.4327353457337041
0.4809621300429348
0.40747367355330066
0.5079550786264152
0.44246090050543385
0.4465799138327231
0.41058767656985534
0.36672448170018684
0.5010997913547436
0.4036890199437558
0.3366032213425755
0.3432555270806761
0.4598742631484555
0.38153487300593913
0.32519742397845547
0.39026371698363793
0.36128824718163555
0.3758372990883658
0.4456310284865782
0.4249919730034677
0.31010454989781583
0.4432022319002979
0.45154671579870703
0.4356869339438066
0.41330508254568976
0.4342174722074086
0.4817617906157653
0.4320564982167525
0.4209302114116964
0.48504611271540554
0.4468314212960838
0.474120968733587
0.4132202693093157
0.42334767889048036
0.4263465312183582
0.3649720271988928
0.4361362822834319
0.30802810078183607
0.3914868359659884
0.33743527480849006
0.32366274238276055
0.4133052736498175
0.336627657044611
0.32517566994399966
0.3106233064694937
0.3764988114055745
0.3514367829524133
0.27904745560017563
0.3633293716835412
0.2986160117057007
0.3370838424514568
0.4109494565375786
0.3975319216760038
0.4057076690259215
0.4464994882946458
0.5537474737767145
0.5270752766353056
0.406840742367118
0.46265801400527806
0.5475521880063693
0.5818868691420149
0.5585033658804872
0.6346898973544088
0.6751706459826579
0.67983289094149
0.6753189379754126
0.6973394651694721
0.6755256470452865
0.8100512296158886
0.8035384674121971
0.7745480700600764
0.8528127211711863
0.8711485246346985
0.7780861071600041
0.8950247459401267
0.9203969907064773
0.8412026009586655
0.9122621576570439
0.8329697328036093
0.9778625809268858
0.8319650761011075
0.8603405371040111
0.8850747914538487
0.9438460103229509
0.8379522844610394
0.862415458261587
0.7914691821427502
0.8314292677935211
0.7869544481424113
0.7243535112988118
0.7084464895530665
0.6933953331099427
0.6309068284660042
0.6370768329532123
0.6498117356489487
0.7081698285008599
0.5278958567691443
0.516674168596955
0.650802436502412
0.6004165204113322
0.5906145614221601
0.5116619455091593
0.595992850807699
0.49957331761574036
0.5606152357311069
0.5520833661451905
0.5062874475945307
0.5126313069847664
0.5575174019604612
0.5583447805033854
0.5282394514954688
0.5185016142821499
0.5412612745176401
0.5888099852597712
0.6286196396010986
0.5461010416545928
0.5138605626398957
0.5759944151939607
0.4869796474300705
0.49501782508446035
0.5574569780713459
0.48259301660517984
0.6163608888015086
0.551749248346905
0.5228471878939043
0.5536819163147021
0.6097338231520171
0.5256944732203019
0.5259514916544139
0.48451232040330894
0.5719013684133516
0.6096647125526176
0.6107414867926942
0.5611278255431321
0.6361913281437979
0.6061732379515576
0.7084304206258921
0.6830330393257551
0.6770706731905067
0.7388042233828569
0.6447722415210788
0.6525103480862637
0.750814238822212
0.5991874208755935
0.6524631995930453
0.6749608057787911
0.5900355019210962
0.6884469296173314
0.6930272849268284
0.5448076139330504
0.5151589459494839
0.537745391939949
0.6996435520998274
0.6139151132475736
0.6205657052583152
0.5863873643542518
0.6443715936850826
0.6265878441292548
0.7096936272193834
0.5887936836840935
0.7222101866708399
0.7276350158151675
0.6545271294207642
0.6877019082072955
0.7491984110028505
0.6777047230136662
0.6847839637695611
0.69851883215183
0.6913381286606705
0.6654277241750743
0.7901338855621647
0.6999263079305897
0.6542976068036638
0.7216539079188112
0.6620509544696754
0.6765015502294689
0.7927461429857309
0.7004933532355383
0.7071035632385742
0.7448466547133876
0.6623502410261454
0.6972867816534956
0.8124848645913445
0.7162602724782333
0.6944863575081608
0.6962251960371397
0.7430551702770248
0.6176592983496499
0.6540288947210924
0.7298843061514103
0.6062096666839425
0.6802219295297057
0.6783537812891492
0.6095711668634154
0.766918303354901
0.5956156711708269
0.5429826722804313
0.550133487873163
0.539536487608418
0.569466441626469
0.516034104897445
0.5460939034562456
0.5429970046527055
0.4068740941918529
0.5281042569137597
0.47231431622703657
0.437323215152551
0.5190132315184767
0.4461257957614692
0.4727700615258865
0.48128061578595355
0.4814078137313227
0.48699307544688414
0.5704290423015831
0.4743045402101047
0.6106693294599806
0.5606053586651345
0.5070720266843984
0.4655250539009302
0.5059844482828095
0.49157164041244705
0.5262190715434227
0.5502773783486496
0.5625634036867875
0.46065576008296266
0.5421293613009458
0.5172757840701167
0.5299016183486883
0.5893452189430467
0.4889116358193446
0.4409258301418452
0.4943284897554839
0.5369206691758989
0.5060926831886069
0.4329378227873625
0.4874777395669374
0.39710203578307596
0.4746761734541791
0.45104379795463173
0.457594516849112
0.49730573026186325
0.4635815896431866
0.4145313864510668
0.3871219009259657
0.46644506022101045
0.27439221152459653
0.4611648229961536
0.3879718420880878
0.3870156368853471
0.43444152277427794
0.29261358734649107
0.31493723936001694
0.21994723754970985
0.24772669183254392
0.2081189734184501
0.29076807982855857
0.2580712763426845
0.27195230754659294
0.259266546249638
0.2500719144293091
0.21012799732475212
0.18156948935400558
0.21585663401569555
0.21422993897483256
0.160903506206018
0.1155919006161103
0.07822170302539677
0.1508583352469438
0.1282206762364748
0.17321408575698904
0.15527331883998755
0.11121047175927812
0.14186526904040342
0.04342047806193161
0.1641794558457772
0.10059489389930532
0.13581148953569444
0.15832311279376912
0.1609351950312629
0.14526938001773654
0.16136518587840293
0.25311477020997925
0.21939310205015305
0.23526352232637276
0.2792982652929499
0.3046966049125048
0.24949214123960323
0.25139534453683254
0.32000693021408366
0.23091223771863145
0.2511839185622835
0.3296302596707364
0.3601627489106939
0.36594310660002743
0.3268716177972195
0.3679258515459448
0.3721075990669422
0.36483296549177885
0.2942977291627827
0.3540690907411881
0.3657338994449831
0.39426637807144593
0.3543938943779249
0.3898972404898491
0.3256062083022792
0.31671806438421823
0.38877421730161316
0.35670464144019143
0.41318587520179334
0.37140686527322764
0.3984876364801888
0.40035232735407655
0.4049095358867237
0.40392667117711767
0.4019197909605967
0.4428950011845942
0.4535151696543403
0.4619013711028033
0.4246431728980727
0.5611573889581212
0.43221057406120983
0.44839345745791326
0.5434586558125294
0.45442630471964685
0.40224377849087317
0.4322854943135557
0.5254331289234166
0.45253030950277756
0.46590365435544795
0.5319502458522899
0.5001420417507725
0.4975597373847076
0.4701679824743433
0.5318516645474554
0.5377092439600814
0.5651687979795037
0.533029811437098
0.6107810995734873
0.48378052890901124
0.5895145415733506
0.49929317776871346
0.4319302903394504
0.5062587399936791
0.5289243708759732
0.4676752385985873
0.48100853554779377
0.5693082498276625
0.5097594566877286
0.44328125629964427
0.5329102865192483
0.505034646336546
0.45382280663030655
0.499855971116146
0.418934487652993
0.3573509428309094
0.4113248913981371
0.46859689619827044
0.42474881718406915
0.42924837860993537
0.49154700372309545
0.45025290543159985
0.2475137154656283
0.3764045270136432
0.5222024699123988
0.4594631557506097
0.3653859409849069
0.32153346478279893
0.31136134558191847
0.3524364601023243
0.35344707601752456
0.34566007045405706
0.3901088972324718
0.3439330795063819
0.33271720107460084
0.296755357633194
0.3303049646449382
0.23155354949864654
0.22725303780291317
0.331170861296224
0.20703698514058047
0.3539127339793173
0.28698402358340386
0.31614246430517634
0.2941323467759847
0.19376714180247484
0.25085956670969856
0.37021581509410073
0.2422427317038007
0.3153650751473361
0.2296853266968686
0.2957661937904352
0.2504686519731076
0.1961409735617869
0.24399060591581895
0.23587450972963045
0.2614445330994131
0.3565461015432483
0.25859235778135214
0.299186794605064
0.3102827824847592
0.35354947839910356
0.41060463480905324
0.41664199072881286
0.428929442569616
0.46322781816288305
0.3953114764306305
0.2944292991070476
0.237450599654032
0.3419636635267406
0.267515801911633
0.2762469816890519
0.1204503761037469
0.2348802883183165
0.2606327922093136
0.25675931431952653
0.2543667317905366
0.27976298343350464
0.2565006729434489
0.2203103070548518
0.3225967611090803
0.23576092867492576
0.23715998709526737
0.34297019261238537
0.23332346383281022
0.2852612901470715
0.29100231121638254
0.2524701450692206
0.2906610121885229
0.23995495601365696
0.27463517024873096
0.27971287370092407
0.29400860606609147
0.234507249081379
0.16299352402555958
0.27700168127682867
0.25830361728649487
0.20576086900408314
0.2939678847938954
0.3234669631133371
0.3272867173471752
0.23370356185274124
0.2847740796191793
0.18303375520094312
0.31866891475090403
0.28387819391984376
0.2838732369324085
0.3633844829216352
0.2745489023032471
0.2850274234314035
0.3271556843748978
0.4002886515461626
0.28596792564732254
0.3320500678471037
0.3936199585197777
0.30718680496054623
0.3681604783487627
0.3389155826006234
0.4456261268624898
0.4591033438492862
0.3819216964480475
0.5051205671022426
0.3923945022071248
0.4071315473113264
0.35982200710223844
0.35820357598110875
0.4396663502975002
0.4061871273295951
0.46649826063648125
0.40496299606386943
0.4237237823093698
0.4277386841194676
0.39542931928230834
0.4448489699158438
0.4078728730211706
0.38410851847458594
0.4085763344436636
0.433363088508414
0.3269108516495761
0.4193604989862593
0.3592114164696331
0.38546568475791504
0.3808776587386376
0.40944055222113473
0.41970955802244164
0.40765280568530327
0.34181979517910016
0.3784108984646211
0.3813592988654561
0.29393858048461746
0.3918061905549593
0.37691745993847986
0.34389843525798736
0.46589847180391863
0.3737661283820956
0.2969994002282225
0.4868186756565722
0.3659080670241009
0.4182261105687857
0.36977687169640355
0.3236658789393877
0.4079350242816927
0.3861512081936407
0.40167975149413965
0.5240361267004012
0.479095364136813
0.4426764948239764
0.5422928467278227
0.4948622252173822
0.5478832923068412
0.5308272191655803
0.5261744283947078
0.47588263611561504
0.4199603298005068
0.41878910114267526
0.5114288334580069
0.4150228013135011
0.44796025326264766
0.48429644839341374
0.4322392169402973
0.33923024337484575
0.41134260679451307
0.3590097062814175
0.4948545876119093
0.3723536126146112
0.4262925628879024
0.4793729487860856
0.47291700835549005
0.4301664145458771
0.4177781681782926
0.3025581073911308
0.42302261295567517
0.3853737729871399
0.28785560053156944
0.42630147874821633
0.2969604480467325
0.35462536800636546
0.4322574592942796
0.36434330117813973
0.4153475493245056
0.35305499856756095
0.3526251077767698
0.3159013732412454
0.30276036780180304
0.31076207841552067
0.3306755660141845
0.31199498079220944
0.2868480440316505
0.3634163709412285
0.3272799059500058
0.38697786386442945
0.34114607345094144
0.38232765452986434
0.3553880104414485
0.5082799158484999
0.3983005267347973
0.4508547295012578
0.48011263939676796
0.4483324567579408
0.35906074809486294
0.43561216674968656
0.27617424111703576
0.3738906499950574
0.3502356883490765
0.38766471921283696
0.3634897369966176
0.39814357077183765
0.4429114772466495
0.3947497879886652
0.5087001608224324
0.365620359978385
0.35288971553741694
0.3687578506980548
0.3272312402561903
0.3068945764873751
0.3751289732567987
0.39643783598207477
0.4794952571771008
0.2565587104361678
0.3674705396205289
0.34617069670396744
0.32121032707552377
0.2713636631895752
0.2838861316506322
0.36691365082214256
0.30066303323493415
0.31884688337800415
0.283808574686094
0.40832674488733545
0.2910349195279869
0.33027926065871194
0.3309110276840283
0.3837627914285199
0.46653989247392874
0.38247128743022246
0.4939574223895361
0.4110720065856669
0.49237530367653976
0.4681907168379899
0.4140952142381462
0.5520674913833085
0.3986961516371284
0.41089042381654395
0.4557785426592944
0.4061095683534346
0.4656238337441493
0.33883579632115945
0.4207984556547453
0.45696049588836085
0.4055181539923753
0.321494967053047
0.37645027414947607
0.36156068723781903
0.3395731131299506
0.4153434797249333
0.32523409261867675
0.3226613737207987
0.4010865127664893
0.33484295387481255
0.3132433896289578
0.26184247132377064
0.3719637770303478
0.31225106041089445
0.42181400796011664
0.2670407135077709
0.3331111112437616
0.4221855453897416
0.33483378319441803
0.36080517967753317
0.46514331339131154
0.44292507974984063
0.36338385000400564
0.3719236274524911
0.41289248051240257
0.5466993904279043
0.4532498921983583
0.35819242144745184
0.40645413915393125
0.3705028286111296
0.49840160223275043
0.4006307490131904
0.3603083027355181
0.3823699055971629
0.36080353539487764
0.24315878094397012
0.4222591143566073
0.460484125398829
0.43066070734026785
0.42901065832544816
0.3779823660437195
0.35325007433764716
0.31592281372499265
0.32529100386523846
0.2694016061182429
0.3246911116965078
0.31119029055115177
0.3242131262065457
0.21142375363041266
0.3029289770058506
0.30487709283427245
0.33481735160671006
0.3993354889660292
0.2915293729897838
0.3165402534070909
0.32729572040694693
0.3175271265804407
0.3521579313024523
0.3915114821886809
0.45733868570952396
0.3529982838477613
0.318437604544918
0.43701931061075083
0.24750062658211236
0.3255833072057476
0.39869955084167125
0.3066454588314228
0.35618795439065154
0.28634487482223736
0.2927851605449488
0.3586588424263662
0.3503658546619479
0.2975699593127286
0.36508331216155426
0.39995902981139775
0.38533504532020185
0.3008987935432422
0.3888839276887082
0.4048925341789897
0.5246035061095913
0.4286203869625502
0.4330623308437385
0.43189355592792295
0.4605832550894216
0.4998802728266375
0.4878857560632382
0.4507968883603774
0.5614600939607394
0.5602565232251547
0.40850079701681996
0.3717877928250121
0.4951894099153432
0.40620385178328566
0.4075452820629471
0.3332599694644903
0.4730279239667869
0.40491365796340206
0.4192433707853037
0.38748295732185867
0.38082037595416524
0.5138691868149617
0.4235887950122295
0.4172508445441323
0.4286929947237571
0.38724031000561765
0.3699015338605476
0.4539629865370881
0.4241899189498313
0.44549679292398175
0.4670725237300545
0.46021548503496923
0.44626986990682704
0.41886194566309226
0.47308484238521975
0.45331689759118776
0.41554775735556126
0.4899563531072776
0.48562255754466166
0.44130236780878696
0.3919638202364985
0.42578489542842257
0.5004615853447868
0.48323966661880535
0.5115728048356989
0.5221212082390989
0.45667074748322045
0.490193308231828
0.45658410515731596
0.36635002055233057
0.369998613183146
0.41021415922275095
0.42719838158505935
0.3674393758287296
0.44795824164025
0.38487687164327045
0.46392625621440176
0.4334063108394832
0.4409364257068611
0.39324194694585135
0.517260450697045
0.4754293729838801
0.45650264407101315
0.39380427753267067
0.4398005674931096
0.45850153202428623
0.4196315414896475
0.49216875291260237
0.39291874429815743
0.4230388834823986
0.391067589981231
0.4404363630546628
0.4444081789741672
0.4213957583844099
0.3781151566492015
0.4107652402048896
0.2910451477532606
0.3409488531164556
0.33236230457260596
0.4393715094265292
0.35811672637063546
0.34588098765665654
0.37378388925863015
0.35404503418624356
0.4195657732445925
0.43726994214375015
0.3460800627069931
0.30333994280297183
0.32774755742959466
0.35091321650412066
0.28661659497998804
0.33772632954372317
0.2822765025144963
0.4731631574690164
0.3209287769062722
0.30912550001143235
0.39845896570077327
0.3308962125661096
0.3956925658742871
0.4008189236065251
0.291968194596864
0.42128725671999023
0.39570737360168
0.2765694441471653
0.37813131741131145
0.4533810810276408
0.3935020332790433
0.40511302461152443
0.31867385822548455
0.356265350337936
0.49354913782268545
0.45291899561976445
0.4302808080773759
0.35533729857780727
0.3761509686575171
0.3859891357128434
0.4621731036801357
0.49361172027009537
0.36351871397994673
0.44989439102672274
0.3224558957638322
0.38261315272672586
0.33379943402697726
0.3240431047561132
0.29282725654239894
0.3495669452114283
0.2502661967455522
0.21537328575907588
0.2718054289372271
0.16969646015222128
0.2398647251283187
0.2493877452964972
