0.2406444003268576
0.1979857890070006
0.2046049366421632
0.22796357761124642
0.26324385876174317
0.28389632717030955
0.28519110961899946
0.3577679693801075
0.2512128506893143
0.3448030581218813
0.20516398969526597
0.23186584130089774
0.214572236631959
0.3687156812731811
0.33001700325492117
0.2599425536997416
0.31837000686656386
0.22610776441208627
0.259680588166187
0.3081109333817043
0.2198459196255781
0.19093589657631257
0.3105330902735332
0.12694132777629957
0.24706538733962347
0.2370666877063074
0.25942000362962664
0.2551823995612845
0.28070323123173047
0.2407436636345882
0.23076379613922954
0.22823369095491522
0.3225443195684767
0.24359402194973506
0.18813619628296435
0.2163766105791765
0.3107327630299168
0.2186482593620584
0.16916626058392328
0.11907888438459474
0.21875800893928593
0.17701261164479537
0.2043237507907227
0.20001045199710546
0.2726619537799282
0.25955113773606936
0.22213175934309135
0.2871157062451278
0.2025652430438364
0.2153052747429124
0.20032995041380214
0.30540798855893775
0.34966198276715615
0.3289444960243936
0.38342074506772034
0.39883141246500226
0.32947990852301884
0.37161165325524853
0.26578371444142435
0.31868779635359434
0.3303922841374619
0.32680376308693526
0.4142070534782248
0.3844281513495503
0.4460849231258535
0.3695931374695023
0.3760927720446381
0.31422390647576653
0.2934741178236837
0.3605893815941998
0.36680052975737365
0.38208461604522614
0.45835062240196106
0.4531249719845748
0.413956331092875
0.48448869262713734
0.443451587694689
0.2989798862369453
0.46455075054823647
0.41914339801273165
0.4286151884885026
0.38758619709377695
0.47928178379644265
0.4607885384609016
0.44273220117915424
0.4432184380271015
0.4490032118461835
0.5277935908788107
0.4527752492870034
0.4033937622335526
0.4865625024069591
0.5503893731487609
0.6284286168047023
0.49103977727707626
0.5714743508398693
0.47130777439076366
0.5591083092168436
0.5270649129375734
0.6362757444058122
0.5767133440403891
0.5353582400181796
0.5287446731910117
0.5062790935399808
0.49116324086155094
0.5934204584422993
0.5785098793505397
0.5468534724850147
0.7190633467253604
0.5809796452839954
0.6932089923756376
0.535424593171832
0.42342377799398245
0.5426039773398884
0.5085912768213707
0.572376391163719
0.5352443348232985
0.6369356917717165
0.5300762999035558
0.6101956847126861
0.5508076767054289
0.6089582277089796
0.4910975767633475
0.5072886680015222
0.5102993190129934
0.5616751688352702
0.5582245974071781
0.5024909246256495
0.5323211631890922
0.6330097514513862
0.6340746559832047
0.5195414375670037
0.4650386577243143
0.5493592911704633
0.6683078975368775
0.6651543577102211
0.5733157992171067
0.44129373840341773
0.593454995993828
0.5702710453723352
0.5186704624602863
0.47804402916407346
0.4781061650097679
0.6828320698455465
0.534790007375599
0.46630016853538686
0.46235369544495925
0.47326809024440164
0.5363092213170163
0.47083890823385005
0.6348780441301773
0.5754873159773253
0.44445764635001106
0.5333814986699876
0.4191661740010396
0.4491727934428762
0.5549927199127229
0.5127766068344668
0.5338311686800705
0.5359498464317273
0.5704337201802462
0.5442657698411577
0.5016191107472465
0.595173462403881
0.6644579084436151
0.5882123987807759
0.5736734550713931
0.5978664101504434
0.5013307428456067
0.6084841954400078
0.6521662613595616
0.5411503535404616
0.6684986955476863
0.5087496369155793
0.47853939329100625
0.5926183401776202
0.5667319844333355
0.5509421244109817
0.5770745786538667
0.5888093607064399
0.5194057495616425
0.5317827132546796
0.49089280283206843
0.47010527522633355
0.4833841674069954
0.5115994584168475
0.5063413412218999
0.5161303767948204
0.4914994674521322
0.47820589225745014
0.5628963608835198
0.3490147742687719
0.485085315075745
0.42188050844138925
0.4103836796026365
0.40368488274936876
0.41387003140739986
0.4301811247185132
0.4261402149553569
0.4057786224659602
0.39131332868275026
0.4414366596871844
0.37039902208962056
0.4640259229875193
0.5507648199818288
0.4059648770399491
0.4522630736501607
0.537718404647596
0.4838934154600845
0.5531216710121354
0.4852006276032475
0.5720984384614589
0.5820355055120919
0.4695325997995353
0.43235535982051665
0.3951085925232541
0.4738805487024301
0.512492243391196
0.5663844768145377
0.5222272620675751
0.42224261609894365
0.4519222275019744
0.41651362149884746
0.4054365049924322
0.45575703753344554
0.36103407543342536
0.39015651822373987
0.46680244666634163
0.3335424403771774
0.4219744891109307
0.33550911285752394
0.4715216629743576
0.41864145178283085
0.42466622974779
0.5031208385537852
0.39674036727990264
0.4373604439494068
0.4290157353387805
0.4392227245292142
0.5076507233485844
0.5618617874181326
0.5296397345736765
0.5640038623902875
0.5632450770550685
0.5544079769965151
0.7457483411846874
0.555866072441121
0.5531724157971987
0.5614290966722969
0.641464303076602
0.7259886245603642
0.7479308124834986
0.761754900848258
0.8247118120284153
0.8122059426559036
0.8449504781079779
0.8890087412455911
0.7779838414332613
0.8035894882534895
0.7889107997698843
0.8342199546886516
0.8630194781364601
0.8783478917942678
0.8343323951897509
0.9029139974561587
0.8036660942636151
0.8029045472951697
0.8358507974166338
0.7544822849526037
0.7911528364850315
0.7459629819570832
0.6917556481667725
0.7233638590308717
0.6543764914916352
0.7584598827858959
0.6395921159718562
0.6470558635831831
0.6381934542654506
0.7339253600346289
0.5866764454818516
0.5750935550605539
0.5122303806748157
0.5734478218803929
0.546895858414185
0.5891601783167274
0.5670592965945203
0.4699132921123047
0.5186915562153172
0.5656502647839867
0.5655846241353144
0.6428502280800593
0.49071257514830613
0.5400929745042811
0.5932541615837554
0.5083240748271647
0.5652285520262749
0.4962303093160892
0.5520539453213577
0.5221727906108944
0.5646951058610137
0.5432536429883584
0.5224416863827618
0.5671804188335161
0.5742445431453242
0.5454044447936621
0.5591877868926104
0.5660329521107004
0.553898635145302
0.5442569780708464
0.6126787050425818
0.6414219965150749
0.5923188499830505
0.6081488202477826
0.5639027407974164
0.604132359326399
0.7612700276807283
0.6252922943452233
0.7137971538727017
0.5947582049412888
0.5778019398137484
0.593506467714352
0.6227175899567751
0.5909679712055633
0.5767862774931997
0.6334573687256022
0.6197807418345713
0.6494024112503345
0.6174520807481353
0.5416347901859528
0.7041300306075905
0.6407828398641089
0.6934235231156187
0.674800874249022
0.6389944866364641
0.683016565343949
0.6949005206860128
0.7466164662714844
0.6735343452383175
0.6602637036849441
0.7150399699961447
0.7588476514455941
0.6878965516364355
0.7338398161455757
0.7489548841666224
0.7158246309869065
0.7626880713264024
0.8221470538487274
0.789217512419999
0.7836544232516602
0.6979767600356642
0.6282719901719769
0.7651567369357116
0.701920300130908
0.7592173387130887
0.8100313558109353
0.677345577668283
0.7186208143917492
0.738622869292188
0.7213773031520554
0.7260724584374652
0.6989247217564334
0.757651564825985
0.7134718926435736
0.7911564188518428
0.7122116589300351
0.7224787835407885
0.6868867931862661
0.7695219032057836
0.655802931873214
0.6293700974358678
0.7116846180943543
0.7028777408736274
0.7122338133253907
0.6948037697249564
0.6666169897371684
0.6149178015473048
0.6695024797788831
0.580970779557471
0.5892949193217984
0.6294528273812019
0.5572782068049854
0.5217944216055032
0.6252321282601319
0.5064926141463192
0.6124156085201093
0.6023008174740998
0.5722726829071986
0.4978415987428455
0.6216267466360611
0.5070785674190881
0.48892550803724555
0.4407273131785336
0.47153903907682154
0.5668104862478511
0.5703502795337417
0.5853282399508974
0.5656483076500542
0.6043510604752762
0.4669409810840029
0.47857707488349777
0.6525251780770912
0.6267509724204835
0.5455570723794486
0.6001754349603898
0.5508599114376151
0.5831787242621781
0.5893155693395506
0.5462468709983037
0.6568480269627758
0.6488933796544545
0.5396008879002567
0.5257744780319292
0.5585456359169179
0.4922754593316678
0.6419501052063208
0.5533803788646924
0.5689987207198559
0.48134917020858303
0.6196365705104219
0.46406455158030085
0.4801970839281623
0.566972565798437
0.5644563319136084
0.5221889419263166
0.4490832288611633
0.535457287229463
0.3345979582421214
0.5289605405542592
0.437817320180744
0.5071376440028934
0.3753104163231536
0.385421395918472
0.31261070897871174
0.30903283509754076
0.4419236270782124
0.25128072030609794
0.32281233904940904
0.33605443422604075
0.37027297184149655
0.30196612664741745
0.32046721747450396
0.31666612245716674
0.2289128488981309
0.3088402062195047
0.21923265179796841
0.30341652523442814
0.23055382362731092
0.24180264625792658
0.18758830358318393
0.21464539105150388
0.2582640203979173
0.2093141475764486
0.20401886431792918
0.13251758205247938
0.23340292594950174
0.14779869457904027
0.2879226756766258
0.27946671942450374
0.26968242209989146
0.2286140452336763
0.19490957851831037
0.21878540935548624
0.15404138903549355
0.1982878775899849
0.21610998977257728
0.245336090493111
0.3519244595365626
0.189640173981811
0.29692316791835754
0.3045488045979264
0.32391919551369347
0.31197448315835746
0.2319886401813594
0.4088099166407053
0.23625384777491637
0.3387583246060492
0.32038749484132867
0.42617711189046537
0.3637076875986379
0.33550740789623995
0.32838985004006893
0.4818276326351019
0.22903300321263986
0.35969110942959936
0.32471889017915423
0.3339162345594534
0.4024663513209815
0.3898428518857815
0.39756223185348577
0.325403234076339
0.32154632917524445
0.3594004440150655
0.49109461310339225
0.40661761114973966
0.288530462446938
0.3412374847823818
0.43375591372369193
0.4661167102277781
0.4440679459901023
0.4765767324842691
0.3919813192377842
0.3394031488282747
0.3312437445444892
0.35817614977424683
0.41908661226772315
0.3880849758331839
0.40189683616943683
0.3351154165171534
0.3554212467433787
0.35943906845908385
0.49299322963337444
0.4142295397746345
0.40306216421962693
0.4212224731141657
0.5644679664886
0.5542843636958041
0.511193262033411
0.5224118423450512
0.5680148830204815
0.5676480547919577
0.5086124337097542
0.42498987656689996
0.447967213370836
0.4705975999332879
0.46051408875780964
0.447543604808734
0.391720856278023
0.542586705858409
0.37775149626496773
0.43271260440610554
0.41049501977958924
0.3426813824378779
0.4132233276150751
0.30735879346318706
0.36261305086533374
0.3393628232109735
0.2777806995893392
0.34049400657946943
0.30171771494277533
0.31962016125015874
0.28508411301671016
0.2668715856242759
0.38218129846149973
0.4051406079875344
0.31684751973138237
0.39707526752893485
0.3017757777853177
0.2831421693294601
0.3248085665970919
0.2765677440986594
0.25351135459661045
0.1850750854884219
0.27874767996202765
0.21516487735020445
0.14150324805767084
0.17879087688420814
0.1788347498744052
0.26001483615749565
0.23808561654652302
0.15507126537944255
0.20318509207250907
0.23433728351505725
0.34165538428559267
0.2411818704316368
0.3367999676901539
0.19459436649549772
0.2549281153725583
0.1944854755318665
0.1845728165568985
0.22289393151210926
0.1439856969405343
0.12491962087014753
0.15716987051295253
0.13970661967092046
0.16471048262038912
0.10141508377372005
0.13432442162769004
0.280880623686815
0.24657149584323693
0.18771120906882113
0.18117502389011161
0.33015108875541055
0.3289729807108307
0.3042746435044466
0.40838712592609194
0.4485616932538351
0.36018334935748014
0.28953908052837707
0.2788001877910594
0.31236708891515597
0.32118780929593166
0.3082094849059788
0.2271945917300467
0.2126943740191895
0.18661552792948274
0.19855225770370755
0.17664214982125415
0.17884060287734044
0.14729050211560768
0.26739395819947936
0.2004425705743849
0.16988871267468256
0.27842571790152887
0.2284995729209073
0.21111419021491115
0.2270789916752181
0.24770207421383322
0.08593834082915629
0.23966713390759073
0.18982325096396965
0.23151780065622246
0.20529180767726463
0.1364673144473336
0.26495440139489357
0.24135516751632435
0.1780040671948836
0.10998799293822786
0.26957943212054347
0.17266283476076943
0.16121595991674262
0.13039821867261261
0.2443638978308264
0.1331324259771812
0.17197067603681065
0.16101882872875636
0.29940767567004195
0.13848998440768534
0.2800166397871908
0.3260368328276983
0.28425567139082725
0.32063190533445984
0.27469174915084293
0.2879477567538302
0.2935106078192389
0.25891560710411843
0.30136980002366237
0.3508291131843744
0.325253935241667
0.43471812374025287
0.29336490722490693
0.26749115145476654
0.2489045668845471
0.4038911718811118
0.4749248879955701
0.28349106552125447
0.2594411345431451
0.3883777017399678
0.31990453010485964
0.2969578317365917
0.2978376433481103
0.32062390724058204
0.3243443701437036
0.3593921138397526
0.23740529640847527
0.37606918542408174
0.4326064339488312
0.3197445032901406
0.2973065179648931
0.2909047303458162
0.2722275721425272
0.27870080416919674
0.4426093977891674
0.3610721991397666
0.3431137946754377
0.3601341648681327
0.31165719116214596
0.30505448651849487
0.38301907083614484
0.3078773666732271
0.4420013135705737
0.43277093421253926
0.3583558920527177
0.2815100354342255
0.28253070260621155
0.3684158158861157
0.3604190911001472
0.35698420199685743
0.3577025271505434
0.3091661078012098
0.35045668340403996
0.4121354569733665
0.38386786304730725
0.4532613869253966
0.3701670791709739
0.4221174100339352
0.4184146605457619
0.3728388574024821
0.4205626303692459
0.38402054077901404
0.34151104087796197
0.4011084683489685
0.5239399580891945
0.4367526555556656
0.33980406185199813
0.45142090539035995
0.42730356602970343
0.4231586052861123
0.4556074114876258
0.3175394973528095
0.5032886109289714
0.434706738091052
0.3505903879398413
0.3940255212790153
0.44244621791443517
0.4247640016653496
0.38620291647589117
0.5775856395360823
0.4285450527451202
0.4170906729688905
0.5120681496041837
0.3075779176055273
0.3602409576398833
0.35730811397604856
0.3790360550789078
0.44832362459616976
0.43360290914159944
0.2805533028673419
0.27951474803235443
0.3772314199399912
0.28728604598319546
0.26731474820912776
0.3650688304162207
0.36478329846478263
0.3971553525475543
0.3463066572009929
0.32831818538726604
0.35899805204746066
0.3120303540108953
0.30239881414639497
0.3163839488393285
0.3246069468081121
0.3426764266500745
0.2815845620120953
0.4676756404594528
0.45060902670935854
0.3335971369493556
0.41792639982290913
0.4759211431235089
0.4786733532463143
0.49855658035417416
0.4306907811542037
0.3876646794271438
0.27277231268419944
0.4545413597325989
0.2729642359117337
0.2889004942421571
0.3262467566367449
0.24701162838792284
0.37909517964406103
0.41881472938636954
0.311234648291037
0.45521252499336695
0.35366626147680924
0.35494253791640346
0.2305012822474117
0.20888591296302517
0.3565975073256785
0.27663920672473385
0.3374006523190531
0.306022950705352
0.34371618137952475
0.3740193951792346
0.32993293560403436
0.23729638199531303
0.26380730986457374
0.27757855705619927
0.2870090586800883
0.24818398732902786
0.326082780921007
0.27888848176895475
0.3391991462061843
0.2229130003099487
0.3752121858770726
0.26909867596913173
0.28356508811458897
0.443042703634239
0.37157244708248066
0.31706262083610964
0.3604062981183249
0.2531336723017153
0.3467119354451007
0.44114439555578
0.4678506244673236
0.3710031036536552
0.29254347412269394
0.3582690992055678
0.3622852787325795
0.37728271849474787
0.3274970062615118
0.36769649250393355
0.27326004885908195
0.27486362302938033
0.25998028760272546
0.3830296916698734
0.3894727648939741
0.3413365752851071
0.21715341742010463
0.2919356630009458
0.33126235373152113
0.28120088331136384
0.37595781277854773
0.353527277549677
0.17914946206144575
0.373747488126826
0.24141227181419225
0.2840008413691719
0.27349522348386107
0.3178740207859168
0.2968892425799686
0.3348475741703705
0.4011241669080616
0.3872327152560069
0.3500639236018609
0.4238522983309219
0.3627065726455918
0.4467947494479845
0.4368584850928355
0.4812744978828591
0.45496316809224485
0.4908487826509691
0.47473310330064955
0.5051985517786118
0.35333405016745756
0.44764641476783634
0.472475548407417
0.5048333217258155
0.48814647854154164
0.3557482719183803
0.38061442244643945
0.35583408908466
0.4808584292468756
0.40924814508347485
0.505431881827207
0.4083654560341226
0.45283125217843895
0.3605048261930684
0.381443421630017
0.25178963032517876
0.4394040579485532
0.41546617965237653
0.5239850118534674
0.3808228364664522
0.413188595252058
0.41883564817182317
0.34261376337031374
0.48209762512349563
0.3640936991849791
0.427728585171285
0.5391590482297146
0.47533882272423333
0.34264327875382844
0.41926063340177533
0.3730247310117829
0.4191037196024857
0.5350927696816469
0.39444010177168604
0.3773984671835268
0.5197220855385137
0.4050544868792569
0.5087298509228535
0.37268467854003007
0.5062082795640097
0.612044838966569
0.5164231784616274
0.6316305294061718
0.5416908435840703
0.4773482274652849
0.4252485234506764
0.6136970911163454
0.5064449755222071
0.48532543502622894
0.6666215750223821
0.6015352444015643
0.6499525029749789
0.5826135220205256
0.643311092535475
0.5363928062683265
0.5770318536084021
0.6628632735952924
0.5244746579024586
0.6166084351678822
0.5119195517301073
0.616360001817519
0.5570996873293652
0.5639096115099966
0.5825629395783691
0.6543169044295786
0.6326278650163463
0.5307416586996885
0.5468045585671788
0.563067421604475
0.5833188947355785
0.6124824523101026
0.6131224369098937
0.5280822401748224
0.5266066892601093
0.6579611599646014
0.5995745750011512
0.6722503805994166
0.6489750850356656
0.5840474951129825
0.7409719747620275
0.6448429259321852
0.7813464951582401
0.7234108554985966
0.7512608406956294
0.676318877833878
0.76693451983631
0.7636976133193625
0.683935119549046
0.6195368089903481
0.7537336063652418
0.5986601839897101
0.5522755132655891
0.6885304826496108
0.8055202937742812
0.7210265270293995
0.6325641977358972
0.6671878361005493
0.6363725422659308
0.7068487331544206
0.5854792080314138
0.665952137811667
0.6388396493833342
0.5524179866633138
0.6647703445831015
0.6363000723923098
0.6544737763804743
0.6225245714557626
0.5485015765931399
0.5401738483290468
0.6025027305625981
0.7095234804573143
0.6451130868964399
0.6039893729250886
0.7391802790743114
0.7626349346891781
0.7098430001589697
0.7208068085316393
0.7053144682217278
0.7747920175415479
0.6560817449928802
0.572850713846113
0.5766260739050931
0.6006581688091691
0.5697594505623369
0.49181401278674064
0.5396856065461999
0.5577268937385765
0.5928351202687664
0.5461075501194492
0.42306066922183583
0.6161282050074885
0.4889447727288593
0.42875275786777317
0.5553497318068121
0.5304615800268728
0.4969795236350438
0.5500605638252131
0.4623498966209389
0.47308935250776224
0.46469857458779024
0.5437974556501275
0.3899269437077233
0.5269409821662889
0.43799907388783066
0.46948524617741527
0.4560162937442658
0.5002143756123146
0.5361263690895931
0.4281100621414375
0.43476183005839886
0.5316556636957734
0.40119923066057206
0.4515956296495798
0.3662844609572434
0.44837681354388625
0.5714212953740985
0.5505755101143328
0.48379003008556787
0.5028218949136687
0.5584493268893301
0.42354176701487595
0.42147435534939454
0.4132255156366974
0.5612418233063771
0.412948901361514
0.42477262207370375
0.43127249655557953
0.4256175501629211
0.41475407331430936
0.45863187607666045
0.299707935009228
0.4048191239367058
0.4292454036529211
0.2828950906404642
0.5055172345123919
0.23262451660370198
0.29321706767258665
0.26046856167377264
0.269237589186909
