0.34636478063280685
0.3953553797687537
0.34964805999076753
0.35016734638320246
0.4270132584612045
0.3989923008178528
0.3921441198158562
0.3925081255659999
0.3807243893755562
0.38839362330441607
0.37200535518106637
0.38597518717524826
0.37511980405201284
0.29918784710203844
0.4111394460638867
0.4078752476744068
0.3883265122829257
0.35384465513061036
0.39140928795047325
0.36249158056999786
0.34800159676681874
0.3539780647640893
0.29909704959050176
0.29798657217782437
0.3462324558581889
0.3562937251608707
0.3817619341828228
0.26644954394048725
0.34955567576737734
0.326912046094916
0.3339219746154576
0.2921450636413778
0.36790547613369284
0.4216981083631655
0.4205002722228577
0.34894438140106987
0.33272224238192816
0.4057455844139432
0.3168743151585494
0.3722622153497613
0.3415873515332659
0.3378982750105119
0.3451846111815322
0.3435077093370091
0.30182519888536213
0.3866619686947924
0.34067156179830405
0.38000595647046853
0.31503320995767753
0.33918771764155226
0.3349184475196393
0.2783842177519664
0.27247865675219324
0.37585693985561935
0.319431730133527
0.3352812041422345
0.35803324205737846
0.3212039279886906
0.3886855172880471
0.345516810721725
0.3606454788018614
0.3355955925035996
0.38647900701575066
0.5013709856603248
0.4364651516553195
0.40162032613512355
0.36231462541863046
0.45239370858156314
0.3520254651847778
0.4679333047643923
0.4652597178396637
0.38825017836739384
0.45210150364154034
0.4987408823025009
0.4500164322249892
0.42798095392782853
0.5068581944918163
0.5369637388140442
0.5343995127954967
0.5083671519357811
0.566701672660793
0.5295819867924967
0.5718206027077919
0.5588595705639898
0.5271138714193874
0.5340027391495459
0.5357081565778359
0.50002170798706
0.650099217103822
0.6094101647167738
0.601108171753459
0.6461325820285498
0.5680627006850902
0.6384590858488662
0.6582520211339689
0.7277747790911978
0.7428575914733264
0.6330394487238296
0.6525356600119203
0.7094268068874123
0.6423038574089234
0.6230700577284682
0.685221646344597
0.7464998155085569
0.6719817912172557
0.7721706907082622
0.5842820165943745
0.7120751332488019
0.6548744776709793
0.6584392635838824
0.6758442979599195
0.6379663072264528
0.588800692286211
0.6399723182083045
0.6073549588605005
0.6483980774415856
0.6027640062007861
0.540116369749753
0.5784203999752322
0.5606477630006552
0.5167076724215722
0.5803622496744798
0.5237621012989393
0.5590423164415002
0.5278518493819735
0.5783447269964181
0.5045645957888644
0.487419872071313
0.5557615191287645
0.5641609542511414
0.5788489856954704
0.42408087751745827
0.47776448481042166
0.5240704179952969
0.47122941902520965
0.47337061513571055
0.5871586808368454
0.47505158551630633
0.5201167781841463
0.43687111584179816
0.4881964322641555
0.42552604103582736
0.5453066553558594
0.4462209052507632
0.4832262764818168
0.5213433785599689
0.4782505535214606
0.5097335749456116
0.451622032636511
0.4511663737347277
0.39606837738906264
0.43028061601143164
0.410695133965215
0.3442714606876779
0.3838299982545322
0.4306320863334402
0.43344304841129855
0.4342953800076751
0.35644740001176534
0.47776777176222085
0.4551204567080444
0.44690503628581324
0.4334385053411437
0.44743984587079255
0.479580053126752
0.45795354545765976
0.4973917783390975
0.519884449249287
0.5449598186431156
0.5383574980196153
0.48227831824383627
0.5000635120045778
0.54468106794095
0.4587546256797924
0.45364557753500423
0.47293311531362087
0.47230661334351176
0.3728197597264308
0.4038048324390884
0.42824743948810345
0.44192848747750346
0.44584173715270187
0.4616368303452567
0.4244367779555509
0.4293336664523215
0.34484986121584954
0.3665044732678834
0.3655922192217117
0.3412146921540393
0.3626018865127555
0.32146388816955407
0.3355884671033221
0.34987391490454145
0.37568753223239393
0.29922218940157913
0.3510227563188256
0.38177942261890896
0.3343166896213742
0.3746355031535168
0.3080004930584146
0.3366826481062473
0.3372789027742674
0.278732163023616
0.32906504547291254
0.3299865815398777
0.33548593843713015
0.2970266534280784
0.3739376854017611
0.3972345557375694
0.2940780836109606
0.3871138041723209
0.3249234421041701
0.3719710863898684
0.2291830301625693
0.30005665414890137
0.35406701015046244
0.30963282262941083
0.28239526072765797
0.3255276630174829
0.18983145170917856
0.3242671649719068
0.25386269019647634
0.2699897059495642
0.2977482924274792
0.33469294844920683
0.31088646321188795
0.2743913857635898
0.2890966224681433
0.2521275112725308
0.35920794195091876
0.2827155144875263
0.35885832067180834
0.32296573119526256
0.4296706525084413
0.37844678117066954
0.3921156506574849
0.46553965342956266
0.420427089596994
0.4046717217837109
0.4957505339675047
0.5031877159352827
0.4455142192588055
0.5404989117810185
0.4594675072821047
0.589453147708135
0.5620579930912428
0.592445126266123
0.6049626295062034
0.614833716127316
0.6802657363054888
0.6346204785366794
0.6780671663048421
0.6872223012547383
0.7037723394214553
0.8123099378207347
0.8047550936448804
0.7776052071328144
0.7974987191648886
0.8836216169791464
0.8686743472909597
0.8638936466765377
0.8682114771205729
0.8900490204186188
0.8793386030644539
0.7064978999570471
0.7509772595045918
0.832689208793081
0.7626487448587249
0.7104276287891789
0.7196771060789453
0.6712003699423571
0.726780888239099
0.6130454406388357
0.5449660365246931
0.5279809984119367
0.5171381044008788
0.527361813698001
0.49931418730055344
0.407095006037722
0.5030878635212146
0.49551524445588185
0.5819199081992593
0.4451798238860275
0.5527230183068105
0.48884154440968874
0.4020025637921648
0.37819272736242326
0.4089551710743308
0.3971070148180008
0.44077836607094767
0.44997167855006276
0.3554623142293454
0.4812000331269345
0.5128478690663276
0.4326837869851618
0.514130523091719
0.5029725518019922
0.4890315072344134
0.4660344320254634
0.3555512543080586
0.4568702886817678
0.426816170848509
0.44554983571355944
0.47981455802588735
0.5054569785715304
0.4686063253133205
0.5593094150367843
0.5098156437362731
0.5070664343422469
0.4743557888948605
0.4916693374838461
0.4090256999072137
0.3929483992189088
0.4126307377037709
0.4463915926884227
0.46679442069490645
0.4655380892101002
0.4203339672863147
0.5503251780574141
0.4618885614566468
0.4999048779287287
0.4845545806307262
0.49672915970396314
0.45107457893998526
0.526585501445946
0.5543585145415435
0.5101208538816745
0.5841370869888188
0.6030252679383217
0.5619777566437705
0.5753988845634495
0.5454115683924611
0.5171260093549348
0.5809246282731675
0.5100483218239025
0.5936882185901049
0.602045421659845
0.6411116279973268
0.6411805708643201
0.6606195497643381
0.6913816409934597
0.7254126348862089
0.6915770158435615
0.6566872693865391
0.7294017709191704
0.6854600487510454
0.6937606247423358
0.7394220204807963
0.7963891556173719
0.7125809440002483
0.7442441662380881
0.6508333543027929
0.6264991431100698
0.7071154053366873
0.7107521667346989
0.7308070249009657
0.7831236672870261
0.7110842423247141
0.6607730281416526
0.7138435626069304
0.7306763843326722
0.7123353228376357
0.649763177130391
0.693824197581062
0.6471459607617929
0.695368756001642
0.7131265207508279
0.6938184323543226
0.6432589964489129
0.6136145551208142
0.5797428081746316
0.6714435320639742
0.5745350798619704
0.650221085479955
0.6095345609402805
0.49243855276237225
0.5327155172388369
0.6173688942424395
0.5814604475730007
0.48189072605340333
0.506618993083569
0.5940563699759926
0.5006653143140792
0.42978456565170375
0.4809726935987103
0.44333520124299386
0.4582745368443927
0.47423062490060697
0.5321743884091585
0.48174155591447
0.46230193377362094
0.46300406218917456
0.5009721997483226
0.5284622410740899
0.559684142142548
0.5841956689333654
0.4006788994800487
0.5103543490612288
0.5769850423317424
0.5243721379411198
0.48980430463484614
0.5791597016131722
0.6241944304335894
0.5436592033719789
0.5478949701726169
0.6618286503190209
0.6478233228198631
0.679584164644426
0.6678458859539664
0.663269219347226
0.5948116435014625
0.6934957175069939
0.7025317858500654
0.6464664242387749
0.6148018268054254
0.6589036683419458
0.6008741277120522
0.5379719229593953
0.6697714082837186
0.5219412968762789
0.6347995616487728
0.4964699585273199
0.5759062085109071
0.4475717670192464
0.5038274996766993
0.5131859795645481
0.45576570058888766
0.48214638932282494
0.4254216548470441
0.39016706084413855
0.42737758391717157
0.37063778043587914
0.35647397052305174
0.32298483503791603
0.3876557945020538
0.3820942571666896
0.42764474947623826
0.4141539430166946
0.39890909240249917
0.3545967592028145
0.36734221693842534
0.2212181222966106
0.18156028254389084
0.25484923685941585
0.2512795832493597
0.2706180119673296
0.2084661627518481
0.12396120690008747
0.1593756389849674
0.19937567730128344
0.21378431171915044
0.22239950931875518
0.09596049450617819
0.11293734888019547
0.1725254593059851
0.07998630459356953
0.15659414070178956
0.18493558130938853
0.2663320038544364
0.15226599830890525
0.21373400525245262
0.2775608248807889
0.24665021094795792
0.2978647782121614
0.28689518897894223
0.2739616225263226
0.15782427837213464
0.17288209438083843
0.276406496929276
0.22355624010842506
0.20208199510482344
0.3374102019384012
0.25745409421692433
0.20354559591529425
0.3516831834096801
0.2762030011043496
0.29429714938425666
0.2787978196010984
0.2307538297669927
0.31780838596785377
0.2879817801206346
0.24429108511774406
0.2364010299438131
0.3309885105550514
0.22175864469629897
0.28744361108007266
0.2599684241972536
0.35725872593551905
0.27204690602269477
0.3542910957455259
0.23238881649624082
0.2633357890577296
0.4089565081177445
0.33656809513589003
0.39352350457530405
0.445129219569281
0.3969029571072538
0.39412410309563545
0.4093948002909914
0.40690791308619545
0.4555400526370764
0.5178805818240092
0.39340009814343774
0.36596713488676536
0.3760144408595939
0.3886820247506456
0.45014437593688894
0.39680460529818135
0.41003700699652723
0.459260937896806
0.40693124822493815
0.43673851088452126
0.5132402959350334
0.5747337229928531
0.4407734412252785
0.5880019671235635
0.5237810639196903
0.504649275176083
0.4330363906786411
0.5123080748093243
0.5660241058001074
0.5439058455064715
0.46668341849653205
0.49954496012235594
0.5219963262254794
0.49259872678770333
0.582678379038604
0.5324644184629509
0.5132194807773599
0.5116912817225778
0.4715603971399357
0.5044964379184244
0.44504286836701906
0.4380736131604144
0.40209405189636194
0.4248447557798797
0.41266909726337747
0.3677303686472286
0.4354478409102119
0.39417038727220644
0.3245070003190311
0.45815362357251477
0.3613653432799261
0.43573826530720344
0.4046494905571415
0.3376388224174537
0.30127884868675986
0.36173168695317903
0.3416832344439652
0.41602603618910283
0.2951517865557355
0.38987370184343917
0.2370633198130606
0.40354860144098165
0.29335864830080755
0.29585160197713845
0.2997613949919924
0.22187128423387703
0.3565131767070151
0.37836945509503317
0.41052089954790866
0.40882628643647356
0.46608723424362175
0.3928735795179471
0.3508640015977429
0.45288966979353107
0.3207583547582932
0.28104414289220603
0.2566814441633346
0.4095529367111136
0.24014826677607515
0.33699764312437913
0.32506314970245076
0.4007685506204022
0.382500456996267
0.42592091605306803
0.4555303351622697
0.5096837044832865
0.4350567423645201
0.5662438840968221
0.41018833802112287
0.5810226855849987
0.7917973799793734
0.822726355951036
0.8076341704383729
0.6196710006046457
0.5908107332731545
0.4826965009795976
0.5199741582177086
0.335440773727217
0.4062522842165255
0.4396281838487488
0.46910965814728295
0.45984670607478506
0.3620887581331007
0.45868328039553213
0.44790357948982196
0.48402825653434034
0.4383538256360465
0.44412359082761443
0.3288702618710896
0.41310879235881004
0.35845490835587207
0.39060878931119314
0.4257662307324157
0.4649236034838108
0.37323531341296
0.34341561732486986
0.36858680768147145
0.43234187671341284
0.326444084890126
0.5066518194381369
0.4378652624592673
0.48130979815250335
0.40861787448612474
0.404429433504067
0.39742943785229334
0.47238510165971975
0.4030959131360764
0.5216910974015858
0.46619847342737974
0.478413841040628
0.4718986179952592
0.4316573304600334
0.3382470344355765
0.4030698879354409
0.35922937227695867
0.5228803486476638
0.37164709990815514
0.530105582305598
0.4999493748746287
0.41724763661892694
0.5031612444004923
0.5239810861220144
0.4966695696902776
0.4789750386528139
0.5263690064891563
0.49759285054585084
0.5275679632589697
0.5020277260457927
0.4572106047493659
0.5314764726327774
0.40472918791664203
0.5185114620360363
0.48085686093582225
0.447024954670452
0.4576564725510064
0.4754137719965007
0.4123492426558637
0.481320943177141
0.5384634424572856
0.45158867065872044
0.46315968250650547
0.37777542905210765
0.6118360682974182
0.4953452750038634
0.47870570354184183
0.4500797415220632
0.5345464802357025
0.4800655254686409
0.4989981166811289
0.38505563340821
0.5071620046217852
0.5292754344793806
0.46555167036820266
0.5122246752522803
0.5085101458624657
0.521861844393871
0.5077756788103314
0.3852899746947629
0.4388233888028993
0.4773836145990808
0.5471583027453972
0.5783874406756314
0.5577074875921078
0.5583955133588251
0.49021436151707715
0.4994714464306808
0.5351880768273352
0.5123861897518147
0.5040057253396635
0.5676113642003547
0.5842419907747374
0.4610627168977236
0.58233027073624
0.49819323643623387
0.7008076706047588
0.602235819749555
0.6303502155193124
0.5932121467996095
0.5169020440255196
0.5944385381132714
0.4928508880352256
0.5241189017499317
0.5606905393842931
0.5498474430077414
0.4483418970713645
0.4810569820718084
0.4949550124754704
0.5324365817668526
0.5755805565450709
0.473848314762631
0.5262115410885697
0.5357443705631074
0.6457380381272328
0.5597061817709131
0.5846055432810782
0.4925904140524485
0.5428180473475509
0.539077524410698
0.5814607515050731
0.5839000881989402
0.48798574406618944
0.5670812693777338
0.5298799058122093
0.596677193055359
0.5073376107482956
0.49030032270575286
0.45325955861386674
0.46609168887624325
0.4800493308481045
0.6297832759013176
0.5426841503817513
0.446650509162687
0.5358670600901856
0.5336749291825329
0.5682712851875901
0.46763461075732454
0.44479018370080814
0.394701732095422
0.6052160493283509
0.5584400731891026
0.4662273594730434
0.5571665000937588
0.6152498689873707
0.7383723464764955
0.7336808258335126
0.7017104083049464
0.6875790492616954
0.6274350829074528
0.535773869243527
0.542857881486047
0.4605155550162633
0.6924154370480311
0.539867539687529
0.5109502681181872
0.5580598756764912
0.40217546836041573
0.40489430791516096
0.6121851509028879
0.5358293411453019
0.598007037580448
0.5643076957085323
0.5626736043206582
0.5001817298148591
0.5698426682016638
0.624948153993335
0.5926864172985022
0.606318031900184
0.5921986308204232
0.6326194481053274
0.6834856787374649
0.6704572732390828
0.6466252915885249
0.6627110242558858
0.5661602179765473
0.4955749625070187
0.5122752211710625
0.5341564294351513
0.3913135584828137
0.4650843071662837
0.5348810928535032
0.4969662346155216
0.6551043211612129
0.43797189432167405
0.49528314014361896
0.5677725606010848
0.45457789426364936
0.5246089679362325
0.5090413472084165
0.5956678155676963
0.5453550769075519
0.46917729189759794
0.49683061616921476
0.5180070163376709
0.4542210600943902
0.44790430657070995
0.44762444975021237
0.5376252629219597
0.3883270568623809
0.4430010015632443
0.48839504219373026
0.4206558472912374
0.4149833204692003
0.382971940746804
0.45108445782465667
0.315910781511266
0.350773366052316
0.5166306417601396
0.39956039165491086
0.4077152573317483
0.3199379292282851
0.3594543884987399
0.4341145880697131
0.44256447723142106
0.38526293329778716
0.4173309656931301
0.3662018002474393
0.34210920600374545
0.45319019586560183
0.48793035211652
0.37934916735044105
0.39241950296408035
0.49395677795091913
0.3917764853584522
0.3995006360766139
0.3420166044387497
0.45141365753593143
0.36968879390746673
0.3523990864064618
0.46435923407910984
0.40873504585756804
0.4586091570481866
0.3533719925091825
0.43744222736753147
0.42506270750677355
0.42396797276057335
0.4260159389455339
0.3459516566246826
0.5001174520567384
0.41418872005558616
0.3258310067093808
0.42936338065701873
0.35707606103726136
0.24573920246654796
0.2718417377478276
0.3510319248654924
0.43366452996659177
0.2848628181360444
0.2820871527890523
0.24511281263330537
0.4050806506358694
0.3414022607061864
0.43032004592160156
0.36569263155993587
0.33815741866971244
0.34506998226050467
0.3060061818511787
0.39221853197076745
0.3502432123301832
0.38199814274333505
0.2505233284382067
0.3362730633561316
0.347969047153926
0.2568136195280189
0.43002634228043357
0.4131860674762942
0.3220559659891702
0.40953232035417686
0.3675497600302909
0.4329562532558209
0.3624548403175424
0.39129728020935906
0.3898511541917412
0.34193198919758966
0.3410433051132239
0.4205668242359686
0.3761922192414857
0.3601683330348797
0.37713289154312785
0.43130720995420857
0.4496367335311529
0.387340267541159
0.41130026601315567
0.3885939340083373
0.3891696329192656
0.4303065054888612
0.34065970632160814
0.3998788466725054
0.3876865539522213
0.3694611299408025
0.41324181465303056
0.4880712578942572
0.4296674242842211
0.3488921957604151
0.2534408147005939
0.39885961090579075
0.4263656432542185
0.46143074733371237
0.4635827655629029
0.4042802287255147
0.4109237250132809
0.3778195353048215
0.36614322302542673
0.3323998934751734
0.5074699001689126
0.4060332727397169
0.4247393806831482
0.5709948116141397
0.4694680726810996
0.47124877153042904
0.42751538897251834
0.44928187232109273
0.37833074625580815
0.48971613739383657
0.4513307685722094
0.43832538329945636
0.4345377037753131
0.4753052655718275
0.37868359999918283
0.37561099308996837
0.33802303268378353
0.44395730897473507
0.43293618147329405
0.5282565847907159
0.4849403382101918
0.4190893154418872
0.43048976538262074
0.343916093873054
0.38824087294922516
0.4647822924632137
0.4860693116867225
0.3678778490830906
0.3571034869991946
0.3840506054175516
0.48489046155884463
0.4630142363904576
0.387033677444084
0.36599373796440976
0.42940599232285753
0.36231387988701713
0.31589163001809883
0.4511477755404222
0.34536824802516364
0.3992622694694584
0.40137629820179177
0.4245970496524395
0.3827210194144214
0.35433936512302666
0.40884360267877834
0.2845974135195681
0.4163393362400919
0.2710871425360731
0.34650109057752704
0.43940038542899823
0.430807550282608
0.40165972404643935
0.39898112108084083
0.2708297862551618
0.39622291992840686
0.35157593958496813
0.34871778299256806
0.44425966366911895
0.30464956864327114
0.3439300581158462
0.27163979243605496
0.3651710715210007
0.38513756884523265
0.39525681026239096
0.3265389194678405
0.262171123045164
0.3711394973503295
0.3460646100098703
0.3978344325553674
0.33791226022277787
0.3434914671115847
0.36851672125628077
0.3283983110797196
0.47916522344548684
0.37012366725380685
0.37766037729473023
0.4743356927937147
0.38068089511131453
0.3386687755089913
0.4721201592752074
0.42838072987026093
0.4860485623682276
0.5645987692251826
0.39616175083629324
0.5242817649519036
0.4805352772147611
0.43952565027218055
0.48427728464815095
0.522176222878947
0.4482100518505684
0.4345382090033967
0.47822129576091704
0.5274697962105723
0.3829706584577288
0.33547084479149236
0.4991547442493218
0.35782809138760846
0.3127202518601475
0.34496156669378586
0.3353377041667327
0.3360022271818738
0.32150366997422974
0.4088649099727314
0.36047119342681355
0.2916777397911345
