0.22696870682996603
0.3078340167239848
0.12974897439484623
0.3287581445988631
0.30883461206886376
0.311250668179717
0.29283074774327866
0.37222976707789796
0.31316169927149423
0.22240216036593716
0.4250824156619918
0.30553890289508323
0.29557319219956235
0.15947093198935722
0.3602190071942114
0.31195019814152
0.25755330490544937
0.3104255370902859
0.33629265030459526
0.325824422288753
0.28701850193373113
0.3922103052831346
0.40964018307766026
0.2856628500280105
0.25680905647638175
0.36576919202400054
0.3292624657922518
0.2870324040735153
0.3171419100334707
0.2847723161295116
0.3068918173637027
0.3266067116854831
0.33579237879692125
0.21703923680583118
0.27822110604628647
0.337104628754462
0.2168993737999908
0.32110274382481563
0.3251000668636571
0.18738093682836476
0.2273121745024326
0.39152014946094416
0.2173499860785889
0.23549607535780215
0.127517947831416
0.2217546484507642
0.2398865601339591
0.3298419207462837
0.31824116130648783
0.3576094253791977
0.214111147854265
0.2549353215777463
0.39113182074817043
0.2887879030200606
0.48402186099319977
0.32206006195395914
0.31989431060571993
0.1777455807705735
0.2676437564129011
0.3783046476928097
0.3118223836524904
0.37713085194082613
0.29540275502580654
0.33183891256564113
0.32909606081045273
0.3216210020371167
0.38168636500290454
0.380260010676655
0.2821037244442401
0.4001803675585063
0.31989110439227003
0.372452327846124
0.4654963549761199
0.4272388370927574
0.4664043943383237
0.39646815919405487
0.3875428858010328
0.4862417841579707
0.3444537448925354
0.4455704277956276
0.596277282157555
0.5206171861499478
0.5281106195471136
0.5124693060692114
0.5152031772184675
0.5028702621969412
0.532056235828498
0.5183458417206455
0.5612258682958964
0.5582651321552713
0.631854831516762
0.5287938849747876
0.7087365881704699
0.7222800989820664
0.599715274675529
0.7376413085657764
0.6912033583818294
0.49024499071392535
0.5292687719993082
0.6287906675974155
0.6886503746396629
0.7220254035246861
0.8541416125940646
0.6748389981940089
0.7044177634842768
0.6442909300113703
0.6303277537039655
0.7586472753830921
0.6370046406994253
0.7284268475093169
0.5576393737171393
0.6367223465087118
0.5575987968699474
0.5195105928096281
0.46442800530994294
0.5308600781331922
0.4937073429103413
0.5520610741206768
0.4137668230743741
0.45080572054032264
0.47085640418391467
0.5102682312687706
0.4688767984068099
0.5006815477010673
0.5282797512356419
0.4131343738699984
0.42406108841483303
0.45543895422809855
0.5396573066051575
0.449594146010269
0.31788453999729116
0.3354705842429327
0.5180273172420777
0.41366891937782324
0.456822621812553
0.4696491038102851
0.4589262347042803
0.5387839769178817
0.45574984453479495
0.4132901240260391
0.48423609568650255
0.5023165476926024
0.4253183151279279
0.5146956564232723
0.39095334418468025
0.32579192989885747
0.36688569084160133
0.37974612148160125
0.4298853701682303
0.33394950475139024
0.3916414937741634
0.4062935331432347
0.32268319873461904
0.4903958984590586
0.4280522207661168
0.36238591623035366
0.38785044277730785
0.5319410558646508
0.37842448888686053
0.6071041938167205
0.5838965180448231
0.42087405499538444
0.2999518522792924
0.29280546403891117
0.4075302569987155
0.48159514871258197
0.4759948545633897
0.5949630910215417
0.48339936417625623
0.5320004851515465
0.4714521112942121
0.4765717469528664
0.37490063980178523
0.49719187610782833
0.42387548640748773
0.38977025788159747
0.5682826401552459
0.4774528499600081
0.4187744646057631
0.44844027486807975
0.3745732416091315
0.38482493475180585
0.36156054859583514
0.42899721173562
0.38489684903235777
0.39805556482691
0.49192077190662387
0.32781536902844804
0.2558206972022081
0.40267323487977924
0.4100627602978225
0.3063898457966
0.3554092661070952
0.27866868425261326
0.30306914363565934
0.2839735163105544
0.34527123977240837
0.35120912681299415
0.34677933364967045
0.2823638082174892
0.4144158453706845
0.31411078564459977
0.37057526215333686
0.47344289881253
0.32483633524086325
0.3401913068800242
0.39291860310769827
0.36769911208210115
0.4350644126558706
0.28313574761773336
0.22669937141676436
0.4041316613772183
0.24744248491932394
0.30252853316988715
0.27348447414792515
0.252416242255709
0.2294950469719646
0.3261505338339433
0.20162783819448046
0.2897407784283921
0.18928782391554205
0.26274858220733993
0.2785634367979133
0.291978006539817
0.31485214287792385
0.33633419873818937
0.29447579439777605
0.28196760883111166
0.2391142285440409
0.31109119657895445
0.4436668950660651
0.4490871380184636
0.45302364150440483
0.3483310909710243
0.40095582192510365
0.36520705289873706
0.2765308841791988
0.5172610507618496
0.4295335793039506
0.5403071042846456
0.5333744102086304
0.3880478391108759
0.41893422573146955
0.518792223674763
0.41166243976362116
0.5597941117368108
0.4894345697070896
0.6290822529895538
0.6179245642845234
0.6450283903204561
0.5946137363418813
0.7998108387174527
0.6922574934267856
0.6026184498495897
0.7388807278690042
0.7952430628996432
0.8378882610301399
0.6503839482064414
0.5995409869891033
0.7967159835499107
0.8922890051690759
0.8999947900250802
0.8802486998024612
0.7660374485687584
0.6735050345593522
0.7497258698881101
0.7124800821806885
0.8501712876261818
0.5922210049596797
0.7775454802315409
0.5531434287431108
0.6672111745841635
0.5755542477171128
0.6466287463849784
0.5157748359394961
0.6014415348543626
0.47628265549425836
0.41261217132472505
0.4434715757206264
0.28847186651370516
0.4856614644660276
0.41727437463213657
0.463182116329488
0.39384443089026255
0.5116030275369329
0.5102599517571584
0.563242576555833
0.4660266579333434
0.404696476917367
0.42653495207402947
0.30376365451477483
0.38980052652656
0.4315725596538931
0.38578469990432823
0.49413891500024326
0.4247450445532954
0.42672507020226597
0.3460133477415709
0.26577578740916064
0.34381885800779144
0.4323363945668134
0.47164146615700425
0.4641930771269239
0.321147725869034
0.4138316991197299
0.32132711492600957
0.391318775345992
0.4046921852671851
0.5313757808911642
0.40062813082581283
0.40968441254345106
0.46322663805159003
0.3904931664406868
0.3967156356257305
0.4223361459907029
0.3369088178279246
0.3271105831353849
0.39757682947914885
0.48751480170804884
0.3666134926518836
0.46408485796617494
0.44433876774355596
0.46380810996870125
0.5621686654354427
0.36713095952635294
0.4858387280205863
0.470852200045877
0.6008348131798787
0.46010240984578343
0.4834373783071502
0.41643108966105197
0.37071644003077053
0.45209816262150904
0.5088888048909114
0.5464198182399427
0.589889902764036
0.5768801490488978
0.4611393034592164
0.5525331853388877
0.6381951383945166
0.6122516013470524
0.3789523806969991
0.5294111273995747
0.6112670121185981
0.7526349415641179
0.6601620854543275
0.7066180977806679
0.5943051902420913
0.6141980938467619
0.6234013211793178
0.5488106149035723
0.5962342479468079
0.5458474237839188
0.5378918731551334
0.6443525412055874
0.6005636412906211
0.6527005578967481
0.5966371515178134
0.5939620277457373
0.6210011262273196
0.5413420900596299
0.7201419019932789
0.4825709842336955
0.624551488067058
0.48391079451200575
0.634276983844545
0.6722637104525286
0.4724981703794595
0.5601364738991627
0.5962111538019258
0.580348714889364
0.6037017084245665
0.5849643479491268
0.5611123788967245
0.438326005360031
0.4782432275425678
0.4544190883058514
0.5206868984497958
0.44437736976876563
0.44260566453558514
0.5076013068014865
0.4634295307417817
0.39079909899039705
0.3778002515602379
0.42766965133659474
0.35647620578072536
0.5571046480691315
0.29171363126812855
0.4970752297465298
0.48458122177588375
0.43185414524986504
0.45105350672206757
0.3950170825678252
0.4345027262005592
0.4116438855415464
0.4558158813029064
0.40930190374594966
0.5164290090527769
0.5663121118392285
0.5457345926009343
0.4505333367476871
0.5680248001569574
0.629786254048041
0.6971412245036093
0.4952507911519468
0.7364717211789468
0.5180005086543127
0.7021120517331044
0.6551844699097535
0.6819465288312315
0.8944869486518948
0.8011514608188501
0.4178319466509841
0.61991777313836
0.6868392667004307
0.6820298687034076
0.5330399544010787
0.5966988536058677
0.680262531793794
0.6635417324312916
0.6218492479514793
0.5929687358604995
0.713295062555066
0.3606597642873726
0.5075766057237976
0.4938063109730758
0.5985936892931242
0.5172603634327543
0.33758723319252687
0.49774904932535846
0.3591400944415366
0.4937489045672219
0.32365772803346926
0.2909975536637984
0.3570606359855014
0.5233765185641298
0.42976399117098063
0.30548427298921976
0.18200241818143983
0.3162563243538496
0.31533252680100604
0.3692217187982132
0.3545363532134775
0.2822202106953831
0.1990949031008722
0.3351714783341554
0.22836030572004504
0.160436874454408
0.06585301043824783
0.10419095681410516
0.2578612494540869
0.12983570538970954
0.14733974540183134
0.19187330904377445
0.3473640013966999
0.1537410750375493
0.31488146896268215
0.3391263775144749
0.14640824266156427
0.18484587399955513
0.15797106752696097
0.2251198897343514
0.0026815053865502352
0.08602396801336396
0.21893239927042746
0.3192725554417344
0.2381661310993528
0.22314232050162872
0.1590756599022106
0.26745404861842204
0.1745132297172348
0.3519105591938658
0.28026754892550465
0.15193655398588954
0.2050654748976573
0.23081077502239866
0.27733344296666324
0.09374654984671901
0.21352243107184643
0.2595852160646986
0.30797697413063196
0.23879623033060235
0.11711323234498364
0.19958910338579589
0.19751620281281285
0.10654983603200488
0.20088771881252468
0.1709817541991625
0.26242457936448943
0.3255578562219605
0.14022847524083631
0.3659046430694285
0.22540766272940133
0.25129147669455454
0.4633516544714978
0.5000149053536866
0.5193305740207252
0.3226441250065957
0.3555867461333587
0.33705408053033126
0.23345678798915784
0.39776520709770613
0.542394647197977
0.29144875049837426
0.3230271717534089
0.2922649054040869
0.44291427096391084
0.24066935557069305
0.20284353620052356
0.23629579343646473
0.3610687331631658
0.4702899198866748
0.3242818026052793
0.3379502442105833
0.3380308932523244
0.41550067797199436
0.48786998092029316
0.4543793148275143
0.08307708222709792
0.42473815535104253
0.38933544255304314
0.45937767077195596
0.3748116699961132
0.37684083968624277
0.2399141587155496
0.4814371884250901
0.6214456309082905
0.29789682997998623
0.4964724674058612
0.363862914638723
0.45422125475840236
0.4671546214054579
0.5254654441346566
0.4117973716975013
0.48758006209581684
0.25240528652430927
0.23139569039172778
0.35773427462207885
0.26816382391764915
0.3138621189653876
0.3820972894727206
0.22268016409873223
0.391078425008497
0.22781928273108595
0.46913943217165327
0.28561103284527173
0.2855149454430065
0.3439218000149891
0.23506346677900591
0.39080049760224633
0.2115897010653436
0.2756779345030368
0.2628923126126376
0.3232296627591732
0.2635932262288017
0.2548970342234026
0.19108050878168978
0.43768878003460093
0.3043333983955163
0.15121122623735567
0.3402222961941064
0.2494597350955584
0.29856108747511256
0.45255578814112374
0.24603310491420835
0.36136823713622473
0.3419871655083757
0.3708797679104231
0.2858014331931283
0.26841036424902115
0.3237144854794363
0.09371223611167584
0.3239044381214927
0.228552929704447
0.3727524154863823
0.4400303434974357
0.38433485401924056
0.3745698371114153
0.47527465994297086
0.4622187442762543
0.47846814166561297
0.4545614773062725
0.6758502882729589
0.6864060783347108
0.9654928574818471
0.5281201639419604
0.6153232689396054
0.3787498675801654
0.1922634691600646
0.37494141408782033
0.41769783677197997
0.5134874449435185
0.4986022859901946
0.3273484920206234
0.344689846371271
0.3114465279023497
0.3094063915987058
0.3135056695589167
0.26469220000789795
0.4522129343976732
0.3013857839823134
0.42267563683559617
0.5407784783804997
0.4220749029904469
0.41674724081980535
0.4143289742306606
0.3978082200861624
0.49039210584704185
0.20073059349971023
0.4237174023847174
0.5592813068946132
0.4251908983996946
0.42753793987997196
0.49657727118677963
0.43186374808730305
0.4248107300805663
0.2822274265344924
0.29834035811040305
0.2904312510024904
0.627012765065034
0.4347037761065369
0.4164600898459893
0.5134165012088479
0.24521355689147695
0.3639584387506567
0.34800129435598937
0.362908310946833
0.37444837114395935
0.33918579372982666
0.37103011037089295
0.5905827581093469
0.4264024715857421
0.3490708873362693
0.48406232383831915
0.5519072318030848
0.47561695297571455
0.413577954871884
0.3600399705703401
0.31025239497402995
0.3506937064697399
0.5107268268790388
0.4922364653662408
0.4500791622890994
0.31290225795487614
0.5254959270618946
0.33969647198573144
0.33584653853907487
0.5167983881238515
0.5153398331654347
0.36174285826494745
0.5086766366071085
0.49593385606257007
0.3994940213435075
0.4723098517020764
0.4657136042102493
0.42601393251432385
0.3948752563157977
0.7135066789725895
0.3421217742738024
0.4291979532788898
0.462825867982006
0.3892673591019739
0.4757787677428623
0.504755329712322
0.4142175641607902
0.32314523099036413
0.496245225875987
0.40200290650874293
0.4985520420967535
0.44579182441605
0.4554507249041481
0.45949302487131344
0.3297248616667009
0.545501328102467
0.4276129397602579
0.36319031541750485
0.32190291253574355
0.5003567059599083
0.3730867070000175
0.24671064405181464
0.3656986714345011
0.55600773200685
0.4042298291493059
0.6351870370916203
0.5689724909964213
0.6109672250371408
0.5059702995921788
0.6888150166972282
0.5385299212291201
0.4132316376461879
0.42224064871553774
0.5583319052003161
0.5951337108717503
0.3366988931673399
0.39914678759230754
0.391139755023615
0.4403313954621275
0.7678545111056889
0.4669559549643733
0.2940132330371468
0.7251632749106347
0.4175926860206924
0.5273467445307831
0.4812393804137586
0.5716275496233473
0.6125025541807748
0.6296482625491272
0.5405104404968761
0.28321349462497136
0.4662696826480368
0.2599465569383026
0.4827664480381209
0.6748719204924617
0.6099470484760462
0.4552291899811545
0.42094272976581726
0.5006753836985356
0.3795653142813318
0.4941524174932869
0.5252913504620259
0.5813481564699711
0.6030138198324122
0.4970258831939881
0.4789694870775789
0.37402285586125744
0.45565638798126984
0.5689667390184935
0.4707016830597015
0.4342470183596858
0.5372280106894362
0.5636746434567841
0.5155873002540998
0.502382710732262
0.6006542669769382
0.667801546206706
0.7335850493602419
0.820033601108283
0.73415327024353
0.580195687863262
0.5637564953623777
0.5440089044051175
0.4420479987397904
0.39349382455065435
0.47117423845027695
0.5322625938868794
0.4062731161069184
0.6634933350505975
0.4316949127738147
0.4068838485559704
0.49027310732318774
0.5750445910359692
0.577137131267759
0.44226429810839174
0.3962121956234897
0.6035184594685552
0.5914750472799154
0.5123587912591986
0.5107747182630842
0.5139549533741169
0.7288084240867906
0.6379248739912375
0.6203797149988508
0.5186633904940823
0.5336436569174243
0.6734527279415892
0.7139624418297055
0.47959977048103
0.5466461870329012
0.5801330423262252
0.6472739653822551
0.43839873408664987
0.7195881952928468
0.5376028654367813
0.3491117449073324
0.515479874924097
0.5538534854165348
0.4272101284704507
0.46322925821331334
0.5468953607926382
0.3258426132389642
0.34819563062594067
0.2920257603149715
0.29784670093404075
0.27952848699460386
0.4393678531536594
0.33839389046180124
0.3315026364317851
0.43888218080471597
0.5742042113293377
0.5126006438704388
0.39980367668194566
0.2823440266793204
0.3331280406961082
0.32863112344199685
0.3090112350093805
0.3163997876487579
0.255217104807659
0.24269434503308848
0.4617760059012103
0.3534743844117325
0.38303254691102373
0.3630185122348882
0.4106473629906173
0.3221390996406793
0.30404755256008753
0.29499111231475295
0.3459104980155716
0.3529503446967228
0.4729533987123116
0.4647569550276651
0.34613605190723545
0.5034642626361667
0.4977489580846809
0.5203832105204693
0.4003688631461222
0.3285993600237107
0.49629156504128336
0.4683813644976341
0.5190134496931106
0.26432881334011454
0.49779302609631
0.368830655769901
0.2772571605576423
0.37230631067934544
0.3449261026491699
0.35256136552831346
0.3087699932923036
0.5465165056109017
0.6123724088598682
0.49955461326078043
0.46049550802461325
0.28854533251442316
0.3473250396764173
0.2572005660615856
0.46339982534379576
0.35159983660613403
0.365030028273793
0.23105300705525422
0.3068367001472118
0.17762093221816344
0.3710657821374699
0.2697460143729799
0.20189942011401016
0.45308394756023457
0.2718851093963476
0.5183318455654613
0.41095310321737893
0.39510514399874047
0.26306875541297137
0.4429432759179024
0.37806670427528344
0.2101545443874006
0.3956778772743866
0.23870391377612468
0.27351638117977484
0.4203306048179764
0.3842778122726116
0.271292606461813
0.3018655378266279
0.29898706665672126
0.3962457036268286
0.4693793636344483
0.10834948629688476
0.48397122883371546
0.34919867245226066
0.2791506487703168
0.42659038057969345
0.36890478564463886
0.26969982747057714
0.39811085279721814
0.31309250777404063
0.3390814176246809
0.3135709568268082
0.4255236500724442
0.37684165543296083
0.37596439314025065
0.4822962745733348
0.3651890500877134
0.3945299603180225
0.22764745882476115
0.26413367474182936
0.3388729228349279
0.4924665972030803
0.4604524748110318
0.4812835848420148
0.48089721514831185
0.18521851165696554
0.3308293600699055
0.13712634054563394
0.4618999720669993
0.3528638465184137
0.51830727294875
0.3327443812125426
0.44534405895931395
0.46819702891262727
0.34020261946674196
0.34746515110662557
0.36368957946248265
0.3350139851755208
0.22738672136592614
0.4056909517448173
0.6609833657926361
0.3404127076191752
0.38306674905019894
0.38934818769860496
0.3319270610101178
0.39066985597454196
0.3407321069807328
0.5341902166048699
0.41201067774756694
0.2869893183786604
0.5933974668947595
0.4967393675232218
0.4114071373357085
0.4957362193036386
0.37161692388881956
0.4020335965213201
0.41032942168066616
0.41855773175181404
0.15463214467425315
0.4403113892581516
0.32089748939060486
0.556985091826068
0.38472886703272785
0.523423523987973
0.31288976849565103
0.47045833990225383
0.4466176523293297
0.32122748890721786
0.36727654335952636
0.4242344898375715
0.3668272421806333
0.40250019384579444
0.4646810183967501
0.34866984881228963
0.44485277943826973
0.26975598321364896
0.3418531567549979
0.3425807054737425
0.3749307864456708
0.3388319682569673
0.3697574022673987
0.3813495226522519
0.41329597485345354
0.25143395236169663
0.3788713296239905
0.241625480525835
0.43319901079064194
0.494378635063873
0.3255202799986282
0.16507518334796809
0.2843223366176935
0.4911455656175541
0.2475870616799965
0.41743702894791823
0.31654183698413363
0.2756848255912338
0.35578956880516394
0.2965295521606879
0.17909528460352933
0.3366496289676929
0.20134550002008095
0.450548752541914
0.41484295282380285
0.27573371390270107
0.5854360898908011
0.5133591711295385
0.38082620544895096
0.3866814817407125
0.40202141770094246
0.39138383710265323
0.4563149536752611
0.48340485476665984
0.6154717043636952
0.5523814299594061
0.4816312148582623
0.38975655198839293
0.39125672927906596
0.6164369484224383
0.49892812142882526
0.29498145968405365
0.4832555175794567
0.4592150972699652
0.3927665981549401
0.40050884253856206
0.49605038480165037
0.3625361698346731
0.3327791274140901
0.21385859643358032
0.47814070336954906
0.45459208323175343
0.38481461297944963
0.26206915938004144
0.40151409911364466
0.17002058646780485
0.3270115623529241
0.142303936015525
0.27649292272467607
0.4216585303748096
0.4392201388105623
