0.1923040686519012
0.25605547282478863
0.3157454546339311
0.19675012328379854
0.20339405525360255
0.3589294313816108
0.2536644747541727
0.2816925657114431
0.3362747481769185
0.22197768746480942
0.36074636617957123
0.2631944986588286
0.27278167641354156
0.3257359465929668
0.33458157650474163
0.24111721765425048
0.3478267865130576
0.25688775535795993
0.36110854511541846
0.3045676875732405
0.24841477751828261
0.2826285506220789
0.2329359217887872
0.3572575021243274
0.2781904287489555
0.2929306198626599
0.26870889184547336
0.28602603018325734
0.3707889375187002
0.21794136586339946
0.2622805259966151
0.29963838290492245
0.34047772194486625
0.3220681931353342
0.21741072651347315
0.29882475865845715
0.2652384884784126
0.33419779036275016
0.21232965432041356
0.336126781244401
0.3923523060411955
0.34776377310957385
0.19310309744585696
0.28714865810510504
0.3423380759574893
0.25187190305959517
0.27355757854375995
0.18261181395697987
0.3083134219651424
0.2790887473933016
0.3037477351235909
0.3330191293588095
0.3862749496500257
0.3016131839890177
0.3153241618810623
0.37291073138919406
0.37102598036196555
0.31280776020685636
0.34982034467463774
0.33141945787093496
0.3814040436345517
0.20484447092405045
0.25116616259363145
0.3077538304932824
0.3714063448037812
0.32050316986544136
0.3776005996642386
0.3743032690582478
0.42569982585926924
0.35679032246404035
0.3199888399044908
0.3267949064837738
0.3586587753462761
0.4069760609822144
0.37021894873761163
0.3884906636796296
0.4918710788851035
0.46421835903304215
0.44087601280553446
0.5407416491570984
0.40382818148403543
0.4445411296155543
0.4966758741020522
0.4472256918563619
0.5023159473851445
0.5787317784198038
0.5140469232297786
0.54554972989158
0.4760002502986729
0.5271181539694716
0.6257166359804263
0.5354981157162197
0.6426898452260125
0.5912138970682957
0.5630081145958958
0.5778167181087386
0.6488080346041478
0.6040680797856653
0.6660376500065388
0.5978858893170814
0.6544006392513715
0.6392195483918612
0.5943959715611731
0.6091920067903378
0.6106615645009938
0.6316514408087404
0.5645211575325393
0.49224846585248927
0.5304817683431667
0.6372632812860992
0.6692359876135148
0.5597994044263772
0.61893565391889
0.6186706045060145
0.5288351694173303
0.5870088311461659
0.5198755185752044
0.6031846681519248
0.5440014460552933
0.5377983272169053
0.5701980331883238
0.41891593032381347
0.6088356059638637
0.47693150458607964
0.6111313244816112
0.46775869153169947
0.4494206475680544
0.4490971586817776
0.5140408089468134
0.4988304854439629
0.522429713725669
0.5024124176303277
0.525609456495467
0.55922298679533
0.5826806804519991
0.597194117139627
0.5458385471078903
0.507280048399275
0.4920330881927484
0.5172749730302937
0.5404802113101674
0.45623555812572975
0.42103611337222324
0.40959358077687363
0.4554617832588399
0.4358683972071581
0.4862314139410939
0.3849908875591601
0.34813060293011056
0.4820437706625248
0.35718179753356527
0.3667929801111384
0.30526628762086716
0.4191982955689999
0.4989987415670291
0.3552947535939201
0.3750175382886476
0.4349316324996343
0.456411591863115
0.46887500919854336
0.4869090793844517
0.5183252590246752
0.5381970017472202
0.4146654966052925
0.4868578732282989
0.550396508010572
0.5600856762648527
0.5963040750277954
0.6054722762320289
0.4356045460303467
0.42550504417486934
0.5550613119957097
0.48284715880625007
0.4473157772295502
0.5359976032426932
0.4309125437134299
0.47359237297774215
0.44650304908938127
0.46316165486081223
0.46949278558146934
0.4519123900019705
0.4798294737229084
0.42192398264013586
0.45632273830082015
0.43989968343020774
0.3752615689282115
0.34507817804609436
0.35025852475014185
0.40640076308702067
0.4580483256439156
0.370333693364321
0.3203477072168146
0.3650208426174809
0.38322298554603257
0.3614126873435817
0.3147842447804934
0.3973952824237898
0.3220109157202772
0.34132170473624557
0.3631549507986609
0.35768412693650975
0.4113744497684968
0.369804078830678
0.3987300988869391
0.4128916912926305
0.3824681966653164
0.39023566124979847
0.3306508276762427
0.3184646969706344
0.41402176570795146
0.3509968470525964
0.31610963364566935
0.30741612351105413
0.3727118732409372
0.35452535783558603
0.4633496696005361
0.34257160679860743
0.34170271531654794
0.41358017936824987
0.3389930075646246
0.40519314698827635
0.2848561351890383
0.40265779784498196
0.3235408870817295
0.22094816567602046
0.24413810899929872
0.34322454265445046
0.3591440186249686
0.3035321537033016
0.3533336059843768
0.22228387308423453
0.2802982990672872
0.30168346949666053
0.4157235924045766
0.5055054943390505
0.45162449309439123
0.41225583480226075
0.39291864889376577
0.5048955530966703
0.5195103136898946
0.4754165101508912
0.4600310923174649
0.5916784576776537
0.6071697316088198
0.6064450930728529
0.5446476258720763
0.5564607485606614
0.5507087806482412
0.626790004784042
0.6315492466762791
0.7267265117092983
0.648510708024025
0.7492812458170224
0.7104797612989033
0.7723773531509035
0.7737871120483171
0.7894830381564528
0.6852703020954587
0.7732759428299651
0.7548806816073593
0.8654952821153838
0.8096854793865422
0.7986330405645594
0.8067434795301831
0.8429647457246285
0.8460387925642565
0.7906689586701359
0.7839476568554264
0.8990659958929776
0.7241334876894844
0.7667593492647515
0.5374712292381767
0.5963046174557403
0.6026686147698187
0.45400101088311823
0.5735755811836314
0.6129623515727185
0.49820588702943036
0.4061938476707915
0.510239464777231
0.48917487055459885
0.4803167179529825
0.45716657918279974
0.41053685432895537
0.3593773905154838
0.37985226925088766
0.5239247005491205
0.40098747676921
0.5265558863161852
0.5607281503451311
0.4337459776966539
0.46300690015486234
0.49831731642393495
0.411325287659593
0.45238931994723514
0.5796527895740641
0.3877968774227315
0.4747833972791247
0.3715577661100505
0.4958205813902351
0.5233313499323493
0.4325754570219934
0.447939982938568
0.34129100542600305
0.42830963640737646
0.48220835073602264
0.47860290064957817
0.5084299325221965
0.43632151169202604
0.44767127639459886
0.5095363391193594
0.4534980747159968
0.4555023259193489
0.47841548509474285
0.5891599512406087
0.4788294884993582
0.48269009994606565
0.4964633394888929
0.5236312268808898
0.5778315254898273
0.5702605166821304
0.4972288189626539
0.5086961571739682
0.5969294925884276
0.4657490729349752
0.5161822579005806
0.5470991291211318
0.5730378643015277
0.5515727542276834
0.5291020710929097
0.5917514554030727
0.5736197240894788
0.5905256303712114
0.5061715991684836
0.5005375918743147
0.5579740792822754
0.6187089134391259
0.5855945031806884
0.654152839680175
0.6222276079210165
0.6871814722579372
0.6660027690574238
0.6317020516695702
0.7043292517704103
0.7525587325640348
0.7212767801598394
0.7427435550986029
0.6847220232167057
0.7791322544273452
0.6608486438579371
0.7258708792108497
0.636529014976145
0.7393125075804141
0.6446370531061358
0.7499542735341629
0.7758664582673559
0.7000173906420287
0.6889273003740364
0.775843371391962
0.5946610444794616
0.7286650675179616
0.7328802067626112
0.8181750645546648
0.6221402896336823
0.703143336154905
0.639435496804899
0.5492602778206166
0.8133861260581154
0.7371896842758768
0.6025149313409002
0.5791583556982351
0.6152897415069203
0.6669602375076465
0.630779170086464
0.6725594877966785
0.4717751403696012
0.6097246237538031
0.5820883081522382
0.46136658189211177
0.5202848025166125
0.5210611739782046
0.5160367031026322
0.44956565783286184
0.5501456948885974
0.41620011052567035
0.48998881714641024
0.40817179532280023
0.6078905605434319
0.42981653358087857
0.4548629257363382
0.5235720078649906
0.4242546505959879
0.556214664405756
0.55102632053046
0.5176638319921638
0.37354759346877053
0.4802611084844893
0.4474194170028172
0.54122471092411
0.48396552086315736
0.6351497915622242
0.5559523141302021
0.5655306059332443
0.677112159247434
0.5696126819073175
0.6336905261884993
0.6932891963919025
0.6880886863551134
0.6320845574619964
0.5328745412934263
0.6951858172039123
0.5755663825788646
0.6403523998426075
0.5472484033369563
0.6226814227948116
0.6257738315255879
0.48690302596647816
0.7394317545046198
0.46865885292888465
0.716189095405332
0.5738990053741998
0.5125324142530723
0.572217457526319
0.5107945440725348
0.4196395340094857
0.5542737389212142
0.5219159299674276
0.43780189481433984
0.45939201135724395
0.35409197004869497
0.3717008123638207
0.4342316362407257
0.3988554799801546
0.47318186399071993
0.31953904620827345
0.42875662005646786
0.36353386410046973
0.3974944717424474
0.3688015401491796
0.30226281574840697
0.2858487331656208
0.27806008228953216
0.29988157665556037
0.32705102749534787
0.23578097650118787
0.27079627220604774
0.34079363541008756
0.2093142605974187
0.22446801502543934
0.24768444705260667
0.24030250509054862
0.1692165933032145
0.2842858585079213
0.2812963758577897
0.23443918284225423
0.12192300555542615
0.2293967237675782
0.23795291210710595
0.23607511290389968
0.29788212536380004
0.3446900128492906
0.2813582539227945
0.34017150105234895
0.19570822539758392
0.3282382524745271
0.26765257385953833
0.30292573697389397
0.37749706303921565
0.24546932727490187
0.2939107493982112
0.3097671420230236
0.2269429027039772
0.26897998338210505
0.14198443482326117
0.4289266154716019
0.3107480504974278
0.4035753043927856
0.3040416206132819
0.28630337805951683
0.26087759624091883
0.2238028254336477
0.2851814075973029
0.2565307024253287
0.28351549239780693
0.2774832058909561
0.25052164526017257
0.27928148400911745
0.3113787209688105
0.3138786356298391
0.24547379124953855
0.2651375516128287
0.3063664720552616
0.289350793324084
0.37660452309437464
0.3551197714125644
0.37713960470140984
0.386917265421342
0.4817087872589496
0.39400855905302284
0.39588187877250486
0.3140734008972076
0.29386126323877354
0.3626098002785181
0.4539327663060837
0.3072341683362291
0.3473841690637818
0.30320563396611366
0.33308343309262956
0.42372461972194175
0.36457997129130715
0.3919277609925242
0.49911825840474033
0.4745406148407716
0.4246416161305898
0.4719586291170955
0.43264036707472264
0.5715352591246139
0.5009556157892733
0.4615741296943501
0.41863484653690053
0.5049166556516961
0.5095004914137169
0.40770882579943646
0.45087756552004754
0.37902825478552193
0.38941983426513815
0.4481514332328467
0.37452626618162377
0.41053516471899476
0.27813522986943157
0.46843263157789994
0.49514177956207417
0.38068898851286487
0.2602840626879759
0.4150360188175226
0.36511999613059987
0.32725280435082416
0.294450649069554
0.34762868671923286
0.3750046607954814
0.2983329968455534
0.27797147803329775
0.4795745665392137
0.33026912517503854
0.39666385915848434
0.36941385273346894
0.39814563030635475
0.2888916365979023
0.35078953659117545
0.31162080800368636
0.2225270557799548
0.3332537361893807
0.31348810567293295
0.2823725663292503
0.211441882347707
0.23915137964286914
0.1372910233948665
0.25320203743899355
0.3470198960746079
0.38772588944077646
0.21125123983714605
0.4180490304433651
0.3293338123073253
0.3275881355058983
0.2285778873293074
0.27854062030028354
0.3559507467536093
0.23783446860909563
0.23205173145272895
0.1946639089905713
0.13558938746455218
0.29443176408497906
0.23112430032258394
0.2349986837874036
0.2214842576821825
0.27657004182442324
0.29823544880082437
0.31640158730382045
0.3379198771303338
0.31894080896363924
0.4111230327944455
0.49413781823681835
0.5114851763231238
0.7513493499470791
0.49286790701172234
0.389087892147543
0.40509699081775385
0.34286662664187284
0.3922578886714372
0.17900401818971512
0.3063458938845043
0.32329896173201533
0.23428560975191892
0.2915203018396205
0.3230795246975795
0.30026993915711453
0.33694991177694134
0.2718542785530592
0.3973823024161983
0.23998988801130838
0.40793981685827363
0.2142978707401124
0.34141340401603826
0.23663539442436554
0.32024343169470915
0.1988966773370636
0.37191728956210346
0.14550825684915653
0.3615436110062535
0.2409576355981265
0.25388280254777995
0.2358646984836622
0.2806989232538759
0.45606279181170184
0.31254535927244875
0.3136007927480575
0.274384322218581
0.21785644728892653
0.27778680161475755
0.2652018104372797
0.2042604803169742
0.2761359376405894
0.3175708291142617
0.24305036943415775
0.27542471093527787
0.32237731554591964
0.345549684575297
0.3080588828633381
0.33761927231665745
0.45170579153107165
0.3321552315579564
0.3713521456705541
0.4547125632348049
0.395962547037975
0.27898291133362163
0.39829390377857626
0.3973932405233499
0.3728320266805103
0.3419886935431943
0.2824694179392204
0.34384113322029847
0.43805595490373306
0.33736252313037907
0.39658414011684884
0.33002498350956827
0.3674886479190297
0.4465697403954859
0.4992058079185636
0.3208758016181167
0.3018593070166805
0.36723269687110693
0.37493416538774915
0.36584547853892546
0.36024650264714403
0.3907779575245116
0.47158791129637145
0.35664096917844545
0.3467999004859267
0.34581843403707646
0.22252686820498083
0.3804094562886695
0.39708266706261947
0.28028339612774766
0.35100087932363355
0.4847189308696063
0.4415413550768966
0.20360693838472327
0.3559503916207461
0.47746907197956034
0.4279983731294973
0.3403695268722372
0.2980820293439498
0.3472456144318804
0.3766250869883385
0.3544594692260223
0.4044486727691814
0.39029444925278234
0.38007652537376546
0.45315213914428504
0.33126173962069805
0.3378482090739558
0.38649691804264313
0.4466983839311164
0.5426502892068708
0.4124777987181736
0.5135209037661967
0.46367796386550864
0.6124351467079543
0.4671198617964306
0.35240765701092536
0.6928507659571899
0.5276007996102884
0.4719891416164054
0.3782388046642893
0.469498058336435
0.3744082952683687
0.46430745137933227
0.3375167811584331
0.4752492689366743
0.4213962742154759
0.37396616450876774
0.4206893951686722
0.4655460588280491
0.49361506824661483
0.5516880800509113
0.49816726931613686
0.4134825310746031
0.40842491710025924
0.5114085432848546
0.39039372500795944
0.3671080554485897
0.36955693999332484
0.3324704906827471
0.3931769345457493
0.47347679591847536
0.400259254065715
0.2974268456394221
0.3496315272176679
0.3526208666224737
0.47457361091426553
0.5539829748776852
0.47751048165047033
0.4850400150422911
0.3824976841946668
0.4316080246714833
0.391067677171161
0.2970542798840061
0.39720494898405423
0.4781050147004676
0.40611783952726765
0.4874608686904174
0.3934162783494356
0.45734837744279955
0.5722489482767219
0.43951588363945293
0.5089184764581103
0.5110366552594237
0.5167980548900406
0.4655726338818649
0.5077112303432791
0.5188729045451173
0.4969884141766546
0.4454808098818084
0.30859863549635
0.338759777469998
0.47638963138104207
0.4156032224412894
0.47172648632192116
0.5095957728955345
0.5719268963920076
0.42361457498755384
0.5455592440130526
0.5645331956520181
0.36771554085109237
0.44781566191410743
0.49187039825261913
0.4429940004457912
0.4090962207604949
0.47414068814587496
0.6412419014207041
0.4914993362398538
0.7019281717357463
0.519028131809865
0.42151540022339784
0.5910359620624331
0.4583200131592019
0.5357278475682928
0.33231132635270033
0.42625016338127353
0.4432759529276222
0.36182167190731795
0.379238429204116
0.3374331747861268
0.4948801818473676
0.4516289197302642
0.48536794380304815
0.29222476107458395
0.40680366204516666
0.3738927633200742
0.32693467267651577
0.45266935444278555
0.4255336337595323
0.47864630351922743
0.5311947577993364
0.5252567393275728
0.3413601804869103
0.47531536982188377
0.2546632560281678
0.3761343681540653
0.4080740291745426
0.3569764483760445
0.39462814773590804
0.26166229049902195
0.40473504421558276
0.32551326166434486
0.3412382477318674
0.29449155919633857
0.31999194887662785
0.39044315582007344
0.2621221536272547
0.3446132001761853
0.33813794108581796
0.38349308810036165
0.40026273751901953
0.42176301634537705
0.2862740811999027
0.2413403986805025
0.3259363458138461
0.4028025493049151
0.44055922654222973
0.3359286710376187
0.32892309948653276
0.43609425358528064
0.3120522295532371
0.49117546931568834
0.43373245420951767
0.48631937593169167
0.47497951791948956
0.2796845675395788
0.41388904084673267
0.36751303756060144
0.2966707765304508
0.3673494373457633
0.380543772873703
0.3832292756781799
0.4299979642644574
0.4016851218748386
0.4143942745106652
0.41175337067189066
0.45755422544380114
0.5387244233085545
0.3848138822658128
0.3248986860299146
0.32927637504357904
0.2244542454067328
0.3196884818281968
0.35311642254262776
0.252801475353319
0.37930679585855187
0.2918783184609757
0.33333832948111275
0.36196607760925625
0.3788999802036658
0.24983825342910654
0.28904263018677784
0.3218462143121841
0.2564898985029429
0.2268992228699598
0.28730704027463627
0.4657271313565096
0.3932029171591226
0.34993218763016287
0.2865022508951658
0.289826831144289
0.375648075943702
0.402690934401317
0.41530054140960954
0.26296356993817116
0.36672896898106966
0.2916738269989057
0.4778729819214161
0.4123975827642631
0.36989509847511004
0.39206754440551117
0.3855769187312026
0.4586323664050186
0.3788730587803439
0.4193684717375764
0.5123949050549769
0.2903571523512738
0.35447521425276707
0.3793696500804402
0.47637428971387463
0.4671739361825652
0.3390829649051266
0.5393763560792495
0.3960532376261734
0.40900067843560944
0.39934513262072646
0.29871037002611817
0.4989342346992371
0.5379049619001827
0.42795060204041024
0.48462895413274176
0.3407394117877999
0.4260856176779547
0.4346326386679562
0.34852559561386426
0.5326784581704851
0.46568850061572253
0.4753455728448269
0.5776398878225002
0.5295826563987895
0.5026466430635627
0.5125138192775653
0.5715859366958778
0.5672095079670717
0.5762412016548285
0.5913151140717234
0.47150819698784224
0.593684322701872
0.5057832316089954
0.5293272948566453
0.558649356202185
0.4714691640415276
0.5554410137954905
0.5172045552744502
0.5177348099291545
0.5206282562034605
0.6040342900115924
0.5320344272140712
0.5558457106567413
0.5337768392748837
0.47784674763541235
0.6157554663404716
0.47093744902708357
0.4304161814245606
0.5071777571145926
0.4133368558275775
0.40364223877684585
0.5624210659263751
0.5636375048832647
0.5400912902602593
0.3852514156999563
0.585748980884817
0.49872372681724875
0.5675523223209967
0.601333629809579
0.5927083212771376
0.5885840472147045
0.4607801950693282
0.6194485283575407
0.5395678271719029
0.5789197555442898
0.735157640006527
0.549386101217073
0.5481268081492867
0.5461639726514141
0.548487816323002
0.5264010937166438
0.5705031132601636
0.47184891877968094
0.5713325947723509
0.5400460995102558
0.39457382519370987
0.4918957156105873
0.5223094838741295
0.4324484664331949
0.4806112173781431
0.46504615803260085
0.4503239793065642
0.537998877862398
0.4564977242173413
0.5960971219505204
0.44434664531774454
0.5081239525665844
0.4925055749563241
0.4464660636297255
0.36219413197637657
0.4918896179501269
0.3974619645591305
0.43856247159888107
0.43675573072702845
0.381106049791174
0.4156001087450139
0.4993064113791086
0.4803216563533513
0.5660105680002252
0.3815500128316115
0.5455528271093142
0.4433335724068078
0.46379249239409137
0.4315234649158212
0.5006886688363824
0.41901246652746293
0.6029454303463093
0.5812053596344198
0.49832050535271705
0.4150207351064091
0.5626121080472066
0.5984864590542966
0.5094608182211395
0.5376752073898474
0.40389399523641367
0.7461385688393785
0.4579355937900224
0.5302839566773888
0.4939292150706881
0.5207300469052774
0.4929435716250204
0.4565232982523727
0.287172901758876
0.48903765678377936
0.4299815571780884
0.47837959955396636
0.4741181862561296
0.3560218091620871
0.4776280632591961
0.41529709615861465
0.25797973948133207
