0.3212253371768255
0.2131495227995758
0.2992248293579078
0.07165623646438546
0.292115364509432
0.22883216584768418
0.37463593864352607
0.1619643630606545
0.30775320000597434
0.21456842859916656
0.28564814123340254
0.35674278971816054
0.3232715486983406
0.3346078592445447
0.24136334443564889
0.3721715233073948
0.3685421116305468
0.305169297865667
0.3762191387988589
0.4323032575089989
0.3241228921780951
0.35032037399369703
0.3615969411378131
0.35792272190939917
0.20490493331142742
0.3356234970800412
0.13775932370468835
0.2685017848341374
0.39922034860275113
0.1565277134706436
0.2573745761952414
0.28351231460875537
0.33952175406628526
0.20136513673771153
0.19764610995773152
0.29844816513076333
0.19013337714516154
0.2909204964676713
0.31702836318014127
0.34312129404208924
0.35427837438202914
0.32061296730542316
0.10772332830493031
0.3428972562842591
0.2644242976416292
0.23074395471450124
0.1522411243708273
0.35753438979582697
0.33876002568966285
0.14074201305393336
0.2563888100607889
0.4317805027407286
0.26364763341448477
0.3046017355458307
0.36046181649814046
0.3267217301689245
0.17349483966364462
0.2592116858094484
0.3300076172837662
0.23647932131495228
0.24753185070123818
0.10921243260197451
0.37412811972577775
0.3851358415604976
0.38122264872373157
0.4220871357519454
0.3434797544546174
0.3992800920048392
0.3804011769450211
0.40631487760070495
0.35753438979582697
0.3386554747360088
0.4541693426732185
0.3456305169297865
0.44619359849446627
0.3525756874225202
0.3635386017056741
0.37447164428778396
0.5795707436559975
0.4710020462115215
0.5416635550311412
0.4480157722581512
0.6232132988813048
0.5594372171523306
0.39111018176930085
0.5662927725419323
0.666796110704524
0.4685675025764342
0.6138783923050499
0.8039520260481232
0.4414141263274237
0.5568383791615013
0.5676967424910011
0.6980269741460428
0.7088554657744985
0.6599554911654445
0.6409122817498842
0.7861484922258898
0.6625543291562738
0.7331262228727615
0.6542948038176033
0.709930847012083
0.6609711290009409
0.7763207025824085
0.7721685361372903
0.5738652487565904
0.7041058653085
0.6103535315818559
0.8152734007438054
0.6766687078995713
0.6725016056039311
0.5787044643257211
0.6342508924170687
0.5852314310038385
0.5213209266201664
0.47230146520693617
0.6473197616238257
0.5534778127940495
0.4596507998147954
0.4852956551610831
0.6155213358624707
0.47685689961614863
0.5024868191119143
0.49824503756366406
0.4193240034053739
0.5196331755111794
0.4854748853673472
0.3766522784639972
0.5366899168073126
0.4726748614699864
0.48335399459322204
0.41933893925589594
0.41505235015607966
0.4854151419652592
0.5707585918480127
0.38722686063357875
0.4725553746658103
0.6026466327124999
0.5386017056741296
0.42971935536869144
0.4702253819843771
0.5555240243155647
0.4167550371155886
0.561797081534808
0.5275790479888877
0.44858333457798755
0.4591579167475691
0.32037399369707104
0.4205786148492226
0.4908965991068361
0.3222260391618001
0.45230236135796753
0.38818275506698724
0.5182292055621106
0.42425283407763653
0.4347975445461742
0.37066300240467187
0.39614356339521756
0.39173748749122517
0.4769614505698027
0.4725553746658103
0.48308514928382595
0.5533881976909175
0.3249294281062835
0.39515779726076494
0.46541603811629045
0.565545980015832
0.5163174166952937
0.5716398070288112
0.462652905769719
0.5627679118187385
0.5135244126476781
0.5837677176526818
0.4149926067539916
0.3060057054948994
0.3911699251713889
0.4464325721028184
0.45691753916926797
0.46740250623571755
0.567457768882649
0.309097426552955
0.4539602407659104
0.4046868698938061
0.3404477767986498
0.45545382581811117
0.36134303167893894
0.5211566322644243
0.42703090227472995
0.4076292324466416
0.38816781921646526
0.30897793974877896
0.34930473615820046
0.37465087449404805
0.31038190969784774
0.39548638597224917
0.22669633922303703
0.4760802353890042
0.322181231610234
0.3027198183800576
0.34298687138739115
0.2637820560691828
0.4534076142965961
0.28457275999581794
0.3845832150911834
0.365106866010485
0.3306797305572566
0.3410750825205741
0.3514704344838916
0.436530103206727
0.20793691096739503
0.21831732708019058
0.273475423057966
0.2539841381267456
0.3091721058055651
0.24487326930832073
0.3597598315236061
0.2805251445043538
0.3207772616611652
0.24149776709034695
0.2369273968306125
0.3368781085238899
0.21282093408809163
0.282899944737353
0.3679446776096665
0.16917837886278433
0.17954385912505785
0.11518677281077772
0.2002300120980389
0.28522993741878633
0.22088629336997598
0.47021044613385504
0.2863650620584589
0.29668573476916643
0.2025002613773841
0.4069869908741953
0.327692560452855
0.4575000373396263
0.6022433647484055
0.5229489343270654
0.4585754185772109
0.3494092871118546
0.3447941093005541
0.44475975684435354
0.5147790240915269
0.4802921452362104
0.46074111690290204
0.6054695084611593
0.46643167595178703
0.47673741281197257
0.7110958433527997
0.5122996729048735
0.7615491464161426
0.6374471644287782
0.617881200244948
0.6431377234776634
0.8326437949009007
0.6487984108255044
0.7636252296387017
0.6544441623228234
0.9186742939076665
0.8243992054127522
0.625603034964826
0.6657506011679835
0.8702373306647947
1.0
0.8908338685346436
0.6322644242976416
0.6724119905007991
0.5035024569474108
0.633265126282616
0.5987483757262557
0.5045031589323854
0.5894732125520887
0.5997490777112302
0.37106627036876616
0.5008289397039714
0.5260555912356428
0.5065045629023345
0.44210117545143607
0.46732782698310754
0.3133242722506833
0.29374337221633084
0.3787134258360342
0.43381177841172164
0.47397428046540113
0.4244768718354667
0.2854091676250504
0.22103565187519605
0.26119815392887547
0.3760399085925948
0.4162173464967962
0.3966065747613998
0.3322330590115454
0.37239556106522487
0.3229280241363344
0.4676564156945917
0.43315460098875325
0.5330306334294207
0.632966409272176
0.3445103281406359
0.5639329081594551
0.3949785670545009
0.2858124355891446
0.4454468059683659
0.4408316281570654
0.4660433438382149
0.4613982943258704
0.5463982196466177
0.3326512628261616
0.29813451226980114
0.2785536122354487
0.27395337027467026
0.5082819291144534
0.3991008617985751
0.36459904709273666
0.509327438650994
0.4300180723791316
0.38058040715128516
0.3311427419234388
0.47587113348169613
0.5907427598464594
0.4965124789031111
0.5068331516138186
0.5320896748465341
0.288500888683106
0.582602721311965
0.5331949277851626
0.5584514510178782
0.5090137857900318
0.4297342912192134
0.49981330186847484
0.4653562947142024
0.5503412841844278
0.47107672546413154
0.7054650277060027
0.44692545517004467
0.7560079458724777
0.39293235553298583
0.6721431451914028
0.6077845652920706
0.5882783445103281
0.5986139530715576
0.5492210953952772
0.6790733798336146
0.749167326333398
0.6251250877481218
0.6056039311158573
0.541275222917569
0.6860633578779143
0.606843606709184
0.6918883395814974
0.5977028661897151
0.5931324959299806
0.5736412109987602
0.7632518333756515
0.4898510895702955
0.6346541603811628
0.6749212133884964
0.5359580601317342
0.7405194688811554
0.6612997177124251
0.6418383044822487
0.6970561438621122
0.543172075933864
0.5685182142697116
0.5340910788164832
0.4698370498708048
0.5997490777112302
0.47576658252804205
0.5907128881454153
0.6160888981823069
0.6115932071751826
0.7415052350156079
0.5428434872223799
0.5383328603647335
0.4293011515540753
0.6936507699430944
0.5846339969829581
0.44571565127776197
0.4113781309276657
0.43676907681507926
0.41738234283751285
0.3382223350708706
0.5577942735949097
0.5832300270338894
0.45927740355174523
0.45481158424566487
0.36074559765805864
0.3861962869475602
0.5609905456066195
0.5266679611070453
0.5222320135020089
0.5924902543575344
0.3938882499663943
0.374531387689872
0.5642913685719833
0.5449345062954609
0.46584917778142876
0.47639388824996637
0.5616029154780219
0.34810986811643985
0.5079981479545352
0.4139919047690171
0.5888608426806865
0.5546129374337222
0.6996101743013756
0.41143787432975365
0.5564351111974072
0.6715755828715666
0.801636969217212
0.5135094767971562
0.5240840589667378
0.5496243633593715
0.679700685555539
0.7052559257986944
0.4619509207951847
0.6070079010649261
0.6026765044135438
0.6282466805072215
0.7135453228384089
0.48520604005795104
0.46599853628664883
0.5214404134243424
0.5171388884740041
0.31868624258808415
0.38909384194882973
0.3699012740280495
0.45525965976132504
0.5555389601660866
0.41685958806924256
0.3678102549549684
0.2440816692306543
0.35932669185846794
0.3401639956387316
0.2164503457649396
0.391453706331307
0.29762669335205294
0.32330142039938464
0.43854644302719814
0.2700700491389482
0.16133705733873013
0.18702672023658387
0.21271638313443758
0.29813451226980114
0.308918196346691
0.14046868698938061
0.3005839917554105
0.17695995698475048
0.17279285468911026
0.09399429450510058
0.2690992188550177
0.2798978387824294
0.3653757113198811
0.27166818514480306
0.10325452182874553
0.14397861186205246
0.16974594118262065
0.12083849864830552
0.295998685645154
0.008140486610010007
0.19822860812808984
0.22403775783011962
0.2946544590981733
0.24581422789120724
0.2567024629217511
0.3572207369348647
0.14407868206054994
0.21473272295490867
0.22565082968649647
0.29632727435663825
0.2325810643287082
0.15389900377877017
0.22459038429943393
0.14593222111033113
0.4257464191298373
0.16786402401684763
0.3281705076695592
0.23461233999970127
0.06637790688990784
0.4657147551267306
0.22278314638627095
0.2636775051155288
0.09547145012172718
0.18115693098143476
0.04284199363732767
0.3824473884665362
0.16947709587322451
0.13570564425791226
0.37081236090989195
0.23252132092662015
0.288411273579974
0.41896554299284566
0.23588188729407195
0.3366092632144937
0.24315564649828986
0.16465281615461594
0.48944782160620137
0.41095992711304946
0.3026003315758816
0.3884217286753394
0.3099487700327095
0.23149074724060162
0.42187803384463723
0.23891386495003955
0.23516496646901555
0.3658387226860633
0.3322330590115454
0.10446432572102818
0.30981434737801145
0.2762385554045375
0.2874703149970875
0.37339626305019935
0.4294505100592953
0.47058384239690526
0.33247203261989755
0.4482995534180694
0.44465520589069946
0.3513957552312816
0.3925440234194135
0.2545068928950159
0.25086254536764596
0.3966215106119218
0.333263632697564
0.5387809358803937
0.4604872074440279
0.33744567084372623
0.40854031932848417
0.33030633429420636
0.3566233029139844
0.39787612205577044
0.3794154108105686
0.34600391319283674
0.3424790524696429
0.47340671814556473
0.26079488596478123
0.22742819589861543
0.26874075844248946
0.3847475094469255
0.36634654160381164
0.3180738727166818
0.34449539229011394
0.4306752498021
0.30775320000597434
0.36407629232446637
0.39054261944946456
0.2975221423983989
0.2045166011978552
0.20112616312935938
0.16787895986736964
0.20931100921541979
0.3702447985900557
0.09805684584708675
0.3336967723627022
0.18099263662569265
0.2822278314638627
0.219153734709423
0.2457395486385972
0.18271025943572355
0.19434528699236778
0.2657535883380879
0.2923543381177841
0.28911325855450837
0.3456006452287425
0.49170313503502455
0.398876824040745
0.2612280256299195
0.24308096724567976
0.28470718265051603
0.2665750601167983
0.36792974175914445
0.24527653727241497
0.2570609233342792
0.0
0.19101459232596002
0.41193075739697993
0.25943572356727856
0.24139321613669287
0.28309411079413915
0.42936089495616325
0.3366690066165818
0.27384881932101623
0.5695039804041642
0.89504577838185
0.6828820217167266
0.679850044060759
0.6320254506892895
0.4348423520977402
0.32728929248876076
0.413902289665885
0.3213000164294355
0.333263632697564
0.40498558690424624
0.44683584006691257
0.458829328036085
0.35133601182919366
0.36335937149941006
0.45006198377966633
0.4322136424058668
0.3247800696010634
0.3368183651218018
0.3040789807775604
0.46550565321942255
0.5223963078577509
0.35526414051648164
0.456992218421878
0.5139127447612504
0.42147476588054306
0.5082968649649754
0.5204397114393678
0.45791824115424257
0.3953967708691172
0.2731617701970039
0.38988544202649617
0.5365106866010485
0.44416232282347323
0.45637984855047564
0.27444625334189654
0.361357967529461
0.4034920018520455
0.415739399280092
0.23385061162307888
0.36561468492823324
0.33309933834182187
0.44995743282601225
0.4174570220901229
0.5044583513808193
0.21807835347183843
0.39470972174510477
0.36225411856078144
0.38955685331501194
0.4616820754857885
0.5039355966125492
0.44165309993577584
0.2897704359774767
0.4366047824593371
0.4490314100936478
0.5958956282765522
0.39923528445327316
0.44157842068316583
0.4092423043030185
0.4665212910549191
0.32966409272176
0.38697295117470465
0.2202589876480516
0.3074544829955342
0.2901139605394829
0.3773393275880095
0.3152211252669783
0.5219482323420906
0.3851806491120637
0.44256418681761833
0.45517004465819305
0.33335324780069603
0.40571744357982464
0.2540588173793557
0.38618135109703816
0.24948844711962123
0.42643346825384965
0.49885740743506635
0.3621794393081714
0.38981076277388615
0.4323928726121309
0.3256314130808179
0.3981001598136006
0.33616118769883346
0.39370901976013023
0.40647917195644706
0.37444177258673994
0.3424193090675548
0.5194987528564813
0.4277478230997864
0.3509476797156214
0.40858512688005016
0.436350873000463
0.5985542096694696
0.37244036861679086
0.3853150717667618
0.32351052230669275
0.3662718623512016
0.3194330351141845
0.2875300583991755
0.44982301017131415
0.35819156721879525
0.4159485011874001
0.5483846877660449
0.426926351321076
0.4399056054247009
0.7217301689244693
0.4658939853329948
0.46396726061565574
0.5665914895523726
0.6692455901901333
0.5329260824757666
0.36673487371738384
0.46941884605618867
0.42274431317491373
0.4358281182321927
0.4787836243334876
0.3574746463937389
0.5050109778501336
0.39863785043239286
0.5163323525458157
0.38011739578510295
0.5276985347930637
0.33177004764536316
0.5540453751138859
0.34319597329469925
0.5505503860917359
0.563768613803713
0.47243588786163426
0.45579735038011737
0.4540946634206085
0.6167012680537093
0.3909906949651248
0.47894791868922976
0.5071617403253027
0.5951338998999297
0.548698340627007
0.591877884486132
0.6350723641957792
0.5587949755798844
0.4526458859199737
0.45107762161516285
0.3449434678057742
0.32845428882947736
0.4015802129852284
0.5344644750795333
0.41345421415022476
0.352187355308948
0.33574298388421725
0.618015622899646
0.4373067674338715
0.6897375771063283
0.4492853195525219
0.6419876629874689
0.580795483398802
0.6241691933147132
0.5928636506205845
0.5765088942989859
0.47055397069586125
0.5737009544008483
0.37814586351619794
0.46638686840022103
0.4052693680641644
0.5383328603647335
0.5668603348617687
0.40122175257270026
0.5044434155302974
0.6226009290099025
0.3524562006183442
0.4855645004704792
0.5589592699356265
0.46805968365868594
0.586276940540379
0.5401998416799845
0.4642659776260959
0.582513106208833
0.5514017295714904
0.6397920929607337
0.45935208280435524
0.4880139799560886
0.5614983645243679
0.4109449912625274
0.46950846115932066
0.528086866906636
0.6165369736979671
0.40628500589966093
0.599315938046092
0.4040147566203157
0.477573820441205
0.35696682747599057
0.4305408271474019
0.32488462055471745
0.41340940659865877
0.45714157692709806
0.3963227936014816
0.455005750302451
0.5435753438979583
0.33342792705330604
0.5265484743028691
0.43591773333532474
0.39007960808328224
0.4338864576643317
0.5075650082893971
0.5215001568264304
0.4458351380819381
0.38512090570997565
0.5185727301241169
0.32345077890460466
0.44198168864726
0.3215539258883097
0.3803563693934551
0.36449449613908264
0.34863262288471014
0.3775932370468836
0.4065687870595791
0.36086508446223464
0.2852896808208743
0.23960091407405196
0.32834973787582333
0.2976117575015309
0.4461189192418562
0.22122981793198215
0.2502501754962436
0.5182740131136768
0.3382073992203486
0.3224500769196302
0.26190013890340985
0.41045210819530115
0.3648380207010888
0.43874060908398427
0.2288471016982062
0.3475572416471256
0.4065239795080131
0.28627544695532686
0.4050154586052902
0.22503845981509416
0.49313697668513723
0.462533418965543
0.4319298612459486
0.3863904530043463
0.47528863531133775
0.44471494929278743
0.3095903096201813
0.4582468298657266
0.30820127552163457
0.2627066748315983
0.44126476782220364
0.4854002061147372
0.30549788657715116
0.3645841112422147
0.13988768240407448
0.2736546532642301
0.2879482622137918
0.3620002091019073
0.22693531283138918
0.22630800710946486
0.28543903932609443
0.47899272624079575
0.34395770167132167
0.2985377802338954
0.22326109360297522
0.4168297163681986
0.4461189192418562
0.38579301898346596
0.2806595671590519
0.22033366690066167
0.23470195510283332
0.30881364539303685
0.39787612205577044
0.3076934566038863
0.27726912909055607
0.11243110838946722
0.21643540991441756
0.4399354771257449
0.23029587919884098
0.45381088226069033
0.3188505369438263
0.21377682852150012
0.5269069347153973
0.36210476005556136
0.36158200528729106
0.256523232715487
0.2560154137977387
0.24058668020850446
0.3147581139007961
0.34413693187758576
0.29883649724433553
0.492509670963213
0.23812226487237315
0.2376293818051469
0.3118306871984825
0.3412244410257942
0.310874792765074
0.25065344346033785
0.2949979836601795
0.42894269114154704
0.294057025077293
0.3981449673651665
0.3976819559989843
0.3673472435887861
0.4116917837886278
0.3514853703344137
0.3659731453407614
0.2758950308425313
0.37999790898092684
0.31980643137723475
0.34921512105506847
0.5728048033695279
0.45286992367780377
0.36280674503009575
0.39223037055845145
0.3021671919107433
0.2867832658730751
0.4207727809060086
0.34564545278030856
0.47962003196272
0.5687870595791077
0.3741729272773438
0.5529699938763013
0.4479709647065852
0.28322853344883725
0.297716308455185
0.3271399339835407
0.2520126058578406
0.4307947366062761
0.47515421265663976
0.5941929413170433
0.33983540692724745
0.3095156303675713
0.35386017056741287
0.3982196466177766
0.3977566352515944
0.36743685869191817
0.352037996803728
0.6054844443116814
0.3511119740713635
0.24609800905112542
0.24562006183442114
0.28996460203426283
0.30442250533956655
0.42343136229892614
0.3930817140382059
0.4523471689095335
0.4518692216928293
0.3468253849715472
0.48075515660239276
0.3309037683150867
0.2706674831598285
0.3149672158081042
0.23978014428031605
0.3438232790166236
0.43293056323092316
0.2681134527205652
0.08836198527325138
0.22226039161800065
0.37108120621928814
0.38547936612250383
0.3700058249817036
0.33959643331889533
0.45853061102564485
0.20406852568219497
0.4126028706704703
0.18799755052051437
0.30691679237674185
0.33620599525039957
0.20120084238196942
0.27528266097112897
0.15519842277418483
0.39357459710543213
0.21373202096993413
0.24299135214254777
0.27223574746463935
0.4657744985288187
0.3157737517362926
0.3450032112078622
0.060564873866742336
0.31381715531790955
0.25340163995638726
0.3423446298149448
0.44620853434498825
0.23641957791286425
0.3552043971143936
0.13045121204426985
0.42844980807432076
0.3381028482666945
0.3971143936791481
0.4262393021970636
0.27613400445088343
0.27535734022373903
0.31940316341314057
0.5725210222096098
0.3775633653458396
0.511179484115723
0.37593535763894076
0.4647289889922781
0.5833793855391095
0.41824862216778935
0.47712574492554477
0.35677266141920444
0.43057069884844595
0.5640972025151972
0.33916329365375714
0.5921467297955282
0.6210924081071796
0.5454721969142533
0.5295953878093588
0.3344585007393246
0.43802368825892785
0.33248696847041953
0.30161456544142906
0.43502158230400423
0.40411930757396974
0.28358699386136543
0.3123982495183188
0.505488925066838
0.44465520589069946
0.2344629814944812
0.3677654474034024
0.5010529774618014
