0.3044173442140783
0.44006745810500825
0.4373136296416863
0.4064688911641177
0.4408905514932119
0.32132202375990837
0.38062146243851824
0.42845849476550113
0.2524361752011176
0.41700335482244966
0.3987328796317924
0.3340637827919801
0.4413506425164632
0.3652148999500108
0.502319410932608
0.32327771968349395
0.40987395037869023
0.2909343020408395
0.38927562154980233
0.3960799914945696
0.35008063067792444
0.3687170424434584
0.4329711772715357
0.3278642882537369
0.3603078222142753
0.34471296663384854
0.36797454600822777
0.3312796521970805
0.3402003962173392
0.26714567681383145
0.37547479327203837
0.3356195107724854
0.36440248844055534
0.28591192856868997
0.49315389524456216
0.3674948705687744
0.36612302690633236
0.3802516756658903
0.346999432346042
0.2482872401432331
0.2687531507979968
0.33434027176419345
0.38430961604493813
0.3369400411553751
0.3986766651932173
0.3657869620253258
0.40844045095863823
0.33252332840553334
0.3538564872603515
0.3367186354498145
0.2999587469655375
0.36003527751638187
0.4250676690504921
0.3647993992493431
0.3773691320068942
0.4396438261307826
0.24316566803819095
0.34909429891035715
0.33834033559848
0.3637916452260178
0.37210706322594705
0.4154349168370265
0.4420779608351681
0.28590239908789644
0.39583163976488994
0.42536871952469224
0.4306663680340871
0.3590801255654028
0.523909769141963
0.45357721310259735
0.35434538123799497
0.42577650610746726
0.5604117077610428
0.40931796525920927
0.45531723643859084
0.5141874084547899
0.5481328482120376
0.4186335364653958
0.6474796703184064
0.4859725324806564
0.5060470559770551
0.5425708563852326
0.4941237784200183
0.6205841962744351
0.5655426666324443
0.6525715290455572
0.6102583765041919
0.5989576688263467
0.7161819413146799
0.6584448006019328
0.6580123984810035
0.6289629835584805
0.6172137637744048
0.7871731771921444
0.7217873260399319
0.7528460389763009
0.6267556921617846
0.688321956282173
0.6817826140417005
0.7026117396491254
0.7195305498910153
0.7090883661072818
0.7079084141924318
0.7344601389457803
0.6706677708639334
0.6443207061621322
0.6799423949901093
0.8400957301525775
0.6727772385530567
0.6008757830443306
0.6260186579280292
0.5554841361537101
0.5000231290937982
0.6628194823758522
0.6578572799871016
0.5196743192522125
0.6087067443147043
0.5145008311557022
0.6047670947738266
0.6127916295780738
0.5773432921256794
0.46086154276241026
0.6135754710641276
0.5860488600669647
0.46341320840490474
0.6466931542570575
0.5794316065988656
0.5968175713416133
0.5855201906300527
0.5228055649144946
0.48552125848596306
0.5271106659833459
0.4492989048019987
0.5696785208051993
0.5166637791396886
0.6628664834208084
0.513858376220144
0.5809408826925928
0.6013383204458633
0.5484095974787422
0.5035529124752178
0.4323669339844854
0.38385688417646635
0.5240146193595017
0.4530870868514949
0.4641527701548629
0.5429246517533938
0.5797091747012059
0.5543993652557424
0.470156313804559
0.5226309580483035
0.37054901139137714
0.5301535281177248
0.41963322640683826
0.3537257830828474
0.36779312909828876
0.47636994732391774
0.3967365116130541
0.5579782238512455
0.5360778656739521
0.5646846542947399
0.40463426616651044
0.5260282922803812
0.4940984409316206
0.504594877318147
0.5484140174021925
0.5449828262602965
0.532862561470232
0.4841642547454338
0.5842482355016223
0.5510769924780712
0.4818920740814179
0.5074486439973254
0.6229462794865205
0.5074233852491338
0.4966067579589801
0.5132724278170443
0.6174337982150985
0.5247134792497603
0.49579123633930444
0.4988115416925896
0.5270924457600203
0.4978969458737616
0.44765331368686845
0.5651338214415507
0.3721510976861522
0.4488142005225505
0.6241600512759801
0.34704793725684246
0.43927799919062227
0.4912799188629381
0.4928408836088927
0.47152533700111476
0.44554720448066865
0.2657311965638198
0.37512820072956
0.2698328428715967
0.36134933862886615
0.48306398797669203
0.4015845998223378
0.38205003127923975
0.464681682498641
0.42769049293344863
0.4046024827740564
0.29569396945763177
0.37157519108917514
0.3724719022712789
0.3172335422845863
0.4328594423017173
0.36711690620377124
0.36773430489009723
0.31183997724425666
0.38028752653606357
0.4024378329286884
0.29377669865739353
0.32598168721955634
0.4405769657525428
0.3729589583642496
0.3303777099219723
0.3929925182104693
0.4638462512203243
0.30060607452565297
0.34044568748792897
0.2725074333040996
0.4087043817615368
0.3493086501026457
0.3775680756488886
0.3680266294225546
0.3785423392854131
0.3753400194896436
0.38722026512662244
0.2547992649610713
0.3477458535394618
0.30784817811785353
0.4837814922616118
0.4596920497706284
0.3640869487734021
0.47329292130897077
0.513825233934705
0.4682908734705491
0.5095396111061365
0.5406687681434937
0.45230035165221205
0.5836152857520186
0.4924813930141676
0.569320017625669
0.7381627599854731
0.6386209153019571
0.6729365566638543
0.5818972911743374
0.7652584394177874
0.7607031665491916
0.7207537775943812
0.8279111468657995
0.7669102639138046
0.7172853893271974
0.7663359008065885
0.8453694628768483
0.8258923225733819
0.7875405900123239
0.8064257102826451
0.8215940657017207
0.8927269674661026
0.9014148818306935
0.8687764719800288
0.8501512136394945
0.7712827498856645
0.7140388705586018
0.8219956725830324
0.6443554525396787
0.6649395798576473
0.574025353564539
0.5967449325586444
0.650091397166983
0.48763514810091424
0.5322837105981199
0.5313786058473864
0.5089158018901793
0.5332507800943194
0.5253850094280011
0.36443404668664214
0.5356584416426917
0.49898812699448425
0.4448484175973768
0.4536453329538062
0.48491806257121434
0.47643478278477047
0.5009257518004826
0.40865063991671485
0.5534760832222729
0.46747906105622167
0.3377294355928384
0.3911188824902
0.3544241875105023
0.3362478697613457
0.40615685858655104
0.4117240251495281
0.4553430157892061
0.3916024977174336
0.47213692897260584
0.5422732419567254
0.48050568125697707
0.44023028003316417
0.47374673954232027
0.3703023180534743
0.3405230419904084
0.4591712005526079
0.4974569241733447
0.44863702762028945
0.40376340946555334
0.5255035296989723
0.402278300251186
0.4867185235774847
0.4673188454567307
0.45989996079905615
0.5957413743976196
0.4228593254473626
0.4854429482445206
0.42249958028348056
0.446904713709942
0.3498777818238241
0.6061548682442408
0.4457005355695881
0.4495183067647531
0.5492535227992841
0.6076733662381488
0.42638271035713154
0.4595559379209285
0.4838221977946586
0.5790120075849597
0.48569171708449743
0.5197781772739738
0.6016236215633388
0.5290483592898039
0.44191413181556766
0.6420170666446555
0.5091428679536778
0.6591484909704481
0.5409591926217119
0.5179667407791015
0.6893130851822973
0.7506517583185783
0.76173598750983
0.7055384617882023
0.630149924781784
0.5751029731557287
0.7228130618357848
0.5560014797328515
0.7096637743600254
0.5778431923471318
0.7150507800999933
0.6114251654666967
0.7563365200192566
0.6651496756986693
0.7079383266406722
0.7030285346961944
0.5562463600609441
0.693624301645889
0.7191619676445883
0.698348381212541
0.7473169056381281
0.6271468529817991
0.7338047793033596
0.5980163296028674
0.6370113515258309
0.6797755175413301
0.6846665938026105
0.6498753919676675
0.5498372387540565
0.6276645655781786
0.6808796627289213
0.5785515646267843
0.5293819095151968
0.6691240567432435
0.5925732113209228
0.6334368216430176
0.6020468066866109
0.45512548369496775
0.5815169163937813
0.4921719867755625
0.4905645104903939
0.4766502545540309
0.4872675507170426
0.6198585006169713
0.46108942445038104
0.5342251298907671
0.500222029790572
0.4154162049151604
0.47624999519881556
0.6151989987776336
0.4767009357837705
0.46772479801439093
0.6569513324267007
0.6075626939988032
0.5049731625821938
0.4495139180855753
0.46297993339418214
0.557139734181265
0.5565210447193791
0.5735681096496537
0.5484019344788366
0.7420011175388372
0.7471918649118685
0.7441824800020151
0.6709863887259306
0.6848844005359785
0.540528447235789
0.6787952994686725
0.48808952354578694
0.651346668044879
0.801493458586387
0.5473138829862915
0.6633491453193054
0.669555973571094
0.7396597349121854
0.6284624702855872
0.6165651878924843
0.6738163032396434
0.6031597405282205
0.7012752138095157
0.6696589351476869
0.6052483014265451
0.5948601331264887
0.5611531648566184
0.40561315937775333
0.45056128821567154
0.486642590918424
0.4348825660319151
0.4484915682921269
0.45636879956589793
0.44462604215519363
0.4130698704174563
0.40216965074302147
0.39033386827817934
0.45487165314938227
0.31493566814486307
0.3518853865145581
0.3275940502843921
0.43866794521993097
0.45540967106497476
0.23933772854130603
0.23857088686313205
0.23476612637692315
0.3695176290343503
0.2833571047529897
0.2950354091539728
0.32726584843018647
0.1780502534906943
0.16505940761473703
0.22492464695766873
0.1959613027256343
0.23459612163520643
0.2542417678553669
0.22279847369336617
0.24606115188867073
0.34354583913139214
0.22674758588515412
0.33464579360553315
0.22978841946349657
0.3039372403279277
0.464577580137874
0.2893978918862147
0.2746727936532837
0.25808212612297765
0.358951841349806
0.34505547040021245
0.30864798960445056
0.3155561811414862
0.1400839306493568
0.26155648144592364
0.3068651696672705
0.2626800970476831
0.3761117465252778
0.2487478742616995
0.20243263660323055
0.33537988968276894
0.3332666742792024
0.22747417131331504
0.36982474472239574
0.20790692250515852
0.38264680174574395
0.3184384661446563
0.28932430091036604
0.3413850727013006
0.2948228847331344
0.20193314249530198
0.17258361773443176
0.3358399948623322
0.4157341938099377
0.369007104444038
0.2768147007796051
0.1783978700239588
0.3223845934797626
0.36444305607701294
0.4621756741152786
0.4841649540441662
0.3352871529313502
0.5152483511906936
0.4125577448117856
0.37154124829413104
0.34183893051930014
0.3585895975701421
0.32369381326148383
0.2941300574318415
0.45546702435106734
0.44244377418110653
0.3652047098803204
0.38838261137311597
0.3610605176072301
0.38063336889030985
0.4251853413449802
0.5134512528770063
0.4030565293941702
0.4681200619958198
0.5196165410393286
0.43776765398569323
0.5054956890679867
0.44749042942770556
0.5311835179657931
0.4056147907790708
0.4201701922364489
0.46540520410440034
0.5184724934587528
0.37389190785463455
0.46098503122712536
0.36943194836141696
0.4219120252257117
0.4464251522178982
0.4249684943340304
0.36864636521042693
0.523829040994804
0.3534781302725855
0.3787112646669538
0.46244856566581327
0.42081545547160726
0.4547189094347235
0.4075820008046169
0.360303709759458
0.28028162849082017
0.3447574642755156
0.40276542198290743
0.3872100868549001
0.32430706844194124
0.4115122345271015
0.3275338943530471
0.35162067784446027
0.29137641415743204
0.24467730434091348
0.37106695557341657
0.26536242537136545
0.464482583601733
0.38257679385560833
0.39818336226525747
0.3385385057777165
0.151539849535452
0.45961460302700224
0.3718603709327047
0.28281927998052325
0.43500110303248074
0.39831732389076185
0.4114541197030679
0.5244533139148498
0.09929267495919006
0.3387212455302735
0.493034003130996
0.2524110852329158
0.402394805361577
0.36313019475447844
0.4381432244579579
0.3388092271664713
0.43749056136174497
0.3986318239494064
0.28287453227182735
0.4248493862200467
0.48203751317939897
0.4146346601435265
0.5420107393852635
0.45459689192593256
0.4323630428338435
0.553373424365769
0.49504667239888145
0.5168165785269494
0.6989068252733411
0.8820831610327953
0.6903405868618927
0.738179162447177
0.47588870299224606
0.4471866347876572
0.5895518237453602
0.4729334761907164
0.5216747513270032
0.5544983169277751
0.44018246807544276
0.48291658549939226
0.43712383570785573
0.4785665238906301
0.5289063694650218
0.388603835855755
0.5044827061309075
0.36149792471400893
0.36534183494371447
0.5265827365370142
0.5442141622024852
0.4149765144891732
0.39340648701397457
0.3792058574824633
0.45079979828667005
0.3333186518797703
0.6469323343759893
0.4343142623176601
0.3906588940296051
0.5214588180516364
0.3772148863992607
0.48496709457874476
0.5049962486316715
0.4272418013538941
0.5429836601125275
0.4318016257322157
0.4289173782429587
0.4334585936876709
0.4739431329936276
0.34537694181350553
0.533842319806979
0.5300416710207241
0.4488992402038885
0.5413087475990332
0.41729034505782026
0.41549939843756517
0.3262668627708084
0.49230463441990696
0.38831898295616657
0.5425877205320837
0.569619440891434
0.3749658335610081
0.40602423291152323
0.4121408980622527
0.43302915828572475
0.6139655720425928
0.4264318310264465
0.5589836826804442
0.5616910027176146
0.5137157468805327
0.35965825270881935
0.47513552877157184
0.5266874747318859
0.546737836614262
0.45966884256154905
0.44570418282397906
0.5374005570535334
0.6588917828080749
0.45203411083962436
0.40824302978068994
0.5359668220451462
0.46373449907874403
0.4261166524285886
0.5481946088569967
0.5240977259731441
0.3711388935102582
0.31061396625013804
0.545453927481635
0.5697474168446195
0.42497564267116267
0.5434877090472628
0.5109083539023547
0.29680061920318906
0.3642813266749683
0.5258516690277576
0.43156861442335104
0.3572813790830497
0.449115304623002
0.44905128790476756
0.46783907240634026
0.5347413280598942
0.6249131259612442
0.5335036917963512
0.5447121492180803
0.4702221792508296
0.6141196846839411
0.5436018581451916
0.6425751683332174
0.5321123895014905
0.5509152440553977
0.6043094405102145
0.5324365090971191
0.5455293658457625
0.4542910842392987
0.49148700202367634
0.5668348378995035
0.5761284632804285
0.49898532230034875
0.7260123599976682
0.6091913212572811
0.6042364360338126
0.48840056336090093
0.5233672687382858
0.5583526604039589
0.49048680844460646
0.6176747276686048
0.505866264139313
0.4821985928125222
0.4934025871455572
0.5073826291633172
0.44575436250772826
0.5481113493498679
0.45467874009768344
0.7033614026875429
0.6012966352233793
0.6272584893435849
0.5089879284533031
0.5328367974271229
0.6270056771359748
0.4296710252066307
0.5717641268348205
0.4645141761084427
0.44550350420638785
0.674609290471257
0.6970050475266252
0.6056112154957376
0.6311056447273954
0.5696437031045121
0.6022148936671923
0.5316920618086534
0.5169803695135299
0.6520945474289129
0.6081327135524125
0.3273776062996524
0.3806816536344053
0.70594281792235
0.4707616534995228
0.6139505580031972
0.5511599472029504
0.5690076875170105
0.7559875382243266
0.8271463377434674
0.6364257533462943
0.7819919064992747
0.8059460328057009
0.6002654947842485
0.42456525311533544
0.7332368069262268
0.4898426414524213
0.46081528451043763
0.5707751698881401
0.6513229719479321
0.5228031285380155
0.5422475990962036
0.6413181292947994
0.5186237225608911
0.6673421392039797
0.6324542604115748
0.5049665728888669
0.6652474613642614
0.5208163757253892
0.6340969877441759
0.6063832591456846
0.5719500525744987
0.649206904118072
0.5889847207668814
0.5217004275920903
0.5170242619429031
0.7201433487815591
0.5143791800942292
0.5581173190508033
0.6452602065037998
0.621139602380945
0.5995282301926838
0.6674391064474966
0.513795355087395
0.5783314562572633
0.4524216771081308
0.43934063351813685
0.6220069950835624
0.5615560110337515
0.6178941947718827
0.5568745006284052
0.4763371886533109
0.5987859350319613
0.5992810531322567
0.41388934812505795
0.7344700040048557
0.6297072675218222
0.5666851858937307
0.46923112224907937
0.5383653670344758
0.47138168242878764
0.4933209279348958
0.42515379442531503
0.2768100516668718
0.3826911268287701
0.4197550480149084
0.44888075656867943
0.61999314318533
0.4102944596384744
0.46269952073849074
0.4465535977911787
0.5317420697071467
0.44977769424528946
0.2883953812499525
0.3951796758036756
0.46284543976560977
0.41673493919616666
0.33196960923140306
0.3470398290308812
0.42236835813961476
0.5160964531886013
0.43420995137050844
0.4686404550550924
0.44368654839094057
0.549985613604179
0.60770698474517
0.5682661576754544
0.6295476463114262
0.6511991019049395
0.5602694765708638
0.4360669284012129
0.5196746890884908
0.5308378343891751
0.47512204050650475
0.41831309082765866
0.5229280019889383
0.48720936264914094
0.4164240232192946
0.38375810513967734
0.5209605884360766
0.4130307796201096
0.368742290005912
0.37105138886927724
0.5064603957957523
0.37788462279980817
0.49110783862063534
0.44082103645109905
0.4329431444144358
0.3114244526312945
0.39547866728059633
0.3192582598940217
0.3828902353504907
0.32603882857769606
0.5359276012384775
0.24928289126690056
0.3745838084562924
0.3807034221368142
0.29157631594314265
0.4687573146031046
0.43551618842837736
0.3739966940489703
0.22096899927747024
0.36491494755929355
0.45294317161649017
0.40161152819315754
0.2915355178620981
0.45058990736865756
0.37652705664700215
0.23198766312766972
0.3580711729292376
0.31494506815790013
0.47018168333132554
0.42759898993071377
0.43917599971373283
0.43375321284216306
0.4302491746303435
0.4227203900986171
0.266431322626632
0.4151884919703132
0.5428738033337568
0.3264566564609018
0.4159967986258314
0.4590639175816491
0.42124317405801
0.3946597248451428
0.4536483133136802
0.38176637283357234
0.5792846047761018
0.4666069532620031
0.5268089562214239
0.4187884057668186
0.1638900178008766
0.4425690951878362
0.4563635009471212
0.3158690363407776
0.4622746771749523
0.43712280577426577
0.4759947691970604
0.42599474121830516
0.40078422950545906
0.4229443245296453
0.5638389304362375
0.4078057069657203
0.49885974998603333
0.4916971839110631
0.45275146408308553
0.5414534441053976
0.39708177304129944
0.5742461403953177
0.470326940553232
0.3575500200201042
0.3073181146699816
0.45897192023504346
0.4336865637223999
0.49002543426727524
0.4462389441038379
0.5464414425333666
0.5432622255554994
0.38520553054027906
0.6519207997418754
0.5187180267781905
0.4882913617868402
0.5022841331665
0.42885052399063134
0.42409454545142633
0.3156453472819008
0.3685434242275014
0.4528106768273708
0.5071848553610996
0.3308417965498228
0.4370953384905566
0.34046308847843976
0.3168324766502758
0.3900057668517549
0.36744041038720354
0.2777618784403111
0.3944198747923642
0.38909603476623517
0.39511527493133086
0.41265557003002473
0.392998908169199
0.39468929801843533
0.36376182647871186
0.4565916053966503
0.43637363729580225
0.517374607100729
0.39791063407234856
0.37366542368976324
0.4369803490604473
0.5714789642191471
0.5489226311115979
0.42417278200857755
0.43570168801016507
0.49904255643476564
0.49585947505116656
0.3592754914676148
0.2750250393351047
0.4128493226122442
0.4456434406616393
0.4307064212341994
0.5272378224420389
0.36077884311956226
0.31038996765485194
0.21699002614455049
0.5716033999122667
0.3369513685788634
0.5034040963014712
0.40244494092897154
0.404970069437838
0.38870645850160157
0.4335804348549509
0.2945904193608724
0.456465937411805
0.3275272575863015
0.4579849691499647
0.2974108619585579
0.4963855314939708
0.43118017589228225
0.29099954301137104
0.42080427020935635
0.539282726471713
0.4520623167886784
0.6259468474638432
0.41225001761346697
0.498853819582037
0.5177986495153604
0.5072210128577583
0.5260897050386479
0.54722187542383
0.4501077522648868
0.42843052695682504
0.5654910625066779
0.48542515804848996
0.5290479142159579
0.507458775369417
0.5791095803887107
0.39277578074556496
0.5186159324194425
0.688769585318364
0.4742368412617708
0.6235615364444929
0.6806517908949604
0.43890934163674056
0.5800953151238385
0.4674885321852199
0.5690780313953356
0.5482037150500852
0.380926548478555
0.453775448619351
0.38617763684433537
0.421678227826455
0.44926731667685127
0.4509244886436354
0.4665978831651524
0.3534178794245829
0.36214297421530817
