0.22571986719628678
0.24465393013881861
0.2381369837883693
0.30230263007506747
0.3321079379981496
0.2804159092226264
0.25512637606984045
0.3420332953658856
0.26477275293397246
0.36289018594967376
0.3698895570969841
0.3274858672660182
0.3188080770915442
0.35056873589641696
0.2381075112972976
0.2619376299815535
0.4201940011124701
0.3319461305182776
0.29656611392589494
0.2836249882530271
0.2768593506943009
0.3168462402644437
0.28620015560265377
0.32546054541050673
0.24867781153260649
0.3467948647198979
0.27104254239820197
0.25526639305936893
0.3199695710109416
0.3076884803238493
0.2670147749787977
0.27602831961371566
0.22414732274077714
0.2779843372155876
0.17383027858162609
0.25076203796298374
0.22461809869673832
0.22607233006603933
0.27522735270219634
0.1848811212119043
0.22863221307427115
0.2310471107295638
0.28769588235986815
0.2606459767166339
0.21716019268960768
0.35546520263787945
0.22738023629252374
0.29500817323777506
0.3589721277525726
0.3356532482948706
0.26534773348652696
0.3219901432795886
0.24160326668595442
0.3148036783552991
0.24108069148627892
0.23886829721192093
0.36432942679621316
0.30969381096736637
0.27357514991677256
0.31006813879230266
0.26387067818189414
0.2686830552427519
0.3180181817741012
0.37803910466246876
0.38415810167071396
0.3987364788590278
0.3724853488983706
0.40603449326849383
0.3892235706964575
0.3436523243536048
0.31114904443715313
0.3565728359651555
0.3882700472626609
0.26672246122806265
0.3599769505343343
0.38525312215489477
0.41789679658029744
0.4093397029441666
0.44731842932062893
0.47919978466384494
0.4942853695868968
0.45434585870429334
0.530143758703439
0.4305943870135166
0.3923503216303852
0.4941638903018608
0.5697795638692439
0.5291966935071046
0.44959531418736465
0.46840460465173195
0.5141287059534698
0.4618413665695122
0.5958342105560896
0.4742775611691142
0.5315457244135923
0.5412375756279926
0.5530182862557762
0.5585718642278527
0.6281338274027379
0.5607490897394839
0.5261213642974687
0.5394662169759978
0.6787033062158169
0.6370230630886908
0.6808892735533445
0.6508229299986632
0.6245563407908236
0.6049785720206619
0.4972536876258831
0.5997636312796661
0.5659474051947135
0.46631974555883604
0.6025804272226831
0.5223297889608703
0.4466395737794173
0.48933866620887145
0.41390600066545014
0.5372331832414625
0.5020057589606601
0.49335573609014105
0.5065896211482916
0.5107215746923909
0.5664165908356756
0.4006282408079793
0.57737469241403
0.5330458913533737
0.5479380056537864
0.4189158427237923
0.46540115768004964
0.4354019161823758
0.5161470281139984
0.4486293608977158
0.4636422941127982
0.429934070908538
0.5492027776886252
0.4598637195291605
0.44613006975681513
0.43563319531746614
0.3791250514038296
0.5440727337924677
0.4363701028399851
0.4441133731233417
0.5236279495292322
0.4477584426388677
0.465714840530947
0.4036861619851564
0.45657427330974626
0.39652653384294223
0.4014719626599811
0.4028621375265158
0.3803484821756571
0.4286060210768978
0.3776946938086584
0.3688543399609735
0.24467048557771903
0.3377712171110736
0.34386552065469944
0.37918409913590767
0.4255391860542709
0.4232039709732589
0.44105672188917644
0.4269529789745926
0.2841168019694738
0.4332680759647584
0.439374781656389
0.4141151666292226
0.5918316976852172
0.4315150518263743
0.46696499205823827
0.45651791092989147
0.42579330338268945
0.44904231865733313
0.48382772137819763
0.35394066780068734
0.33578600698283934
0.31683916552737384
0.4065592614288521
0.30319732339883854
0.3974659026073777
0.46132501639958223
0.3470560723710506
0.3155292620268798
0.32971678423645145
0.3980348792157201
0.43705709467517506
0.3202229621628561
0.38217695651461137
0.2539500838508736
0.38034143745542215
0.3120521586375866
0.3198457429085805
0.24770979285382283
0.32738350408679207
0.2846081556202021
0.25575401596387637
0.29959696395878643
0.40552034356345545
0.36634425545896554
0.28883513669089333
0.3613177061458084
0.2495079478806152
0.21328776065868943
0.294841961941886
0.22820824490874075
0.3784135808398387
0.3219269064673118
0.3574730021660609
0.32042717073090765
0.3629523785224467
0.27646214715499284
0.3879910609865887
0.3459951111812017
0.304632699577894
0.33162991297657785
0.32045244259684413
0.28146331665705737
0.315789453723623
0.35400912061526196
0.27357181573911954
0.269790750912685
0.29045874844114494
0.2550748989298537
0.27772433196956847
0.26837271003298846
0.20721604189703624
0.24275903200787458
0.3232562989750637
0.28986402373823655
0.33606341102536813
0.24659677208194225
0.26817590985067086
0.3471219333473873
0.47422029712972097
0.3508349892620546
0.3532464338268486
0.4301164964904548
0.39490119092946663
0.45520773208266263
0.4536302209954829
0.47462836560874255
0.42378592120396136
0.5631376464677229
0.49571657688939236
0.6507427619598039
0.6319427114853415
0.6866406128236999
0.6947953735052481
0.7860418543199883
0.7879550419392907
0.7818479621917185
0.8136834258352127
0.813290608794517
0.8413767446419373
0.9560072749262682
0.8831138921836854
0.9197360700528273
0.8504140037308616
0.8905215979208032
0.9644804715090595
0.8990555953342755
0.9363143667729339
0.9462467544297344
0.8686103181022526
0.8647165770048417
0.9931076134699853
0.8576431583667424
0.8879003934052552
0.753270266039207
0.7942591972159155
0.7995651351461808
0.8702337757276024
0.7264935297558038
0.7520499506684865
0.6985575271484954
0.6642984777077667
0.5732169826939093
0.566847613534637
0.5553766373894775
0.5761973253614777
0.5336588247300852
0.4574830843590817
0.4057958859849782
0.4339991804249599
0.4969193404931951
0.582205886393669
0.4847552334928767
0.5827384104423489
0.4879732102058163
0.5198993437396312
0.42423363845830764
0.5386044723236701
0.510005598716942
0.5346147483561742
0.4967891522853317
0.4993941298154219
0.49663831653583557
0.5430620912082307
0.5237946965101735
0.465695234342584
0.4674929275719174
0.4609331448891836
0.5699831882635098
0.6470018186738424
0.5624305779880084
0.5439383426504819
0.5465475352368779
0.5803022770309102
0.5646833570273913
0.6184860778456595
0.6159020647657082
0.5794147236731001
0.5585130375813081
0.6291974289195579
0.603521430750123
0.6621494449309994
0.617678377349943
0.5671093840014427
0.6230671415406903
0.603554691712098
0.608209637805326
0.6402368674615895
0.7376231394469006
0.6832538370173611
0.6878270980670774
0.6868531268190491
0.6750460515970919
0.6280286518769873
0.702416159516849
0.6021397552658188
0.6130514704439236
0.618536217504756
0.6881916525260436
0.6992396943547339
0.7020817829445729
0.5291684863410702
0.7563010791283018
0.6312051776500189
0.6129509198197235
0.6732864116328627
0.7228938676299147
0.7596725809836886
0.6872427511075635
0.834379228188671
0.7314280405264214
0.7661959191882155
0.8155890238132786
0.7404925976176332
0.809488610689272
0.6986624250185238
0.700211091081929
0.7234275871567661
0.811020380738151
0.7447890180177206
0.7670196636821466
0.6760738718923052
0.7595128844954504
0.7239388944984451
0.7599139838735709
0.6468626121388543
0.7681937415822981
0.7178655196156553
0.6959776714001676
0.7301320278934902
0.6226935110299169
0.6877878071847834
0.7136277936725898
0.623971452373789
0.6948842129458914
0.7106828720246101
0.7108189187104861
0.6670972774038116
0.5871862270985982
0.712037691677694
0.6315728423148707
0.6025195328780164
0.6180689217698943
0.6008424420957938
0.5324412905345606
0.5214330008083765
0.587711124562245
0.5137554200590501
0.5359384330473345
0.504311748034994
0.4044188960131409
0.49069401750627983
0.472726430839019
0.45815836039274027
0.4393522309319789
0.45683809011654153
0.4305983729028334
0.4787300691102987
0.47538404808419865
0.5051865355793007
0.4255281040697517
0.5507946910840533
0.48854102539354954
0.5339514836744208
0.5286717862302619
0.4741198348242849
0.5263918425326082
0.5876705227524145
0.4774828580783268
0.5919892843363151
0.5704188110424085
0.5541696829737355
0.5539011656460557
0.6735117918826629
0.5435048291314768
0.5411787108831577
0.5038368967164585
0.550201635201712
0.575178517620921
0.46458715538076006
0.5874662535734465
0.5079074970046662
0.5479687001763835
0.4509781343521201
0.46417408678975264
0.4639593446216643
0.4357828794595492
0.5392446101886835
0.46610372940700817
0.5454674054117583
0.4109859537375924
0.4577721424377319
0.47763297746451494
0.3861790428000811
0.3731125789471618
0.26526180741060235
0.2942190543173098
0.2141560587942053
0.2530955230352654
0.20683874933241403
0.2498021463422293
0.32104385159399784
0.19962859939370609
0.2820982777725569
0.18925965878247564
0.2998066638758707
0.19565253019982204
0.15960615834619246
0.232098676650112
0.15995893466097022
0.13764050591758809
0.17602841024146695
0.09598566800041469
0.05341800809207688
0.12855348064826205
0.13370607584607644
0.11435958621100495
0.08650347346731155
0.15106876879948594
0.04694303745662279
0.12765234669305686
0.16321803847834965
0.008811493411420205
0.1015131898012955
0.0903673945710629
0.23904484468943313
0.17211146502242142
0.10748393920390274
0.31963149370927957
0.17318564915907836
0.17875054867310583
0.3167008254398679
0.19631840865519268
0.2842013241811234
0.2613341293951862
0.20192477527203911
0.1583893999703988
0.20131527882291522
0.249454345317824
0.29731474244516676
0.3154316669064165
0.3564080319970223
0.27451598702395325
0.25602988799333537
0.3104192451320198
0.32791939117546615
0.2877085263742919
0.2693801725644744
0.30718944040076634
0.2098403076102143
0.24836343252203985
0.3084064198620934
0.33800740786621175
0.4261545588760589
0.2929971163057681
0.3575881917697072
0.3273481009618548
0.32853086584945446
0.4259863191348317
0.5099599356069624
0.500142011377304
0.5746514826122866
0.4280273992513801
0.4897664297722669
0.4696384968677433
0.5242864305665584
0.5612761132031818
0.5249157063780925
0.4845727640402014
0.5399026363555129
0.48165379483216314
0.5325124004162642
0.5867164353484713
0.5258550843784771
0.43913809360311234
0.5741301981365088
0.5709413712336665
0.4675022853201745
0.5514975520116705
0.6134216028389461
0.5311954672039526
0.6409025490757932
0.6548109158759732
0.5463338072914586
0.683626657650841
0.5388908571722802
0.5745135084992667
0.564635549445462
0.5734512519675458
0.6077652847454678
0.5348072445861752
0.547427471245604
0.5265910625336102
0.567600681659229
0.4866079337265231
0.6789759947290438
0.5344454920832907
0.47452515272219215
0.5512490235869979
0.5500380399884274
0.5469167630861278
0.5246209687679451
0.4160452462223236
0.44427202248584186
0.5201449484091424
0.5119200262624215
0.5053831706690267
0.45626070475371994
0.445197940822041
0.44578710086557005
0.4467843744133729
0.37100648236637945
0.35896884899061465
0.5499969221199367
0.3853308074551658
0.4569684682386098
0.3263372222836669
0.4255331116859464
0.39306190244851935
0.3003466528804732
0.3369810539511044
0.3287139604604397
0.32881628265514146
0.3565827552013979
0.4101690409598183
0.29920545957736755
0.3690040616241001
0.3735102610240867
0.3875218863133162
0.36655183399397306
0.30233991329290916
0.2968464700086795
0.2781473367101503
0.39060504703060767
0.28895551920696444
0.2762263729988873
0.40030158491196866
0.31320524033902397
0.3711490444371532
0.2380101718971771
0.3190042180579893
0.3111490248107612
0.3187883623807783
0.36563419222273047
0.3357964430281629
0.3274661508235118
0.3680470244888884
0.4474457624657029
0.509245106043705
0.5370298001363688
0.5980139840352001
0.5267133903714768
0.5710336037311388
0.3721150283208836
0.4459138440643903
0.3333720779477167
0.35984655336312077
0.30229089984236546
0.2632237024241827
0.3088833304509475
0.39063340197182894
0.3159020676519423
0.30251592335362854
0.20657489500457527
0.2392290152884976
0.37479496770073123
0.35149272507373175
0.3421819329594775
0.38299387737384094
0.32937774581882806
0.26281667183494994
0.35748443915737665
0.19542463679052616
0.30410963314117173
0.36540204606291116
0.3286570421918939
0.24280162474199954
0.24990060213770662
0.33704255382768905
0.25309054716764606
0.3162657475819708
0.2637182367049089
0.22413678798624673
0.35324188512187876
0.35267984586586215
0.23209435249415655
0.4229821523363604
0.3016912789318994
0.3236396024108598
0.3273046752605634
0.3243885022361388
0.3337155519299324
0.29889746838015074
0.18862939668701884
0.3345661759222038
0.34738003887411006
0.3558217795457437
0.36027450626347435
0.36580816344766903
0.40027524918013635
0.41551155382607274
0.410524736411783
0.3222260103724327
0.44972325228710963
0.43648345622148543
0.363464175946679
0.3902323995711749
0.530043839587264
0.36025289241065894
0.410053436315706
0.3414908155412393
0.4391353939351678
0.4228720702126092
0.45172828680300625
0.33529046540640606
0.5071811698391767
0.5362508713540802
0.43372281542671354
0.5158146534337065
0.4859226234113301
0.45884871238169034
0.4094084155198119
0.3688072060260874
0.4600051906034377
0.4179962181097106
0.4006013341790384
0.40553037149527477
0.4469392018246541
0.3652584813144049
0.4252260094488378
0.4159591463951052
0.3252823885688504
0.45740183051894723
0.41308534559651877
0.36127421117489816
0.3968551939399243
0.41953849693701284
0.3255921634587522
0.3189176246847366
0.42444691730569817
0.41042559138359835
0.41087616774146174
0.35127506896367805
0.3558790222270044
0.43253694091047523
0.3664459576905786
0.36806290224001786
0.31333485591803834
0.36515215764472214
0.4387488700393428
0.3258838358882663
0.5112473634251333
0.5175105728528208
0.513286829559563
0.3826250126128431
0.5457817191934338
0.4930831970838414
0.477485569983904
0.5080792337071507
0.4779918408470474
0.5054561531394262
0.5029981894076132
0.4023278447935684
0.534381571233528
0.5220842293166114
0.46892004738965526
0.44053647183970646
0.5218543436553531
0.43404002814193715
0.39924729438641315
0.3849621891785616
0.3758959701937448
0.5341982613094776
0.4793727445523486
0.424897594104509
0.3740005259873057
0.3679866848784191
0.4125261181097799
0.5092694225661485
0.43708925482745753
0.3575834779721458
0.5189220844936957
0.4570598008082841
0.427098064768479
0.35153819596051916
0.26839005283655626
0.4255273201685653
0.3827497400657553
0.4751540741041764
0.28833367313929686
0.28836160842207736
0.47705106706384326
0.24840995572978658
0.33346067840817495
0.3896107947926795
0.3549470324087148
0.4167710654106084
0.37414786015756996
0.4364326221344602
0.3527560487962903
0.42652773047560755
0.4320341456504567
0.3472253147900103
0.59626162430791
0.4875971263960426
0.44734845885488544
0.4676101571658382
0.4245663496734976
0.393683179350819
0.4350866274308152
0.30279154139448516
0.3203779598619503
0.2700035200511302
0.3535717170299127
0.3778083184961658
0.39373014588412614
0.46564325499786063
0.4131580278985699
0.3825679148205351
0.40469006867620905
0.48130594358728424
0.31339187058680373
0.2588800638111729
0.3518767714261899
0.30094912134951995
0.34178295092270594
0.3438829569722527
0.3157617984055519
0.37332537175272684
0.2691590287291126
0.3688886555528951
0.31504845352112476
0.43221686447375984
0.3916035304877528
0.2911394032607057
0.3449473210321266
0.36877094222613616
0.2985441344449414
0.2745935587797741
0.3458834589460905
0.4292499554942699
0.43758471616658234
0.45541505951530203
0.47122384638954046
0.49400526691546776
0.3532594796050616
0.3787319307313048
0.40175905348145635
0.5415664348751289
0.4184045342276196
0.3943532561223375
0.335738494374037
0.40297562309753876
0.37044846421173605
0.3466410290186596
0.26957418522188104
0.37546580816979735
0.3066013496492533
0.34736955203106606
0.24081501825369905
0.2804890458179276
0.31934108949103684
0.3270159213909894
0.3207360809050676
0.26299874241007015
0.3460350531979128
0.22263002080628452
0.34873289011552555
0.32989063250781653
0.3116803493405417
0.4011842126226332
0.3536725886033467
0.2763506732891501
0.3861362780464028
0.45083450148848864
0.36415365975640646
0.41046768710820813
0.35216119248110617
0.2693317334745202
0.4645496943708968
0.369599690872781
0.4290428970586503
0.33812966660763355
0.3641939163726364
0.3586496245702109
0.4784297460598863
0.286852574913361
0.3088475793039004
0.3672593163596599
0.3681816765464384
0.3923542018835333
0.42284658418810117
0.3725286499143481
0.3170898482371921
0.445853409785442
0.3712658295510197
0.362989620178517
0.38485750950783243
0.2933330341270631
0.24401635524970197
0.29355045183417866
0.3262219593696742
0.24806838723933555
0.30780652383579127
0.29807616102230877
0.2742217396695331
0.3179317656156233
0.27953755602469044
0.29185924101740446
0.31765317879435306
0.3069270357706003
0.19553310302724397
0.30064221075835684
0.39490351492517844
0.4106181008902762
0.3728622575938551
0.3151850110704396
0.25426659521120654
0.3358200339513492
0.26107788312275754
0.31381721894948933
0.3564950461832094
0.24950029301048768
0.2504501341867966
0.38158134458333515
0.3005018110541844
0.395672814075956
0.308106214223685
0.33564098641784407
0.2695913790380436
0.3181099784502216
0.32310587307081223
0.3261247140607859
0.39205654744518637
0.42427999888245016
0.3895289971860372
0.3961206098358703
0.42314522745025696
0.3499850296808772
0.33462816299510745
0.5401556390203152
0.4147674953699032
0.42594132216768654
0.3313016534888913
0.4005960598748113
0.34104976606495224
0.39090298374265137
0.40760121445804726
0.2874579631545662
0.3521917513506998
0.2889242826495999
0.376742331218224
0.45608725882339085
0.32603038153936953
0.29946362802399407
0.3870561653077891
0.37703692913464004
0.39498685320359284
0.4416833602599735
0.40335566682052215
0.5068049324817481
0.40929260537583045
0.3829162792378402
0.4803669725459102
0.3957777182956995
0.47686542621711914
0.40999638528039073
0.46112745309696385
0.4124986151848702
0.5481945012391181
0.3819075329094186
0.4351556130442081
0.5443261884415328
0.4981011448420803
0.41013065577779045
0.5407057044454702
0.4213533528689052
0.28748862252283186
0.5451736831787736
0.47099240793432684
0.3690913932960401
0.48972583084867055
0.33019790445549113
0.5111816011580033
0.40221950191449685
0.35743637008263635
0.4211939877203437
0.4783341360912493
0.39869290538254953
0.42124348548097246
0.40604388738330094
0.3724224145634294
0.43987002075548676
0.34307405811213043
0.5215276156034896
0.38366454409161327
0.3776589685799936
0.390332413355829
0.43867421008967417
0.35660660374984154
0.351302956912219
0.4072639406839636
0.5184043610535725
0.44358922550331886
0.46643943768770624
0.5265570626957011
0.44667828221966643
0.44401297200606893
0.43253983291706144
0.3537210721413063
0.34614939655771554
0.337934361494589
0.5125584878026592
0.42158943758380185
0.3234577442625706
0.26831228729897666
0.3355149445739145
0.24657761960958258
0.35860064113650203
0.3836457333493731
0.3719976982860157
0.28237036421734685
0.2817548314981887
0.3324605284394502
0.33183822981027283
0.40461293753288863
0.3563432429680369
0.32560967597288604
0.30120448264484334
0.40263557969319563
0.38489538555816194
0.34039922390319066
0.4885275149316436
0.348527579006041
0.3648219661119171
0.4324679408659118
0.3522868481469107
0.4198567157934501
0.41140574090437954
0.4816777367214181
0.4634003405294461
0.441369956219292
0.4479882065010461
0.44249891939394626
0.5545793700528504
0.41577361349353703
0.5277853359911318
0.5121474724786031
0.36812710305449003
0.4168207467357269
0.4295201647323895
0.4380288446774264
0.41053653302786963
0.4180759797668061
0.3603318580443847
0.4010026211623765
0.4552668600520492
0.33811419350652744
0.3978904001082454
0.3743416788600437
0.2551903846611203
0.3299666420605587
0.33505775123571224
0.23878426566007135
0.3520476070463827
0.35450997343971913
0.23365313307640462
