0.384906261194921
0.36528280858177764
0.2793058153882896
0.3790683172126471
0.5716541283551593
0.4989053855033236
0.47922886067215964
0.41973490427098675
0.37349573432047656
0.4599238413671404
0.49321339012060667
0.46021573856625403
0.46699571441839477
0.5268479082912072
0.33454072629330367
0.3412941660364341
0.36124932001220655
0.3945256007111677
0.30836285475460734
0.35482758163170536
0.3349785720919742
0.3681619764093991
0.29522748079449107
0.32837108094840056
0.4146267032864971
0.354880653849726
0.41453382690496093
0.43442264060820757
0.36136873250275314
0.4475182104048083
0.3214186203876926
0.3677506667197389
0.3211930634611047
0.3542305191789728
0.2678952885138452
0.3274423171330388
0.2808316416563839
0.31382929321073655
0.24066924066924067
0.5655375552282769
0.34640236702092375
0.43241916437792727
0.38574214862874656
0.2594568058485584
0.3454470670965516
0.29874351523836057
0.3183669678515039
0.44412158845148536
0.2647109554326049
0.3240456951797158
0.436505725165519
0.4030038875399701
0.2766256683782457
0.29616951266435804
0.5014130478048003
0.2953734293940479
0.40778038716183046
0.30781886451989543
0.35384574559832294
0.4130876089638976
0.43255184492297893
0.42547997187172454
0.3387466995714418
0.34486327269832423
0.4438960315248974
0.4765354456076105
0.36326606429699215
0.3560747787551911
0.3489365654314108
0.39479096180127105
0.45391341267629925
0.5263437222200109
0.49257652350435854
0.4853188976900317
0.43825710836020115
0.5769215459937109
0.516631506322228
0.5889424033753932
0.4224150512810307
0.4151043532486831
0.5404609322135095
0.46678342554631214
0.6584670089824729
0.7174435112579443
0.5110589234300574
0.5833034802106967
0.6289853918719899
0.5950589765022755
0.5611060250235508
0.8189972004404994
0.5329512133635845
0.7245286523637039
0.6772811102708011
0.6698244636388966
0.7949820217861455
0.7211718345738964
0.6871525428226459
0.7326752378298771
0.725165518979952
0.7441919091403627
0.8162241770489194
0.7025434860486407
0.7082089453223473
0.7271955313192426
0.6930302909684354
0.778343881436665
0.6910931550106807
0.6835038278337248
0.6758481603842429
0.6947153338905916
0.7932439066459686
0.7457442715174675
0.5655640913372872
0.6242088922501294
0.6563573883161511
0.6353673260889756
0.6409001048176305
0.6596876699969484
0.5988669081452587
0.6176412052700713
0.5303241385715612
0.44294073160052544
0.408616274595656
0.6263715851344717
0.4726213695285861
0.6372911939922249
0.5099842110151388
0.3960116228157465
0.5606549111703751
0.44665578686197244
0.46533720760524877
0.6299539598508671
0.661876898990301
0.42837240775385105
0.5796945693852911
0.6646764584908915
0.5108068303944593
0.3568841300800064
0.5081664875479308
0.6859186137536653
0.5187543950430549
0.5506109939099629
0.38336716687232153
0.5478777746818984
0.5398373336517666
0.6512624553861668
0.5237962557550186
0.5688014966365481
0.5077153736947552
0.4598309649856041
0.35886107020127633
0.5631095012538312
0.40905412039432654
0.46728761161750854
0.33980814393185527
0.6633761891493851
0.4031498361395269
0.501147686714697
0.5858642147301942
0.5379001976940121
0.5562631851291645
0.415409518502302
0.5665061232071541
0.5185023020074566
0.5500404675662408
0.5816449733975507
0.5601507250991787
0.5651925858111425
0.5569663920179384
0.4160463851185501
0.8058485584258781
0.5056853613554645
0.4576284679377463
0.44929612970850086
0.4144807546869403
0.5256139792222266
0.42437872334779553
0.42935424378723347
0.5669970412238453
0.5188207353155807
0.5237697196460083
0.5551884727142459
0.49378391646432884
0.6445886239700673
0.5035624726346376
0.4288102535525216
0.4337194337194337
0.5446934416006581
0.3771046451458822
0.31559394445992384
0.4132866297814752
0.43142406029003966
0.3698868234950709
0.3879579137311096
0.5254282264591543
0.4639440618822062
0.44218445249373084
0.3806074115352466
0.3190436386312675
0.37686582016478926
0.6469901418355027
0.3863657471904895
0.3911157107033396
0.448911356127851
0.5199883241120354
0.36549509745386033
0.19772054823601218
0.6137403972455518
0.3663575209966962
0.29144608526051824
0.3094110310605156
0.3803685865541536
0.38505220979447785
0.25705528798312305
0.43421035173612493
0.1999761175018907
0.39038596770555534
0.2490944552800223
0.1475407660974671
0.4042776207724661
0.4751821040480834
0.4267404370497154
0.20574772121163873
0.38286298080112513
0.44048614151706933
0.32567766588385144
0.3434833950297868
0.20213881038623305
0.27301675755284
0.35714949117010975
0.46788467407024115
0.5520041396330057
0.3442264060820762
0.40187610290703074
0.5390545184359617
0.4374079528718704
0.44190582334912226
0.47292653478220487
0.557019464235959
0.6012949621197043
0.4598309649856041
0.5969828444055248
0.5351669784659475
0.5395719725616633
0.5838342023909034
0.7474956547121496
0.6723453939948785
0.5573777017075985
0.7210258859743396
0.7387387387387389
0.6237577783969537
0.8802160039273442
0.8580981570672291
0.7431171967254442
0.8138757314015046
0.9243588212660379
0.7960965383645797
0.9198476827342807
0.9640568403455001
0.8092319123246959
0.8931788931788932
0.8046942376839283
0.9151640594939563
0.7868619724289827
0.9105998487441787
0.914978306730884
0.7733418248882167
0.7511178335920604
0.7554830235242606
0.6138332736270881
0.7110085048229379
0.6357653677241306
0.5073836723321259
0.4055248178959519
0.6088312170786397
0.613116798683809
0.5112579442476349
0.4625243800501532
0.5066141251708262
0.32513367564913953
0.4753545887566506
0.3071421937401319
0.5104220568138094
0.5279624248696414
0.3995409253141212
0.5496822300946012
0.3018482399925699
0.5316642120765832
0.23075800395388024
0.39422043545754887
0.4648197534795473
0.44246308163833936
0.3936366410593215
0.5040268545423184
0.6408868367631255
0.5522562326686039
0.4370895195637464
0.48105985219387276
0.4455014661200228
0.5425440167708209
0.2548793270442755
0.27231355066406615
0.3959585505977259
0.5062691557536918
0.5370377741511762
0.5412039432657989
0.3596040812535658
0.29749631811487476
0.4476110867863445
0.5181042603723016
0.48245299791691537
0.42034523477822444
0.5439106263848532
0.6011357454656423
0.5256935875492577
0.6227228701455505
0.6003396621953323
0.445275909193435
0.5025010282742242
0.5995303108705171
0.5373429394047952
0.4884368904987462
0.4925897915588637
0.48347463811381336
0.46109143016359505
0.6377290397908955
0.5224694503045019
0.48681818784911574
0.6103172391832185
0.4287173771709854
0.43287027823110297
0.6360439968687391
0.6136077167005002
0.6442967267709536
0.4361607557483847
0.5994772386524964
0.6036301397126139
0.6873250275312132
0.8507078507078508
0.5894465894465895
0.580331436001539
0.8232562459366584
0.8804282927994268
0.6457694808210273
0.8356220727354747
0.7071076967984185
0.7377436346508511
0.8081837360187876
0.613276015337871
0.9093393835661877
0.6215552813490959
0.5858642147301942
0.8022529156549776
0.8461701760670832
0.7308840504716794
0.6288527113269381
0.7258421897597156
0.7034324457004869
0.7606310286722658
0.8178163435895396
0.8750149265613183
0.8260823415462591
0.7506003794663588
0.7680080669771391
0.7455983229179105
0.7098674521354933
0.5945945945945945
0.8641085857580703
0.7488357282171714
0.6600459074685879
0.45190993644601896
0.535671164537144
0.5795618888402394
0.7296766575117091
0.7337764863538059
0.3797051838288952
0.529753612227839
0.6533455399434781
0.3788162241770489
0.7014289694702067
0.4003900808024519
0.6433944990646021
0.421963937427855
0.598575010946145
0.602767716169778
0.5538351311547187
0.3589539465828126
0.6019185606814473
0.6061378020140906
0.4377927264525203
0.6409664450901564
0.7380089957409546
0.4237418567315474
0.4146399713410022
0.35246586792978546
0.5689341771815999
0.5200413963300561
0.2986639069113296
0.44880521169180965
0.8112353885549761
0.6694794942217622
0.7134232907428785
0.5716806644641695
0.5891679603019809
0.7393225331369662
0.6506786609879394
0.6946357255635606
0.5529196353938622
0.5969695763510197
0.5215274184346349
0.6982711724979767
0.7157186641722725
0.6403693826374238
0.9364725550292561
0.5294219108652098
0.6795897517547002
0.7103981743157001
0.6615451976276718
0.7189162653080179
0.6037362841486553
0.5814326845254679
0.6388170202603192
0.5767357932306386
0.4615823481802864
0.2402844670885908
0.642598415794292
0.38157597951412386
0.3062532340882856
0.6422401783226526
0.4209821013944725
0.3191365150128037
0.4826652867889981
0.40736907747217027
0.3984264087356871
0.4558240125250434
0.42035850283272963
0.3716249386352479
0.375976860512943
0.6456235322214703
0.45096790457615205
0.4951505260783612
0.3933845480237233
0.490639387546604
0.3490161737584418
0.27381284082315005
0.1720733988775226
0.16315726625004975
0.18085685095994372
0.21175814990247982
0.2560071116772148
0.07469516644774377
0.25157558147248865
0.3886478525653783
0.20736642386126924
0.34446523106316923
0.09685945149862676
0.24723692764929878
0.26494978041369793
0.25619286444028716
0.06163011317650492
0.31819448314293675
0.2961297085008426
0.40675874696493247
0.0
0.283127015085778
0.39378258965887836
0.31869866921413315
0.004788573551460149
0.08893311573723944
0.372102588597434
0.1378418182541894
0.46083933712799696
0.27965078480542394
0.27097347715904413
0.4215128235746793
0.2270960209104539
0.457203890193581
0.3026045190993644
0.34703923363717176
0.4047552707346522
0.2501293635314254
0.04249625177460229
0.27272486035372634
0.2773421433215248
0.24222160304634532
0.24686542212315404
0.23830752696732077
0.04394777693746766
0.35384574559832294
0.2789210418076397
0.403083495867001
0.47412065968767003
0.42575860101633295
0.510156695723706
0.23626424657352496
0.36041343257838104
0.39176584537409276
0.4496145630166249
0.4278549536281495
0.4989849938303547
0.29148588942403375
0.32283830221974547
0.42054425559580194
0.30601440910719263
0.4833552256232669
0.4749432790669904
0.5328848730910587
0.48468203107378366
0.2374318353699797
0.4944207830805769
0.43300295877615463
0.3185129164510608
0.5224694503045019
0.48761427111942574
0.5721317783173454
0.39135453568443257
0.6749724687869018
0.5207578712733352
0.5655110191192665
0.4113229577147103
0.5091748596903236
0.6468972654539665
0.29366185036288134
0.6437129323727263
0.2639679443803155
0.46808369488781865
0.8579124043041568
0.6242088922501294
0.7619711021772877
0.4353646724780746
0.5334155952712654
0.39257519669890806
0.4773182608234155
0.5223367697594502
0.5142167204022874
0.4663190436386313
0.2592179808674654
0.3174912762541629
0.4155820032108692
0.4606137802014091
0.3066380076689355
0.2588199392323104
0.4896442834587165
0.3357215831442636
0.2879433188711539
0.5586116307765792
0.5108731706669851
0.26411389297987237
0.3888866775464713
0.36765779033820273
0.14748769387944646
0.2192147965343842
0.45018508936034707
0.28307394286775733
0.4079263357613873
0.42659448845015857
0.538205362947631
0.3048733564197482
0.32358131327203493
0.3291008239461848
0.2814950443816423
0.36664941819580993
0.2660112247741114
0.2449946264379254
0.30366596345977787
0.3888203372739455
0.19537210258859744
0.26733803022462815
0.2994732582361448
0.26528148177632715
0.2443842959306877
0.5154373814167629
0.3220820231129509
0.35428359139699345
0.43958391381071793
0.5912510448592923
0.22546405020631824
0.4169618808794066
0.3829160530191458
0.508100147275405
0.5271530735448261
0.5860366994387612
0.8041369793947113
0.9426023962106437
0.643301622683066
0.7685785933208613
1.0
0.7405299260969365
0.4280141702822115
0.5267948360731866
0.2541097798829758
0.4325385768684738
0.4517772559009672
0.5904416935344771
0.4239541456036302
0.5361090103358145
0.27677161697780256
0.6543273759768605
0.36849367777202835
0.6399315368387534
0.5796813013307859
0.5857978744576683
0.7909485332165744
0.5051944433387733
0.4052063845878279
0.4113760299327309
0.3644999933659727
0.4105136063898951
0.6290119279810001
0.6087250726425983
0.4026987222863511
0.27628069896111135
0.34892329737690564
0.40829784128753205
0.5340391938330082
0.4872958378113017
0.5202006129841181
0.5000331701362629
0.2808714458198994
0.6189812787750932
0.36005519510674144
0.6185965051944434
0.638326102243628
0.7111411853679894
0.43901338746699575
0.3791744616486885
0.3459114490042325
0.4718783584762966
0.4121057729305152
0.48502700049091796
0.584510873170667
0.39211081479122717
0.5446934416006581
0.5778901139725882
0.677440326924863
0.33917127731560726
0.5448924624182356
0.68431317915854
0.30629303825180115
0.44574029110111585
0.5055924849739283
0.4858628879247436
0.5324868314559037
0.44645676604439494
0.413512186708063
0.3275086574055646
0.4803566453050989
0.5005373562074593
0.46767238519815846
0.5011609547692022
0.441799678913081
0.4487919436373045
0.48233358542636895
0.5424378723347796
0.49641099125635213
0.5300189733179423
0.4575090554471998
0.5309610051878093
0.32578381031989284
0.47888389125502534
0.41970836816197643
0.5861163077657923
0.6065889158672664
0.5209436240364076
0.5812601998169008
0.3497061125927105
0.4498533879977179
0.49696824954556906
0.47775610662208606
0.45857049980761316
0.5986148151096604
0.4335204129018562
0.5072642598415794
0.6208388064058168
0.34965304037468986
0.5030715546179463
0.5636269553795327
0.42518807467261077
0.5123193886080484
0.3739335801191472
0.500908861733604
0.5881065159415675
0.5161140521965264
0.7094959466093487
0.7038835595536627
0.45945945945945943
0.7325160211758149
0.713701919887487
0.5091483235813133
0.6363226260133477
0.2858602343138426
0.6518993220024148
0.752590587642134
0.5879605673420105
0.6356194191245739
0.5108200984489645
0.5320091814937176
0.6062704825591423
0.6938263742387454
0.4629754939033289
0.5903753532619512
0.5187941992065703
0.5135533176770289
0.534888349321339
0.7021852485770012
0.6837426528148178
0.6918759702264857
0.38158924756862905
0.5489657551513222
0.5040931948148444
0.5653783385742148
0.5338003688519153
0.4359219307672916
0.643222014356035
0.638246493916597
0.6200294550810015
0.6416563839244253
0.5571388767265056
0.5522695007231089
0.4678050657432101
0.5160477119240006
0.7235202802213112
0.6391221855139381
0.4220833499184014
0.37752922289004764
0.4656821770223832
0.7794185938515835
0.7880162931709322
0.6241558200321087
0.5531849964839656
0.48224070904483274
0.8491687563852512
0.47309901949077204
0.707386325943027
0.7161432419164379
0.48610171290583665
0.7337234141357852
0.8088869429075615
0.5789117541694861
0.8133450092212979
0.43746102508989104
0.5923390253287161
0.6543539120858709
0.5969695763510197
0.5926972628003556
0.5088298902731893
0.6372779259377198
0.5799997346389099
0.6023431384256127
0.6910666189016704
0.4613700593082037
0.8022263795459672
0.5062426196446815
0.7807984715201209
0.5777441653730313
0.4543114543114543
0.423781660895063
0.43308256710318566
0.7873661585001792
0.4650055062426196
0.5672491342594436
0.5899109713542704
0.5727951810426039
0.5955100903554512
0.591702158712468
0.48178959519165704
0.411694463240855
0.6069869575024215
0.37771497565312
0.453648051586196
0.44998606854276957
0.4994228396290252
0.7213841234459791
0.5320357176027279
0.661160424047022
0.4851464129814645
0.6143241916437793
0.7169791293502634
0.5277634040520639
0.6039353049662328
0.4545768154015576
0.46446151600790775
0.43455532115325923
0.3648847669466226
0.6932691159495283
0.5042258753598959
0.32847722538444185
0.5773328556833712
0.38836922342076985
0.5576563308522071
0.47489020684896976
0.5380859504570845
0.4553728986718677
0.3859411694463241
0.1705873767729438
0.6053947909618013
0.21759609388475365
0.41363159919860953
0.39740476853878914
0.3148509334076344
0.3252000159216654
0.322320848094044
0.5980840929294537
0.34315169366715764
0.45973808860406795
0.5365601241889901
0.5072642598415794
0.30551022303599623
0.5150791439451233
0.3000968567978878
0.3505154639175258
0.4407515026071727
0.5575501864161658
0.4886226432618185
0.4727938542371532
0.6825352598548475
0.6136873250275312
0.3856492722472104
0.2770369780679059
0.301145033103796
0.5242871737717099
0.468826705940108
0.40012471971234853
0.397789542119439
0.5414295001923868
0.39319879526065094
0.31133489896376493
0.3356419748172325
0.4661067547665486
0.5568071753638764
0.48830420995369456
0.47291326672769973
0.4442675370510422
0.2962358529368838
0.38705568602475815
0.41156178269580335
0.5024346880016983
0.4341174753545888
0.39236290782682537
0.1648821133357216
0.3089201130438244
0.34685348087409945
0.49094455280022287
0.4095185023020074
0.43425015589964044
0.3395958550597726
0.5899375074632807
0.37592378829492235
0.34768936830792496
0.29294537541960225
0.46378484522814417
0.3825578155475063
0.1952128859345354
0.33958258700526744
0.4043837652085075
0.4559301569610848
0.427894757791665
0.7581366344252942
0.6240098714325519
0.5164457535591556
0.4089081717947698
0.3412012896548979
0.41946954318088336
0.13951359312184056
0.32397935490719
0.38905916225503856
0.37454391062638487
0.3335190860964056
0.49155488330746067
0.43731507649033424
0.48924624182356147
0.3687192346986161
0.14207432764133796
0.44617813689978636
0.4186071196380475
0.4175854794411496
0.3635314253870955
0.40236702092372195
0.4146930435590229
0.4403269248630073
0.5721185102628401
0.5579880322148363
0.26525494566731683
0.476734466425188
0.5024744921652139
0.4088418315222439
0.38156271145961873
0.3808595045708448
0.4465098382624156
0.4458464355371572
0.5513540049622524
0.219042311825817
0.5103557165412836
0.6026748397882419
0.4031100319760113
0.4158739004099829
0.3225066008571163
0.6006713635579615
0.49408908171794774
0.5334819355437912
0.48002494394246975
0.625602037973172
0.4925897915588637
0.5453435762714113
0.5185155700619618
0.3855696639201794
0.3322586209184147
0.43819076808767526
0.5972216693866178
0.4511005851212037
0.4774907455319826
0.41103106051559657
0.2782576390823813
0.5170162799028778
0.5965848027703697
0.371001340073505
0.3975374490838408
0.3312369807215168
0.4374212209263756
0.37116055672756704
0.3314625376481046
0.4509944406851623
0.331727898738208
0.47784898300362216
0.39843967679019227
0.544600565219122
0.45197627671854473
0.611458291870663
0.35965715347158644
0.22728177367352623
0.4266475606681792
0.4933460706656583
0.2018336451326142
0.5737504809669759
0.2955591821571203
0.5613713861136542
0.17707545542597086
0.363332404569518
0.29750958616938
0.44401544401544407
0.48439013387467
0.48498719632740256
0.379453090793297
0.30049489843304283
0.5267152277461555
0.32837108094840056
0.27601533787100796
0.17060064482744894
0.18462497843941142
0.22519868911621488
0.2658122039565339
0.2799028778410222
0.37361514681102315
0.29488251137735677
0.4019159070705462
0.376295293821067
0.3506879486260929
0.27203492151945763
0.36589313908901533
0.2740118616407276
0.4209821013944725
0.3689580596797092
0.2638750679987793
0.18535472143719567
0.4252942191086521
0.46622616725709515
0.4939165970093805
0.2960766362828219
0.7085804508484921
0.5240350807361117
0.6579628229112766
0.5398107975427563
0.40840398572357334
0.5423848001167588
0.503907442051772
0.5317836245671297
0.5994905067070015
0.4416537303135241
0.5226684711220794
0.6302458570499808
0.499011529939365
0.5270071249452692
0.5019703060940174
0.5300057052634372
0.7570884581193861
0.57288805742414
0.5611856333505819
0.562777799891202
0.5643832344863272
0.4996749326646233
0.5543923894439359
0.47644256922607436
0.3985325531717284
0.678860008756916
0.4948320927702371
0.5098515304700871
0.33911820509758656
0.526662155528135
0.6345977789276758
0.7558412609959002
