0.2779865855969449
0.4135454564272487
0.31365935917732257
0.2775403634414301
0.30908376606404814
0.3682299850566346
0.3567545540226867
0.30602040892193977
0.38798330030910544
0.3002863163804029
0.2276513892176259
0.37541323478250577
0.36255832958154666
0.3654223742778215
0.3344783435154297
0.29990329194379894
0.36196203088642376
0.24114376602086665
0.3238705213978738
0.34513470164768645
0.339565095610573
0.2720836295995993
0.3373275189922939
0.31608438252513527
0.2852870717185164
0.3361462446217054
0.33765866059392446
0.3433905667780059
0.3278424661717314
0.29572407992819644
0.3021405278807717
0.27577043857119055
0.20162286847417032
0.281491581297362
0.28584428583656424
0.2519033008805657
0.3061790847598381
0.32386441979765923
0.23079586520489953
0.3005681355371397
0.3116503050208606
0.28988246045829924
0.18086438485462802
0.3314871941086125
0.372140328489992
0.2988697839850865
0.32123242850554035
0.3668105184895438
0.2951661851254988
0.3789568710574055
0.33813441760147883
0.28419347279279605
0.4082401537582664
0.3974149010331914
0.36958915872600967
0.38816424810264216
0.32666646210776085
0.3740841540683873
0.30730138218176034
0.3717373951513844
0.30672197266769524
0.3360123685788996
0.39186753542128283
0.3335074601611947
0.46345495703030815
0.3558979365235802
0.32236201732347836
0.3903645696017809
0.372744565705016
0.41011583243859606
0.395057370065582
0.4293781397829608
0.359609847744095
0.43413507188989386
0.4365514237255791
0.41773088560771127
0.3890568915315906
0.46158792684882777
0.4818266003909262
0.472412864746708
0.40001884026702045
0.5334834359972245
0.4822711890577792
0.5074226334784588
0.5507936588841161
0.5152452592144218
0.49268991656516836
0.5744693741266631
0.5397722667691169
0.5975633755954299
0.5792497653958649
0.5052360323566989
0.5473466381229264
0.5857848505634953
0.6676455924234155
0.590374928736793
0.6030986416570215
0.5666605332927643
0.568046875793362
0.6168266106407008
0.647280052941001
0.5788068180245581
0.5479074351153996
0.6956672544623888
0.6359014299576318
0.6379978341766985
0.547894950011854
0.6619383543992848
0.5712744194689914
0.6034855486205355
0.5788053383964409
0.5316001470950761
0.5965193702014016
0.5598750308726343
0.5538819595674358
0.541677977868662
0.5277098992924781
0.5634052840165452
0.49619491613162764
0.5543204077696996
0.48256923765250215
0.5538785443754202
0.5663325039256082
0.5031970642788162
0.5007310879372349
0.522972254410581
0.5135636995851746
0.5263505680627887
0.5416487898424891
0.4997530446573105
0.6484413461453197
0.5083176559634547
0.5377269514012413
0.5536859471363773
0.5664934797244883
0.4797636889773852
0.5024217341749201
0.47849445056288487
0.593899745166102
0.5306409399843404
0.4902637583572178
0.39733882815075255
0.4673730137125458
0.519597102361621
0.48665096718188866
0.4593808382085117
0.47186010309277404
0.4472761869341189
0.46281819558117177
0.5071451893655698
0.468070174589056
0.4785147272864483
0.4535297404398108
0.4531402720579848
0.43319841690607974
0.4044284025003347
0.4063980621039116
0.4589572329542796
0.43372977690477194
0.4347931412118936
0.4834092439471748
0.47446178098079833
0.5205502738692085
0.543498441443972
0.5053639578276352
0.46729987418280244
0.5165913831708813
0.46905586875006433
0.5803399545639564
0.5217356295780655
0.5074201856698543
0.5299399946601464
0.5001955866506406
0.5374755225479718
0.5387900979808192
0.46249125306804917
0.4636771295491857
0.5489183725299077
0.4731533349766308
0.4850149457699263
0.44999805580910957
0.45541560532395325
0.4781576465088962
0.45206730604571965
0.4219730439315311
0.4282336048104828
0.4236575330229999
0.4236226465775291
0.45012820605050297
0.43421501685800223
0.420047821954012
0.3398002785630766
0.38236171427612475
0.3747660529246895
0.329043998795929
0.3552467683975547
0.3698107528088652
0.38414266498698035
0.4350759370126306
0.3237589890229241
0.4253602215142866
0.450401989983313
0.40662664201054793
0.42982928343592874
0.45478187682697113
0.4902758041183394
0.3840376593993161
0.40683751580437943
0.3971820864945563
0.38345297823647145
0.4583418587223499
0.43276147291315126
0.34057624390674596
0.4111588784062918
0.42484616709947354
0.35753349219509584
0.41758988002905667
0.4473157820408392
0.3273990734917349
0.42928352718838014
0.3019363555835285
0.38369685034409196
0.33126646649279157
0.3254241043439453
0.40818192126197417
0.35628053050690833
0.3980073836508191
0.3548820366253991
0.34553712664827196
0.3527493876384156
0.35211135072524335
0.35023610984229187
0.421296186117839
0.4301046325124186
0.46277287850013477
0.4152811685488601
0.4698569534266879
0.42392730566212666
0.4431019220491232
0.5337802723248375
0.4846641073008662
0.4725178549117775
0.45578436217842727
0.6019746803001922
0.6016501725685413
0.594131158447288
0.6607376048296157
0.6309108621512397
0.58875782495153
0.6024573732405273
0.6001199156063209
0.6559040797030382
0.781157009137741
0.7538732679406481
0.7450489146530769
0.7252944808304587
0.8248613390651696
0.7480177523768766
0.7580152632754684
0.8094326948150211
0.8007983920777725
0.8417822552472599
0.80331017615767
0.7995955448613492
0.7682245948903121
0.7102309987113311
0.801851626285143
0.7578643762665479
0.7056058420550456
0.6964973527804461
0.605302683450267
0.6277028747575649
0.6035037677704638
0.6782653554603337
0.5848641824149878
0.5887767820247243
0.5647956267954798
0.5946728739878561
0.4785355770302162
0.46187239840840066
0.6087662040122046
0.5099152407007814
0.4904388381041011
0.5534942329881576
0.43451227407610094
0.44711170175952364
0.47318363850093437
0.43980317750926545
0.4360238859267602
0.41044094700670647
0.4995412681493083
0.4628240439038642
0.5067485990384881
0.54080405758576
0.44952859616273316
0.5059139671182967
0.42665628885442974
0.4035681356575372
0.5398627611242497
0.49115677711091366
0.4918443597886055
0.5113504561930319
0.5381050372993308
0.5125009425931347
0.49132636515573463
0.4493930664346285
0.49793249149645974
0.5604607248526801
0.5620002978188001
0.4938157660062369
0.5719053578233215
0.5673078234501461
0.5279031145977844
0.5401758905850115
0.609930751921007
0.6129664079308418
0.5767515467668272
0.5497701380814612
0.5512899100226778
0.5673033518549815
0.6198435551337874
0.5435781155969199
0.6841134414267197
0.5804035979468404
0.6222511057367699
0.6290172787140647
0.610096424984873
0.5315363255989694
0.5513505874711826
0.582451684829455
0.5834911281215646
0.514426409031771
0.5866837333381968
0.6156606520001461
0.6258989592491789
0.4669121652257271
0.6190468085838499
0.6237521299441983
0.694064558115672
0.5636412606495431
0.7111467915355878
0.6471934737699818
0.7180322204943987
0.76541472720438
0.7843597116545928
0.6882576549784148
0.6212099692622841
0.7187572212017793
0.6331598058853563
0.7003003183754819
0.6697785358806042
0.6851528824131451
0.6689165936092363
0.6689294125521787
0.6968675402938269
0.7021365698339491
0.6859883902682183
0.6581874924175155
0.6282291015840599
0.721068918428703
0.6617115847187397
0.689293696542149
0.6500723418647278
0.6640524451978751
0.735182181576078
0.6565599924537121
0.6789580476025185
0.7022900280555024
0.7083790694256697
0.569221943623806
0.5635403049471363
0.5629305105864292
0.6458950601547345
0.5428623384388556
0.5946914236946244
0.6483593373351211
0.574342506499399
0.5545886669204827
0.6068511009368753
0.5289657985999368
0.5288727500479851
0.4685594724891779
0.5829558710391639
0.47259186505685175
0.48518511900426486
0.5042864587964759
0.49380268561821417
0.4711309080919054
0.5140574317865291
0.4686039088255708
0.5157063336359462
0.4839693339622329
0.5074608958197128
0.4239708747673295
0.42088241923056324
0.43668643482423986
0.5603599760551632
0.596102426106898
0.5923758277231098
0.5442264813128621
0.5013574762345461
0.5811585594581947
0.47319860079021725
0.6003455711094219
0.5290791508588978
0.4877700875821174
0.6914285506923605
0.5523310110185062
0.6377885245552258
0.5569625009497651
0.5712392041407789
0.593676895261371
0.5375226682474619
0.577435081314596
0.5503677384065175
0.5801282392152928
0.591317354714187
0.5531712082985397
0.571606125461709
0.48719478169761365
0.5007731373236468
0.5021031164516776
0.4653249083533609
0.47425091364914307
0.469584157523224
0.480927701806255
0.39296795305792187
0.3898373454777394
0.38455540771712565
0.468320952211813
0.4512189349248019
0.365865389416658
0.3468836301164867
0.2987203190534715
0.37535019334707487
0.31725419465468535
0.4047842613383101
0.30598724534715516
0.38767429777247314
0.3642222226516048
0.2707260741734213
0.30013790149470615
0.29662043311036984
0.2829494125861873
0.19232562696292227
0.25883847951141237
0.24804213491575272
0.30671488992418866
0.1707148908918954
0.1848951117959583
0.21344374232280544
0.19638751352446326
0.18567352162469652
0.15227626346757184
0.11985395216832753
0.20381693185008265
0.14386830239760154
0.22847306273506907
0.22909685966048288
0.23167264307184457
0.22986893603433706
0.2228172203588304
0.24207618861697977
0.24318946381097228
0.3182353751782956
0.31352347569050987
0.23719778264588343
0.3180266846531821
0.1665060507195717
0.2862791272470136
0.22743042452405293
0.33672553603213917
0.2934526717246113
0.2825849873495949
0.36088431100587215
0.3042751392419534
0.28618569331104504
0.45068319417969605
0.2900330914262208
0.4028323199435254
0.19091900538817233
0.34423723433142367
0.39695948209611176
0.3595124367575162
0.3688767707843672
0.30012098695785794
0.2673212691016589
0.2462766024341604
0.3340291505101589
0.26737226334482184
0.34728539498161154
0.280203531521189
0.3758577432911283
0.42021647489993885
0.41204574459239646
0.3424566994795629
0.4395666191277847
0.4134120403980791
0.38315986208338415
0.3293438194181184
0.3640076671568637
0.4579638021399166
0.3443378997272466
0.3392833980672213
0.3985325459843349
0.3923775420870186
0.4185654387599028
0.39685423953150045
0.36267244018042205
0.3844972951908639
0.40721060773769013
0.49638333420323033
0.55926195167277
0.47953678706839575
0.44466346722177363
0.4847088285771501
0.5153951457321485
0.43692911585487
0.4485250923688289
0.5045287670762985
0.5291402828705299
0.44884192781451865
0.5056831437753363
0.42755371036260553
0.43041526639934397
0.4049814892123389
0.38054733368444627
0.4868712409614199
0.44052805305372655
0.5072674888061076
0.5180862143522353
0.4407425671007847
0.4490522418815255
0.42939076010977306
0.3840775174664617
0.3151065366769379
0.418055373939364
0.2877899741571227
0.35205019512421865
0.5140847809075634
0.3731754343369728
0.3825210450150556
0.40156098196337275
0.33019016327659567
0.277706477459013
0.3702920002554315
0.33556931935076656
0.3001761265129236
0.32163912724277366
0.3379658682842709
0.3306119658653275
0.29309235739563577
0.4452681864767579
0.24623715047522593
0.3232103034991178
0.25344735861574613
0.2901213020166409
0.3670029041042937
0.2861470123415127
0.33570315267171125
0.361092711370952
0.29458288149880574
0.38652318722643886
0.45884169402938035
0.23173404853009827
0.2771618013633461
0.375518500629459
0.30617472814229174
0.2712518521110458
0.1926308543109151
0.29228698748713805
0.3015325924239812
0.26063516804602904
0.27691589413793527
0.2409821968710307
0.37026329476558384
0.31724374430099
0.36853090004359346
0.31472591982009746
0.33973111132039824
0.425072456336823
0.3975660942090974
0.5196895749732654
0.5657618780241211
0.5706673166637349
0.4062776176127446
0.39390567809698773
0.3285765586847044
0.29973265432964835
0.3566264901320078
0.21003786162327434
0.33914459799320473
0.2829421283051845
0.31434055950097606
0.32543257737411735
0.3322405246582711
0.3819431691027035
0.26744822685349634
0.31208393614052743
0.28572299292167236
0.3518083911103832
0.3237092181505187
0.2658009963400237
0.3370836233026545
0.2753720857052368
0.3680251312810241
0.37686506175851286
0.3600514144828455
0.22908828014388355
0.3939057248034907
0.40363358017633943
0.2760719075541303
0.29354480513855363
0.3522250475206362
0.27649135709656286
0.33332518498582464
0.2184487821755186
0.3544230683258791
0.3281790019478785
0.302060753638994
0.3614434916183332
0.25147916440564355
0.38229081947916277
0.3682469823190526
0.4277104967846376
0.3991724608712137
0.36326480561724306
0.4048600287184747
0.36252631671661356
0.47201688523559615
0.47766124306889585
0.33392354073062336
0.32962337069529357
0.301565876024656
0.3433304769035066
0.3813930985935979
0.44489370395991307
0.46373088731215023
0.4510650221540328
0.33638423203090306
0.44182979463029676
0.4439598992711292
0.38796627023799535
0.3347427475866719
0.48499313572695657
0.3852146909673355
0.3514152695390119
0.4199421474815688
0.43215907171233353
0.42650769950867234
0.32247871756091406
0.49602345587417185
0.31069581156715953
0.40595712143075535
0.41160078451694215
0.4199913115875198
0.3954491957912002
0.4155521890167926
0.3474170064958407
0.48689398318013727
0.45128583360736985
0.33038637230226653
0.413443212121817
0.42871526128179915
0.49038774991080836
0.4458875634858139
0.3605807140580071
0.42996166029476557
0.3430164391010381
0.44225412851942303
0.40047299056076135
0.3918154911262969
0.28869187527053514
0.3625666186829141
0.4937728023012581
0.4906394916020669
0.3883717152485745
0.33786901582536155
0.45593229264609303
0.4379874288290608
0.477065751443115
0.5570003744611974
0.4610260356630776
0.5868404871529892
0.5047545640626244
0.5254640550299929
0.5326809695901707
0.5108021520255774
0.5097070950014024
0.4859378594843613
0.5764851319919615
0.6227447867469904
0.48726015232150355
0.5479012803958359
0.3576891402173011
0.50209944788936
0.4838235405434656
0.5325806489331106
0.4699536321730561
0.5294343827996852
0.4127287267567755
0.4822528224677902
0.41322277130001894
0.4915038164285309
0.5400784521757701
0.4878015893783081
0.5503205473395765
0.5691210752378113
0.5104573970305555
0.39605267840911307
0.5589028963592932
0.4557200967916365
0.4530309398441339
0.5152159708881509
0.5096508655712593
0.554059592645251
0.5301118866864557
0.3502727917519971
0.5029756516870351
0.4498976209265153
0.45524818482501306
0.43204947071925853
0.42706126773557856
0.43279998306311096
0.46125143030108773
0.4477032111886452
0.4525355850955869
0.5279167036087049
0.45644006818979965
0.4415490813122115
0.4188519267438636
0.5336493968352258
0.4521816369489139
0.5982597883213187
0.6528810082040867
0.6362645947219777
0.48705512856259736
0.48900668187788343
0.4306104129353985
0.5039008238925625
0.5010817997946273
0.5276027799275931
0.4821464590563995
0.5361658214775925
0.47423647774316324
0.47076240253069634
0.45544299000282373
0.5378700961908907
0.4325715748556635
0.5341198293792789
0.5218706451519695
0.4156751426920104
0.4544761891497009
0.4649905374262332
0.5133304275288613
0.46529113477609463
0.45303690635105337
0.46203388887832697
0.4023348681592669
0.3687467074184388
0.47157863514613174
0.5243300139868747
0.5183837591912109
0.4876898636295808
0.4662288363275232
0.3273782615587968
0.44434484866450236
0.5125331218829317
0.5555599385034362
0.4123165409875783
0.3727252176584445
0.5460248390013664
0.495017494076593
0.5375787295356679
0.525786716339674
0.5021601875107377
0.5563269143063204
0.4899861550272833
0.6476132489831926
0.47068310549936565
0.5567290655678766
0.5870149758624317
0.5190769283474662
0.627292706481615
0.521626557725666
0.4057397945322222
0.43313734992725234
0.49005716627778484
0.47399678605412476
0.37537814710288786
0.3787594758460772
0.29471009825306227
0.4081483873465813
0.35486780612559166
0.3365798250584377
0.3117909615868158
0.39617805507087683
0.33221079663838504
0.42267646564915107
0.3981537034298491
0.3552343160485685
0.45514852472192585
0.4729734936912915
0.46081071883822566
0.5174080502601301
0.48267476871145687
0.4101680497890082
0.4643307955883874
0.38202569744817844
0.4095369748547659
0.49389860297575866
0.3428646968499426
0.4586187013965429
0.36970049787151843
0.4510523555174571
0.4946312635939294
0.5110179646360435
0.5282170023867799
0.44148011751198746
0.4072491221771507
0.40673578604095717
0.43586477352265474
0.5370859403006584
0.4947992198705403
0.4323757083825437
0.36915525827735934
0.5141664832728101
0.4004662055229053
0.5161745045698116
0.5310947741745978
0.48491678482326694
0.40634288696049625
0.4006837962587193
0.4539626377829614
0.40472710533935075
0.37145273871379375
0.4422896402768629
0.46764895275561563
0.45001877517231903
0.38519399140078614
0.3886448215969401
0.3364966775752963
0.3488629593892865
0.4762704703072106
0.4756793137564644
0.4025097274530005
0.3708840951314075
0.4187860816989427
0.5231220617944379
0.5389928629373497
0.42141448210828536
0.4057352757718386
0.3316179326216312
0.3639996036549594
0.45413143211566365
0.4577288527385258
0.4168203845255719
0.43680111738260646
0.49262856250864817
0.3902911793962507
0.4351302936794372
0.5172481492990019
0.48458060551813964
0.43003304933123143
0.46284006242466214
0.4713323367797885
0.4331222138503014
0.4752593688385583
0.39137655111556885
0.5525223732790117
0.46456218586123843
0.5362534408243824
0.5295924509558416
0.4284311489462713
0.4388327449238345
0.4605510706778324
0.46623513319504767
0.48054215702726283
0.5239174312491431
0.46061459400841653
0.43228953873253567
0.43435684296783594
0.44680500728694167
0.4952827688590222
0.5661731425889498
0.5114428915898148
0.5149159680663677
0.5586543345867497
0.5158985102296456
0.536621081770722
0.5116062472120859
0.3720172865328667
0.48018288211725
0.5119392104411188
0.5246257672638617
0.6039276923874854
0.47031873246853867
0.48116854700696765
0.5989446224298197
0.46692283893284103
0.5067485482842478
0.586017224769465
0.5079339147414496
0.5745349655700356
0.5982474865947012
0.5212868555303372
0.5524021793088069
0.5695912633113189
0.5817744401140269
0.4477854345171262
0.5305542614887416
0.5123854215499783
0.4473713533636604
0.37685319827181585
0.5995434770204129
0.6003835980828667
0.5491819020742061
0.5051199282512456
0.5013810948766231
0.6248690722327026
0.513562750514665
0.5208907423300394
0.5124218748104786
0.5674884194594073
0.4726810958668927
0.5816247363177689
0.5372185975824979
0.5513440999881545
0.5776162631704451
0.4869012192338888
0.5503938071438498
0.5006674038868946
0.5400847732206822
0.5070238816732033
0.6291656252918812
0.5605113936210305
0.6618508062350532
0.602230486376466
0.5666773566483327
0.4480091652272086
0.5756922103558015
0.5339789190738264
0.5437994394806734
0.5495517589684868
0.5184559146606068
0.5008083994524188
0.422809008559184
0.4661044029740794
0.5401230576118012
0.4589953210125728
0.48597325828056287
0.4682905312040476
0.4001607659202679
0.5079972003554784
0.44452274776759393
0.4969301985273262
0.31812995246474307
0.47555839659517407
0.446590838645322
0.44710834499772734
0.3861429215094718
0.4289561523110819
0.4454553164359796
0.49463649409818466
0.38930925653061865
0.44593477659144354
0.4199547616376581
0.5660509220476768
0.4729803620344075
0.5045435388042103
0.5459879489401511
0.6268682009763462
0.5405820497563466
0.39635674718201386
0.4623984271120313
0.39026579550709467
0.505916236074706
0.5519744411380814
0.47379422709694996
0.5088506819305945
0.5453352284702555
0.5418176570091195
0.5441221425040591
0.5491482586562502
0.47861388705777824
0.4318989017454631
0.492998646463771
0.48467888172279383
0.3998462442637941
0.418685538199357
0.41742148802120815
0.4405493880100952
0.4261955615230687
0.3669431491414529
0.4175777070837995
0.40217917577880635
0.40486690276128245
0.4252659298222452
0.3859126152376464
0.35032347814237297
