0.18814395313978327
0.26784806201216704
0.2793299832121796
0.29347210562893844
0.2135675991300981
0.2711722070395358
0.2323621792137881
0.22356179935642728
0.22291005313335388
0.21828784713103802
0.2601735337697051
0.26902080760687236
0.28048771102562575
0.25819687785785383
0.19617033713420406
0.23541920154309726
0.22526089412034112
0.20761504828723365
0.23032330079552005
0.26137829156881925
0.20621836290711856
0.26485598528601656
0.17547944747772956
0.20103673359882007
0.2694230135700689
0.11159438048597434
0.2101873106727424
0.17792453772256123
0.21296529927518482
0.22041614221743155
0.19261412807437833
0.2185600402538091
0.25952571892225224
0.21070985185309143
0.18684752493623658
0.20930841836112501
0.20150012064210668
0.17428285195822957
0.2287171229227497
0.20681827144247555
0.1815559038668787
0.22430955134603706
0.16198106499053416
0.2468871612857268
0.3088299206459779
0.19556020660159693
0.21529846616024484
0.30591911460801036
0.24183350332780756
0.28540111066032103
0.15799342798644914
0.2572060379998555
0.23660352498730186
0.17319001226092845
0.2502930680946086
0.21247254285273037
0.2783532143523677
0.26125563496295956
0.27348768457458883
0.29455081578944764
0.2648780366384508
0.29544153973469783
0.25802351665434897
0.26563292280150963
0.35309894999198366
0.3499021604327808
0.33369797357786085
0.28567506940557885
0.3060921201982508
0.3311000067855708
0.31770428190829486
0.34541186416707614
0.2643077361935805
0.37360100532448226
0.34675596961099053
0.45318516684179055
0.31981315269361954
0.3933689672663406
0.4137438609740792
0.3985967449759207
0.43397541677226104
0.46604271827736715
0.4665564846259289
0.4690474333832599
0.4587701048824625
0.46435907086992734
0.524436787283278
0.546117291693405
0.5243519529260439
0.5358498271228792
0.4957700143965008
0.552564470441443
0.5559208914474754
0.626398180393001
0.6184985512326123
0.6154430491543903
0.5579457677468143
0.6204313852145826
0.6520314059828178
0.6770408936185215
0.6545503789582499
0.6932419185124246
0.665702328906186
0.6068325899152454
0.7494114129010295
0.6676218967081611
0.6190955934794893
0.7229058951397189
0.5934054525913677
0.658056324387889
0.6744651255767709
0.6458256306285088
0.6714404764983588
0.5693195758543634
0.5126863288190862
0.5517459647323761
0.4972816052752215
0.4342069734117163
0.45543404970261303
0.5681954772428508
0.4987699170681824
0.5100664296794908
0.46154893142823517
0.4382089925098698
0.45234596440568164
0.4197492288870758
0.5205874487859938
0.49125587293816425
0.41320016457270103
0.5264508970361246
0.424310901589797
0.454994651218962
0.45087436310610773
0.47049235334735073
0.4743049373121292
0.5416448777447866
0.4136880652704188
0.3991243995209761
0.4386901928157203
0.37095111811926107
0.45263253716880714
0.39991534125858186
0.40988634389750916
0.3891855261636684
0.4357503104421424
0.4777517149340135
0.45588416846272095
0.41600181907138833
0.38977662165940596
0.3017416865067554
0.2999886212518651
0.3700024258818706
0.38151112639066087
0.3256911383228617
0.2688364437745353
0.3094581036782638
0.3086187065224226
0.33996967321668325
0.39558672651775195
0.369131954015633
0.45191973745877156
0.4987313695718054
0.40189610188342106
0.4158662215779034
0.429097165188464
0.40464063164178754
0.46844921265260286
0.4581204879573434
0.45771791271019013
0.4213240852759276
0.5687865219116555
0.432235609109367
0.4607628624160989
0.45304679700201855
0.47249210641959516
0.463525572968333
0.41962519837664247
0.43070323982998115
0.38377973939047544
0.3548715687184583
0.45559058193339774
0.34370000027551706
0.3013980016224097
0.38046755797149945
0.333264555496284
0.4175924423253298
0.2978529185781771
0.2617141966024039
0.25560157527316973
0.2900705981539896
0.25700123315252804
0.1961952302379785
0.296626566869024
0.2640299710368507
0.2792866066313892
0.2275291359082809
0.2677121723514511
0.28281357688468495
0.25482735244168486
0.29352384271438087
0.3026280984001848
0.27576657267703514
0.2714518463079642
0.26225320220367915
0.34680810507442705
0.18383727197311578
0.2935756898664227
0.2464335316114183
0.23594095455545708
0.223207574894134
0.23719519798215533
0.23106534001314671
0.19430258528704997
0.21049550749153584
0.2741492747476914
0.284843267546153
0.21100988499014844
0.3053331706848115
0.20652297726842195
0.20467452339111883
0.24336625924241329
0.2161136754798208
0.24929304959360502
0.1788151356520711
0.2559390366624902
0.21610958461279034
0.17559223524588957
0.2066320564581924
0.21203806441617581
0.18612813630305547
0.2551054094151151
0.2922615362082201
0.3009960005443319
0.3688600425441758
0.33857723556602914
0.3157211197985128
0.3143097026700846
0.43801871014410443
0.44673399660213886
0.4062822663828892
0.4324598803214318
0.43679633222477104
0.5146083612015069
0.4887041551494298
0.512500519573939
0.6562703210020862
0.5781110276980774
0.6579141151867713
0.6527880416439573
0.6406130061802535
0.7851035457842805
0.7688926415367607
0.7812177650772294
0.8041193195968861
0.8488818884506424
0.8574246241318523
0.8693258282681606
0.9460540233790291
0.8802683190238458
0.9157931625941452
0.8526715028481555
0.7661481515636142
0.920562621757232
0.9143727377063654
0.9642658619868181
0.9031346273440444
0.9467796339298478
0.8472751166038193
0.7718233533295367
0.743789307402839
0.718866077629019
0.7370286186688755
0.6368019252905641
0.5946890268388709
0.5823509434821261
0.6406251257747505
0.5375968967276155
0.5296951160105814
0.4350325069082039
0.4022359619534398
0.4497163036907413
0.4294659815373726
0.5186596365049856
0.5059064622070452
0.41173537688636885
0.3965355440698216
0.40061107854253675
0.541437817233234
0.5148357857865897
0.46611562583191857
0.49975230563411077
0.38727698920823633
0.4546860626822553
0.43927182013020094
0.4078264425835026
0.44038970243256503
0.5126575600740519
0.5045640507021159
0.4892489455567204
0.5114246273286911
0.4495426199991108
0.45205707463548095
0.43809755112963344
0.3971749910514803
0.46793085225037573
0.47114697374584213
0.4933521172617862
0.5718431691732535
0.5198939208962287
0.4514368185015307
0.43172733417273246
0.5078136510219007
0.5152434703673479
0.500225183993672
0.4805164806469864
0.4976865728935228
0.4941212370692164
0.5565122593054668
0.599934892802248
0.526467005668521
0.5626540197152835
0.5392180946600936
0.5849153862316541
0.5509427347950687
0.6210741429574858
0.61604378178712
0.5324257260247026
0.5772605217026412
0.5090430241293117
0.483721787573272
0.5472965385786129
0.6499689436924586
0.4873730023359147
0.5635644327874489
0.6260657638396603
0.6395997243034994
0.5365879460065983
0.585183058386384
0.5996516809262386
0.6497890324747014
0.6878232995160833
0.7538982897410127
0.7563989524015309
0.7068781564357787
0.7257521819949677
0.7483381387686174
0.7755976365714601
0.7640011563723117
0.7760606296183848
0.7362455971695245
0.7580020054695248
0.7468978300341899
0.7243340944450362
0.7123467898350706
0.7358834801608916
0.7135306686312457
0.6816998935880324
0.6666627675982804
0.6785349499064823
0.665062767651561
0.7568121837780466
0.7188486709819176
0.7047086978433558
0.6815337519121706
0.7386988828191093
0.7265543824239877
0.6524225693566974
0.7170746052652455
0.6789348253671768
0.6339422029490543
0.6458813562260549
0.6315930157653017
0.6812698272797766
0.5610957308033457
0.5924624825902858
0.6728200905138638
0.574731808534229
0.5448092812587266
0.5223742923935757
0.4787733464489721
0.5069088145405913
0.5290592787927442
0.5251974400247625
0.5667945741036385
0.5097746666101985
0.41081806011460487
0.5159939359893739
0.489864820409062
0.5054909415153693
0.458840955173092
0.4387006242549867
0.45828837667757183
0.44852238114211146
0.4542458383485787
0.4720438468736364
0.5777348796517431
0.47577400848204066
0.5686470471995233
0.5260814627018191
0.5702157118163667
0.6086330951013066
0.5413050422119079
0.6099490597757049
0.7554100993508097
0.4990415828177093
0.6458192804166821
0.5388484054900631
0.5673815627832046
0.5617264544812113
0.640531031100888
0.5574336667689959
0.5709490428030146
0.5503327337835076
0.5272741804768759
0.5542887317229768
0.5548714747762653
0.6156636149077876
0.6208597086848386
0.6108852396490934
0.5459025966260129
0.5356658182027454
0.4601749194170528
0.48504505975848683
0.5359397312037638
0.4751986858104124
0.4381275970328036
0.4085446380106196
0.47516405934900396
0.4760261353070018
0.390648137756215
0.40079678876279745
0.32468033925414286
0.2648954562551833
0.26582492644764444
0.3058134643433398
0.274292710805808
0.21653101069299818
0.23977289113780267
0.3113229051096007
0.24804852655490964
0.22586541668960597
0.20787570860368382
0.242208819214566
0.18997063174253
0.09763845289799081
0.2237896249484834
0.16895651819694282
0.15520169157500685
0.1451859980409127
0.10080102036785224
0.12152114182024538
0.0711268820345658
0.008200258255501467
0.07416143107779227
0.12158458399778448
0.15050166200214465
0.15555131216877885
0.0984152908978547
0.11495584226183188
0.15093181068508457
0.12183026305826103
0.18143649930839267
0.17818363660058228
0.23297776593000025
0.1688319604885305
0.15586520135867613
0.1678523014340535
0.2429779006388988
0.24725297884559921
0.2603928044879074
0.17796584901227952
0.21073934861506874
0.25833151962973655
0.2670882235531993
0.2427392475080309
0.2510733633424425
0.22560365434009322
0.21522495884788623
0.2864596556733993
0.21007532674128812
0.2508971731819632
0.24492611537653458
0.28334379994250036
0.2550553790630235
0.1930894147542285
0.22667412314129148
0.25520118225408694
0.2254428897681395
0.21026711624829708
0.2866493943662488
0.38319536181313363
0.23388558700385753
0.2791920818565159
0.3934082179270434
0.3548690249181036
0.36405463436783575
0.40615863284832776
0.47420863780097416
0.48936396059612935
0.4650248286762554
0.36810066292972565
0.3768896193463038
0.35455337424198025
0.3808310369666666
0.49090786022812205
0.39403444640086466
0.4404024508789067
0.38347245868332963
0.4304664781620751
0.44838152078263155
0.48372427493820475
0.4003743028534078
0.3962556972872951
0.5514741254702167
0.4771635404095253
0.4662149444628827
0.5356387393655948
0.4730602901856116
0.4619265986740648
0.5474791040138547
0.5246295191566746
0.5362708707742339
0.4689188987302527
0.40884810284196793
0.4238302659886966
0.34325845163734264
0.3827070453861585
0.40876379638377375
0.5371641772534669
0.41406715812408124
0.46816841312798396
0.35410417141825457
0.43709633136036263
0.49144523866648604
0.4946131120825497
0.4174226183258182
0.41223889547368353
0.4182781277946269
0.3018408316250868
0.2896253600062888
0.4133138041301489
0.363107637121022
0.4890512242311745
0.3301107944410142
0.3302267986776949
0.2732905596768097
0.2445857989157122
0.29817734741612806
0.20924194339308444
0.24739740970947666
0.252956693469239
0.23949157878695826
0.22272161329648266
0.18791434404818125
0.21640512205506035
0.2639034319543851
0.27658162793842506
0.2914440664922562
0.2531171994898434
0.3304774627385828
0.25534392531326444
0.3244998824355517
0.36149645840385863
0.2890336191837698
0.2269917697384869
0.26378671438799206
0.1999546772734787
0.30671240752942197
0.2261317277341281
0.1903815767833956
0.2184027808473545
0.17297656175232923
0.22484369333563775
0.2321800941806941
0.19246921996312824
0.15545726043491126
0.2263545565128927
0.2749897504861
0.3279961753048535
0.3064642066468574
0.3346247404785574
0.4064687165731856
0.5765103561347839
0.6670663877770663
0.6881959538242153
0.5775848041940786
0.47074235595705083
0.38201097527342626
0.30342427180656467
0.30449319147295684
0.2526251888211791
0.2433708417285697
0.2444498146117421
0.22888963163590564
0.24058892367842494
0.26312309218916863
0.21356495490273475
0.23922229471739703
0.3679377301859773
0.2873033682111018
0.2660006589904631
0.30999169165429685
0.3072801061611279
0.1741415902412457
0.3256471902019751
0.3300034483094405
0.3012496122167924
0.27827517818503
0.2208872346237329
0.252679848805789
0.217806517654672
0.2557431475602395
0.18029642982299798
0.2659511460214945
0.32907340324684264
0.26515573168906637
0.2958600791956524
0.1960193101613043
0.229199313652729
0.24520443261891395
0.2567567336975295
0.24274305952799194
0.3020130031278333
0.251218573085249
0.19443185219842013
0.1442651056820578
0.19453638146632418
0.21238577707204914
0.2553932169221774
0.35402536338259927
0.2081594615236298
0.2911195952401061
0.24306294093284359
0.27709289658140224
0.2685303802847978
0.3720665509139941
0.26863495459588027
0.30001917647595505
0.2946408262563606
0.2802028134480997
0.3255466245585041
0.30823993598162036
0.3564577451415744
0.3235200592276083
0.3393374885273973
0.33534088863187367
0.2757236796531677
0.28450220024884726
0.34189703716909103
0.2690662582770521
0.23021372897008488
0.30020739877355385
0.29297413033207564
0.3104404773466428
0.35662144169143734
0.3794103034367188
0.34022606582342985
0.3639300540502016
0.33465014886227135
0.43829433040426946
0.3038184246804201
0.34608730538043186
0.37206487450153763
0.22657717129274363
0.3929198587353385
0.3966281658142242
0.220062252687099
0.35204007022220996
0.3310696287546846
0.3052579534843268
0.392636252161906
0.3119367239248773
0.3064482585574625
0.22110253873799218
0.2710624923728929
0.25326124319270504
0.3389530329065271
0.2803467537444429
0.31047726062265546
0.3278236289096611
0.31117235959044043
0.3856932773655659
0.3688805045910005
0.4411818033747695
0.369852507461902
0.428771108661806
0.47529244572757956
0.4178972682668859
0.3497361500306178
0.3482252223557378
0.4025272002784671
0.3816153696256188
0.27354603704823505
0.35259627004906047
0.3270657038218159
0.38299131831820676
0.41109748310567085
0.35474626490572536
0.3433878599877983
0.3271926354985212
0.3979336394591591
0.3590360678501275
0.39542487375869323
0.36889723734307894
0.3503062333217992
0.2850101821419242
0.3613576376065069
0.2799008161129874
0.40636944491331806
0.26052089238970155
0.3550129541727338
0.3080522643675488
0.32224925568513785
0.3421766927371909
0.37885047053576376
0.25697213701194044
0.34092772654824116
0.26778433923490574
0.32833471054457863
0.3882595106252511
0.2651085548310891
0.3032264921176786
0.32741364800313144
0.41371251460249014
0.29977581904955725
0.32427269919076723
0.24483002302894713
0.27705934817676536
0.24418568649635167
0.2943263060413292
0.2981185511707788
0.30898094183512337
0.3613269875638974
0.40663245606304355
0.47556840722925553
0.4737128287830411
0.45085070492153545
0.4379485859775531
0.33899548005550806
0.49005996463384893
0.3584664507646057
0.3756502024864381
0.36037336055712654
0.2910448237392427
0.363820651355767
0.34329905885135575
0.2424461114104915
0.41325368480715885
0.28904491923779146
0.3034133862549434
0.33785709416844656
0.3829147217799247
0.3011146639059253
0.41109867403328626
0.4641263457368132
0.38233832630948356
0.32374660678520206
0.3260833539895157
0.332165317038672
0.4216328911415884
0.36972015553097526
0.35885370274310713
0.30957736609660325
0.3194714954533626
0.4079446180065409
0.3238273257382659
0.32492410189388093
0.2924949119260743
0.3770155688363488
0.2940374427361867
0.3664318462954853
0.41587637750014084
0.2577321949030457
0.3899717190883617
0.4251065353543627
0.45365447224324024
0.4217520133476994
0.40637417795235475
0.418389570927516
0.3424268485287506
0.3985718844714894
0.3517349203904061
0.26183381288135493
0.3860064585538156
0.4247637211879557
0.3342672646699515
0.3465913047204249
0.38013038524410436
0.18416129892776692
0.248363625495914
0.33508926586987375
0.2766204654988497
0.27821210353879466
0.32063745232249674
0.2765166570970652
0.26134212259763256
0.22146964116767312
0.2175688968363361
0.3017359229078395
0.2647394247573195
0.34450655972745436
0.2658365595057087
0.3420997314718496
0.36981231282237115
0.309057577457564
0.18451165528520774
0.2916836133008152
0.33092435328739594
0.32644902029544665
0.35466317864444935
0.36543805128950696
0.25708050301221086
0.30451532677746285
0.3144532808683478
0.30961105278555046
0.2948315448574217
0.3531171269300152
0.30084471978729865
0.2823550762375599
0.2720224510133702
0.4102445931518202
0.4001878367139705
0.28370672282091636
0.2723110475647481
0.33356017615451156
0.2621610868006865
0.26006235651425413
0.36898126898530537
0.3227585347165933
0.28385666069533166
0.36054343343334366
0.29143765020541684
0.2664502524805103
0.17923219745140295
0.2508898746096763
0.21205803396754808
0.2931865147019427
0.15370552631986484
0.14729161825109208
0.19518686350089282
0.20247177438455927
0.3926888047567223
0.34106357379475793
0.28127173556820595
0.28837915459611724
0.22376912434329588
0.2458847356912912
0.23729047415436094
0.3137508552858303
0.2568783381858799
0.25410174136507024
0.26959695507693443
0.2838372660140961
0.2523826735444784
0.17326061963387207
0.18264370836779079
0.3582066201540174
0.3633740463141041
0.2308931359110571
0.32529360282899483
0.3214402900160951
0.2463387704036747
0.35442207022219596
0.23761716352891213
0.30089464480495365
0.16030436159370856
0.3712251375063077
0.3453403718797057
0.2725049125282157
0.22639288492766288
0.29346641704356474
0.29610707565517447
0.32301823510507444
0.3358349974012715
0.42982964263317136
0.31111008678288654
0.28380185857057516
0.3566263426346177
0.307912339398898
0.3148023029311696
0.3510348840242615
0.39766439850485813
0.23750640410590196
0.42048073325891755
0.40973869130715235
0.3663474129452244
0.39158901947141944
0.24845895666636622
0.31803703269253514
0.416554526211628
0.3901736495850058
0.2863468631730766
0.32969015845671373
0.33991696007886546
0.4638589878327404
0.47298324496819855
0.30148334582635977
0.4529605903175983
0.4067438439873677
0.31067980787783944
0.4398808200264509
0.41971671472288896
0.41788252144575827
0.48711617033909715
0.380472617354498
0.4205729042210057
0.4359394034576798
0.448286936943357
0.4067172667594643
0.3398047734706349
0.4009005789369923
0.376373941204007
0.41470917098952065
0.3072262469636078
0.3471510037187017
0.401605881849703
0.3318768351107909
0.36779077059455967
0.38542484806480243
0.34081348407821094
0.3266805667695154
0.33329344745281386
0.31342446593039497
0.38425069824462915
0.3687815012622851
0.3028027150289302
0.24893343327006656
0.32663056481040004
0.2595491275290579
0.35464672473944026
0.328417625746936
0.33238637371013424
0.3268718563848768
0.27432670631218836
0.19314202462574007
0.37828752579966346
0.3754158899756326
0.2576185607788217
0.3295833414510372
0.34724558545479284
0.3790161232214788
0.279532927793766
0.2517257224682195
0.3188138489244505
0.27096591208675047
0.21845015628090036
0.23436385845152097
0.27190847301865595
0.2509460187407244
0.31983026507030654
0.30813628514332747
0.1686902330916829
0.2858736779240003
0.3410468513833314
0.2761987291990865
0.2757626341155378
0.26782408940167246
0.32498137157859297
0.2671810901432058
0.224582374722775
0.30560473881157424
0.18398986809611725
0.24973710547179553
0.2939234386269448
0.3342991697872709
0.33076289820527016
0.29455544612302703
0.3265653237099698
0.33804417075687354
0.32938724641207595
0.36051044465076365
0.354103234450038
0.3571384842739822
0.4317390352337276
0.44032742857341955
0.365277721059984
0.30300057796882696
0.3795489531751518
0.40158530255040226
0.4008881950424447
0.3723846263853432
0.4151438150517701
0.36697834185873923
0.2971996962708686
0.4048339652009093
0.36637102205551675
0.2941518837817855
0.43154472527169996
0.2701746806356277
0.3318674680576038
0.21551072241118818
0.2972788338052609
0.3830185026650593
0.15829878007439252
0.2725159940264263
0.26709745547685126
0.26877837663277404
0.24768195272532997
0.18287726969158238
0.3063377804352357
