0.357406771767285
0.3762902772402306
0.3403590349812565
0.27278736572680296
0.3361271210627389
0.3196998124963747
0.3431305871326341
0.3771427108854263
0.2644673532544931
0.223815561974694
0.24083871978164123
0.3241240645607562
0.3475763927401759
0.3033064942976086
0.2784093305932701
0.28328785553311653
0.33409917264736627
0.34525081603197233
0.30123375949164005
0.3447259133508853
0.28063240367885306
0.2827942670214655
0.3105033245413075
0.346557318494175
0.25752543256828603
0.3332079701078353
0.22264208573699967
0.35099331869291445
0.3056181181192209
0.2846167160216911
0.22333552300170145
0.2945824150525254
0.28811548609883747
0.3065460700394775
0.3162001077078879
0.27308893319080185
0.25399945124254386
0.2848570773406873
0.24769364728969578
0.34811794105680177
0.2972360104183485
0.2888040366522814
0.284348988136397
0.18969204736131756
0.3467172167458437
0.28737911461282634
0.2531203523793695
0.2795692087340029
0.29362371513357816
0.31056866654749915
0.2535567034380386
0.3073957175504439
0.2930527805758232
0.32928697408006163
0.31433625410905713
0.31731501164051445
0.3061144351485173
0.3711147015759552
0.42026361625382846
0.40502664351671847
0.37920803266059505
0.33970127504149134
0.431225623381405
0.42532382579288786
0.30816941572815854
0.35353072229110016
0.36763339729190797
0.38278928071556173
0.402934805676361
0.3885128088226782
0.3079537093608996
0.44848645943436727
0.33810283947033914
0.3463626830971845
0.3696560413597186
0.3636356734660943
0.4356050833427614
0.37995145117854345
0.5284183499014716
0.46410520166203406
0.41820323667346293
0.47335401241701813
0.48641163369615353
0.5482463556185478
0.5282674950576888
0.5001673005734881
0.5668011986815711
0.5149099628288244
0.5333454467022427
0.604946758949297
0.5691934003565036
0.5963530583351684
0.5935099396220305
0.6217464199629934
0.5728931697734649
0.6417327933397126
0.6137738923167148
0.5832994279807489
0.6678161064707178
0.6139352583873794
0.6726656965157068
0.6908982805353562
0.6204340354328934
0.7121914737305775
0.6507073217275361
0.65618859058656
0.6474720830643592
0.6634961892015823
0.6433314503534191
0.5913682909061091
0.5467641195895101
0.6011029657316136
0.5136601040746104
0.598527621108101
0.5440376563678753
0.5679533654474432
0.497717466298062
0.45330004212064073
0.5343934815417347
0.4813782736629521
0.47955173239380877
0.4720953698679122
0.4973954845855015
0.47009978568192623
0.40693532012341416
0.4568996012118597
0.4573951438108957
0.3525474260454653
0.46412144542584843
0.45936767055950684
0.49651572572509617
0.4453810896504297
0.46712619882519457
0.4647640421671841
0.4880435530711358
0.4991957387749386
0.6128790838237612
0.5468479123091439
0.5002711755234821
0.4533432538034661
0.5321054362690512
0.4901193801053233
0.47313195885675935
0.48032842923996927
0.5509576811838093
0.47904957932114717
0.3982031603544784
0.45376256325439834
0.4534502193502198
0.4782820384999995
0.42100030198515404
0.3908787112944176
0.37880833477764586
0.3247771431016693
0.3423741408099111
0.3393900653597254
0.3737623426060107
0.37935537959641147
0.4123307669471704
0.49638504027498537
0.4946738031502047
0.4403731737619746
0.50719014465395
0.46100557958448146
0.47190307705591383
0.4592970860426346
0.5090730692604116
0.518869326297855
0.5313935499356358
0.5249422876298431
0.5475238018614581
0.47082433042696936
0.43881526571523854
0.46283848057349786
0.41633279269336537
0.41381111650315344
0.4758871370208381
0.4674081034254529
0.40406024700622645
0.35977990046940495
0.4003327010218124
0.4049249345892178
0.35895805862942476
0.4058278001956792
0.4006481799390447
0.30382765093607145
0.38779078500254727
0.36331720982776666
0.32621975655328717
0.3472666579161008
0.4069047911476231
0.35039325281168615
0.31794677367754537
0.3058404244541451
0.39340164773013275
0.32832999599280055
0.224239077836976
0.3007941169384983
0.26168293896409867
0.33875021370274366
0.37440677601544825
0.2684431705362169
0.33898934184492474
0.27445057173611775
0.34198157069058593
0.35767906049661485
0.3288590827152049
0.26831845711050056
0.2842183049666136
0.3146672043562081
0.27662782962922
0.3041499437743364
0.23847563142110187
0.2876385796243683
0.39495394375958887
0.3048924713304568
0.28889951562825683
0.407095841013955
0.22135509458400618
0.2247366085949529
0.27965821349603726
0.24657070939382802
0.22738558919897106
0.3194474193641788
0.29209499341284917
0.27795986438737924
0.3173803878887723
0.3121839157175255
0.25300001342321377
0.27789902895117363
0.23056193659386978
0.2561540000376994
0.37221980078580164
0.34114713722331425
0.39440914184823633
0.44460782697810886
0.3962506459223293
0.43838134501857795
0.45987627670481346
0.4903032968817381
0.48846476656631654
0.5339660008003625
0.5016146771136875
0.48099848927939937
0.5282681189578069
0.5273014646867138
0.5449785854413729
0.6395169697017865
0.7122926640902469
0.6921723408270168
0.6817038822539421
0.7510933680615066
0.6829465319349677
0.8230637988395233
0.7772799554649723
0.7959302570944762
0.7899878773114049
0.749355941335214
0.7290999203207669
0.8398621937267672
0.831112305400282
0.8459379348986968
0.9776042590949423
0.8093396530754898
0.8113371584576082
0.810120754502547
0.7598034245445813
0.7327042282845136
0.7835347201755587
0.6990342378398553
0.7076272879774687
0.6523407375699113
0.6010466686579492
0.6227739252172557
0.6007362169611492
0.5192323345079024
0.4880912585748134
0.4159135652380198
0.41515815794249633
0.49848109255925716
0.5557523461990492
0.41809441857991136
0.446651960447986
0.48091497459584165
0.4064581522936933
0.403512403510227
0.3603057928092984
0.37717230073452085
0.3439160008155226
0.5159839182913697
0.4314668638923691
0.3405881007893359
0.47033792316745027
0.4194288662025299
0.3465793099570761
0.3977531276600427
0.44879339890006625
0.46086591175792024
0.48535219201772906
0.4856179434774519
0.42421351495596965
0.5109146620045442
0.47645536661858157
0.46845058283720575
0.4340840543840601
0.4449827748282236
0.4258164334127522
0.4989266738647125
0.3972683351596554
0.45510897983358994
0.43356692021274235
0.4579142717248714
0.4825244716016652
0.492276745299968
0.5111257434596548
0.4664735546279486
0.4945437276541882
0.457764815606892
0.565953653237111
0.5761391822813484
0.5637773364610987
0.4111275986370893
0.5303421710964178
0.5707225679618646
0.4969861970530677
0.48154535684632666
0.49984369279768764
0.5614302778320542
0.45072055497873625
0.5542764033536839
0.6049921419046103
0.5924279152887231
0.5937674083631148
0.5546274079218977
0.5106080814452721
0.562947834780199
0.6285639848069628
0.6220967323592654
0.6911751438503984
0.5718142391492291
0.5907090247991
0.6540632825493656
0.7882749005057529
0.78994294897258
0.7822653528947057
0.7115549103821119
0.7132521165855975
0.6537219197749653
0.717073585274568
0.6620410176541686
0.7014711745366451
0.7109599850994368
0.6341098823124982
0.6359907211716895
0.6854646789883396
0.6667808999010435
0.6541257921221217
0.6977290729187602
0.7407471077023289
0.5571042948686162
0.7149891738550508
0.6681789669325294
0.6507872744121939
0.6287029824819691
0.611785035657405
0.6175958350795968
0.6781400542846784
0.6034722618806466
0.6455476746728143
0.5937678148790907
0.6334755373816441
0.6522942377756188
0.6438660953604407
0.5452798728689502
0.5675060324086205
0.4268409068339688
0.5755233695333961
0.5114402659536712
0.5597545621027937
0.6011203473323952
0.4921605254870229
0.534104887634336
0.4745465152772318
0.5143418039636944
0.4215776453273085
0.42429375555768034
0.5312839240820215
0.473234052593668
0.5125332746595853
0.45281609107104326
0.4123552312132403
0.4829672818773239
0.4566851424922401
0.44916862238053495
0.4476759618672906
0.5354464031939945
0.5020293328534682
0.4292707121167527
0.5784269251933569
0.4693400630328558
0.5287957843475187
0.6310766709716423
0.5585320098481195
0.5769604286493373
0.46891254997545495
0.5809757480246553
0.596195699795736
0.6700808501962074
0.5908371486897521
0.6002937772091809
0.6763232160889195
0.5420441119152427
0.5760530796981279
0.6455710023266725
0.597548823540542
0.6319772338009815
0.5534670525067004
0.5497717702600231
0.6179697555171215
0.5806535224099402
0.41977487140852215
0.4916994622328996
0.4788881684978118
0.5018700132489946
0.37471772024108835
0.43261751761352446
0.4034347924173548
0.36401480515782364
0.5078887918917064
0.3894688597196325
0.2972970912209749
0.3027533409021761
0.4024792691491662
0.3701752571913651
0.3415867108126389
0.35663188166963156
0.28775464074191354
0.2836961611195187
0.2974862203834649
0.24093579820199756
0.2863204725836112
0.25892708803706854
0.24812745998893265
0.14889256529958728
0.1884776154851398
0.24577118639467965
0.1543800628100777
0.06678138235053087
0.18725878790024436
0.11735158760820744
0.13621448751596907
0.15265901271200433
0.03507110020619634
0.12886208681244912
0.19090180273501126
0.13374846853435735
0.15278306797828636
0.11515520463644491
0.17939852262724798
0.22826035275092288
0.16763502827307844
0.18312560883806417
0.3217682697410609
0.2408875566501897
0.32469647945973606
0.21153444988543052
0.2785197860608043
0.20250046216969994
0.18557967355884133
0.24102176018514887
0.18495204122538556
0.3210774882046512
0.3559236222186264
0.2611672568020813
0.3080741592012132
0.29687247338529926
0.23489494481699408
0.3379619545526595
0.2858689747247011
0.26379248540233974
0.27556780374045053
0.16160060218976843
0.25463911124586347
0.2345634352805514
0.3019660944563377
0.3091936530117453
0.2665423316028103
0.31086605840347786
0.23971782196213803
0.3269543619120685
0.2875709650432851
0.26748667185446806
0.32200631405029445
0.3760697725703485
0.3752395652723992
0.409403296473243
0.41402981083982987
0.38519370322605573
0.35977161755172693
0.36876294908421464
0.4515466570834793
0.29733883728418914
0.3135644971786992
0.368291003382218
0.4082278610719967
0.3849467665147826
0.42645002946070976
0.4091396175286543
0.44680939912530454
0.3771744842432845
0.40608359974169655
0.40534873260570004
0.5067347903904045
0.5311901409730491
0.43760404370451095
0.4638727611271975
0.5052679552479424
0.5151983158249663
0.5144547698906519
0.5380939065027535
0.4608327337097129
0.4176782989077098
0.4665795199356277
0.4636370594752736
0.4340009839715888
0.5357146707147714
0.44742402408338444
0.4012120502652088
0.3989918203797633
0.458338931096742
0.4663796957805232
0.44836074991556574
0.5061958817143836
0.3393526366590287
0.35221562517844507
0.39511680379505837
0.2953755815323535
0.35125514429189414
0.47728556720757787
0.36267690161897065
0.3143840770748112
0.5273818885320107
0.3952302369085025
0.3209026854221101
0.46128279177503095
0.3764816813309206
0.37023630015462106
0.22662970933493692
0.33588391051138594
0.29631063221421067
0.31319817652595117
0.3581202168256113
0.32895405868291855
0.23855427259302803
0.264418216812484
0.32546267582249533
0.30878081254864437
0.2726310972582113
0.15282910463521593
0.2780680111802552
0.306920730486061
0.3429185952887916
0.26666250340107656
0.37517094294912123
0.32154743515748674
0.3500118217238495
0.2925884673826626
0.1992511425639858
0.27993270209317483
0.2919884537406383
0.2911951578440986
0.27411273683664766
0.25728189016393427
0.27821097049399096
0.2866160110687693
0.3010273057796807
0.25492641668729665
0.406940009132204
0.2259713224670017
0.36127288001685065
0.42841923882712707
0.5851389276416843
0.644530136093679
0.68276498139141
0.6653492607473238
0.5158717988024648
0.5106924388302504
0.4858944221197598
0.487402347543195
0.39806365017902395
0.3888672022892508
0.3030456821711665
0.30263640055617247
0.4729155106638758
0.43945053950766644
0.3568231746691628
0.39492095502699476
0.36834853929470357
0.4061921026365351
0.2965160685882882
0.42705507676341614
0.3070755339872271
0.31612824559989666
0.30382501291830066
0.32776079832405847
0.45496446957937237
0.3945458980847397
0.3690479078013007
0.33153101974412824
0.30104307386466284
0.27107299775021776
0.310428516514942
0.34408554401047053
0.3836346743469476
0.3367343930116616
0.2857686114677382
0.23420379681762848
0.27495468105706833
0.3225005607167355
0.3543854298374529
0.27658812292848267
0.34394132848509573
0.2697509983722516
0.35854226065324396
0.3985502819701884
0.32228895929852786
0.38787290948117614
0.4171817112751301
0.342307126891102
0.506054043904446
0.396660509267638
0.42621888019696663
0.3969120041571465
0.34498167630948956
0.4365061242553281
0.34809371356794133
0.46232967643777967
0.39690423952599063
0.3923373740948484
0.3760336050977459
0.4495995354579501
0.354876754460953
0.4777065338860044
0.4075496431686577
0.35194722574301274
0.4878379024258915
0.31987044280244814
0.45418197321290366
0.38421552229434214
0.36781800072621096
0.38032737991978144
0.5030745376314101
0.46886166547368124
0.35998251470502546
0.3529583411969634
0.4534554844206836
0.3324342641848363
0.39913502452981175
0.4525256301241283
0.4186704007914782
0.3275580440470059
0.4911029857682414
0.2909649614779211
0.4279880793569115
0.3597999362187695
0.3664649627461335
0.3129057931813693
0.4464256226997616
0.47091475165054003
0.3947589687264976
0.4225037671285211
0.426259136957541
0.40814664906272435
0.41055005574936254
0.4362538092712883
0.4250466213330268
0.4425978119171794
0.4964819762986106
0.37394684437035086
0.45379237318859905
0.4199451615974831
0.3851882200144367
0.509343336747807
0.3867117920995626
0.5646065099539774
0.5285755249996054
0.6199724923930927
0.4706885934371352
0.4204968206990324
0.46416038706179025
0.5042543114634888
0.4096099301652067
0.4256304412344692
0.3697201958613275
0.3994938661748601
0.5593092734800569
0.4954639101424599
0.4386125564058192
0.4330024765258682
0.38903362629543653
0.5312571682580138
0.44637176971717646
0.5043501301293056
0.5051959236997439
0.5013487709486402
0.40477514543130155
0.4412096141509631
0.3976770966947827
0.459826319151182
0.43324791385448536
0.37412403813629225
0.46303272384771127
0.4741085535841896
0.3887636398522655
0.41732824137203556
0.4625743300031815
0.5170609556964438
0.4010960998785611
0.5060780680049477
0.4279044214758211
0.5125833095068305
0.45520083242541703
0.4874901164247963
0.4911771622414258
0.3835443829003499
0.2982174700920837
0.5258205884978251
0.44676806556516985
0.44493170403822524
0.40536920511573304
0.5377040694132957
0.5251360350704998
0.4891540710337082
0.6152807797552531
0.6049829428472902
0.6083267972334145
0.6361226353407977
0.5636162133212768
0.5794660460589249
0.5127798144001462
0.46096651801008176
0.4852734075394621
0.40823398398546784
0.39746752335949187
0.5264598486065445
0.41800732207711544
0.4707474103224183
0.43847948972191886
0.4170689518249585
0.5250383235617055
0.4404899172083024
0.5172285553537556
0.4731049275324369
0.46029590360625716
0.4539198031869461
0.5590423905731934
0.3791602250470776
0.45684553070713163
0.5239468273199769
0.5023514073163748
0.49586748212928694
0.5401651162579517
0.4568941562429975
0.43834613495509966
0.4094812075250486
0.43382163671931573
0.32992154753462677
0.439553275917421
0.45575611825279894
0.5235724700275718
0.39526573750905497
0.42048875899766747
0.4712597033439122
0.43293576658791433
0.45261330600923805
0.4187693824864641
0.413102738011358
0.4855442112534596
0.4448070656868339
0.438363350708334
0.4414361955817356
0.4106831173969038
0.4266167957097483
0.39577200813062213
0.32512057323144067
0.3178687808849234
0.32872254029672204
0.3132425953459371
0.42497276190564026
0.3488970279979835
0.5377132009431995
0.36530157009529907
0.40030031509780006
0.39258622167277546
0.27391913219080066
0.3072584452095531
0.323253524605875
0.40559956898347455
0.3127320187124031
0.3008569049772554
0.2559024435010603
0.33224404803263485
0.25917679636331387
0.29784740506665164
0.47718972716825225
0.3375196426715304
0.37358248081180895
0.34878500638070725
0.3930387769481307
0.3861753129535658
0.3845910679823627
0.4930156882197799
0.39169100421964287
0.4052095210025382
0.4362936176864407
0.3895895976820095
0.3037286351794816
0.32103698029489947
0.374232035333184
0.30787160449096385
0.46630859197994157
0.3528766765264325
0.33464041546844736
0.3466841523013351
0.3213880742735793
0.29590579274547313
0.42258275917032884
0.3447169406019683
0.4041634731012124
0.3778560273643331
0.39299008125686546
0.29741641386032086
0.37280250492241396
0.2704108255426563
0.3513127758633543
0.2656476996451534
0.38315681387157136
0.32644526461195683
0.3043998409511063
0.3249764291658364
0.34532796044192726
0.35822642992998166
0.24176716862718534
0.31946447583551074
0.2996288059158996
0.3603549256845224
0.3559693288231999
0.28903772385349336
0.22462805258845445
0.27963250700946757
0.33098630607554413
0.31330298873167195
0.3514471996054972
0.3699361364760057
0.23804086358709714
0.33488202140039636
0.3759847450968443
0.42817932340271486
0.29938337785389096
0.3461409506000014
0.25006748603151974
0.32246167850332774
0.41182310663884036
0.32784909877938545
0.34729265425372235
0.323452822601124
0.3723154832828287
0.32058498403416147
0.32330135894175194
0.31739223487801316
0.3901014006925112
0.36816283903549124
0.35642884318761
0.3251313469593774
0.4274352489127746
0.3944422043169476
0.4724540706342363
0.37593907685909567
0.3460256493204783
0.4875514878268626
0.34273077416181597
0.44653188816873074
0.3477491043595862
0.33741947980141296
0.34445559001901976
0.3281097815196353
0.42043723670880034
0.4427061699525068
0.4004980418266689
0.39417169482556946
0.3987421908803983
0.36801414178289504
0.498380246674335
0.38050531567588664
0.43678508034837354
0.4866286433704153
0.44952284067722087
0.47307444963545037
0.5415794165652053
0.37048723786996274
0.3721187538200503
0.4926373383592574
0.4837898425445955
0.4627109313081192
0.34894670860428406
0.37312974807429716
0.40096235583058315
0.3697170182823819
0.4778314347032869
0.4386112515197708
0.3290830914277092
0.39931024336032317
0.30510012845621404
0.4013422440430122
0.4842097068887036
0.38178427032058915
0.40427484407809744
0.37979744109201086
0.3994485067811615
0.31275123847938935
0.3664142178558668
0.30975357656940955
0.3586138925450261
0.39866327952516184
0.279931620995028
0.43031640206969424
0.40348225744036414
0.30987709161304267
0.3308806382162489
0.34136847366735656
0.42365237211045603
0.45088642425694886
0.34630785854316204
0.46559643682199103
0.40769919424632023
0.4040379049567431
0.4293180230852963
0.34274948964801555
0.39255319523084975
0.32055745016268505
0.3143246523004669
0.34730756571116417
0.4039498128033928
0.3040508793877894
0.2564253498526413
0.41141865350680595
0.339505622747823
0.2421961573891895
0.2997337347613327
0.3640720063265958
0.27754259834008604
0.2984251762485307
0.28639047800478623
0.33949044164248665
0.37630388898465666
0.2861663341366024
0.4133894254495455
0.3385142978566149
0.30050143201944696
0.41359357034884603
0.2916613894932835
0.3543338722907554
0.3721602813500017
0.3358184597812769
0.27550327510325057
0.4191730934956418
0.35535975993365204
0.4170409470754789
0.4015921474596658
0.4022010404268444
0.41344574383435295
0.30419847849053777
0.3258035938613842
0.37995886174589955
0.4519463774260287
0.44234322692651923
0.4891772778600663
0.4090259236391629
0.4666184631008552
0.48622420367619085
0.4074940488836939
0.3925534591775938
0.4857828125663496
0.39357108643340316
0.28480129639330476
0.4444038255072266
0.3550102616899232
0.4115497427334477
0.40280972608724297
0.2631215182390866
0.35686115668531676
0.3845040665679619
0.2979876528567216
0.33448941949249683
0.3617660327975301
0.3634055884790192
0.29747116185054046
0.32031256933946245
0.25078047799269126
0.2942289017565307
