0.4624893272756282
0.3229910709880898
0.44770505345627987
0.2834772296616004
0.46328032428792915
0.36470570907738326
0.3739189275153876
0.4576933313542352
0.4171198446171168
0.3609098591485622
0.428514704795951
0.36906177545266033
0.3667812918250869
0.44621466986034836
0.3575240711038721
0.3653075579841486
0.4491408109300753
0.3241487160206235
0.42206801689524065
0.3292231437083929
0.43042686125549806
0.3693846436408861
0.4486153327505829
0.3106200949285395
0.3549092881665539
0.43402227368020874
0.44773245262749134
0.4056510463225569
0.37836959485285226
0.4694481498715469
0.40134928315637874
0.4015974507953186
0.37432045911345085
0.33089430658031105
0.32715795517256635
0.3976466797489502
0.32521932343188675
0.3925794063789174
0.4208494579061508
0.37022749689904816
0.3705219774433762
0.32428735514524787
0.33338137023554815
0.41837345581640106
0.3371350871888522
0.2891754185966551
0.3247734199945815
0.36603339473345337
0.3459145975385918
0.4453273963259887
0.42412071587237055
0.38813107657305024
0.3782052105893518
0.4412603819680911
0.37004518916801843
0.3558360880506353
0.3736888430065342
0.4163534715178681
0.4079499629026739
0.4112235063756129
0.3475434121596348
0.4764212057565635
0.45604872628567017
0.46824630522005783
0.4614127459731757
0.38819736882563805
0.4137413777285658
0.4288026589090038
0.5035380630692934
0.443893260593225
0.3333173581077956
0.5334974556784813
0.47549505169855666
0.5092184281016721
0.45993864975205123
0.4675925139572882
0.4272197750795882
0.4872457279591849
0.5228649644772337
0.4819387687993242
0.5201161941569891
0.5425224211976478
0.5076463600650433
0.5706605161061666
0.5053796558543542
0.6270174449462871
0.6534521664074212
0.5457138299455988
0.633517124670373
0.595596128143518
0.6486548770399179
0.6461257880468428
0.5939593519221453
0.6274539031772525
0.5753044630420826
0.6690276525144286
0.573062395302175
0.6708119569387572
0.7018670813874683
0.7238927877050215
0.674716892273448
0.7200467732358624
0.7247381291875317
0.6930775966128
0.6273314455837176
0.5999858025901286
0.7533219230217656
0.584411742682369
0.5421280439173212
0.6226494810195484
0.7207440716485187
0.6129228667315291
0.6701050733907781
0.6425318843436008
0.7156391071511926
0.5437462418752838
0.6256032849728004
0.5559607809199727
0.5426623483864985
0.5413917358158026
0.5532287500527873
0.537376588467534
0.5624334095013429
0.5000374866157031
0.5363751221194318
0.5322293295381723
0.5555882989375336
0.5995664156950662
0.6244929969311421
0.5168368669527604
0.722517660741894
0.5391876049758889
0.5711842146760315
0.5393955591779221
0.6007757949840913
0.5250988732810665
0.5267529343197394
0.5911294497012893
0.527069451884899
0.5341432817529986
0.4540732824587431
0.5390734049863011
0.5889204231409385
0.5292522238213593
0.4255487377849622
0.47385512348714787
0.5134830742081786
0.49442514142066163
0.40727363589782617
0.5035093184270935
0.5621456724576097
0.5154051458919308
0.5124657779454054
0.48791222584997085
0.4718299600222896
0.4704707401141698
0.47798350387985394
0.4763797419286182
0.46655135800898423
0.48113415023873496
0.42267365464830986
0.5428493957633307
0.4567742957347385
0.4508872986498181
0.5340750466403033
0.4480645346010468
0.5342190299756944
0.46910832157301985
0.5682064272539177
0.5010740787264137
0.6269829632157919
0.5639844917784725
0.5188398301463072
0.5072874583697822
0.5437219588148818
0.5177475947373928
0.4883605314014809
0.4200011402418138
0.45935713360286523
0.5004551692475132
0.47269796820605403
0.5306911996617593
0.4856653000628137
0.5133782333147873
0.4960687041977009
0.45653948234385067
0.5499494784613594
0.4244231598109896
0.47447008804510993
0.354949371541265
0.46411390635399924
0.5093942542504594
0.35634277627928185
0.2615288098885731
0.4350092878759322
0.35773350173607016
0.4410703871128133
0.4248022076918531
0.4235557902774544
0.5024475462753218
0.4018495256820094
0.4104180769445078
0.3652629959850069
0.4746885118053956
0.44124999851998187
0.42662867738300225
0.36523945024270676
0.42817325655035376
0.40195412977250666
0.39458958847280823
0.3056462654156441
0.47200610190826897
0.3145976605811552
0.45288840150547793
0.35654747982340673
0.44563896435187167
0.3917599786676471
0.37113483589075075
0.38133430788487976
0.3946872786363856
0.3550853869974616
0.3535308979877889
0.45276326193977234
0.3697483728860543
0.3112816970988883
0.3960774102919776
0.43527680697561044
0.30700540997738857
0.36384458791111896
0.3578415681719114
0.29973993839752106
0.47444965841361936
0.42350342275261765
0.5068275512704278
0.45149843668828854
0.5535322524285841
0.4440811457499926
0.5081897222449158
0.5258936968128591
0.555013185436292
0.49356148718101617
0.46594874308073597
0.5418236015057937
0.5244887739461993
0.5460344915614033
0.5681258048383208
0.6424419710023375
0.6436525988884401
0.7008143687403532
0.7139905661314957
0.7331648462802983
0.7039209607911454
0.7487855115091409
0.8440637317674777
0.792742714265627
0.9486074464966285
0.8321472827172889
0.8816131181770943
0.7430928183745842
0.7533417839675183
0.9266721647993144
0.7868874290349266
0.7633144364623929
0.7897646146942439
0.8727003613504525
0.8695846218908989
0.8288718914641922
0.8154873703149847
0.8662490809087676
0.6826825200463515
0.7161676709441521
0.7217745571149026
0.7480594397509034
0.6339197200874979
0.5927756962444604
0.6366360699388018
0.591530261920864
0.6176011985240291
0.5079981756130979
0.5764337419582544
0.5838391819880829
0.41578907872946347
0.4931962725358766
0.4725016406673234
0.49593174063294754
0.5656531987173463
0.39224217573637893
0.41101553782188915
0.4402365718317719
0.6078414497704644
0.46923722307560967
0.5086885816263702
0.5041849637266402
0.5287741169844329
0.5477658848906155
0.38010126355512686
0.5753198085871976
0.4614074143201383
0.5068296609689379
0.4030536863375601
0.41508127129140565
0.38837873831489833
0.5154570559566314
0.45565645511593095
0.5181753074069325
0.5151940468757069
0.4990099755371846
0.5149952651978931
0.5585996190846054
0.6430755622606652
0.5893499530932933
0.552569253993026
0.6402881410438221
0.5833093893316206
0.5394858564269076
0.6636018864723153
0.6108485792238971
0.5030778868757414
0.6035060408597652
0.5961317027373086
0.5613567062095207
0.5610523965511309
0.6134188916541008
0.5651400307004188
0.521445458499019
0.6117994433050996
0.6612342468220245
0.5795668433754444
0.5648326802775946
0.5458707351843641
0.5705875700510501
0.5749693151886345
0.665464796899719
0.6067053304797867
0.592466833512245
0.5685165009100227
0.5103648806095421
0.6503504736649885
0.6344117875314019
0.4710475184115147
0.532362906103957
0.7378282146414439
0.6169258815194034
0.5598914613935397
0.6736830413356314
0.7596065552207665
0.7245914764376994
0.8118835298600018
0.6617989804630795
0.8019111966902418
0.7248845935714257
0.7188129279023809
0.7081467748109604
0.6789950791999836
0.6818531878746441
0.6219956395258617
0.7636631466634058
0.7781902310123456
0.7095851999052358
0.6630549632792263
0.7021279233631206
0.6072145768972728
0.6848454794740148
0.567772353197544
0.7224705782271004
0.6671622628324833
0.6438512155218126
0.7048744691713309
0.5447699246403492
0.7091235616332094
0.7396753059179446
0.6318058129441556
0.6683001868482471
0.5795965316412977
0.6304007178572093
0.4786554948801958
0.5777805404782077
0.48137861334755294
0.5440442654932149
0.5004229855814665
0.46383667833566744
0.5428630998338397
0.5787700249586663
0.5045945878842095
0.4475316940043049
0.45812631109420476
0.5788903979691495
0.5500939300206545
0.5016019661959563
0.4520969057719305
0.5483297753698511
0.5338907117329842
0.5509679085076857
0.4928793818267627
0.5397714981238213
0.5351824589619687
0.4681121061496958
0.569250715458683
0.618825521510834
0.5489728351560159
0.5605080997174116
0.5165075781769772
0.4115368432473555
0.48051395269560804
0.441132775705573
0.5226177422559084
0.5621952880457844
0.6438047555115963
0.43693442723353826
0.557899923939628
0.5318086653426515
0.6981055391748947
0.5300762404856812
0.6198909031127775
0.5785809324659315
0.7097077059357264
0.5598536680104513
0.5220774961868455
0.6505192423699506
0.5600450711253637
0.45962123161830987
0.5776775563347806
0.5313801687120158
0.5486417793283345
0.5296454063234481
0.3912487355712139
0.41040960765312506
0.5201586626032725
0.38415382665762654
0.36540645548369305
0.32157341404580575
0.3800947129053738
0.42385351250988423
0.31761600408678736
0.3657738069161586
0.39072414719653537
0.3748278175660459
0.40419322312454886
0.31936561957808823
0.2876693688747209
0.26763616821200287
0.18751412484413613
0.31876161612377985
0.33949976680296823
0.2036200259327872
0.18068362430130136
0.18836781398745178
0.2524517807416171
0.2903098038443227
0.28510194705438907
0.17692451236812545
0.24008128008181612
0.2297098866751047
0.10347883732003563
0.21586887538466565
0.22332696656461537
0.12246563048178516
0.24300664598085747
0.20356908048108732
0.25352063760542615
0.2318237694205731
0.179232769028449
0.3007155797754685
0.29533176444240217
0.145225833538114
0.25034674742793483
0.23308247242026658
0.2187615535145299
0.2644187428988284
0.36833919294918666
0.31018492906730766
0.2536861940432519
0.32225565574111925
0.23369946218116058
0.34326641767918736
0.3030369468845009
0.3632266274377557
0.3213027686097384
0.3011798453038451
0.35386140665726845
0.23592164924174097
0.29050965310851695
0.3607201333874822
0.4777019595905907
0.4896759481560966
0.2755813430319187
0.4069556293447725
0.2355123908728845
0.2897601638762136
0.35112695753022616
0.25694055468781646
0.32149620069490165
0.4067104271238914
0.44461689077010846
0.3259295249113236
0.43857882599655174
0.44316919627770246
0.5456249266045575
0.4991246401627539
0.3761917742496299
0.4026953425642689
0.44227926050474675
0.4123118363307377
0.4375213539700597
0.4230036771542721
0.3871354764784582
0.6034268374675709
0.42862473741339696
0.3519992496936183
0.3420907187581367
0.46687810653554096
0.467255353279241
0.5291460715422445
0.46119901880362074
0.6699845981244995
0.48382689694097664
0.469891993841259
0.5784758314481491
0.5425906347828073
0.6158696724416792
0.49115299364962806
0.6372511744257467
0.512409994718219
0.5391282750871766
0.5395609749691805
0.4265064745319743
0.47661603713155487
0.5399430689963622
0.4588735157167695
0.6153197246298081
0.5504966384573424
0.4794740596960721
0.45070180843141006
0.42833619846895443
0.41004667492678215
0.3477195271361944
0.4083366745862883
0.4131373796561414
0.5176302571094598
0.5353371791558486
0.39310832358225656
0.4396102712322408
0.37714162653664896
0.36465089817723123
0.4003565282844373
0.39228373464427413
0.506723942828462
0.48401754838609673
0.44109036646001304
0.28277838216334583
0.3124730129914014
0.36730475000413504
0.38675923794101885
0.23306251872671369
0.40596582733316056
0.34980418015232234
0.28312447192506146
0.393641415333583
0.25311725266592516
0.425685173925088
0.3347664447141845
0.4144009204313214
0.40504435730815525
0.31969815632083787
0.3951613616180756
0.17859865142187042
0.38796105568308825
0.34519449428965965
0.2102688193628416
0.2970828682040126
0.3375004740542783
0.3791801783348243
0.26064718643538487
0.34585937223337526
0.2417482649972206
0.2792847232245981
0.5149983597811668
0.5174363370668179
0.47022230876291615
0.3911535730991338
0.4738021729248828
0.6047093816749937
0.5675525265595076
0.7509563248994546
0.7449183408541573
0.5768041770308296
0.39707754910870435
0.4996955970556215
0.5794826168915594
0.37925454520730495
0.46792374738714015
0.49240252717483635
0.510908081332896
0.41870430892645366
0.3496574753776118
0.390123521771389
0.47585423504574464
0.44780923058398353
0.4359031883034009
0.43400460495518667
0.5167808917717129
0.3447727178381216
0.33107258148629765
0.4607763310197332
0.5013893979254129
0.438186614027536
0.4159754605466466
0.39987669206880017
0.4799883489388234
0.3161130143246735
0.4792424844053633
0.40785013433720535
0.5372753498484695
0.3693634443999901
0.3520703515565
0.49151768445806276
0.3777526282340593
0.40531330619500405
0.3802280365226126
0.4971532560702897
0.4620809248057166
0.4357516165116343
0.5300439097148064
0.3608811683252018
0.3945145004278777
0.4907185912983332
0.30133476462743136
0.5914088537947
0.4660470557488907
0.5493674492392366
0.4253198014113524
0.3554835907972798
0.5244524354657397
0.5831001147740571
0.5084180773750585
0.4562319292033975
0.39373726848077056
0.48117666532801273
0.46645280853793547
0.46281378670754314
0.4598415533896702
0.4964097631536921
0.45992448642744477
0.5304040994742939
0.5522764579783757
0.45929095436984035
0.5279809331332851
0.5282741632865744
0.5607684088865523
0.5023859542013874
0.48099021354633825
0.5800622565572067
0.410236419524456
0.5369425269688896
0.48633737537933763
0.5537333859896859
0.533552151765109
0.5511920532106148
0.47584173831120286
0.5493851897227113
0.6140961730463698
0.5368793149478848
0.45443177692478504
0.5931889459978534
0.5268429768262176
0.5840356422799511
0.5215371550378326
0.6152242697420329
0.5287650180126274
0.5563373764557143
0.5323265048348512
0.5573655315663459
0.5653746629012136
0.5193489097253907
0.6425724099297767
0.42283081821750496
0.4510380021643066
0.7086087754631729
0.5954732292354986
0.5040389747424956
0.5500829725049237
0.5929711339783772
0.4420325118892095
0.5869944818826232
0.46795582162154653
0.5755256118296105
0.5616792030477537
0.6865006958237765
0.6960952835285898
0.7070934665686877
0.5923503623676285
0.5700426507127534
0.5942311083584568
0.47978672024439784
0.722631894816747
0.6054776222879744
0.5715799661307279
0.6088964479242989
0.6546593588575996
0.7212802203099311
0.6962375518369608
0.5864972783274655
0.5901364849358736
0.6131905311420742
0.6809783070250699
0.6966283376067286
0.5914993322337785
0.6285496009315108
0.7829444419867173
0.48248541392840893
0.5727293481774304
0.6392231559073298
0.504498700651757
0.6037741752881756
0.590380933693001
0.49497277681639384
0.6538227306452115
0.5804417762498968
0.5629078602451032
0.6096368157602802
0.5405119018390292
0.6381345640338527
0.47769688806194444
0.5020623164037563
0.5840563410056394
0.5547331929235688
0.5574096504570422
0.5484464492320966
0.8418799265092982
0.5951914768467226
0.6334340570854995
0.6975887150648008
0.6578652717828075
0.7354343490706436
0.6465964194469569
0.7268877020758393
0.7913138814825196
0.5916918386349016
0.7869631467602798
0.6136889348573537
0.6706114548520392
0.5585167273079411
0.5925854843198631
0.5587375298609346
0.7138217884567271
0.639975873373025
0.6589106883892419
0.5455117940219539
0.4599265763923803
0.6206001439259285
0.595883158366492
0.6886205876220758
0.640734127003348
0.6850238584297579
0.6382590577734837
0.5938666651166841
0.6993460795720153
0.5742325245115213
0.7163353489206326
0.6571723183444635
0.6460233546495404
0.5925618130002707
0.6529879538009036
0.6097125460433628
0.5503999421483354
0.691300365777949
0.7331559787295029
0.6039308508998922
0.6336736585591454
0.539591436432362
0.5612011894968157
0.373416801330373
0.5057957938854694
0.5633792576666999
0.5936821041702389
0.7594766186024962
0.5529744667997141
0.5541639295301856
0.7152993685507314
0.8317654506084596
0.5015750908614498
0.5491338844454261
0.5674526710846193
0.6096086918286963
0.6021522225691742
0.6305574993126437
0.5921665728245502
0.5568611557538385
0.5447806668807221
0.42671875935662945
0.44673964214274897
0.619904592831596
0.5528857500306498
0.5232193561537412
0.5684978490941984
0.5740988618355933
0.4775659378555295
0.49048364336034644
0.5796025952305528
0.5985477004088904
0.4935432748857147
0.492093162133452
0.4949262845148739
0.42335203932678944
0.5521108627909854
0.5533081687203397
0.49799504909731274
0.4911170911017688
0.5553580870574266
0.5349783868922278
0.5270350652343536
0.5617745162125845
0.43991843970142597
0.488039376446314
0.5483952818673816
0.6229987491425313
0.48785699875079297
0.4182153611812819
0.47408640636216176
0.4452789647522839
0.5217260250793639
0.3442779809797763
0.4668082747972725
0.4646246453473021
0.5644277168315299
0.49193320357252324
0.47381414402875843
0.4786132201817347
0.5551537548632945
0.5834084859608712
0.582979004445472
0.36741076056030575
0.5201026120758496
0.5340371169161546
0.3862360111829808
0.5951642140165714
0.5354258205785374
0.4367287872416054
0.4304716062386942
0.32366025623293027
0.36074952744367933
0.4875231317857259
0.4055918097198331
0.4661452751310569
0.4981162939729967
0.4745198722656486
0.3441950264144658
0.5435576750132152
0.32921700208182036
0.36394230498411606
0.45852784269226804
0.38947171104191436
0.4156105706085056
0.3692334629326869
0.33696883720558085
0.339666865329943
0.41265478432799696
0.3823044588442131
0.5457163289337149
0.37772797920554846
0.3250581019221901
0.4230216957017512
0.3357440944318275
0.48342406651491904
0.38893366078150476
0.5088789872987898
0.2623005657687567
0.4173048325263557
0.36526594884533653
0.5128798385693143
0.5062594396002106
0.36952749319272404
0.45585388055898823
0.5991265292040218
0.40570602764903413
0.44136505781704105
0.43859276866391605
0.5518339056608126
0.43570911577404714
0.3681212535584568
0.5057631527592865
0.5080298085330199
0.3819640546841029
0.41025475291214636
0.44328355772380895
0.3272567019793601
0.35294820141205563
0.37454087955268356
0.5460200232633727
0.4408230464900411
0.4913283264590529
0.4045047122161338
0.4891623208850716
0.38805587371459527
0.5815855826648226
0.5070056413983985
0.42054149933043977
0.43072353581451817
0.4948078794799564
0.5106064195614116
0.5907073467487912
0.6581283239188036
0.5031639575518613
0.5790086289898193
0.5659888847591898
0.427304762203072
0.45232222193160043
0.5180538364921224
0.5532867470282403
0.4223140604839799
0.5173419782894084
0.3629947902286945
0.4697662550924731
0.5607495256497181
0.4394012245077648
0.36583361740710807
0.3413101697765524
0.42210347454069297
0.4080444795486795
0.32836299307520167
0.3510767660804682
0.4623026925098993
0.4265283752117457
0.4185677346513065
0.5329061498823825
0.4550374451751966
0.4339302901075842
0.513518205352671
0.43990638428136836
0.3652417357494261
0.3910027583590434
0.3143229272454323
0.34493988453562646
0.30351058855170665
0.5207084668982384
0.4853403472915363
0.4237612185819517
0.36228385591605916
0.5077409036204686
0.4201339005551987
0.3836989229163883
0.40848082296612054
0.32513070353673373
0.24342918432776733
0.3747866988962581
0.3457958803544049
0.3762550400894742
0.41869655004375295
0.3155641464775157
0.17436130761266408
0.3290293147989861
0.3760814079553788
0.18113878404081965
0.42765111836804337
0.25184734458383884
0.42729332211174653
0.3667566876456091
0.2652056878907001
0.39393852761916465
0.3654622548565313
0.4609896868392952
0.32627045739304195
0.40991581083051043
0.3030688919536924
0.38984946906459017
0.35581361689116475
0.5080804915281791
0.47284903589469024
0.6517193253514253
0.4954766126465447
0.5636962093704986
0.3986174119517506
0.4232665768035563
0.43483955401978114
0.4882666211144008
0.5041961257539616
0.46762904080368606
0.4473173425362113
0.46477344905675483
0.5085297945221822
0.41096252805890043
0.40693765564632645
0.45614945362575904
0.4185558693911485
0.5096373862399795
0.42523042625848445
0.49525108838736187
0.4008058581878601
0.3559277104988464
0.4427229412239788
0.4695679147291436
0.36937423148939585
0.35259098245251086
0.5265181962752268
0.2634702079176052
0.4058650085010445
0.3058302307669317
0.446842676517093
0.3234656458739733
0.35506916223190454
