0.21287292406854796
0.32770832692928276
0.2510464515060733
0.2975352133728173
0.24496570250304317
0.18989077298508386
0.3396166764660912
0.33116026306880797
0.25780198114643116
0.2680434430759115
0.24400254200472452
0.2793493995894685
0.3127362035058154
0.3446241958844462
0.3466046849000055
0.2832718171046779
0.2910013382932861
0.2904615829610097
0.25245148414824736
0.27825403357362904
0.1626742016499134
0.2681128524634263
0.3114540524767694
0.28636959314288013
0.30640410274461627
0.3054178458496815
0.3093738581747046
0.27899207755564154
0.3026256307028093
0.24110958795128296
0.21978290556166294
0.23295375277105612
0.25583634210653416
0.21928571833049113
0.2673295338649978
0.19084045275419076
0.33003768849996695
0.27017287756441327
0.29827539828175265
0.3017845889360175
0.33232338812743506
0.27648493167706895
0.22632715151942082
0.2641019616946376
0.28633797832945984
0.26573859907860614
0.24202494831128007
0.22328209345074035
0.3100275641413169
0.3419641887306889
0.3356167275276364
0.22650243311786536
0.27025391583711894
0.26343493577284105
0.2840890019389331
0.35441960082215007
0.353900683323829
0.3050511890511738
0.2871273441507977
0.29601914807120067
0.34418263082824535
0.3397689505372635
0.29511725578589026
0.26686677191584085
0.2961661360545795
0.3931317286526973
0.32023627592591875
0.39950036976260234
0.391512366480281
0.3400147663973245
0.35152482597073
0.3763687987506511
0.44108415138527046
0.38385487879460567
0.3709502061221812
0.3676649476496086
0.3652256087063076
0.5072939040704174
0.4060084832647344
0.4831254113883816
0.4282654684795472
0.43788826352639043
0.44288219354806124
0.4652128666801157
0.46773543975730525
0.44747093876455213
0.46840410749352296
0.490331088081124
0.5060701910096799
0.5803416077751234
0.6010047036991562
0.6228854616576243
0.6312316835727433
0.5062413532971328
0.7089294270097984
0.5183413909109684
0.5658174149343752
0.5659446219124071
0.5881840548184702
0.5853322054364862
0.6586724942136917
0.6785143888385505
0.5575635346206278
0.6403154460907603
0.614084919747632
0.6487188757090183
0.5555209154359885
0.6482808651989653
0.5196034282529136
0.5581404256965787
0.626122366268933
0.5183266197244218
0.5089254412438444
0.5863942807669907
0.46762006130070055
0.49615851565267566
0.43260963804753194
0.4858955813206672
0.5468683002388387
0.43668598699938543
0.4843936160821941
0.409335907129383
0.45207926590917563
0.4949111699976708
0.4061761663728947
0.47439090271491485
0.392016696118643
0.4139699168601507
0.42944267604900704
0.3884729807684114
0.4176442476288562
0.5375434503795942
0.428162904913077
0.4029035399712102
0.5287075241932759
0.6034977214677943
0.45631401074016614
0.4936093876876577
0.4595162406603367
0.4962039051422774
0.48971735747142603
0.4051463272241214
0.43142873284650124
0.38018977414181976
0.465224974460095
0.46208912969023763
0.4598268704627014
0.42563658866370696
0.3774470026019656
0.31933039173981986
0.48247535667745317
0.39473495678892917
0.37073881750391174
0.40385360987885355
0.4406076062120746
0.33553282927671885
0.46075751386234454
0.2657956816039066
0.39584882368027996
0.3433370168144209
0.43316789978139714
0.5026854027937675
0.4052963460687646
0.5466339939246692
0.445457152896116
0.5126624813220363
0.5426652785334115
0.4553602949373577
0.4700496532945173
0.5103528161358177
0.49443974230074333
0.43837759991732045
0.5211227354646797
0.4575842413047556
0.36736260441500096
0.5162239852775418
0.45859706068794265
0.4302478272252122
0.4229570660258755
0.32370917382673564
0.46389784294789355
0.3762769500179344
0.4402330464159313
0.36644064486974576
0.4393097077660268
0.4072498522950455
0.3923967328586378
0.4232493836156601
0.4256385230866706
0.38799833404145645
0.3665995677365918
0.3227431778594172
0.3436726763533117
0.30537326161403766
0.2856818636598896
0.31680436289392794
0.30553387813451094
0.2937166058881057
0.2586973899896374
0.25537004151998605
0.29026980609884007
0.3145154441662647
0.33611089591818244
0.34466915981702495
0.34967229154195417
0.338583105080084
0.36403525101227413
0.3571697070199821
0.4807108981126754
0.33687483874754875
0.2761306644899862
0.30720708806046143
0.2813962081400106
0.4354725289245532
0.34811704169703944
0.3680201843915899
0.28743318276728014
0.35003854146090396
0.3243665902632273
0.3673673730229877
0.3692947276678681
0.3050256821301566
0.24014802463042434
0.36780858103080355
0.2796406288236817
0.30740100040165275
0.35027426350498286
0.33009112681482133
0.31323659771613843
0.3387892110396874
0.39936371558049666
0.3562353318793878
0.3677661422452659
0.33407657067789825
0.41629875909474434
0.3854696411132909
0.39610661156075044
0.40427527855977136
0.3413215774854715
0.40286275226414886
0.45931229258286727
0.5402110326947018
0.5831016948838924
0.41559830760961214
0.500839724755724
0.5538783201485012
0.46414826501259937
0.6759167856866415
0.6100086715162543
0.6780549721511423
0.6050311388310344
0.6735763763481452
0.7183191338814517
0.7877392788650056
0.8045792284190042
0.6740246896294084
0.7535242536724005
0.7846885729517951
0.7609794090933746
0.8696346757029673
0.7157582492740933
0.7320481018214928
0.756289910092051
0.7582007930843455
0.7404411314405115
0.73598866244198
0.7339966958701503
0.7525617563324506
0.737782735167476
0.6744052615197768
0.5966784613859921
0.6883018181070295
0.556850672683679
0.573239744668589
0.5717228863700342
0.5044068134078277
0.5000401569883607
0.4691742597895322
0.3918588104168491
0.47009657660946824
0.5306154594579673
0.4908184273820789
0.536406863063944
0.47436095323948546
0.48416938231302814
0.40432041755910475
0.4369632047534023
0.5045485019177586
0.5049298537467479
0.5231529390333037
0.47805889644843846
0.4674836852316348
0.46992676333381866
0.46199849088118217
0.4997383245997671
0.4351378074088454
0.43012745458464774
0.3973939468385461
0.3617263352239919
0.4309551912665476
0.5122632923862702
0.4517628401122041
0.4843256000855631
0.3968002849087267
0.49283771397473186
0.4372393662175868
0.47747258132733583
0.4464532646898262
0.5263919199441672
0.5135250540772225
0.498248370921864
0.4408562710017479
0.550366769338512
0.5566745505012575
0.5403667561677954
0.5770069948191646
0.46822587424758494
0.6053895270440839
0.5656540948587914
0.5315678268136452
0.5544976528208547
0.5616013117987042
0.533507434597663
0.47245462513295633
0.6097522435783425
0.5991144329732266
0.5276334366040788
0.5152494376495349
0.4222574951061146
0.5525148106485731
0.5801644386260156
0.5080914251402343
0.4854063499436577
0.5595907226135234
0.5173634013625721
0.5335216433929832
0.6731795406875447
0.5676805476350142
0.5447204598142622
0.6248807765929925
0.7277333377389581
0.6604729631109126
0.7421049939269355
0.7192122787770038
0.6625050272126113
0.7078781783981711
0.6822978795663817
0.6214141700827498
0.7297137819987017
0.6290049369874398
0.685993544322223
0.6145020162741761
0.64471929551152
0.6716941071558077
0.6089255898872662
0.7684433452493323
0.7548939996584688
0.7319408162275507
0.6744171149485574
0.6314932778966343
0.6527786500565871
0.6716362724758753
0.6757650390848473
0.5799836214911547
0.7212247239536264
0.6103492829971291
0.6710490480277038
0.6681932145456422
0.5750473100742728
0.6507954441124626
0.5558792582212957
0.6422795037224791
0.5483805046529386
0.6515865826788635
0.6060105396241782
0.6125078440373588
0.642498797216074
0.5346590687041116
0.49989545374901834
0.5420542066455057
0.48080428505010886
0.5560630143872588
0.43540359281447527
0.5000800840402795
0.49163391089329384
0.5276609040900667
0.3863520070169662
0.47472309690669634
0.46405690487896856
0.4251175663353236
0.44224282582801233
0.3970340575952197
0.42342485310563954
0.4712507089025139
0.4292001355112703
0.4333813292389334
0.4654148771462911
0.48599381189666135
0.5488881097193442
0.631851162490839
0.5665330128815581
0.5433834661566566
0.42620184305499104
0.5352335617279371
0.5657181466806364
0.6033539238326994
0.5613220380384027
0.6947621853601804
0.6115446214359533
0.6655597113583762
0.6858251154589006
0.48593599595987114
0.6218340927093795
0.5466075218241915
0.506050194991698
0.680476394131982
0.5813537458310527
0.6073725637607414
0.5475506381808087
0.5876888350713174
0.5108825417184373
0.551213347391374
0.4444900678403005
0.5439513158450966
0.500609845493341
0.480801054256706
0.4266251614472922
0.48180357975315835
0.5059445550512711
0.41429575375416705
0.4189720949449446
0.5019423809600101
0.33975884039129334
0.2595320342973969
0.4440063588400493
0.40634787176149767
0.3248831398161901
0.3413970930434534
0.33364078114471474
0.37670255897041377
0.2686741029775733
0.2573373722917551
0.3887948356048127
0.3642205729504708
0.1754208018028756
0.3306517410998329
0.18695394248623853
0.19450444358467442
0.21105772975591452
0.2685198226136318
0.24500284869696395
0.19357698521076155
0.20275046170922467
0.22979824777417074
0.17385711657766834
0.11245950534193022
0.21770206050187801
0.21334408821571121
0.22122230910561771
0.3472488934753679
0.2465417500470292
0.28012903608814166
0.18743239630337377
0.3614716900910696
0.2306956473617525
0.23245469452005743
0.2341974133174365
0.2786805485040786
0.25391863149108024
0.2869529643309034
0.28106053855949326
0.3958895165629797
0.30667802240985853
0.3118692827611263
0.32100006796600156
0.2943436581607221
0.37444441687937885
0.3115717164785583
0.3549751329729999
0.2848971202834635
0.32329848984533377
0.3639117009075772
0.3268878551842235
0.21083841058555325
0.3349023602345206
0.3228547932814391
0.3046973442267026
0.47193009235944317
0.3461210730620689
0.3467654741878448
0.4221272014715528
0.34788286140652025
0.29210013870902607
0.4643024874657823
0.41458851769406385
0.4579608020752126
0.46709909686659923
0.40083811742522973
0.3725791220933316
0.3396101122756935
0.3760730586181604
0.36529167887585845
0.30972232283854567
0.39540977616755263
0.38883322941308246
0.2785685645064341
0.38765417794876894
0.503680492176146
0.27751805319003625
0.4091281309084057
0.4502226044978061
0.44163150217276603
0.36591266736161004
0.42289694604823613
0.4463696969237564
0.4237131571278361
0.4944431211994281
0.43628620558542247
0.3893925953395924
0.4417974417243493
0.46931794842375485
0.47605497895727833
0.4635404499945012
0.4296958432186269
0.4945944765715113
0.44923228078542404
0.36278966039793525
0.38815381208573624
0.44283254874577244
0.43317695911415827
0.32061377052872725
0.5059653587031523
0.35126390544672176
0.3740481347291218
0.41766584705890175
0.5215671574060967
0.36624848460144155
0.3439185159095741
0.2985061276318238
0.3180546532817377
0.45531238977834215
0.2401952728613338
0.4296000486673892
0.24607152596360274
0.24274501743625806
0.31107675726077416
0.3305553527250855
0.3722125820715959
0.25516634581423553
0.28384167474665567
0.28008323672175117
0.32407279577916026
0.20681987578003272
0.28225929493906504
0.39787471920470113
0.21922031304058995
0.2680651655365305
0.3042210900733761
0.2803696173027465
0.3266215853469124
0.28121629962500216
0.23664007397981177
0.21583815613203108
0.20699058035835916
0.4691641119558869
0.35698453874023867
0.3319450352936216
0.2718936714611449
0.24750718358829912
0.2653981098199346
0.3283240633046123
0.37970522747750685
0.2396657372332192
0.2628038166429408
0.3296956868093347
0.3078121419273226
0.24492826502220372
0.3634324040357545
0.44031258324618516
0.34549943753913614
0.4217858795431186
0.5468508762720453
0.5613663437490938
0.6155113026823993
0.517320733513143
0.5225086921266499
0.4394319418790722
0.45534551578775984
0.37933679059487285
0.3322812455471096
0.3832445975736561
0.2986997467683644
0.3714611507609449
0.4217280739090914
0.3366863264194915
0.3219956208843213
0.2191037225386
0.33076092473727176
0.36922199111994547
0.33745106049635426
0.30484444729571647
0.3459091068500407
0.27140818434060465
0.20476484381872181
0.23639871809424012
0.3101936517819779
0.31951199634954575
0.3329678012341252
0.20021414651314146
0.41984439413835706
0.26287483517801474
0.2920336926438002
0.3318210695308724
0.2526015027625905
0.37168949376489707
0.25621018824609315
0.2791572376136883
0.2360901417577798
0.3300289915813491
0.37746422571006893
0.3004934758621908
0.319163012122233
0.22858777755538892
0.3181383627573058
0.15441005832200017
0.43532966435505366
0.2157002783089425
0.2815934852706621
0.3911618405765369
0.36606068279129844
0.36994549047545455
0.3879333851466808
0.3623222182420134
0.3541211756339187
0.32497724953589247
0.3064859775991534
0.3311002776284719
0.38892869882453573
0.4056997971898803
0.32900407078429006
0.33570438384729767
0.4183798901674506
0.3624618255943842
0.3623133554024212
0.38338652176858495
0.4059077723800322
0.36817402454437015
0.3628391912439347
0.3753019850801069
0.3916577198240906
0.3737173071732688
0.4440151698859413
0.37832579984600195
0.4207521353932631
0.3871040345817387
0.4229909078228638
0.2530667385873238
0.3521931743681112
0.2943847024241216
0.38734047460782467
0.35786308027545133
0.38561531615731665
0.37085468110233305
0.38144684633624226
0.36317375215742337
0.3611075173914899
0.3661867845061312
0.39302313369024966
0.4234715028839493
0.4745513497170708
0.41106285387574315
0.33406119891029185
0.3440537169333418
0.28015438033367823
0.4750495459303784
0.39195385153511025
0.3457199901531735
0.3715845868847282
0.39825150545764887
0.3530834169831128
0.3045670262208878
0.439627145193154
0.3845004120290618
0.47563470764622523
0.5128318475237041
0.5369390671835633
0.4559054892621479
0.595573485471812
0.39178063231163995
0.41724384115523333
0.5166419903404854
0.46671608021691446
0.35837297496927145
0.439942908022763
0.42059898696813963
0.4606818222807999
0.386290092613206
0.36067180525811865
0.48062528951010797
0.23395728356815618
0.5039124684147506
0.42306325399180833
0.4468987212425252
0.4051044485582829
0.4570921174343097
0.5808202108797085
0.3899979146676068
0.4576268399122468
0.4054260403680161
0.3761316571726336
0.38464913702133485
0.45881962142734456
0.42682206931074734
0.40802361526412817
0.4113779078572814
0.4892566045001253
0.44912158460293283
0.5121537845825642
0.4579799383762792
0.41464359392496714
0.3692285040879397
0.4860285605967679
0.3483790792086277
0.4289741066703652
0.3244503720706229
0.4221359687233206
0.3763206236140537
0.47116723450947406
0.3604009270504296
0.5145342939898057
0.4973310994182518
0.5276998719864382
0.53048084825257
0.5268248363388819
0.5760403921075856
0.6247588573104755
0.5036132024790045
0.5255411834259074
0.48327854750667554
0.5649948210458395
0.4015832953209689
0.3904571535929756
0.4250328539835823
0.48547832686052483
0.4755710500592555
0.44892615802094893
0.4409046252954699
0.46240247210130236
0.300520180792418
0.4916166257484542
0.4861677593687886
0.3873944669057101
0.40037778303829574
0.40867669170691295
0.3737621422188279
0.4731069090710627
0.36964033198271207
0.46667907349363447
0.5466995715651024
0.436333152222646
0.4788460806781373
0.40908108580442054
0.42545225040662327
0.3515566839658363
0.4535519024789261
0.48239021107871194
0.3624902024242064
0.5207866675459877
0.39407513019777385
0.3448853999341057
0.3796750197242148
0.37252983576198134
0.346398738803184
0.4704231250928141
0.48822725988419946
0.5489869399998809
0.4762591898292261
0.42900800651092563
0.474947651234458
0.49860773384656387
0.5124017675015258
0.4379985857007012
0.2972181618847131
0.4725029315858004
0.38873597688094075
0.38865873426950653
0.4480378585726396
0.2591872494254835
0.35711674712090424
0.4458095394793328
0.3179577605829123
0.2576927959910855
0.3318558359842876
0.2930923812688091
0.3592886232064074
0.30085831194860535
0.32770023569077034
0.3470102277367427
0.28746171829685796
0.2513269786000152
0.331468757088053
0.2442949851511788
0.3766967038540084
0.3776924294364821
0.31800016026946687
0.24400708921115985
0.4158326193099726
0.35072476110743045
0.40880851485304004
0.37360537544008476
0.4919382949185561
0.4650982945032656
0.3976826402674759
0.4773678881987279
0.42718083355872233
0.3785221071897334
0.475935835201131
0.44182796139545855
0.5072304517852737
0.420799167756838
0.34030659491948956
0.43078943863953106
0.421360353149748
0.38485671150201545
0.47119083174558013
0.43458757540206033
0.4369697052325423
0.43471750659660113
0.4144618144774205
0.3642888253838493
0.2936434309511574
0.41062808460144334
0.43230869520157517
0.270833447704768
0.34047217468165364
0.44120868408566927
0.31732672755364766
0.38528044959601626
0.4011737856161257
0.5562498341631918
0.3615670885630486
0.3548200666354845
0.43965040309125963
0.2775253653417084
0.45670461882537305
0.42409585308555026
0.46000221622986004
0.21287486779693796
0.4376362567284333
0.4541376802923422
0.31178200849392285
0.4145263258027862
0.34648907905163545
0.2584128063903669
0.5526374507479875
0.3018641464725022
0.4454946623561479
0.3836885357787267
0.4257117377608669
0.40703898850354214
0.4724740221900244
0.440455022447647
0.5112589063358988
0.4068616237539867
0.4809866381632536
0.36012124683778896
0.5504759073775228
0.44629309887299234
0.42952658268544197
0.5078891796112152
0.5192477294493002
0.46787815262043786
0.47263812994502624
0.5371535885523249
0.508670342145005
0.4742287739262245
0.4832568525315051
0.569860634604111
0.5641789101792856
0.5548091267305545
0.41705667006929203
0.516548763892142
0.5203322421009187
0.46783278380544446
0.5076094360948513
0.48856923040031697
0.5490298639046316
0.45842675785750325
0.4836836042592523
0.575725733101782
0.47547266564734897
0.5968634433031472
0.6332191595040512
0.6467110181359927
0.5909296350423561
0.45368300978366866
0.541474389654775
0.7579996516101428
0.5165177814044328
0.5926542545468068
0.45353095641182745
0.7121302265124655
0.6849897154622049
0.5917308797788337
0.6158009023440176
0.6917223746976872
0.6407784116862701
0.6397411355536794
0.6218182395506956
0.6152721839813123
0.5175526388484611
0.5817077673754503
0.561178247058394
0.6024966304324931
0.5316938654398236
0.5176702138081999
0.5614881688388714
0.5781959350296931
0.49275550769644605
0.5192681377804081
0.5263821474458277
0.5020488681326891
0.5787721673924322
0.5228931170414027
0.4505953498703861
0.5137382330931588
0.5696203391585055
0.5735623057105612
0.6085538338017371
0.5964256506060412
0.5134674101472918
0.48732680169962106
0.6018590716029697
0.5522103790572288
0.5307118829011109
0.575646380470404
0.49765242749589683
0.5302316908706842
0.5713731456968715
0.5864289943529704
0.5116299479215766
0.4541884529216173
0.6399879098952653
0.5348763055670218
0.5233115245930106
0.49349634199477366
0.5380683756376426
0.5635508268771063
0.5040913496958801
0.5190702419783584
0.4551747233518978
0.5422493596852723
0.5630015365359418
0.5087629341093511
0.49021716680502403
0.467293339401339
0.5561586188055222
0.4394565202231548
0.44110912889384224
0.5319436734890534
0.5453186557273335
0.45245860387476033
0.427602503187036
0.4260599886716128
0.34714359815172907
0.47877196954380896
0.5307290094951378
0.5214282759436228
0.5150622717207943
0.48116431613672006
0.5013597928506065
0.494357413438488
0.4760751488049477
0.49353742027970354
0.5296119470213237
0.5815175268015002
0.5626361489603152
0.6271150665948824
0.4960012575318665
0.5500743582516034
0.5790787757624674
0.4888213607219681
0.6161623159630207
0.589344090657535
0.5743290392629162
0.5051491924603885
0.43091321448209197
0.42560212845297646
0.49994820300386394
0.4771335256193557
0.48952868570230457
0.4377107818018717
0.39364511468646624
0.34468356637003084
0.4261768579302777
0.2191905457207321
0.4552456676882321
0.38909369027718
0.2581009976649895
0.48640708133848254
