0.4186061441520199
0.4309857257223785
0.35163611522023924
0.3430078565129437
0.26006815847187414
0.45244140429868934
0.334106673157046
0.3436604306650985
0.2751115942840991
0.3696640237545156
0.48833505214544964
0.29275055503693803
0.4493245398510688
0.38774254912702777
0.40960528138182606
0.43227009656503074
0.33846014974327476
0.40360253768043813
0.28840483658133576
0.38776801255291393
0.3056221310973216
0.31925266564438975
0.31572753507370804
0.3455546434019978
0.3642624599517376
0.41736049825013644
0.37851156588738366
0.34962354647077726
0.34768476850698177
0.3621352537749813
0.42842266049035505
0.350881377728687
0.4017279273449269
0.3812156990471768
0.3960300333828366
0.32711362635097435
0.23026661124705317
0.35272382998850094
0.2596061459886015
0.36802184975427465
0.25357810491816546
0.2629639715041448
0.31973387143561016
0.32006720241637965
0.3411486138139973
0.3041092930232905
0.40927468972443043
0.37616252063031946
0.2536405830893202
0.3482097442584384
0.45537000682411044
0.4579350656572318
0.2939395363975921
0.40692725359501014
0.4256316717070886
0.3859191011115818
0.3604313439888161
0.3691617344682833
0.47930669630021494
0.4470321053543436
0.47255362250355837
0.41418527771356906
0.42755068820588027
0.5187255483973947
0.4496402192794217
0.3107080910908095
0.3295284690984602
0.39263193706271143
0.46733454559874316
0.5258946844196686
0.4488423451828691
0.480435774806808
0.37006899094869833
0.4636125034277775
0.5089032832456497
0.47713714949687813
0.4415664838256538
0.5783515475391122
0.4600696482883493
0.3420561134448249
0.6636672431124835
0.579492328590133
0.6027128221100669
0.5505163305658449
0.6233937151949975
0.47394343977913644
0.6565274295632522
0.5746186090559201
0.4997497790327242
0.6659401296990831
0.6139714410605729
0.597686162002951
0.5946815665427396
0.6619772446015456
0.7080431324275538
0.6223144006716207
0.7607307876802446
0.6675715398238686
0.6879204260475179
0.6351450098383171
0.6862260811302827
0.6945609383323551
0.6038480365876396
0.7596521110910149
0.7636940813319908
0.7614641027831996
0.7385236361838174
0.6429528160363889
0.63859196442287
0.7509357826818831
0.7564821372862489
0.6590821109050543
0.6339663665632582
0.5827616750486312
0.6758087738306544
0.7152346516320741
0.7468185588680186
0.7235311305899167
0.5876913566682869
0.6811292131089487
0.6464922766517962
0.6980969574315097
0.600349624222783
0.6419259628121013
0.6443056386240273
0.6031465968548404
0.5799300533078409
0.5587100786523796
0.6465253105315711
0.5786664052949436
0.6434710684093999
0.5295069424824849
0.5950546043700747
0.5403709767028724
0.6062387384553914
0.5861270854868948
0.570197827963571
0.560420242331283
0.6290692449456119
0.6311225518669371
0.5252477706886558
0.6072710248237064
0.6048846246131957
0.6434228546681063
0.6174853795764692
0.5736866243064676
0.5233072315833129
0.5093919695405322
0.49563279264526855
0.6207226857137957
0.573744493143252
0.52069068944114
0.5508741212136629
0.4953805886446777
0.423335645121401
0.5703165631649209
0.5532603518722088
0.5320754838314442
0.5479860464421284
0.5649645496475643
0.5252943041637734
0.6390284370293255
0.5882826535667152
0.5853408279087795
0.5687440213781766
0.5435973297490054
0.6346045235608988
0.6001412992249766
0.7401644723110526
0.6086355559944314
0.6356315664640328
0.649109962157615
0.5624037141621756
0.5645296541902092
0.6125002765603613
0.521064415851576
0.6935482397909634
0.6504044035627252
0.6417115318369764
0.690436287253109
0.6173350270760553
0.6597958208732111
0.5570765804944094
0.5841333406174456
0.5264500791410504
0.47071708255779365
0.5589265325407362
0.47559953291522883
0.5953391279862529
0.5752797308348458
0.47762850008115365
0.42059366484754795
0.47847379704232945
0.4924951437599273
0.45363724027442903
0.5031347685810099
0.5532488354209171
0.4833323135308441
0.5081934927665749
0.4980419493944655
0.5000077184415896
0.5103421669495236
0.4035537191988051
0.47652380013232337
0.3691113841612072
0.44003666111871453
0.5100382541252757
0.44374161130784484
0.3883922954545595
0.4872507192987448
0.40524654885890093
0.5156501809396928
0.4895562827577479
0.37156482161217386
0.3863484524134756
0.36813115134453733
0.43703110721320626
0.4531987983450399
0.5326708772868007
0.33771347908634325
0.40390419158387914
0.4799673797883357
0.46469128875314053
0.3522282365862054
0.5115221601679657
0.33190124968341633
0.2952036812651505
0.4187385679390863
0.5219171606785586
0.3976727710272075
0.43064387411448724
0.43058605262263955
0.5279939017811912
0.4972145699081012
0.4728821650499511
0.3530579954108895
0.5288197213822735
0.5752043137826433
0.5127403155978194
0.5731814320272035
0.6544314243290654
0.5374144044896976
0.65726323334416
0.6001550468326846
0.6214189842876797
0.6358838223461134
0.6099288945317569
0.6047385194144383
0.6902306939258284
0.7299266467864848
0.7726046269202513
0.740786854504964
0.6677465457946417
0.8449822645816165
0.7338456422659531
0.7749969151081764
0.7823649540983275
0.8613021075925932
0.7963170795710557
0.8668276516084082
0.8501053527353611
0.8662805389273309
0.8441773167268265
0.8597616005837663
0.9332225071533002
0.7418965547210521
0.6885110175250462
0.7748145858015261
0.8396996786772071
0.7500519871867325
0.6111758996872737
0.7570459846121492
0.6733280790885738
0.684761824063486
0.6029613152699766
0.5882451491524959
0.6780318643244437
0.6574638848259686
0.6289033611907155
0.5248963703630896
0.540204536112921
0.43677758113312753
0.5935759820322064
0.6048207220154277
0.5498184306058589
0.5733183186563222
0.5058635309420834
0.5409681530458615
0.4666391245607635
0.5205834889755165
0.6314219345193877
0.41192299600986493
0.5987680837232924
0.5218473887437849
0.4431718288172478
0.4092103556383422
0.4537317015916059
0.6320445033460833
0.4385346352260906
0.5192097118959857
0.618576849286467
0.5761287003740614
0.49461285934613275
0.5537627148902768
0.4761391880618291
0.5227113543492384
0.4626293039624076
0.44042734792394683
0.5902617234515397
0.5510140180515654
0.5143730018844443
0.45520614114997915
0.5497928901449344
0.6000666519939071
0.5322072111999293
0.5456397911399594
0.5353144038096498
0.5787946655700991
0.5011667861418557
0.6146450335335503
0.5965288921141229
0.63176238933782
0.5660435351949602
0.6411336062723518
0.5567469832632111
0.6127396717880094
0.6411547357918843
0.6762531786912924
0.6132206624369879
0.6138170680528722
0.44371978144858726
0.5865129219825274
0.6622143817096745
0.6109111420955509
0.5500992364224988
0.6435097654529461
0.7058515363541273
0.5887577020380164
0.6173455729715929
0.7039840493289262
0.6972740845512957
0.7456560478774182
0.6334849486058625
0.786297551791597
0.670286173680891
0.6675026099908412
0.6889424668083658
0.7206011537423518
0.7467426629911089
0.6086646793649964
0.7075204780009674
0.7717673599371738
0.7181173813210866
0.7494109472526453
0.6520642526961675
0.8369029193422699
0.6977750849430899
0.8778576290513097
0.6589974563588885
0.729018015267968
0.7407218621986849
0.5745939095048668
0.6074893835463999
0.730766026402581
0.7626955530285978
0.7913584572873461
0.777512585712575
0.7539645133445938
0.6935816159275932
0.6916688839903985
0.6391777844897428
0.5297027655916876
0.5898611403910533
0.826484832018534
0.5203305655898992
0.5048746514112623
0.5185005498232318
0.6113354025494997
0.6191012070405718
0.5489606766571722
0.5405914534316671
0.5226050614178375
0.6008590034656435
0.5058148177739754
0.6166214133440588
0.49903963602873924
0.4823640730144933
0.5782232871478429
0.3989827563613574
0.6103767104177351
0.6536712664111616
0.631158357626642
0.516591321890876
0.4509928963614684
0.5574437494879041
0.5150690609828787
0.5444302148477004
0.577031998348632
0.5894915322894114
0.4290768451743649
0.6484048780713202
0.5885030714033774
0.6596843425184051
0.6802118653535336
0.6403658446229584
0.670695177706864
0.6626344978130145
0.558538812322878
0.6896472944423135
0.5798713191820672
0.5831372610331749
0.6527209250103134
0.7114118488627628
0.7281112944444552
0.7607420447210365
0.7849435095354313
0.583375440045376
0.5354215646817938
0.6043846487192108
0.6011634702800233
0.6126291669468322
0.4650021753338418
0.4718416990996338
0.530946120078653
0.545428942048684
0.5155463218590542
0.4586081653461683
0.5442780975146392
0.48807029887215614
0.47320783247579123
0.37962175701932954
0.4344449676208637
0.5357352781383629
0.2579835952438446
0.4426903123104114
0.45433717289270564
0.4312305311185593
0.3478654685614961
0.3648732687907286
0.38448875611751276
0.38710693551984077
0.2988314002732428
0.2809945138869453
0.3799936682781268
0.2743718466764115
0.3029240461925457
0.2685241972863629
0.18901960008806423
0.2968435332718783
0.3289670095846181
0.1437905220974164
0.2875151721257458
0.24914479709761495
0.26574037594962885
0.18322491243521055
0.2321902809494727
0.4186743619424481
0.23348424860532305
0.2620968104612529
0.27012582380441447
0.358435494701212
0.24759993786762152
0.26191437393037303
0.25605305106177445
0.2592513085223509
0.3398770242146976
0.4415024973670908
0.38391282444451963
0.31675970319711394
0.403947676010445
0.27838699674095135
0.2625109548559329
0.24887111888957303
0.27636643670769007
0.36974884828858523
0.4536932431067428
0.3513395659555738
0.3206216983841691
0.3855909185335615
0.3579420063977624
0.11356451578841326
0.33374384041445043
0.17468528939162842
0.21152380576429372
0.33449335542553355
0.38413360999862206
0.4105214120091759
0.3380217102617765
0.21127524580354967
0.3157834929825528
0.39260941167394775
0.38877714698698895
0.35908515652162926
0.395815968260959
0.4217902178909059
0.42403876002128094
0.4400163734290503
0.45547760201549076
0.47916752650785516
0.32102406729396077
0.4563880127723226
0.38046351564813297
0.3888050318182536
0.23206935186545025
0.419294166175438
0.4347422105733906
0.4071397317303516
0.3760946468652977
0.28807032625690604
0.4200777984784766
0.36826961137396147
0.35391954791933766
0.33451830172143643
0.41327643454513396
0.45842078510531625
0.4741227313571404
0.48086384987501984
0.3878832482146979
0.4184648538026522
0.5595396377230581
0.439941409952053
0.5333411171598995
0.4715219046597373
0.39209391505378954
0.4344877857056124
0.3909000556350466
0.33534165810972005
0.4079108283195754
0.44149909644393415
0.43334159866370137
0.36978240296098774
0.4017537219032494
0.4842488654852068
0.3850055970670332
0.33475945339779717
0.39426170747156125
0.3847383910001534
0.1654222561551475
0.509806137469083
0.5008972912831324
0.30230496235377735
0.46902272753084917
0.3687853024243573
0.30166804885249515
0.33382060953131987
0.3390346986818833
0.3057604817074977
0.29389805415625025
0.33905425032098685
0.3733775929050217
0.34182718619529473
0.2144066792847053
0.3506358019427673
0.2544722224222816
0.2184147430062428
0.29005145461162035
0.4171386460783241
0.33278568527303054
0.16283695988639751
0.33482729022509905
0.3294196853990044
0.21692932343203458
0.24191911132862043
0.26240927169256933
0.23124208304855143
0.287544636686282
0.31937164709968346
0.4523634657710375
0.34618528573667023
0.4202576351474334
0.2331250642360823
0.2413945534560653
0.2464298194900085
0.3101332863050128
0.38117001293292907
0.41597490463869796
0.33014769971778524
0.29194852717397224
0.5430726739158986
0.4544835194251166
0.41376687189450906
0.5026763459832172
0.5073675305952137
0.6447666003036217
0.5028275797744072
0.5593539599309354
0.5911041794995833
0.3925752029052326
0.49374229615686654
0.3901164215899178
0.5231677938394409
0.3375972925731084
0.3367837408904639
0.3573223371035671
0.4011637596139896
0.49535142390682985
0.46896070075872176
0.391379395100097
0.29338851528377025
0.33185694958798956
0.47942703123465696
0.420926668731208
0.3489709494252973
0.3788076667810502
0.32635162414422636
0.5037123467127889
0.4182592832989521
0.32294338432792846
0.45718554508383896
0.4751289428943332
0.48914318688089736
0.3411273717747171
0.42487929608526626
0.19662458735254484
0.41247009579705207
0.4016039228501219
0.2646925841073054
0.6087432407515868
0.47251896096816703
0.41708548451005234
0.4439020334417604
0.5266720845064519
0.36621074533451026
0.30199539270876985
0.41484419447421284
0.40561962939398966
0.29694900036105504
0.4092836795989823
0.4361487163394595
0.45244410514350497
0.3163056972825291
0.4479363472763862
0.36893238479207
0.4619919658927759
0.37170952794305145
0.37168404763469254
0.5082404823399476
0.5019205500010112
0.5490605216514282
0.5043785526479242
0.49773957724013296
0.3220363648310496
0.6202124245279301
0.36629892233029393
0.4616240029418924
0.3878277418398711
0.37374558833615823
0.34308440185682515
0.3513865828724433
0.3478425918874909
0.5527489680124471
0.5478392915148503
0.44136969315111196
0.5843419035185524
0.5550995664522833
0.5161319554635269
0.558910378444022
0.47240321369094784
0.4131430119199835
0.44437055356659466
0.4114735808700326
0.5895194356347114
0.4629538121483196
0.5257661676826304
0.43715887294396644
0.5057978670846781
0.541560406983601
0.457865015629781
0.4219013278814458
0.5676777808446872
0.5274016110112998
0.5034525697150258
0.3224126455212473
0.4426758784753859
0.3657831240632509
0.5801172329378157
0.4251922755605195
0.5095265578401402
0.43536258656564136
0.4552915889921762
0.39715327122395294
0.5482584785611401
0.567320943776793
0.4270014700933339
0.5212458044583235
0.577319402941746
0.5922766461264006
0.621050530485854
0.7695813784738441
0.7468725720546435
0.6020864186606281
0.5779152369799644
0.4335227341961742
0.4308345027258821
0.5970096280366942
0.43682908494951095
0.557427224085932
0.6607883212502133
0.6292284476113523
0.4808013435164755
0.7108155606615987
0.571273853741057
0.5587552947188882
0.6465210212680821
0.6356869862055129
0.5670568223697594
0.5098606384804616
0.7339793378733813
0.6511259730014418
0.7271751970898234
0.46139487871147133
0.5635945832179304
0.5205192686150157
0.6342669471533585
0.498633273752294
0.5488939945346449
0.6322736341711861
0.6211953833615406
0.519775014733455
0.5182538841891688
0.5229352506466194
0.6792388159972869
0.4539668219597798
0.567115106618273
0.590088506563894
0.6335398088296162
0.6125714720962959
0.5062107307801997
0.6008789146709214
0.5037098796579866
0.49592374539924294
0.5599053054264675
0.6955474594630905
0.5465186037993149
0.6796645024132458
0.6578953481960237
0.5899105555094266
0.5851319944385523
0.5823752937666159
0.5473582860205599
0.5265996445950623
0.5599969007045846
0.7204987085293875
0.4682875691496763
0.40065274378953547
0.6207127347636517
0.5743746698027246
0.5944987323132986
0.6760757011120058
0.6184303536412361
0.59734742535101
0.6432621550555416
0.6683079329879531
0.5118195970941104
0.5725563212806325
0.5466668201083152
0.638438535817609
0.6311503505318243
0.5175181238507297
0.5069524803988816
0.575664153263732
0.6266982390745425
0.6527673198609891
0.6179903481066862
0.6036691607217187
0.6243403863147458
0.5830383749838906
0.588067289742803
0.7226251835787986
0.6220202572511905
0.5255336821935068
0.4327230244713536
0.5606605221439664
0.5548229942678194
0.45442580699314783
0.482670297724558
0.4550203311153489
0.6030783756042063
0.5151287800649715
0.6675104326383776
0.5134640415796529
0.38245955783960006
0.5228028161072021
0.5245440904295573
0.6214401430481045
0.5056350619160981
0.4090694866260745
0.541240446493999
0.37950430539292007
0.3226019856861747
0.3485191776035517
0.4563508618557548
0.42051217527179885
0.5270368087421631
0.3756389850321181
0.3074332273168624
0.38153032567499634
0.3002866476450481
0.365349796612268
0.4187237374576142
0.39539042455054085
0.3441826547926447
0.3925293730232128
0.39885637434844357
0.5355332360321023
0.4220915807408339
0.3328569063278922
0.4770448477082936
0.42947328727939243
0.4302603919785604
0.471186435250602
0.5101143448760734
0.3598045009074615
0.40334459993567806
0.4567201685338822
0.3385607595265687
0.3254767326206895
0.35477229804361327
0.48174888281510153
0.4389487313119701
0.43383561075737587
0.5305473255329163
0.3076075536278666
0.4028681032993404
0.22846279848710765
0.3774966769557599
0.4653666150747495
0.5063299570832233
0.4191366154145257
0.47657695391119215
0.37416876157011814
0.2310807533943054
0.34099418672221077
0.2949351421861176
0.2858118840581695
0.46090477391242557
0.38268571909817845
0.3527433402380911
0.37302353631476326
0.501603115037536
0.31744315603381035
0.42121303449960096
0.3147367257886896
0.49621414410980774
0.2775536508236764
0.28173666977683137
0.3005879161101472
0.3483990756177843
0.42227818307925774
0.37200596196737823
0.35777784591703676
0.19561994918689
0.3470409263012899
0.2954348073489985
0.3936162198805887
0.39999254110127636
0.4411653500448321
0.35350734786845056
0.3497361470329869
0.215193348101205
0.3407733979440932
0.5020842762750221
0.43503261007828486
0.37573485018638414
0.3482076183716764
0.4818108248580555
0.24976257316664124
0.41547080244672946
0.2952312461472846
0.40691637991597723
0.3344890088013957
0.4233902210511892
0.39685850338735573
0.310665916124656
0.3278848301925551
0.4964676392647235
0.302880245713649
0.5563835398908413
0.3672416135305661
0.3792348668572131
0.5321878273717717
0.30562517465591255
0.44939605436790125
0.556676149366898
0.32800558309104344
0.33601161183787415
0.39766793726264904
0.5706455500336224
0.39303511556867443
0.5094734037486104
0.5479115163363334
0.5706134370367015
0.49771668657740037
0.5791881117249521
0.6331717495991644
0.616250960437791
0.6266657197915274
0.5888921237603086
0.379983739792881
0.4841839340730037
0.6558070877213267
0.6126399936400919
0.36158097953191887
0.4214666084408171
0.4354151976383906
0.6007350885533607
0.6255864101252248
0.6028775488885776
0.6462662611022701
0.45392293471625106
0.5470832228315564
0.5658005528925764
0.4509684945293581
0.519943672582172
0.47076712288900346
0.53701728411981
0.3985403763927383
0.6184003780261096
0.4498328392600331
0.499250126735129
0.45440221178602336
0.4724234472932277
0.38778992236778087
0.4808262171498543
0.44106512003084275
0.42517877947850924
0.41390342557631576
0.4336635698667687
0.5948008475888512
0.35161726113941766
0.4649594817328907
0.4256388457879756
0.443112390902711
0.4407049890511089
0.35224623314905235
0.4643181530048158
0.5385178805058529
0.4236921231804302
0.4536169299914025
0.4917780266269286
0.46187264451317767
0.37099673457609605
0.30405763434810257
0.45719146559416907
0.5364855287525492
0.4097068894459085
0.45643251194593293
0.3430196672897311
0.39829198417650263
0.5478393337532813
0.4003141868874335
0.45333397376571516
0.440197684572111
0.32340674608220354
0.4861957788138067
0.4536179632697926
0.49759814130806773
0.35047527681776025
0.4660327202944576
0.40162161336654534
0.5254959092366642
0.32270035653592954
0.47492682928931895
0.6204817415920094
0.4441690548159312
0.4422754977386657
0.4233655666507594
0.42120905956364896
0.49636487682710345
0.5513022188847592
0.4626111634648655
0.5642670214373817
0.5310396025920273
0.4114952191374246
0.5379767647304123
0.6097733054086338
0.6077596082321859
0.5970773317238725
0.5276342417700053
0.4620589762855783
0.4394307927512008
0.5341884534405594
0.5962327999100303
0.5636232215549737
0.5191489126988678
0.5717086166643202
0.5204525093283032
0.49387874346262306
0.3784150527747807
0.3365872807157524
0.5488781844688534
0.4477413395025098
0.5182055548932399
0.4955884435314589
0.2994583686377592
0.5405445500131512
0.3918339404608705
0.4208026908293464
0.33542201229026875
0.2702160454528818
