0.19847770819123206
0.18708377255534195
0.12298939666397966
0.17672536739629194
0.19322564643145035
0.18807589756309293
0.17363427791901778
0.22121287282197555
0.18819371240776336
0.23579711043591492
0.09734606560426615
0.18837663545606742
0.24841570037824762
0.21235195634649967
0.14215601165746886
0.20532957152601228
0.1382557202207478
0.2324548893160538
0.11273950517765237
0.20692317231971227
0.18954238234017484
0.1287282197556892
0.11446952315991814
0.21490047746015994
0.16036150554969925
0.11199541142183916
0.15975382898245177
0.1362497674707013
0.1561294723135115
0.16361691573138215
0.24246295033174176
0.17246233025361196
0.19238544056551124
0.11930923296335337
0.1795963291374713
0.14995039374961244
0.1978235257642463
0.23330439635394057
0.16648787747256152
0.149286910150679
0.11039250945619147
0.18002728343771315
0.14735846716686302
0.22941650647981648
0.19676939294351087
0.26644757239412165
0.23692565263223167
0.23221615923606373
0.23372294909158553
0.1948967569913809
0.1933217585415762
0.19795994295281205
0.20881131022508834
0.22587586035840515
0.1654027407453339
0.20419172815774786
0.24609040739133128
0.2538630867489303
0.2151733118372915
0.2601723817200967
0.2525113164258696
0.3037669746388045
0.3239908228436783
0.3039312953432132
0.30561480746574066
0.2886742729583927
0.29968065976313013
0.31996031499968997
0.2503844484405035
0.23658771005146645
0.3127054008805109
0.27107025485211134
0.2666087927078812
0.30556210082470386
0.338314627643083
0.3369814596639176
0.29850561170707507
0.3096019098406399
0.35170831524772117
0.35973832702920566
0.30884541452222974
0.27037576734668567
0.3869287530228808
0.4135921126061884
0.3534445340112854
0.3615365536057543
0.3758293544986668
0.39942332733924474
0.2835307248713338
0.35673094809946054
0.4175606126371923
0.4164134680969802
0.48347491783964774
0.5381348049854281
0.490481800706889
0.3684504247535189
0.45414522229800947
0.4499286910150679
0.4736466794816147
0.43535685496372534
0.41876976499038876
0.45492031996031496
0.36702424505487685
0.4807155701618404
0.4517579214981088
0.46933713647919634
0.533422211198611
0.49832578904942015
0.39498976871085756
0.4250015501953246
0.4829478514292801
0.388944006944875
0.4778942146710485
0.45209896446952313
0.4418986792335834
0.49054380851987345
0.43380665963911447
0.5010851367272277
0.4598809449990699
0.36903949897687105
0.445681155825634
0.4789173435852917
0.4439139331555776
0.5081540274074533
0.42980715570161837
0.4475413902151671
0.39706703044583613
0.383828362373659
0.4388292924908538
0.41942084702672533
0.49922490233769456
0.448812550381348
0.47904135921126056
0.41312705400880506
0.5022632851739319
0.433310597135239
0.4015625968872078
0.5124015625968872
0.4403484839089725
0.42410243690705024
0.44819247225150366
0.4660817262975135
0.4529670738513052
0.48325789049420226
0.40196564767160664
0.43228746822099584
0.48431202331493767
0.3658150927016804
0.5139827618279903
0.42648973770695103
0.3762324052830656
0.49962795312209335
0.4989768710857568
0.43324858932225463
0.45436224964345506
0.4816456873566069
0.38801388975010853
0.5052396601971848
0.49531841011967503
0.4885285545978793
0.4445650151919141
0.44707633161778376
0.4837539529980777
0.5141997891734358
0.5198425001550194
0.4696781794506108
0.4195448626526942
0.45002170273454456
0.4742977615179512
0.4272958392757487
0.5012091523531964
0.438705276864885
0.40720530786879144
0.4190798040553109
0.4558194332485893
0.45225398400198424
0.4858622186395486
0.5008991132882743
0.3888509952253984
0.4751968748062256
0.42825696037700745
0.415390339182737
0.37775159670118436
0.3897191046071805
0.398617225770447
0.3547777019904508
0.49389223042103303
0.3849755069138711
0.3566689402864761
0.38106901469585164
0.38069696781794504
0.39272648353692563
0.3985242140509704
0.34544552613629315
0.400880510944379
0.3571339988838593
0.3474607800582873
0.3254170025423203
0.38705276864884974
0.3991132882743225
0.4266757611459044
0.36742729583927575
0.4755999255906244
0.46908910522725866
0.3850685186333478
0.5242450548769144
0.35961431140323674
0.4275438705276865
0.4396353940596515
0.3959198859056241
0.476251007626961
0.45423823401748614
0.4043529484715073
0.3668692255224158
0.4689030817883053
0.4097166242946611
0.4497426675761146
0.43399268307806776
0.492621070254852
0.4117628821231475
0.43938736280771373
0.40193464376511434
0.41098778446084205
0.40763936255968247
0.4569975816952936
0.3823711787685248
0.4379301792025795
0.42221119861102496
0.46226824579897063
0.4062131828610405
0.4245984994109257
0.4181806907670366
0.46136913251069633
0.40224468283003656
0.42993117132758724
0.40801140943758907
0.48530414832268864
0.5253921994171266
0.5221057853289515
0.4877844608420661
0.5124015625968872
0.521485707199107
0.5182302970174242
0.5179822657654864
0.6201091337508525
0.623023500961121
0.5825323990822843
0.6009487195386619
0.6379673838903702
0.7214919079804055
0.6624294661127301
0.7645253301916041
0.7209338376635456
0.711477646183419
0.7143920133936875
0.732808333850065
0.7450548769144912
0.7076331617783841
0.8128914243194642
0.7414274198549017
0.7071370992745086
0.7348855955850436
0.7998077757797483
0.7934519749488435
0.7095554039809016
0.7342035096422149
0.727816704904818
0.7121287282197556
0.6127612079121969
0.6900849507037887
0.6496248527314441
0.5967631921622124
0.6399826378123643
0.6459973956718547
0.6737458919823898
0.5991504929621132
0.5772617349786072
0.5709369380541948
0.5800520865629069
0.5767656724747318
0.5766106529422707
0.5609226762572084
0.6010417312581385
0.576083586531903
0.5913995163390586
0.5911824889936131
0.6220313759533701
0.5877410553729769
0.5441495628449184
0.4726545544738636
0.4631983629937372
0.5993985242140509
0.5961121101258758
0.5990264773361443
0.580207106095368
0.6110249891486327
0.539529980777578
0.6044521609722825
0.4988218515532956
0.5916165436845042
0.6007316921932163
0.6253177900415452
0.6282321572518137
0.5815092701680411
0.5316859924350468
0.6027779500217026
0.5777267935759905
0.5713399888385936
0.6268989892726483
0.6514850871209772
0.5458237737954982
0.5921126061883797
0.6042661375333291
0.6319216221243876
0.7184845290506604
0.6841322006572828
0.6342779190177963
0.6340298877658584
0.6306504619582067
0.7079121969368141
0.6394245674955045
0.632975754945123
0.6978049234203509
0.6231165126805976
0.681744899857382
0.6783654740497302
0.6687852669436348
0.7304830408631487
0.5937558132324672
0.6647857630061387
0.6954796304334345
0.6610652942270726
0.7010293296955417
0.7038196812798412
0.6353010479320393
0.6783654740497302
0.6470205245860978
0.6404787003162399
0.7052458609784832
0.6955726421529113
0.7541390215167111
0.7723693185341353
0.796800396850003
0.7096484157003782
0.7712531779004154
0.7646803497240652
0.7797792521857754
0.7452719042599367
0.7572704160724251
0.6576858684194208
0.6324486885347553
0.7529608730700068
0.6936193960439014
0.7179884665467849
0.7020214547032926
0.7325913065046196
0.6577478762324053
0.7285918025671234
0.7684318224096236
0.7214609040739133
0.6961617163762633
0.6739939232343274
0.7169033298195572
0.6947045327711291
0.7717182364977987
0.6657778880138897
0.665250821603522
0.6864264897377069
0.6704284739877224
0.595430024183047
0.6414088175110063
0.7152601227754696
0.6588950207726173
0.711043591492528
0.6329447510386308
0.6075525516215043
0.5976313015439945
0.5629379301792026
0.6460283995783468
0.6330377627581075
0.5703788677373348
0.4953494140261673
0.538103801078936
0.5498542816394866
0.5585043715508153
0.5268493830222608
0.572673156817759
0.5564581137223289
0.5930117194766541
0.4465802691139083
0.6008867117256774
0.5691697153841384
0.47541390215167106
0.5614807465740683
0.5018292304830408
0.5816952936069945
0.5716190239970236
0.5894462702300489
0.46155515594964963
0.5196564767160662
0.5250821603522043
0.5366466174738017
0.563713027841508
0.6249147392571464
0.6054752898865257
0.5767036646617473
0.6440441495628448
0.5656662739505177
0.5027903515842995
0.5173931915421343
0.6157065790289576
0.537266695603646
0.5580703168599244
0.535406461214113
0.5469089105227258
0.47460780058287344
0.5759905748124263
0.49748868357413034
0.4810256092267626
0.535840515905004
0.5720220747814224
0.4315123705586904
0.4893656600731692
0.45113784336826435
0.3849755069138711
0.5079059961555156
0.43867427295839273
0.46239226142493944
0.4860792459849941
0.4074843430272214
0.3164568735660693
0.43002418304706386
0.3482978855335772
0.29443169839399763
0.3614745457927699
0.3447944440999566
0.3963229366900229
0.45405221057853284
0.37840267873752087
0.3492900105413282
0.3666832020834625
0.3654430458237738
0.38280523345941586
0.34739877224530286
0.38023190922056177
0.32935449866683203
0.2505270664103677
0.23372294909158553
0.29128790227568674
0.2527593476778074
0.23592112606188376
0.25934767780740375
0.2517579214981087
0.24418676753270913
0.24587338004588577
0.2909871643827122
0.2585477770199045
0.3191232095244001
0.29907918397718114
0.31310845166490975
0.37362807713771934
0.33493520183543124
0.33341601041731256
0.2513300675885161
0.33970980343523277
0.2792614869473553
0.2777081912320952
0.3102560922676257
0.2838624666708005
0.3318658150927017
0.29926830780678365
0.331772803373225
0.26192100204625784
0.3718918583741551
0.441557636262169
0.427481862714702
0.31106219383642336
0.331059713523904
0.316983939976437
0.32454889316053825
0.3785887021764742
0.29315433744651825
0.3038041793265951
0.3733180380727971
0.3281453463136355
0.3976251007626961
0.37722453029081665
0.4063682023935015
0.3983381906120171
0.396477956222484
0.3109071743039623
0.37099274508588076
0.41250697587896074
0.31450362745705956
0.33115272524338063
0.39430768276802874
0.23116512680597753
0.44930861288522345
0.47522787871271777
0.3895020772617349
0.2913840143858126
0.379270788119303
0.3648229676939294
0.334904197928939
0.39173435852917465
0.40515905004030506
0.359645315309729
0.39784212810814157
0.3802009053140695
0.3532585105723321
0.3914243194642525
0.3737520927636882
0.44289080424133437
0.3507781980529546
0.3888509952253984
0.42695479630433436
0.40301978049234205
0.38838593662801507
0.463601413778136
0.3559248465306628
0.3753022880882991
0.3203013579711044
0.44199169095306007
0.3373535065418243
0.4155763626216903
0.4132510696347739
0.38606064364109877
0.4208780306318596
0.3130464438519253
0.37880572952191977
0.39812116326657154
0.32433186581509266
0.32495194394493704
0.46512060519625475
0.28900911514850874
0.3392137409313573
0.26226514540832147
0.29692751286662117
0.2664692751286662
0.2670025423203323
0.14970856327897314
0.29593538785887025
0.20961741179388602
0.15739133130774477
0.21056613133254787
0.24822657654864513
0.20216097228250757
0.267697029825758
0.20300737892974516
0.21576858684194206
0.24716314255596203
0.20103553047684006
0.21379983877968622
0.21101258758603583
0.23925404600979722
0.1930334222111986
0.2460532027035406
0.16264029267687727
0.15668754263037143
0.15696347739815214
0.16028399578346872
0.2163390587213989
0.09251875736342778
0.24462082222360018
0.08671172567743536
0.15817883053264709
0.04361009487195386
0.20190363985862217
0.10591244496806597
0.11222173993923233
0.21152725243380666
0.1651485087120977
0.15901903639858622
0.146673280833385
0.14982017734234512
0.14675389099026476
0.1157716872325913
0.177788801388975
0.14058411359831335
0.13436783034662367
0.1436441991690953
0.3110311899299311
0.15595585043715507
0.39148632727723687
0.1557791281701494
0.20529856761952003
0.22068580641160787
0.14305512494574318
0.13982761827990325
0.19237923978421279
0.0
0.2261579959074843
0.10816022818875176
0.07695789669498355
0.1573541266199541
0.03312147330563651
0.08559248465306628
0.10084950703788677
0.06338748682333974
0.09721894958764804
0.10003720468779065
0.056337198487009355
0.09633843864326905
0.08052024555093941
0.07708811310225087
0.12015253921994169
0.0825944068952688
0.06362931729397905
0.11595461028089538
0.14347057729273888
0.15237489923730388
0.00624573696285732
0.0709338376635456
0.03949587648043654
0.11346499658957028
0.10370496682582005
0.1900508464066472
0.13066906430210207
0.07127488063496
0.0862776709865443
0.07337074471383394
0.17516587089973337
0.11573138215415142
0.14619582067340484
0.21385874620202147
0.13578160848266882
0.17552241582439387
0.1594437899175296
0.19605630309418987
0.20165870899733368
0.1886556706144974
0.3027438457245613
0.21841011967507903
0.1495721460904074
0.1830222608048614
0.163768834873194
0.14760339802815156
0.19033918273702485
0.16175668134184906
0.23547466980839585
0.19757239412165933
0.16587089973336638
0.25195944689030814
0.23884169405345074
0.18229986978359272
0.3520803621256278
0.22112606188379735
0.2823773795498232
0.22271036150554968
0.24364109877844609
0.2831772803373225
0.2451850933217585
0.247497984746078
0.23740311279221182
0.2055931047311961
0.24198859056241084
0.26907360327401253
0.2527562472871582
0.25192224220251747
0.19528430582253362
0.2533484219011595
0.1439883425311589
0.22064240094251875
0.17948471507409935
0.16001736218763563
0.22116016618093878
0.20788429342097103
0.17290568611645066
0.20302288088299125
0.20834315123705585
0.2198456005456687
0.15074719414646245
0.2118496930613257
0.27605878340670925
0.18833943076827678
0.20603646059403483
0.3012277546970918
0.17320022322812673
0.2373845104483165
0.248868357413034
0.35955230359025236
0.30901903639858624
0.30808581881317043
0.3102560922676257
0.31552675637130273
0.26807217709431386
0.3291374713213865
0.272394121659329
0.45749364419916905
0.30151919141811867
0.21375953370124634
0.2810287096174117
0.3110931977429156
0.32563402988776585
0.2750883611335028
0.41365412041917277
0.31971228374775224
0.27225460408011404
0.305410181682892
0.2610652942270726
0.31282941650647983
0.3025888261921002
0.35744403794878155
0.3007068890680225
0.36178458485769205
0.22442797792521857
0.32271966267749735
0.2225708439263347
0.4045699758169529
0.21761641966887826
0.3158988032492094
0.3025950269733986
0.3264711353630557
0.31937124077633783
0.25646431450362744
0.3392757487443418
0.37558132324672905
0.24446890308178829
0.3273082408383456
0.3605134246915111
0.30383828362373655
0.2843647299559744
0.28349972096484155
0.3415700378247659
0.26319216221243874
0.30265083400508463
0.2274012525578223
0.22657654864512927
0.22885223538165805
0.21253487939480373
0.3016370062627891
0.36283871767842746
0.315557760277795
0.38919203819681275
0.3109071743039623
0.33183481118620944
0.3248899361319526
0.3055403980901593
0.4164134680969802
0.2451850933217585
0.40258572580145097
0.3119923110311899
0.27408383456315494
0.39430768276802874
0.22933589632293666
0.28448564519129405
0.24353878588702174
0.30181992931109314
0.1678830532647113
0.3253859986358281
0.33722949091585536
0.4079494016246047
0.38878898741241397
0.34172505735722697
0.2760959880944999
0.26627705090841447
0.22547590996465552
0.23429342097104233
0.27412724003224404
0.23646989520679604
0.2732405283065666
0.14880324920940036
0.362342655174552
0.2379270788119303
0.3429962175234079
0.27442797792521856
0.26169467352886466
0.3544056551125442
0.26419978917343584
0.20501953246109006
0.3225956470515285
0.3223476157995907
0.30044025547218944
0.41495628449184596
0.34349228002728344
0.30615117504805606
0.38044893656600726
0.2749209400384448
0.349259006634836
0.3553977801202951
0.26545854777701994
0.2902585725801451
0.36469895206796055
0.35542878402678735
0.29348607924598497
0.240872449928691
0.3619086004836609
0.23803869287530227
0.3157127798102561
0.30041855273764495
0.22933589632293666
0.26989210640540706
0.22987226390525206
0.3417870651702114
0.25532337074471384
0.3704036708625287
0.29639734606560425
0.27822595647051523
0.2941898679233583
0.25437465120605196
0.2766013517703231
0.3019594468903081
0.1909313573510262
0.29076083586531903
0.41852173373845103
0.26729397904135915
0.3052241582439387
0.23156817759037637
0.4028647609598809
0.3106901469585167
0.3797668506231785
0.4705772927388851
0.36609412786011036
0.2957400632479692
0.3091461524152043
0.37840267873752087
0.39809015936007935
0.324796924412476
0.40658522973894706
0.37055869039498973
0.27569603770075024
0.33589632293669003
0.3527004402554722
0.33546226824579894
0.33998883859366275
0.2763161158305946
0.28091089477274134
0.33205183853165493
0.429745147888634
0.35694797544490603
0.3741241396415948
0.304529670738513
0.37449618651950145
0.3824951943944937
0.3161468345011471
0.4358839213740931
0.36959756929373094
0.3437093073727289
0.3240528306566627
0.41914181186829536
0.3003844484405035
0.3893780616357661
0.3482358777205928
0.40943758913623113
0.48930365226018474
0.3986792335834315
0.4817697029825757
0.36646617473801696
0.4124139641594841
0.47705710919575867
0.4146152415204315
0.3770385068518633
0.4077323742791591
0.4074843430272214
0.35146028399578344
0.39784212810814157
0.2892478452284988
0.40394989768710854
0.462888323928815
0.4567805543498481
0.4197308860916475
0.4106467414894276
0.4295281205431884
0.4608730700068209
0.48300985924226447
0.48347491783964774
0.4405965151609103
0.40401190550009297
0.4170645501333168
0.3744031748000248
0.5178272462330253
0.5248961369132511
0.5320270354064611
0.4586097848328889
0.5124015625968872
0.5135487071370992
0.46515160910274694
0.5005270664103677
0.5576982699820177
0.5560240590314379
0.582346375643331
0.5684256216283251
0.48325789049420226
0.5966081726297513
0.5456997581695293
0.4917839647795622
0.5061387734854591
0.5794630123395548
0.6156755751224654
0.6395795870279655
0.5581323246729087
0.43647299559744523
0.5567371488807589
0.5592484653066286
0.5990264773361443
0.5304148322688659
0.6075835555279965
0.5949339616791715
0.6660879270788119
0.7373039002914367
0.6659949153593352
0.6319836299373721
0.7065790289576487
0.5890432194456502
0.6203881689092825
0.7324672908786507
0.6709865443045823
0.6995101382774229
0.6506479816456874
0.5987474421777144
0.5872449928691015
0.5758665591864575
0.6854653686364481
0.6680721770943138
0.6724747318162089
0.6614683450114713
0.6164506727847708
0.587027965523656
0.5856017858250139
0.5067898555217958
0.6419978917343585
0.6253797978545297
0.5530786879146772
0.6482916847522787
0.6660879270788119
0.5971972468531035
0.6028089539281949
0.6550195324610901
0.5678675513114652
0.6357971104359149
0.6356420909034538
0.6821169467352886
0.6015687976685062
0.6203571650027904
0.7477522167793141
0.5807341725057357
0.649469833198983
0.6842252123767594
0.7221739939232343
0.6145284305822534
0.6496248527314441
0.5825013951757921
0.6829540522105785
0.6284801885037514
0.6733738451044831
0.6098468407019284
0.5743473677683387
0.6040801140943759
0.522322812674397
0.45929187077571765
0.49252805853537546
0.5382588206113971
0.4942332733924474
0.5216407267315681
0.4685310349103987
0.5706268989892727
0.5270974142741985
0.47132138649469835
0.5334842190115954
0.48725739443169835
0.462888323928815
0.49131890618217894
0.600545668754263
0.5703788677373348
0.39771811248217276
0.501147144540212
0.4900167421095058
0.469709183357103
0.47746015998015745
0.41712655794630116
0.40965461648167667
0.5387548831152725
0.4075463508402058
0.4904507968003968
0.5207726173497861
0.4768400818503131
0.588051094437899
0.4514168785266943
0.45445526136293174
0.5320270354064611
0.37105475289886525
0.47063930055186953
0.43709307372728956
0.3788987412413964
0.43557388230917093
0.48620326161096294
0.350964221491908
0.4794134060891672
0.35381658088919204
0.3461896198921064
0.3573200223228126
0.40894152663235567
0.29950393749612453
0.326657158802009
0.3260680845786569
0.21713275872759963
0.3098995473429652
0.260218887579835
0.2510138277422955
0.2605909344577417
