0.35524389423613234
0.370400983457896
0.3853581532674589
0.3653450620088838
0.42564558376910444
0.35619883873218816
0.33620144601410185
0.36807330244784653
0.3858498857961007
0.4105556284705395
0.36948627936026857
0.32337140845055623
0.3268842845460431
0.3736433044568505
0.38793539417472156
0.39768668534118135
0.376748229537309
0.3418306245017335
0.3427957538059119
0.35078664397506276
0.3237667441105374
0.3240156407505927
0.2759845141995382
0.37576565267106765
0.3679192189556788
0.39613750751565774
0.39914489852122836
0.36563696560003367
0.3355909694256587
0.2980126684706678
0.29251052848012393
0.3520298160159378
0.38503764859671463
0.30168801464700423
0.3645609089263472
0.43004564805651646
0.3589627727319341
0.33767534098814417
0.3843665545385113
0.3698571503700796
0.3331603193291575
0.3273386111332224
0.28240908934019004
0.2695705316698357
0.38277705200476764
0.2755591517771818
0.3696204667315547
0.3304614667289415
0.3572770139283178
0.39749879360721363
0.35360799146529653
0.37881172389179485
0.3650858655652195
0.4061967529813746
0.3931334401662284
0.39304421655358207
0.42432281219309276
0.3396809885570346
0.4418844820641489
0.3517088027314007
0.33464555330539614
0.4242004883096464
0.3938010145828309
0.357159281615473
0.35312789161106517
0.3649626923509688
0.42140778608566276
0.45601460011034967
0.39948879885684047
0.477656204049448
0.36629631925158235
0.4468780794165424
0.41996090404521336
0.5476413440472463
0.4010585261688562
0.5111679862286803
0.4848557392236218
0.5410657064235975
0.5229198172932216
0.46541590436798674
0.528397745646805
0.4554430834533568
0.49919017614874006
0.5372098479541754
0.5931844652969118
0.6330784415834629
0.6038513244187222
0.5467568911279276
0.5614780224195601
0.6209771247199164
0.6126590780920179
0.6445826632292875
0.590029146980525
0.6724387128676235
0.751992018958141
0.6354473108801127
0.702881750573812
0.6743489789265459
0.7319042145042102
0.6918946298046708
0.6502625648739646
0.6870554579123054
0.6678577454229461
0.6603658944273788
0.6555016644882503
0.6570688791361734
0.7584330798963589
0.6790278415213078
0.6573698612984602
0.6233133393823671
0.6422941273031912
0.633257198008822
0.6468323069058242
0.6127246948282341
0.6602264641776684
0.6281202244973594
0.5931263542194875
0.5627711301619361
0.5859335844857619
0.5173328757525995
0.5416396091450424
0.541635963863742
0.5376005182413185
0.5823763566631165
0.5136516847603794
0.5930801842625063
0.4996788340789413
0.5386190600299614
0.6096577021160547
0.5387120035917923
0.44203269996500105
0.5815548167989576
0.5551959427778759
0.614822574262772
0.5573635955520182
0.5243700692915049
0.5300749380967829
0.5249842408593945
0.5485590748312797
0.5211773061691569
0.5068820790486082
0.5859567289145439
0.5008771066725051
0.47669484866866263
0.5291617136426386
0.5435599045537003
0.542957343975591
0.5090875411030803
0.4104883347288327
0.4725113199033473
0.477598923744185
0.5009699331512816
0.38535065563047
0.4449527698926327
0.4295102266597327
0.462042641707805
0.49969243441083655
0.45723369660586893
0.4679981467246587
0.4359990345347511
0.47155213417582603
0.5268287017740101
0.526309738242211
0.5031271107929056
0.5044234437142859
0.5149179171606616
0.4504148202047745
0.5013204650909582
0.6252586944904076
0.49786119288811415
0.48637661089005374
0.46164481005937597
0.4896414760859226
0.5186941958545035
0.43928818253453417
0.40187087268035104
0.4880078999006649
0.4927793448226946
0.4163313222361875
0.5658725615251751
0.4764102400877837
0.4764426729899579
0.4794966021300635
0.45960963812448247
0.4359962103818382
0.4663764655050675
0.4722550323895009
0.46344996766161484
0.4201858646002216
0.39491173669328217
0.30697950989273504
0.33210872154895554
0.37030104259797786
0.4566846202271832
0.434150230935869
0.3773436239852221
0.3361603906521795
0.4640258147240012
0.323465409654285
0.4143129366343783
0.45040053262031343
0.4278217866681837
0.4007842370252117
0.3907840194138025
0.36704349441816586
0.404849389930665
0.338334941534912
0.4350487850837802
0.39681454364124785
0.40599816005535416
0.4160340261339188
0.3480303334808986
0.4053995470310763
0.30721175443129883
0.3438139681690284
0.3505168640886378
0.3740793683830603
0.31196379939973495
0.3845296482431209
0.3252318452021097
0.39724078003181235
0.37146568758951964
0.3349182420907417
0.2570537209176423
0.36535475216518454
0.30508826824835344
0.3061919233401477
0.3597553100831843
0.32903730287580063
0.3368301139985426
0.33198345585182115
0.3926358277615377
0.3842964792574675
0.41903778474254183
0.38537658243542183
0.4192266724206316
0.4253460641971899
0.3756882482937123
0.41212643863406145
0.4711196245675059
0.42591713636453743
0.5261769605872577
0.4542821936884007
0.5036842917574473
0.5510229666668099
0.5411130840801872
0.6290154252375908
0.6254871146496536
0.6393411307802981
0.7340655445984134
0.6906858145375964
0.7497528861965151
0.6711058846397214
0.7727029941555721
0.7899630763404834
0.8153697385720822
0.8022645992050477
0.7937352929286915
0.7860082478661544
0.8298471363999381
0.8027779839071321
0.8644318485610212
0.9489632892136803
0.7977695115953686
0.7770467453899101
0.7408688328383359
0.7185231570837909
0.7321209783601286
0.7537359785396693
0.7148137142513676
0.6455614356219419
0.5854570043191334
0.6893844593222721
0.5914178605118703
0.6323647673908294
0.4937884336135811
0.5484987172442715
0.5142392485953499
0.5282853404189383
0.4865924282034777
0.45631679877769704
0.4120650824311861
0.3991263875486101
0.4696493861135297
0.45256385838632546
0.49125140506189685
0.4611656773850845
0.48239573787607715
0.41525382328838956
0.4502778319014483
0.42860756780059983
0.43259187622295336
0.4284323522718013
0.44364428626106744
0.44203272998105003
0.429306963475454
0.49555073291611706
0.38538292350562536
0.4511366156484289
0.40746783244897583
0.4733009405842865
0.4670629895842545
0.5136008791187264
0.473936389954729
0.48100422351781813
0.4683896138683945
0.4727603870855793
0.4999997196190853
0.4719601272783972
0.43651957424235144
0.4797973958578545
0.4987203092053497
0.44660406209331627
0.453716294030757
0.5105640085056
0.4702317536190206
0.48429594541333615
0.43576282006942046
0.5038604526879649
0.5033845273741824
0.5674591855719092
0.43231384706876197
0.5313044959938122
0.4770825291211386
0.5513596392238509
0.46272997781608166
0.4969364153510407
0.5450914187934356
0.5421450527743271
0.512919405012149
0.5905868372623524
0.5469970200290907
0.6202479873245157
0.5560695437948003
0.5307460110702681
0.5750106103428442
0.5779104131833197
0.5250099137659209
0.6494782109794861
0.6445276873270805
0.6592220331393244
0.6876071975066922
0.6604815073487218
0.6391767100991942
0.7467043312536313
0.7312078405011856
0.670405968808296
0.7669249363055579
0.7121526523709117
0.6520712520895706
0.6512033563281039
0.6292584474661878
0.6659635894745697
0.7002661246762013
0.6532017341210954
0.6984901569471467
0.6092518778884354
0.6635277447789858
0.6429197179059448
0.7386552789240248
0.7459837409179424
0.6922615885078658
0.6845044945134469
0.6241453776972494
0.6658179835266679
0.6418667996443936
0.7081827553231094
0.6471589078115174
0.5794760577001552
0.6729278594961485
0.6496798560122179
0.566458241435926
0.6067290438217331
0.6367569040763844
0.5240923547340753
0.5311540674512761
0.603260361066595
0.5207985643067171
0.5476647824426717
0.5434237246621383
0.608797468431464
0.649806633850323
0.5676696009480067
0.4772077483445296
0.5008438150479331
0.514617372524727
0.45906282114172053
0.5357370060493928
0.47197210332260187
0.45471838298882516
0.5605655890548423
0.4431189529111369
0.4495256633639456
0.48491770077165136
0.5460931648423754
0.5697134803483763
0.561314059506694
0.4880708800385344
0.5727133969547515
0.6068132198238461
0.6546250961371427
0.6236526536681963
0.5567865536123766
0.6175611806640151
0.6780445351076957
0.6001073875679872
0.6175273168603742
0.583748024750714
0.6275601986239264
0.6450204329681927
0.6728781526623098
0.6287566905414901
0.6904942551034133
0.5875229168182303
0.6286026939812581
0.6661791018056584
0.6257981074768604
0.6045669231778596
0.6094515093305146
0.6063038303026814
0.5520866607529864
0.5874517951155556
0.5891032381913417
0.5358781610176586
0.457662037803362
0.4513820040709234
0.5210425720339323
0.46877646246225657
0.49546076547122453
0.4153391358907247
0.5100857262995793
0.4394433333939327
0.43740375148101185
0.4476605414808964
0.3748444911255029
0.41227286876917535
0.3404096524301507
0.401722535302435
0.37708593330565165
0.2851998891924124
0.3504615630437836
0.29949412853570834
0.27480330106677225
0.3715552253267624
0.23649687691106056
0.1936112990893451
0.26267273452832407
0.34505818829384616
0.3276984277492906
0.32124245216111086
0.2366146750154317
0.2533288535762831
0.2770163195660797
0.21124228480907492
0.16536538352768557
0.2576437086685687
0.1586014027171573
0.2897072472029438
0.19407251292542094
0.28159971804918765
0.323589096094401
0.3827890738251323
0.29668429274977376
0.3286806689366434
0.24204279955906577
0.3190339668547184
0.3604207703010529
0.2751969605286473
0.2508663141752257
0.20580034368115088
0.3598268628425084
0.3195701415194137
0.28769210592658356
0.3575897297789095
0.29228336637303437
0.311503131408053
0.36635261922496976
0.3274113453138472
0.3342065729438239
0.2996044962435224
0.3159481117403919
0.2560442623900195
0.1768153395071212
0.2572554590328397
0.3437467835980696
0.3460711066376333
0.18596639353248334
0.2730746702624199
0.27936952003917576
0.23943984119785944
0.2873648292961549
0.35026319601303757
0.4486770168784196
0.41152626394788283
0.39826875836069775
0.40362079598961537
0.36622903804230494
0.540127161631061
0.40059077465401655
0.475197957214231
0.42969954221195117
0.339705065234781
0.3410225271321556
0.38221956062050055
0.3307065595262832
0.35062154955874325
0.38585678950342417
0.45834217485812845
0.3889519891108184
0.5215438822086633
0.39144011766313563
0.36296037177607016
0.4425405601700597
0.4649531180447124
0.49352076387142096
0.4221489394524732
0.533833401950696
0.47015016797665554
0.436572606818717
0.4167882170219384
0.42123523722435635
0.4188114037725027
0.4449160224062598
0.4726027669509526
0.3998462308128191
0.43991769654845225
0.35676412276397357
0.34645055358923016
0.45380382951832465
0.43260402462263736
0.3319444580655316
0.40831563563457773
0.3696740849844861
0.44430277947795066
0.31971601224914503
0.35971964679076507
0.3647817161828127
0.43219359275207425
0.35801975852801093
0.3980964820774463
0.3601687144451929
0.3385058171253851
0.4041106819785515
0.3661779746578432
0.4214680132830413
0.30712061808848273
0.3469368672630626
0.33045960953635944
0.22770470071580373
0.31593978495685604
0.39767411020324517
0.31374714181555224
0.3860551748107303
0.36475079270539285
0.3188697550773433
0.3128304098003797
0.2826039966687268
0.3867512265825835
0.38416281077331405
0.35558882460260643
0.3904235368127157
0.33419655802448184
0.44011297429039625
0.423377001894499
0.39066743911395263
0.30576885964861933
0.33042432204425876
0.2889471139982055
0.2843575575030342
0.33785813770683615
0.35174254517225007
0.24069578293754051
0.30505791546791144
0.27719267534763953
0.32451959173838824
0.3099666946449041
0.3922021537439394
0.45095453354115733
0.4925185873692503
0.4203117159592599
0.5383708677970497
0.5386271604547168
0.6940029541083381
0.6919568758445456
0.6733614125817788
0.5537883582412584
0.4963022183787673
0.48642927014397236
0.43710522354339415
0.4947662787290017
0.4473043493609183
0.4948418683729874
0.45652274172048335
0.4860453794863824
0.5019175519266104
0.4486591193433053
0.44093525544152934
0.35069062577762555
0.36717260632990134
0.42990854841766846
0.40773722087262804
0.4024558141498715
0.3516125903760296
0.40450194113858884
0.41477706961837485
0.33803916912037724
0.36475886036917304
0.3843607552791126
0.41931971097929444
0.4520154155641406
0.3780776207222386
0.43180171679045426
0.41319174092907723
0.4440235686385553
0.3548976079291214
0.38169664148675886
0.4326641927387044
0.467804491337533
0.4166870063620288
0.44694751005154
0.36850784616157706
0.3358847875843183
0.40377948263372776
0.40318637884513725
0.4114160764325252
0.34596543678599384
0.4228090424627246
0.44066877146137107
0.44755198747522373
0.44917203531544214
0.40924173000128317
0.4265755993854241
0.3984573191261205
0.4858322938936681
0.4473661609442432
0.38398771903025236
0.5317249594391924
0.4267139343754382
0.41010984303103837
0.43955116530181093
0.4873716081058741
0.4736549225717885
0.5310131850034928
0.4201316861120038
0.4413633977034459
0.4766197036374399
0.48986844048956013
0.3993486688163886
0.4253793029800114
0.44856804546141454
0.43463893156930905
0.5624284034272488
0.4511292125573882
0.48337859042512704
0.4141980382329289
0.5257705203968539
0.3940916415909804
0.43632407320980676
0.39063094518169855
0.37357550158352626
0.46421312524478076
0.45154615899390926
0.4154087552618697
0.493991216302054
0.3915873766036003
0.4128491539837241
0.48896658418795613
0.35361539327974767
0.47649624911769284
0.5286790485690955
0.37587709783590584
0.40336825928537207
0.39384883224615586
0.39137292419807235
0.43578769974095777
0.5095580908285089
0.34421054489989567
0.45495484633630057
0.47612132856730277
0.5443074016351743
0.47538710489916713
0.5066254309751564
0.5077761214703074
0.46961499855973726
0.5113868640143155
0.47987876648382666
0.578048904096412
0.5827268688252272
0.4962463864877401
0.474147100880144
0.4808066440357281
0.4865888400176998
0.49294128459123965
0.580152037585347
0.49052665785187854
0.500226808351223
0.3876439568504733
0.6619421187245151
0.503876384466544
0.4571082344936079
0.5703153311371909
0.5745747070951248
0.5077732971717615
0.45415025160356964
0.5323559361869721
0.5624751330256686
0.598112406761432
0.489145754264915
0.5043693785243748
0.501665747709382
0.5784347245596159
0.5417279557101864
0.5086985914864091
0.5475030690757283
0.5499577507890724
0.5335110532547687
0.45788530592957133
0.44433980413747953
0.5171137327407535
0.46590578537677546
0.3956484600545712
0.5029313007491234
0.5221967112176189
0.4936804857405176
0.5137607861642609
0.4581326029431624
0.4492858757839078
0.4173271253030846
0.5600504818428298
0.4592863737696762
0.575712544635624
0.5198699399288054
0.762846834778254
0.599492568447591
0.6265022346018342
0.6248394096149592
0.5258284143506851
0.6162219047042438
0.5666893380549305
0.6359467355552343
0.620346802206301
0.3746597264233832
0.5265412826014929
0.5488509394130395
0.5148417765149835
0.5399543125791155
0.48592199622675636
0.5263639447185339
0.5576443852171988
0.578125951009179
0.5344785858765178
0.4525363677612818
0.5540967314483947
0.618203787834487
0.5385912785334606
0.4795821882907
0.5723655388263478
0.584902263163096
0.5229096768043436
0.5990845768113238
0.565395982819657
0.6035265412632186
0.4757450951041914
0.5813029831741511
0.4969179165244554
0.4954010020830677
0.5566997260336912
0.5388158237006853
0.4708405695144937
0.47824188560632735
0.583712257099841
0.46653662522524575
0.4977629525786258
0.5222820340998291
0.4956671782916825
0.5484939075065667
0.5474632675844324
0.5496680982015265
0.5289755866319351
0.506366278176738
0.5390265369495029
0.4878086750226825
0.5338093997666377
0.526127041008159
0.4312078430287257
0.47740177640886405
0.46356706415038984
0.49026671364201313
0.5690316235116815
0.5751969992454361
0.39323848042657755
0.5566993709928898
0.3300157209641052
0.38921474497488584
0.47694272855738307
0.4398122867948333
0.3946172245544666
0.39332472155878606
0.43866931234230355
0.5018236602731362
0.40503368229318626
0.5481271766961782
0.4145589717896493
0.3747832095121517
0.4352745368646694
0.43177220046542397
0.36842296276616576
0.45949473370722904
0.5128161052461522
0.39002347560405715
0.4239503825282975
0.46134086481059355
0.5377661199052497
0.43858062192797453
0.49803039618706674
0.5020886152888444
0.366135747476188
0.44790652131602154
0.4818541817744148
0.39299241079897584
0.42820547853445184
0.3822141848811893
0.4927894117645687
0.4970629082786773
0.49335255012861656
0.3624668446223693
0.3929397412339184
0.4593279578525522
0.45689133211113764
0.45632566505240457
0.5037556335260902
0.3473959446587549
0.4612006779681604
0.31699578864463074
0.46727035321972776
0.30887596065330597
0.2814929156569675
0.34110968384564766
0.42413823531248973
0.4436045902282447
0.38610160858449116
0.3834242389129934
0.357577683372298
0.43072960744213257
0.398351994105379
0.2945658592794642
0.47420380174872595
0.3552207995437695
0.42562053509726006
0.34772566140393124
0.34467300047577853
0.36321027884180523
0.26089867454277316
0.39309508382422065
0.44866362873009774
0.34070185530061003
0.42261375138859414
0.4717315392769256
0.43344923359808174
0.29752046790863107
0.3906827825377277
0.42875576654839753
0.47578985583003586
0.4808713113301586
0.40829441064198435
0.38487021949916
0.28332243005692753
0.4516011543303468
0.41128496358694455
0.4003105663246892
0.4406423050220598
0.3417467343867008
0.3358174479449376
0.467993888546735
0.4226990412045559
0.501487147930372
0.4694260441769953
0.4204957587797927
0.512643639138171
0.4490644709465987
0.4135793620830323
0.42755394718479445
0.35887555226313594
0.3730604862805179
0.46832913943137366
0.42125607914944874
0.42673611720059085
0.4731967809837313
0.3559080896345992
0.5152814909578378
0.45148710454511787
0.4470150548810923
0.45575961173473767
0.41037205777809094
0.43592675314682255
0.4924219098674011
0.5658225662674958
0.5111161755523665
0.6106353550533504
0.5900992468518809
0.5521770541767377
0.45457199948246396
0.5491210482172542
0.5959623539449007
0.5137835189905471
0.6661473325595676
0.6079824222092507
0.5678753227741787
0.5100819891002557
0.48224485536939476
0.46206967488951267
0.48648094673246733
0.45808240800785555
0.48433692764184094
0.44115639376936755
0.4197593090555693
0.30574165037474677
0.3339262854438334
0.3306526432136042
0.42526265864313684
0.40352897915566344
0.44632210720240223
0.4976090080013672
0.4938588342510676
0.5143392483053488
0.5134665587920381
0.4891056487867328
0.34995500835199556
0.4489666397384433
0.43398943628758746
0.4064835577963051
0.4875266650233613
0.37024585243244507
0.5814280272031012
0.4285584438426843
0.4233464071938761
0.3628540652070284
0.40135452876489724
0.44226715933814575
0.37394628242533956
0.4235472050317264
0.45939237536762495
0.3989312777773409
0.40874338199801785
0.46802660802359214
0.38665232757235185
0.3974920804078903
0.40988216517404896
0.2768719345476371
0.40506283844610547
0.3964179938006519
0.42482393624444154
0.4846409396024669
0.4130901222840257
0.3672308105080818
0.44511614773990127
0.4242406962806565
0.45359906691720076
0.359166986362223
0.4360276789495563
0.5292675687711735
0.4028983969430103
0.38437686364909784
0.41067823038670903
0.4541777124972105
0.43603890045608307
0.3057433603712276
0.3973751697527598
0.4612791047169022
0.4416776921350275
0.5159323813417869
0.3626113237446399
0.4844517151354186
0.3937706506517412
0.4304297790469459
0.49420130502081017
0.4241194340340948
0.4197113026854455
0.4699253155890972
0.5478381033940282
0.5000863063135887
0.3901914002885235
0.4445807375348312
0.5792323852689203
0.43042036093874403
0.409578548353065
0.38722172262829474
0.4062740033469119
0.5040809073804808
0.43591362443851245
0.3616379022093813
0.4466065336308519
0.5249365438778083
0.40062710910317284
0.44810639291960364
0.48195076569785666
0.3550504680569856
0.32770584909412714
0.4357587378383222
0.41021454974776733
