0.2649941887570916
0.22845570182232727
0.3656973727080781
0.30586150043273175
0.3562029435421633
0.2964177311937723
0.3554058107910827
0.18943532360671209
0.27033100078565375
0.33199788187993234
0.2682076107720469
0.26886277013841775
0.26076830729567574
0.28263983513194896
0.299148667146126
0.2924078661712013
0.324877429376364
0.31683625991907843
0.3732053900440969
0.27493465913475623
0.3173412393091315
0.3059368970063755
0.3238543977542447
0.3389853425867915
0.3097969988241981
0.3568374804543627
0.285667745631363
0.2923515119914035
0.29427573410077
0.36313836923076037
0.3870285501283417
0.20848182137640536
0.25290206181206043
0.3092425696702808
0.2502080893202222
0.23619473553213566
0.21030248212258668
0.28047403197154996
0.27044049402390125
0.32814127240322455
0.24779658234665528
0.2710109881464123
0.2921417436169884
0.3565097855984614
0.3364955011379995
0.29204215131687805
0.30995219749408937
0.2375191126499414
0.2826603211371106
0.14723960018522314
0.38935352345961544
0.405884390732979
0.3089688351156106
0.26114205033101756
0.31484830378485085
0.296952750531456
0.4089842955567289
0.3617327859660005
0.2974219464457302
0.41543976307239217
0.37225455601618374
0.4074782493629575
0.35829243576541336
0.24814093931102357
0.27134165363097196
0.35095850080743984
0.3548890262345894
0.32827523057215724
0.28649896636661487
0.36870586663160254
0.391977390969403
0.41177125291434613
0.3035251640830001
0.40506483875209565
0.40499492647564417
0.36184437853912127
0.4799290776019457
0.39172555153110844
0.41163293303128995
0.4414435423450154
0.4573376405791595
0.5701321673181582
0.4798416615844644
0.43938382832665546
0.5050304468789142
0.5707091911204889
0.4738206159492401
0.4558506732739882
0.5242234739305605
0.40081444478383743
0.5367642150413817
0.50681867394665
0.5719426148153259
0.5327456698080356
0.531385227008053
0.4776991291858179
0.5566769456087002
0.643557399249191
0.49626475157484545
0.5214472721827609
0.5453903463532718
0.5195319037450654
0.5386945876988312
0.601752070739682
0.5168336770287133
0.4823395535248331
0.5519486453739764
0.5945250153232904
0.6450238984641355
0.5745751033242581
0.5991736524594993
0.5216203851227277
0.4201265047950664
0.5189341562414772
0.46655294792936464
0.514348804259429
0.4659649284201497
0.4474450275308003
0.48256011814087707
0.36850537619884416
0.45071540334027355
0.5138674975536177
0.5026126949067723
0.4302580679846797
0.4827262859961612
0.4947966950533896
0.5165072683912661
0.4941032304532819
0.3760444473569983
0.6009891253729582
0.47165061903185
0.4246402310202449
0.47375026898628425
0.5553192801777065
0.5514100496612044
0.5117240660838024
0.40097110317001683
0.47071719159799985
0.5715034200268334
0.5317302538801747
0.5642542213814514
0.4084721315020587
0.4841296563047284
0.35417704039902204
0.48619375120803915
0.4126897655923032
0.4499069407410683
0.504973062202507
0.3775945986061823
0.462624723149244
0.4813129275757527
0.3426706415137414
0.40580308145510025
0.4727394562732578
0.4822399099178265
0.45706683029594486
0.5261067314172059
0.4784348032195914
0.45986108475748255
0.4559255913157095
0.42485031743092794
0.5317651809851244
0.5291505778607437
0.500749484417037
0.38402562889466807
0.45637928464259586
0.45118349879734715
0.42475974062791144
0.5879837761226089
0.40421986359466566
0.6020395419124093
0.36333865354942174
0.40517978976604413
0.46636262076849194
0.40276106706299364
0.5368474626044091
0.39887044185286247
0.5204354059976827
0.412471432401457
0.4895195875190908
0.44173468559921525
0.3203810621321534
0.42337607527027965
0.362478790083714
0.4667038441337007
0.3971914499005586
0.5154323472866451
0.4452240778788479
0.33449712541903326
0.3783744813434251
0.3897083649457444
0.4350699207057054
0.3077217668891761
0.3170779910861844
0.359618231783006
0.36971077897768956
0.3491977112937
0.4137247567448076
0.331556093821494
0.39861522790570575
0.43261916997743777
0.29878291284200786
0.3279717055491775
0.41903667159408886
0.3567539205804589
0.4245867702686641
0.4431963359615575
0.4161911897638828
0.35129684382048704
0.42906236353898536
0.30581457552961844
0.4492323770991653
0.4439685863824373
0.2842128692937781
0.38463706359325556
0.25208452827180783
0.30063988453875395
0.3702496414937092
0.2849695395205105
0.30962237127806
0.28252445146308663
0.30653539730661206
0.4134570412019657
0.2982454335805951
0.39721271271207526
0.2825542175892475
0.4400070676006751
0.3186524875130244
0.22865114733552494
0.24136881926211207
0.40205573428020014
0.33258895475894856
0.30345670280546644
0.43096781005775386
0.4098979013894073
0.38217861749544146
0.42218768713627086
0.41172150251201667
0.39061087190367616
0.4650748342958645
0.5461182818739029
0.565525364325431
0.5564486683361209
0.5187135070373898
0.5122318093235326
0.6955085172535718
0.6312364529662805
0.6559710503338869
0.708571441411081
0.7413157345394754
0.635294832888615
0.7819302861338542
0.7629470329973245
0.8134796745244757
0.7937412400215917
0.8130797241555683
0.6852350031375589
0.8048399961973353
0.7373084882740775
0.795265562367125
0.8971020830020671
0.8593345218970461
0.8873298546228368
0.8516697950157037
0.8207923873396819
0.8608110708364329
0.7992644927782806
0.7814742254498924
0.7617149449809372
0.6120682205539987
0.697137198712497
0.6841866277925531
0.6531290398270679
0.6454768157234272
0.6163869491762914
0.6245854901449817
0.6691566312175341
0.6389334067840249
0.5223591168849877
0.5935149132975805
0.4756187630890024
0.548175601976758
0.5967719518997013
0.5650976709251829
0.4843001340870457
0.5369031086086749
0.5590940134888925
0.506032104136726
0.6297812401603605
0.5868772500068637
0.4516478483708037
0.5229443948550837
0.56958231548553
0.5698096209190602
0.5573269925328276
0.621216720710768
0.6413700141328669
0.5891354379011898
0.6026592320715922
0.3992265039555393
0.5161762225560151
0.5773138798494765
0.5431654746972694
0.6289001899384992
0.6058314517677307
0.5509425710689015
0.6202899803865372
0.5441519596673807
0.5304160692891589
0.5969206717164748
0.5739426695515469
0.6265818425844378
0.6070332022269389
0.5594382661403199
0.511117316787122
0.638164356672351
0.5646703783023457
0.6465485111424292
0.5087356650711348
0.5640291425711776
0.614055703069059
0.742890284083174
0.58790352090779
0.6817072381015067
0.6148905113346782
0.5999722189963848
0.6088143593595174
0.64752047467258
0.5336088113743989
0.6851214512615618
0.6170431403690398
0.6199016425892847
0.5478189688124431
0.54675229031399
0.6081271723742477
0.58498854416371
0.6025654235620611
0.6895905692986903
0.6932042528852893
0.7365115481177822
0.6526209323785569
0.7383636480234215
0.7558613452561507
0.6651421439939913
0.7251752897707855
0.7326035420963191
0.724997778621941
0.7457747954645595
0.6856362902930565
0.7807980663075758
0.8374912945605639
0.5809648844934678
0.6388998208982266
0.643885378860213
0.5538014548587921
0.6847608299002826
0.6539090368874525
0.740930629187498
0.6239454412320824
0.6738985582536106
0.7324479259530363
0.6127292513648469
0.6567788824012577
0.6278239507748592
0.5762887266927398
0.7158046004642824
0.6439870278317948
0.6879459228623651
0.6417670600660302
0.6028741414782706
0.6051935194028172
0.6372861362714533
0.7231554647033509
0.574126648545982
0.4789245580177215
0.5634498884517894
0.5570030975269763
0.5400109187576213
0.6285229978164524
0.5061474353166757
0.48574674070596296
0.46943985326319293
0.5322317786058833
0.4534948844446211
0.5180627970759788
0.4215362627937421
0.4914826743991732
0.4233982266256323
0.4986894456766292
0.4552113479767091
0.4965749230017573
0.4862202438877337
0.5237878344255524
0.5094172385869904
0.5693836495688488
0.42235972333323957
0.5148235677661086
0.5747992708738197
0.5559669534652967
0.5514936226481019
0.5020607331750001
0.563994865575208
0.4932942518300738
0.5592513313663066
0.46681731252979475
0.5724856179714779
0.5641172445275089
0.5917035427195373
0.5024372615210031
0.4747281632833572
0.5554129121235487
0.44358815442751354
0.6707486794048173
0.5522944224570856
0.5579857195199781
0.4666920889813263
0.5313747388294293
0.46861263908309625
0.5213591207294959
0.5228459986446823
0.4734698319188444
0.49706808976389194
0.5318470127142197
0.5740483806330514
0.37723926255703444
0.4344488075096783
0.5550422550742713
0.4537872081637518
0.5105582527994335
0.3959958091729319
0.41568978227941866
0.332280402361963
0.34324333751104197
0.37800146450936434
0.3903561500077536
0.2825123757995975
0.4267457060988919
0.32227929203492595
0.28272856270735947
0.40386193047095686
0.3239051676825945
0.282406642924667
0.2954671915987386
0.2724737363802945
0.33925474564263053
0.11331422961992788
0.2224553231515767
0.3481717083411001
0.11286174272539355
0.2877775607415215
0.3558182165462245
0.24066335523856827
0.12362066632588939
0.17695556641201438
0.30802593777326465
0.16304664513314632
0.14410286665081917
0.2804916399885828
0.29810844734439806
0.17825098209821205
0.22048848100562263
0.309029804145716
0.22381352891178397
0.26598801401165695
0.312702385241869
0.2600368868584698
0.3081410208405997
0.3343388739703489
0.22980840858401413
0.19434139935561967
0.3121267501240327
0.2799970499679761
0.2769854355213477
0.4179400180111511
0.25050300712193496
0.2959909751324716
0.3028530328829466
0.3769083742254591
0.4291275830998036
0.23562974133159537
0.29774372671355803
0.2987746136468082
0.48555926922266096
0.3299899282457284
0.32308304706941793
0.27966905262670905
0.46780210315337695
0.3368444291811333
0.5143817060532779
0.4071384259113983
0.25241939925964585
0.2885271097262004
0.389179519537904
0.40608909793510883
0.49338332193165313
0.37963941703947635
0.5617902211736057
0.5271044071268953
0.38741112415541645
0.37197400717432494
0.46717660707774655
0.4484101564209191
0.34659983628601065
0.4100579223904096
0.4575267550651565
0.37761943646301876
0.40065054551338947
0.3611794960911326
0.45310148466244726
0.5649773375998883
0.4141902503623168
0.436453332483897
0.5397922409351397
0.4246504488126337
0.5524164970401824
0.5488196453660833
0.5208956820473715
0.5126569285138481
0.5030273946231631
0.5254077974059239
0.4621724401155881
0.48121292537454285
0.37147621688145016
0.43028723423755444
0.47912180440666974
0.5226779037334048
0.5974906983515285
0.5263305661552953
0.5777973031032737
0.5377636999748121
0.4660064290133993
0.5009451099660965
0.3719548592485838
0.5615280843045722
0.46788736605424225
0.47102915980054316
0.39781357778372656
0.4096241957202611
0.36289855784285996
0.41257688369793555
0.41097346813350916
0.40227288490064894
0.3826963195921088
0.3633665452931917
0.3697741672258368
0.31994981178621046
0.3926394017826006
0.26049289080564786
0.3280401389754515
0.3278298655106846
0.3342627303623863
0.3461198589422495
0.3619094727692709
0.3298582608244379
0.21695239235834599
0.265904959154229
0.3951983144662891
0.34596098571603895
0.26080841554756784
0.34300790194758496
0.3136746976145885
0.31225036827270075
0.3579553628658478
0.3410949175998836
0.26738580195261474
0.2977984859100743
0.2332577459871794
0.26252238384318904
0.2868755768258146
0.3026991298507021
0.2097506592777329
0.2303277937611175
0.36686356379441554
0.29434952158081235
0.22337528431666664
0.17347601958962752
0.2722100465634351
0.3404395544095724
0.39212242200872316
0.3941226593295289
0.3687016160639518
0.3726947677080976
0.39647315726912513
0.5072808732107793
0.5755395991707577
0.3691150894014651
0.45733987942889737
0.29673147954984247
0.41340635648960544
0.36310779756047257
0.4074866084716097
0.2960849459476197
0.35915534122401527
0.1753095580712521
0.16191036552403992
0.3324719543872547
0.29200516739270493
0.3285588597855028
0.26806406907329905
0.39819019803149897
0.15743648831979778
0.37433762401763326
0.28280907785495635
0.25891616162384173
0.3239673215363159
0.280215028036792
0.439486473220869
0.2332543169947521
0.27502205476245595
0.3108863065450422
0.3283663628859096
0.3375512481278302
0.18913017950209282
0.26739365164916795
0.17324205674463822
0.28282468475528516
0.28622072120070186
0.36987583470336166
0.3030246963015162
0.24740326707864882
0.13469862618024736
0.38622976565719586
0.35055092107721014
0.30295578426944364
0.2738521755635494
0.44514813916602797
0.36368041521225347
0.293499719031764
0.3341266703098577
0.4166024870832137
0.40746203486929844
0.49511005744419095
0.3672742037279784
0.4033172676161294
0.38892053226218853
0.49577056717052903
0.49401586319397406
0.4776521022968584
0.41216282382175784
0.3912505805436254
0.42985828051239733
0.3645396160839338
0.3553635347581845
0.44060446563374855
0.38250292299340044
0.47556874828439566
0.4624993378122907
0.4628853786563152
0.34502843149675055
0.3280504369602605
0.3176923754326405
0.4169502672776797
0.4509705264199251
0.4606630280564489
0.49817394279521465
0.43408987964535406
0.4104923738581947
0.4141578819533355
0.3993673169695959
0.3810685797569403
0.27726243273658524
0.4787566901643928
0.2548580743613623
0.3739854791170649
0.37634974876582794
0.28321130305122355
0.235149040778532
0.44653566805483946
0.34208606928126883
0.40954033879087903
0.2874156870708817
0.29833257788207324
0.4488294251475469
0.47382081962542844
0.35084336776297687
0.301622330596013
0.28007165193114386
0.40940187067558764
0.4509389854223729
0.35140073659150006
0.39438493268450997
0.39877610346757464
0.5352979769781694
0.4695406593093814
0.43753177536922716
0.44742177099018166
0.43867750084018453
0.48840791859805793
0.5785162693362615
0.4039032224752627
0.3528212983302208
0.5160435319887794
0.3388735753338204
0.4065835273861851
0.5060950377149053
0.4164032675026972
0.4529419933525116
0.44570356250649057
0.37336894490453754
0.4875925955022134
0.4472006579924379
0.4452649709157052
0.4665150872076428
0.3545302633723568
0.4546937452432893
0.4502183908880182
0.496805217459075
0.5719984100491531
0.4214683132554021
0.5404638554463062
0.5531473109183224
0.42272375414673863
0.5130294988412413
0.45026278971142614
0.4450403520205968
0.311331238729973
0.46813065921898667
0.3781271967311717
0.36370841200772447
0.54443952510591
0.4624229248154195
0.4188778298760011
0.38398496247250347
0.39094692335644493
0.3593618978015031
0.42612105276396484
0.30646440307890316
0.22328833201896567
0.37744552126640785
0.47665182149705976
0.33383031203656
0.3560579224391678
0.4492779510684306
0.4948321149113958
0.511278131031894
0.37841555212598776
0.36690970960101715
0.38786654137924004
0.4436144511880019
0.4015911939588587
0.40539199700952233
0.2467655848579406
0.3805465554698203
0.37121455104592327
0.35659279605640115
0.33660608353041654
0.4825644223055807
0.3989090501260353
0.3431380058937166
0.5208462730261325
0.3802309226103444
0.5581044868583291
0.46130872855878896
0.5668673684094689
0.5483089764881911
0.4316296656204946
0.5014579630254714
0.44776110050666806
0.2840270268136651
0.37774892834632096
0.2730260834124514
0.37139423374345093
0.4863782685000973
0.2849534354715021
0.2559249603036808
0.37827121385904927
0.3479742217812093
0.4860983927795989
0.3026468071222784
0.4256452563227671
0.336485833574211
0.4363154478044772
0.38818615368137166
0.4661432762149258
0.3206561949013247
0.5108359205503707
0.43366014423802457
0.5554080625321861
0.4576528584770285
0.41176793835587455
0.43210605185090145
0.5632716887784344
0.36479922576512147
0.3175213111855349
0.30751525748152725
0.37519542024759867
0.3068942606771705
0.42757682115449663
0.354446970781895
0.4261798946448754
0.16878352144743952
0.38242312643785453
0.4647962469731628
0.38654097315835656
0.38597325754991285
0.31898481140342927
0.35373316083656864
0.414195427076698
0.41043192096290626
0.28583269028443836
0.3232480132573533
0.3393287271211025
0.3536272167870337
0.414258157089503
0.403214717172408
0.3816934201090132
0.4695284398462184
0.37298258292145214
0.4146308948938346
0.5410305153294797
0.38814437838014004
0.369406355511487
0.34789675752856714
0.4578412172113362
0.4890515216124254
0.573738824925832
0.299753099949371
0.3785419100776883
0.45280770484695343
0.43473653429343634
0.4739297733101606
0.39831733652029366
0.47596983117269664
0.3253754148866227
0.31562016406646665
0.35354826311994314
0.4617980981304104
0.4401072434105331
0.5490519836035068
0.49419698835773906
0.4996949581545682
0.36996544524496866
0.3716353048652522
0.3884931976777717
0.4373146165485401
0.35936604091648217
0.40212898641766015
0.3914106336806965
0.36714609362176276
0.3013692450908816
0.4118837970475484
0.4773735213644324
0.3212883735801373
0.5401967476076086
0.3921156795290265
0.5387783483308205
0.4107223263803518
0.4446487323919497
0.3987963512225703
0.48647501938070903
0.3717635602486621
0.4329566312063049
0.3528385531829379
0.4041645448242326
0.4360448383532242
0.46760121873980154
0.5261870893196932
0.4641753800797879
0.4610947474412457
0.40243127785885047
0.46782391800345646
0.46357978938661687
0.545092170914561
0.4453622453187359
0.4324699119738552
0.41050538501373096
0.4163569594274167
0.6273497620236186
0.49131421638725514
0.6125746657920494
0.5191236127734489
0.5292068344503186
0.44226343659350154
0.5750507695959077
0.46104580346955537
0.47850150366217764
0.44630702099583985
0.514167437151697
0.5662261323089208
0.570602366025534
0.6240018274740731
0.4133863503461347
0.5338872102024345
0.44612588659757224
0.6104728231973281
0.4710028593093158
0.41394948804228104
0.4854931302378302
0.6094300557810349
0.6207396670474543
0.5172227565412111
0.4006190274174035
0.5943597299170705
0.40602970730311827
0.49449759727256354
0.46614114673863627
0.6250087014870691
0.5761400297775326
0.5612188780678675
0.539053795811839
0.5069497566023007
0.5066963197428159
0.6518074388223587
0.6070905839483052
0.6408943090763065
0.5412895224409066
0.6813113165613747
0.6116092868316014
0.5260356460634257
0.6620803054150524
0.5222450397504851
0.5430478323060198
0.6506196187949473
0.4736930919014946
0.5834412999359309
0.6754001895794617
0.5178624615612354
0.7404364218816151
0.5113839696972857
0.349297215201152
0.6031420491726416
0.5275632285577414
0.5647014882333186
0.48500704449225585
0.5646695206017482
0.5779549933158307
0.4639540807667206
0.5403657571040194
0.6487780779889112
0.6143595950342323
0.5053272485930245
0.62514784069213
0.5563228607977108
0.5561712099498257
0.5341248797028739
0.6850892885972975
0.65584807187768
0.5389621274906203
0.5967880491151779
0.5921422720891008
0.5059040038560209
0.5657566265586167
0.5447626472947114
0.6193724291311103
0.44914737113909914
0.6246082768341104
0.32901203424415953
0.3824885367834956
0.4400300001210681
0.5063112110664174
0.49822430710727417
0.45633798536150205
0.4091850683436373
0.5226900855197973
0.437961642201997
0.503563617438158
0.4043347891952632
0.39259999816019153
0.5913737021715599
0.38987056510466
0.5190276980585745
0.6137594280909744
0.5106720726606949
0.46406380734237873
0.4979242892006134
0.523228272328796
0.4534528331056391
0.42772449688147307
0.4757621892087164
0.5202588877425531
0.44627050075450914
0.5679023134633365
0.6055188165755367
0.5428492565180836
0.4504846696900142
0.5352166287676279
0.5762903652628735
0.5344705962076466
0.5477872109887709
0.5186581432395222
0.4557296577036447
0.524958035391466
0.5245695202917644
0.5494441219526316
0.5750636428618517
0.5091039632590791
0.5349427681435288
0.5592493943370502
0.4358875803153869
0.5573307897602788
0.2873017872018902
0.49515402416675525
0.5272073978347607
0.34834095424077627
0.428159944308828
0.27277406914655444
0.4085289974210502
0.4480929614160527
0.4288345208051585
0.34375286016553885
