0.4062958602783468
0.24040058701156286
0.38089632150171754
0.36010901643309845
0.3070360754084085
0.3830089180602816
0.3944588688738732
0.4059088196874648
0.4334693350965183
0.39650695866729024
0.3595123288554888
0.24191649599251724
0.4307116708864843
0.3453369672144367
0.3083100840200616
0.25518876292151144
0.3149059007563419
0.3585124739957103
0.3537389733748327
0.4134238578270896
0.21513006176522764
0.3554322759599413
0.3344998306697415
0.31351900530568144
0.4054572723314358
0.30384299053363223
0.4602235159412344
0.31024528697447146
0.3698656646615814
0.4133432243706559
0.4891064200358013
0.3390636843038914
0.20513151316744346
0.29695689335419057
0.34043445306326503
0.31937299424277127
0.31440597332645265
0.2772016965279234
0.22385460175135868
0.3801383670112403
0.31064845425664017
0.32179199793578356
0.26841264977664536
0.39241077908045613
0.41966488735506147
0.350126594526601
0.3612217581318841
0.19492331758293152
0.4801561063716558
0.36218935960908905
0.34099888725830124
0.35206179748101085
0.346981889725685
0.39028205583060527
0.36902707671467055
0.3316776596945604
0.40721508168169135
0.2569143188891935
0.3969423793320325
0.4562886032672677
0.2415133287103485
0.36538244448386525
0.5053298714702705
0.35499685529519914
0.2853295489364447
0.36075408408456844
0.2749439597477786
0.41485913335161034
0.3451757003015692
0.5334548210743603
0.5120869551194183
0.42624457740005484
0.35648051089358
0.4963473044235515
0.3943137286522925
0.5180538308955153
0.4805592736538245
0.49139641019851965
0.3732038897579384
0.49691173861858773
0.45933654792046325
0.5507910142076151
0.5777064619651987
0.44337112354658204
0.6637907400538633
0.4971858923704624
0.6047186698705028
0.7283781386572918
0.52948765501782
0.6692093083262107
0.7122030672966829
0.7713396442451903
0.5885435985098938
0.583141156928833
0.6905933009724395
0.7013014239868406
0.6152493992807496
0.6742892160815366
0.5882210646841588
0.5989130610072733
0.8192036639842605
0.7653727684690933
0.6953668015933172
0.706026544533858
0.7489074166653228
0.7756777242013256
0.5927687916270219
0.6195390991630249
0.5495008789046751
0.5116999145285362
0.7964811559612315
0.5490170781660728
0.5112161137899338
0.6991727007369898
0.6291344804786403
0.6074279540066765
0.5534680449612154
0.628505539518457
0.4777854827525037
0.53668015933171
0.4343724298085762
0.42876034124078766
0.4392588172684611
0.5304068764211647
0.5086519698753408
0.6159105936235063
0.561837797739038
0.5078133819284298
0.48604234869131907
0.48038188004967025
0.49084810269477014
0.6787079294941059
0.4150042735731911
0.5060555725781741
0.6616458901127257
0.6075730942282572
0.3922333854763019
0.5155058136722089
0.5259236562434485
0.48792917157186866
0.5144737054298569
0.5571288038833073
0.551371575093938
0.4972665258268962
0.49149317034624007
0.25997839023367575
0.43158251221596866
0.42579303004402597
0.45228918382815403
0.4948797755164573
0.44069409279298166
0.4349207373123257
0.42911512844909616
0.4394200841813286
0.38526665484042644
0.42782499314615624
0.3897337483268558
0.3355158122208067
0.5393249367027368
0.46896418261865214
0.4308729377993518
0.4411456401490107
0.4837039784547405
0.5584834459513942
0.5686916415359062
0.7240884387750166
0.47631795384540954
0.5026850940992437
0.6580818913383542
0.4102952797174604
0.4850263671402539
0.41463335967359577
0.47323775580964056
0.483413698011579
0.44525794642713157
0.5199729071586383
0.465642084213582
0.5242303536583399
0.4538050928091084
0.4962182908932575
0.53866374235998
0.46817397474560146
0.5428728087858216
0.5046364237449402
0.41806834491767325
0.44432259833250015
0.3093583189537003
0.4484994113757681
0.36191520585721426
0.5816897547130256
0.3015207469883404
0.4729474753664791
0.41855214565627574
0.3480301246593237
0.309761486235869
0.3360318663419826
0.5719169797932558
0.3239852279507814
0.334080536696286
0.34417584544179075
0.499395249076747
0.3643503362415134
0.42280959215597747
0.4973955393571902
0.37846119111741855
0.30790691673789294
0.33409666338757277
0.32804915415504204
0.35423890080472187
0.2836684997339096
0.39049170281733303
0.400506378106404
0.49120288990307864
0.4206163621409795
0.26941250463642374
0.45680465738844367
0.4023448209130933
0.396265058297989
0.32564627715331645
0.2711703139866794
0.28116886258446355
0.291215791256108
0.36570497830960025
0.21446886742247098
0.35348094631424476
0.29900498314760765
0.3896208614878486
0.2706381331742167
0.36125401151445763
0.29058685029592485
0.2844909609895338
0.3912335306165235
0.3689464432582367
0.36283442726055903
0.501830379461046
0.3666564530955184
0.42500282217097524
0.32208227837894504
0.5416955603218889
0.47102839910335603
0.5616281507523102
0.5070876808205261
0.7267332161460432
0.4786240706994147
0.504717057201374
0.6920608298795335
0.6859004338079956
0.7926107500524118
0.5768033672531406
0.5545001532035673
0.7902239997419731
0.7678885323098262
0.6972052444000066
0.8361689432179201
0.7332322727346031
0.7431501878759535
0.8014804302601236
0.7630021448499412
0.724572239513619
0.7667757906110404
0.7766775790611041
0.7221209824380332
0.7320227708880969
1.0
0.7518908545533712
0.9553613185182798
0.8846296505345999
0.8300246738376688
0.6787079294941059
0.6241029527971748
0.7307648889677305
0.660081601057911
0.7022367720814722
0.6153945395023304
0.5930429453788967
0.6351981164024578
0.548355883823316
0.6066861262074861
0.5037010756503089
0.48136560821816193
0.3783805576609848
0.4366785466625813
0.6401006305536294
0.3274847199600059
0.6437936428582949
0.5246496476317954
0.47006079762615116
0.4477253301940042
0.3125030237546163
0.3385476301827155
0.3323388540373172
0.5518553758325405
0.41663306939315264
0.4265671112257899
0.5009434114402749
0.38186392297892247
0.5369220597010113
0.3049073521585577
0.3793481591381897
0.2118402167427309
0.4636585011853118
0.24778661162089377
0.4351142576077666
0.4933799932267897
0.5194568530374624
0.4809624409359932
0.6037510683932978
0.4685610153364835
0.47846280378654715
0.3270976793691239
0.48213968939992585
0.5243432404973473
0.3891209340579594
0.5441629440887614
0.5057007853698657
0.6123788482317084
0.4610298505055718
0.5193439661984551
0.561515263913303
0.5553226144591915
0.5813672208872905
0.6074279540066765
0.42384170039832925
0.449918560209002
0.5727394410488801
0.5020561531390605
0.3668499733909594
0.48968698092212426
0.4512248222032286
0.6385685948813883
0.5840119982583174
0.38433130674579496
0.5716428260413811
0.42034220838910485
0.5754648518763406
0.4079891628634553
0.45022496734345024
0.5569191568965796
0.6475350352368205
0.6574852037607445
0.7964811559612315
0.6451644116176685
0.6390040155461305
0.7135093292909095
0.5944620942121305
0.8302343208243965
0.7273299037236532
0.5760292860713768
0.8117853859923561
0.7411827315389703
0.6705316970117241
0.7127675014917191
0.6582592849425085
0.5553709945330517
0.6943830734248255
0.7527778225741425
0.6498895321646858
0.7244109726007516
0.46028802270638136
0.5831895370026933
0.7867406344240353
0.5709977583899112
0.5487913044880582
0.5749649244464513
0.520505087971101
0.6756438581496236
0.8469738263800417
0.6473898950152398
0.5606928026576788
0.6836104436452773
0.6614362431259979
0.5908819687464724
0.8267025754325986
0.48201067586963187
0.6371978261220146
0.6795626441323034
0.8670193036494704
0.5868502959247852
0.5162960215452597
0.5425502749600865
0.3913625441468174
0.48213968939992585
0.363221467851441
0.5668531987292168
0.5124901224015869
0.5064909932429164
0.43596897224596437
0.4622232256607912
0.5369059330097244
0.41803609153509974
0.5410666193617056
0.5512264348723572
0.5130061765227629
0.5715460658936607
0.4527084778016095
0.49513780257704537
0.5375671273524812
0.6122659613927012
0.47731780870518803
0.6326662258704383
0.7073811866019449
0.6046702897966425
0.5342611556386976
0.6089922430614912
0.4418390878743409
0.7101065974294055
0.526794497572933
0.8595848989662792
0.6924639971617023
0.6059281717170089
0.6968343305004113
0.6748213968939993
0.5399861310454935
0.6147494718508604
0.7701946491638311
0.7804673515134901
0.5650147559225275
0.6398103501104679
0.746907706945766
0.6443096969794708
0.5256172491090004
0.6004773500620878
0.6914318889193505
0.4921221113064233
0.61534615942847
0.6740795690948089
0.5554677546807723
0.5819477817736135
0.6084439355577417
0.23178893386443905
0.5647083487880792
0.4299698430872938
0.27910464609975977
0.45078940153848646
0.42895386153622866
0.47164121337225245
0.25630150462029705
0.3635117482946024
0.48680030318179623
0.400506378106404
0.3142124530310117
0.43758164137463923
0.2545598219613282
0.29726330048863875
0.19489106420035804
0.33441919721330776
0.18363463368220745
0.3876856585334387
0.30142398684061994
0.31197084294215355
0.0
0.36531793771871834
0.31134190198197037
0.2735570642971182
0.17121708139141095
0.34309535712557854
0.2891677014626909
0.28362011966004935
0.14911383831379316
0.3532390459449435
0.3638504088116241
0.34222451579609414
0.22383847506007196
0.23451434469189958
0.4709477656469223
0.3042139044332275
0.25036688222677356
0.3578190262703802
0.23949749229950493
0.4598364753503524
0.24477092035027176
0.3361286264897032
0.2017287813059395
0.002814752697189118
0.368349755680627
0.3791062587688885
0.29308648744537086
0.32000193520295445
0.33079069167378927
0.14806882871841184
0.3362415133287104
0.33093583189537007
0.3417729684400652
0.38483123417568427
0.2505442758309278
0.35812543340482833
0.1109806640971472
0.2831040655388734
0.2617361995839314
0.25647889822445136
0.38029963392410776
0.37505845925591447
0.4827202502862489
0.41303681723620767
0.5046041703623668
0.3381444629005468
0.4620135786740635
0.3762195810285604
0.37105903981680083
0.4626747730168202
0.4575464851876341
0.3234046670644585
0.26992855875759975
0.4261316905610476
0.3404021996806916
0.577238787917883
0.41090809398635686
0.22845070876808204
0.36852714928478125
0.6860294473382896
0.48749375090712643
0.45022496734345024
0.42911512844909616
0.5370188198487317
0.45136996242480937
0.46254575948652615
0.4092147914012482
0.468786789014498
0.43158251221596866
0.5073134544985406
0.260478317663565
0.36847876921092104
0.3151961811995034
0.39095937686464877
0.5312293376767889
0.381251108710026
0.39252366591946336
0.48446193294521767
0.39900659581673625
0.4264380976954959
0.486171362221613
0.4007482784757052
0.3475785773032947
0.37509071263848803
0.2896998822751537
0.5107323130513314
0.3608669709235756
0.5174248899353321
0.2063087616313761
0.2822493509006757
0.27757261042751863
0.3857827089616023
0.3005047654372753
0.27973358705994295
0.22672515280039998
0.20598622780564113
0.3626570336564048
0.3580770533309681
0.3212436904320341
0.36502765727555686
0.4411295134577239
0.4043284039413634
0.20629263494008937
0.3307745649825026
0.2133883791062588
0.4668999661339483
0.3495621603315648
0.44187134125691435
0.22774113435146515
0.33620925994613693
0.4446612588495219
0.3434985244077473
0.4197132674289217
0.36693060684739315
0.44320985663371454
0.4388395232950056
0.3861052427873373
0.25276975922849915
0.26457449725039917
0.3086326178457966
0.5301004692867165
0.18718250576529216
0.5376961408827751
0.3237917076553404
0.2872970052734281
0.23467561160476708
0.3917334580464127
0.35527100904707387
0.36722088729055463
0.2985373091002919
0.5040236094760439
0.7901594929768261
0.6086374558531826
0.9109000306407135
0.8100275766421005
0.7253140673128096
0.5438404102630264
0.5720137399409764
0.39057233627376675
0.5961876501798127
0.46314244706413593
0.34625618861778135
0.5035236820461547
0.4672870067248303
0.38268638423454665
0.4754954925897854
0.29415084907029626
0.6611459626828364
0.30243996839168513
0.23404667064458387
0.5043138899192053
0.5165701752971343
0.480462513506104
0.5088777435533552
0.11800867615991228
0.5334870744569337
0.5296973020045477
0.5420342208389105
0.5705139576513086
0.4216323436920447
0.5630311728942574
0.33353222919253656
0.4427099292038253
0.4551436081859086
0.3869599574255351
0.43166314567240244
0.39576513086809983
0.35986711606379723
0.3723814285023142
0.4171491235143286
0.3329194149236402
0.5067490203035044
0.4548049476688868
0.4996371494460482
0.39934525633375806
0.5893338063829445
0.3278072537857408
0.5017174926220388
0.2563498846941573
0.4464029415084907
0.7009950168523925
0.6169265751745715
0.4522569304455805
0.4166008160105792
0.5422277411343516
0.5550000806334565
0.48713896369881793
0.3870405908819688
0.6256188617781291
0.3481591381896177
0.45775613217436184
0.42222903126965444
0.4350981309164799
0.4318405392765567
0.6060088051734427
0.44153268073989266
0.6479865825928495
0.4190198197035915
0.7061394313728653
0.5578383782999243
0.4256962698963054
0.2613007789191892
0.4033446757728717
0.400248351045816
0.558435065877534
0.4263735909303489
0.3426921898434099
0.6299408150429776
0.5462916673386122
0.39815188117853867
0.7499717782902483
0.4405973326452612
0.5989130610072733
0.5637246206195875
0.3511587027689529
0.49339611991807647
0.2969891467367641
0.552145656275702
0.33964424519021436
0.43356609524423884
0.5919947104452581
0.49242851844087154
0.4090051444145205
0.39010466222645107
0.43572707187666315
0.4491122256446645
0.6076376009934042
0.25014110854875904
0.48934832040510257
0.6801915850924867
0.4678675676111532
0.33620925994613693
0.4625941395603864
0.5244722540276412
0.3767356351497364
0.5515489686980923
0.3877017852247255
0.46578722443516274
0.6245061200793434
0.38008998693738016
0.329210275927688
0.4718508603589802
0.662903772033092
0.43466271025173775
0.31934074086019776
0.736199583931365
0.5080230289151575
0.4894934606266833
0.3419826154267929
0.2751052266606461
0.7888209776000258
0.46394878162847336
0.47776935606121695
0.42708316534696583
0.6344562886032673
0.5031688948378462
0.4364205196019933
0.5793191310938736
0.48033349997581004
0.4297601961005661
0.3791868922253222
0.47378606331339007
0.40711832153397093
0.630747149607315
0.5641277879017563
0.5620151913431922
0.39865180860842786
0.4449676659839701
0.3138899192052767
0.6827557290070796
0.5355996710154978
0.5335838346046542
0.4993307423116
0.3844764469673757
0.49539582963763334
0.5740779564256802
0.4431292231772808
0.6186037510683934
0.34256317631311584
0.5019432663000533
0.6613394829782773
0.6111048396200552
0.48025286651937626
0.5590640068377172
0.7830314954280831
0.6038478285410184
0.5698205099259785
0.6003160831492204
0.6953345482107436
0.7258785015078457
0.6273927978196715
0.4483058910803271
0.5756422454804948
0.3320808269767292
0.5239561999064652
0.5223274040865037
0.5045880436710801
0.6642422874098921
0.4691415762228064
0.6610975826089762
0.6434227289586997
0.7225080230289153
0.6403586576142173
0.6549694399200118
0.4115854150204003
0.5713686722895064
0.521537196213453
0.5200857939976455
0.66380686674515
0.823654630779403
0.6448580044832202
0.5144575787385702
0.7872566885452112
0.39886145559515557
0.7200567659533295
0.7348610685545648
0.47552774597235886
0.36135077166217805
0.45682078407973037
0.5200696673063588
0.6800948249447661
0.5821090486864811
0.5486300375751908
0.49905658855972523
0.5462432872647519
0.30318179619087554
0.5923011175797063
0.4137625183441113
0.7029140931155156
0.5727878211227403
0.2975374542405135
0.5544840265122806
0.24701253043912982
0.35885113451273204
0.6319566514538213
0.32453353545453084
0.42027770162395783
0.4192939734554662
0.5150703930074667
0.4818494089567644
0.14224225515650954
0.43158251221596866
0.4467899820993727
0.4781402699608122
0.3482236449547647
0.46023964263252115
0.3626086535825445
0.29726330048863875
0.31255140382847657
0.47299585544033934
0.32704929929526366
0.3423696560176749
0.6157493267106388
0.3569481849408957
0.3400796658549566
0.452224677063007
0.32248544566111376
0.5152961666854813
0.38558918866616143
0.5622893450950669
0.49712138560531544
0.3674466609685691
0.5119418148978375
0.44680610879065946
0.47844667709526045
0.38108984179715855
0.5095066845135384
0.4766727410537181
0.4116015417116871
0.4271799254946863
0.3460142882484801
0.5551290941637506
0.4901224015868665
0.4734957828702286
0.3601251431243852
0.3596413423857827
0.35918979502975384
0.45549839539421705
0.4550629747294749
0.21274331145478884
0.30910029189311233
0.5344708026254253
0.501830379461046
0.3079391701204664
0.27533100033866054
0.32335628699059815
0.32301762647357646
0.2581883275008467
0.24175522907964975
0.30595558709219633
0.3701720717960297
0.41827799190440096
0.32125981712332086
0.4338886290699738
0.25625312454643684
0.5785611766033963
0.5299553290651356
0.27171862149042886
0.27152510119498785
0.5132480768920641
0.4485639181409151
0.2387556645003145
0.36760792788143665
0.4480962440935993
0.41571384798980804
0.36722088729055463
0.39936138302504476
0.3508845490170783
0.36693060684739315
0.41523004725120555
0.28615201019206893
0.3505942685739167
0.3182925059265591
0.4472737828379752
0.5440178038671807
0.39886145559515557
0.5117321679111098
0.36659194633037145
0.544001677175894
0.3988937089777291
0.3182925059265591
0.3667048331693787
0.25386637423599806
0.4474511764421294
0.4313889919205277
0.46372300795045884
0.479946459384928
0.44778983695915114
0.41563321453337426
0.335112644938638
0.5126352626231677
0.35149736328597464
0.6419068199777452
0.36791433501588483
0.46481962295795776
0.5456143463045687
0.5941718137689691
0.5137157509393798
0.48165588866132336
0.3367091873760261
0.32077601638471837
0.24036833362898935
0.49860504120369636
0.49883081488171077
0.4506765146994791
0.40253834120853427
0.4189230595558709
0.49979841635891564
0.4194229869857602
0.3390636843038914
0.5006047509232531
0.3396119918076409
0.33990227225080233
0.4046993178409586
0.5017497460046123
0.42142269670531696
0.47012530439129807
0.3575448725185054
0.39012078891773777
0.39044332274347276
0.4875421309809867
0.45562740892451103
0.6011062910222711
0.4885742392233386
0.5695624828653907
0.39252366591946336
0.3767517618410231
0.36099598445386966
0.409746972213711
0.3778645035398087
0.6040252221451725
0.3141318195745779
0.5725459207534391
0.23427244432259836
0.3475463239207212
0.31569610862939257
0.47736618877904824
0.5906561950684578
0.4297924494831396
0.6237320388975794
0.2048573594155687
0.31816349239626507
0.43146962537696143
0.3351287716299247
0.36780144817687754
0.4488541985840766
0.43316292796207007
0.4013449660533148
0.2727668564240675
0.5150865196987535
0.3703817187827574
0.4353239045944944
0.32288861294328247
0.45233756390201424
0.2915060716992695
0.5015884790917449
0.43753326130077896
0.4218419906787725
0.5029269944685449
0.48723572384653846
0.5037978357980294
0.48812269186730967
0.3595445822380623
0.37610669418955317
0.34430485897208474
0.45762711864406785
0.49031592188230744
0.31335773839281394
0.5556935283587867
0.3464819622957958
0.3630440742472867
0.5731264816397621
0.38004160686351984
0.5901078875647084
0.2357399732296925
0.41356899804867037
0.41398829202212584
0.5111516070247868
0.3825573707042526
0.6571304165524361
0.3995065232466256
0.39990969052879427
0.6099598445386961
0.8038833072618492
0.6107500524117467
0.6917705494363722
0.5953974423067621
0.5635149736328599
0.41876179264300345
0.6287796932703318
0.4517408763244045
0.5972520118047381
0.5492267251528004
0.46893192923607874
0.6305536293118742
0.40511861181441405
0.3086809979196568
0.4541437533261301
0.48671966972536246
0.470899385573062
0.6647260881484945
0.5037655824154559
0.4072957151381252
0.47207663403699474
0.4078440226418746
0.5532583979744875
0.19872921672660424
0.48926768694866885
0.5056362786047187
0.2639616829815027
