0.38043203865988684
0.3724981066753219
0.1842114753507159
0.24836813444408384
0.5108009664971691
0.41265462151538107
0.3144902448699917
0.3064841862310217
0.20830177792203108
0.36254462836741314
0.3183670525442677
0.31030689891449387
0.53665837210141
0.3662952143964802
0.3040318799812471
0.40412564463197376
0.41397093295827475
0.29766670272999385
0.48786469039633595
0.38950196545133253
0.2911753038335317
0.2829528652313463
0.36492480796278265
0.48288795124238165
0.4386202171012298
0.4664070107108082
0.31385913664394677
0.2875870027768762
0.42352771466695527
0.415197086083162
0.46103357495762565
0.4887482419127989
0.13778895740921057
0.2556348948754012
0.4817339247718994
0.2750009015831801
0.32069313714883335
0.4024486999170544
0.12354935266327671
0.4757474124562732
0.3050236214793177
0.1703469292076887
0.34220491182516494
0.33373002993256157
0.28917378917378916
0.5150925024342746
0.25413826679649465
0.3177539759818241
0.36331998990226844
0.33666919109957083
0.34615384615384615
0.4457968192145408
0.3831187565364781
0.41059901186483466
0.47407046774135386
0.3212160553932706
0.27655162465289046
0.4121136716073425
0.4215081683436114
0.3767355476216236
0.47627033070071045
0.3053301597605395
0.38674312092033614
0.28783944606729417
0.4234014930217462
0.3605250820440694
0.4600057701323524
0.3971113274910744
0.4064156659093368
0.523819827617296
0.47893901691370044
0.45214396480219265
0.49740344044141516
0.3262649212016301
0.5157416423239207
0.4527750730282376
0.5341339391972304
0.5973709834469328
0.5704316780266148
0.45333405459987736
0.5886616899275128
0.5797360164448772
0.6789822929063436
0.7061019149626745
0.4807602149374301
0.724241768545566
0.552977027660572
0.5620108911248153
0.6431714089941939
0.39968985538605795
0.6611489776046737
0.7422914638104512
0.8053842547513433
0.5438890692055249
0.6249233654296945
0.6699484294421004
0.6969418298532222
0.7779580944137906
0.6246168271484728
0.7056691550362436
0.8227126834721773
0.7234483753471096
0.7142522269104548
0.6510151826607523
0.6598326661617802
0.8129575534638827
0.6414403692884706
0.668343611381586
0.6590933679541274
0.7940784016733384
0.7668505896353998
0.847740632550759
0.6942010169858271
0.7209600057701324
0.6576328032024235
0.522106819575174
0.5849111038984457
0.5214937430127303
0.6203433228749684
0.48478127592051645
0.6918749323812615
0.6464531717696275
0.619045043095676
0.5916369144217246
0.47405243607775255
0.5908795845504706
0.5814129611597966
0.4457787875509394
0.4543798910887519
0.5170759854304158
0.5256770889682283
0.5162284972411555
0.3985899239063796
0.6054311370767067
0.5959645136860328
0.7307511991056295
0.5229182444372318
0.6756284034765048
0.5399221032132425
0.6745825669876303
0.502794907858199
0.5834325074831405
0.4475999855746691
0.564282880738577
0.6989253128493634
0.563146885931696
0.5535179775686104
0.6340293555483429
0.3900429153593711
0.45250459807421833
0.44285765804753147
0.32505679974034407
0.3514551552526236
0.2876771610948826
0.6386815247574742
0.3044105449168741
0.24061451909553178
0.48333874283241374
0.437556348948754
0.39177395506509427
0.40006852032168483
0.4985214035846947
0.47080673662952144
0.42498827941865924
0.595477658768798
0.5316095062930506
0.5398680082224386
0.4579681921454074
0.5383353168163295
0.6006707778859678
0.48267157127916627
0.6712106458941903
0.5892747664899564
0.5252984240326012
0.5515344945724693
0.5236575426448844
0.6039164773341988
0.5940711890078979
0.656334523423131
0.6283674131775397
0.4923004796422518
0.6085686465433301
0.6888456128962458
0.6428288073857694
0.3805041653142919
0.604944282159472
0.4147282628295287
0.4768834072631541
0.25058602906704175
0.5110714414511883
0.23060694579681926
0.455083125969202
0.4631072162717733
0.2547513433589383
0.2627754336615096
0.45117025496772334
0.5673662952143965
0.37700602257564286
0.34894875401204517
0.2848101265822785
0.5993184031158714
0.3728948032745501
0.5070864437953045
0.47899311190450433
0.46891341195138664
0.3686753939918497
0.10615961628619858
0.3665476576868982
0.39253128493634826
0.3463702261170616
0.44446247610804573
0.4883695769771719
0.5864618269681561
0.5402827364852681
0.3137870099895417
0.4478524288650871
0.257401997908327
0.2652998665656893
0.32722059937249814
0.262991813624725
0.34292617836921635
0.3147426881604097
0.3405820621010494
0.2583035810883912
0.46445959104186957
0.4001947419668939
0.44404774784521617
0.43387788957409207
0.47773089545241443
0.30518590645172927
0.4933463161311263
0.5912762811496989
0.5810162645605684
0.5527967110245591
0.4343286811641242
0.5322406145190955
0.5039309026650799
0.31333621839950954
0.393216488153197
0.5632370442497026
0.516895668794403
0.5787262432832053
0.5865339536225612
0.5581160517869378
0.4937249810667532
0.3932525514803996
0.689494752785892
0.5349273323956868
0.9032781564427134
0.6044574272422374
0.576093620397418
0.6197843413033287
0.7356918749323812
0.8696130404991164
0.6609325976414585
0.9931299361679109
0.9467344657218075
0.8641855097551301
0.6374734032961882
0.807457896065491
0.8330989217065167
0.8948754012045151
0.8123264452378376
0.8019762703307008
0.8456489595730103
0.835280753002272
0.9150167694471492
0.9947347542284252
0.8401312705110173
0.7395326192794548
0.6930289588517436
0.899058747160013
0.5460168055104764
0.7519384038371381
0.7234664070107109
0.6048360921778644
0.4501424501424502
0.565995888780699
0.591600851094522
0.545097190666811
0.5166071621767824
0.27175520213494897
0.29736016444877206
0.4491867719715821
0.6551083702982436
0.4642612427422554
0.47185257311839596
0.4613942082296513
0.36077752533448737
0.2962241696418912
0.5382090951711206
0.5457102672292545
0.5893468931443615
0.3264452378376429
0.4060730643009124
0.41364636301345165
0.6375996249413971
0.5188791517905442
0.7969274045223413
0.47984060009376467
0.2710339355908976
0.603105052472141
0.394298387969274
0.6181795232428144
0.3552778679360958
0.5070323488045008
0.42437520285621555
0.5581701467777417
0.36732301922175337
0.428919182083739
0.49051534494572474
0.29975837570774283
0.5056078473799993
0.567204010241985
0.5386418550975514
0.5100796999531177
0.22909228605431137
0.5611634029355548
0.40639763424573555
0.3778354791013019
0.4755130008294565
0.6813805041653144
0.7249630350896173
0.5701972663997981
0.505589815716398
0.675393991849688
0.5747232139637203
0.5642107540841718
0.4995311767463667
0.4529734213278517
0.5506509430560064
0.6844098236503299
0.5656532871722746
0.5912221861588951
0.5446644307403801
0.7324461754841501
0.7940784016733384
0.6753218651952829
0.664845468642937
0.5100436366259151
0.6618522124851238
0.5611273396083523
0.5866421436041689
0.738468751126979
0.836110209527931
0.645335208626348
0.7610083306285838
0.7685095026867178
0.7219156839410005
0.675393991849688
0.610786541166288
0.7805726856359767
0.6799019077500089
0.6693894478704606
0.38840203397165424
0.594269537307512
0.6378700998954163
0.6453893036171517
0.5988315481986368
0.7506220923942443
0.776209023044466
0.765714594828519
0.8273648526813083
0.8349201197302464
0.752317068772765
0.9942118359839879
0.7673735078798369
0.7028201521872408
0.7464567781023477
0.7719896137617658
0.689422626131487
0.6429189657037758
0.5783115150203757
0.7842511450106388
0.6655667351869884
0.7993977424357172
0.3741750513902412
0.4719607631000036
0.389339680478921
0.3068087561758448
0.3864906776299182
0.6285477298135527
0.5098993833171049
0.46337769122579253
0.5251361390601897
0.5687727649752967
0.5583324317501533
0.5479101301886112
0.3391936240037506
0.3107396588409247
0.2101770709365646
0.47022972339428043
0.4598254534963395
0.4494211835983988
0.7095098993833171
0.3565220527245844
0.4903891233005157
0.6242742255400484
0.6499693461718778
0.585506148797288
0.6653142918965703
0.4204803635183383
0.9691117602510008
0.7063363265894911
0.7501172058134083
0.5414367629557503
0.5851455155252624
0.6830213855530312
0.5104403332251434
0.8607053986800823
0.6881423780157958
0.5154891990335029
0.667514154855927
0.5850373255436547
0.6469219950232608
0.6726531789822929
0.7165061848606152
0.6881604096793971
0.6599047928161853
0.7217533989685889
0.675393991849688
0.5389664250423745
0.6549280536622308
0.7167946914782357
0.47212304807241523
0.4077860723430344
0.686122831692452
0.5677088968228209
0.6115979660283458
0.4030257131522954
0.2665981463449818
0.2924735836128241
0.40850733888708574
0.4344008078185293
0.5504525947563922
0.6304590861552887
0.2957373147246565
0.6642684554076959
0.5278408886003824
0.3734537848461899
0.36333802156586964
0.317176962746583
0.4873958671427026
0.29692740452234123
0.4311010133794944
0.042374409463017064
0.4109055501460565
0.32873525911500595
0.26454253669443545
0.14631793429261783
0.2084279995672401
0.0
0.09812110065274623
0.3045187348984817
0.36658372101410075
0.3385985791049082
0.04005914385661221
0.19232572397129358
0.20042194092827006
0.2805907172995781
0.5591077932850085
0.242598002091673
0.35884813732915
0.2407768040679433
0.19477803022106818
0.527444192001154
0.46343178621659636
0.20107108081791628
0.5518049695264885
0.2714486638537272
0.5140106026181975
0.21564066500775364
0.15169497637852067
0.2139817519564355
0.059897580150744714
0.4648021926502939
0.292653900248837
0.44512964766129326
0.237008186375275
0.245266688304663
0.18134444083811174
0.13553139312632984
0.1618594251505644
0.2602510007573299
0.268581629341123
0.25880846766922716
0.26715712791662155
0.3295466839770637
0.5001983482996141
0.3462259728082513
0.19234375563489486
0.2728010386238235
0.31721302607378554
0.253525190234051
0.6045115222330412
0.30635796458581266
0.4771178188899708
0.23309531537379638
0.4038010746871507
0.4663529157200044
0.45677810234772254
0.3029680118287713
0.22128457571495547
0.33803959753326845
0.32851887915179057
0.46326950124418476
0.5439431641963288
0.30004688232536336
0.2905081322802842
0.31712286775577914
0.3076923076923077
0.33434310649500526
0.5413105413105413
0.31553608135886624
0.34215081683436116
0.2786973926214433
0.4676872588264993
0.6026001658913053
0.6292870280212053
0.3495077355836849
0.34014930217461864
0.384957986223809
0.4657939341483645
0.2581953911067835
0.44723935230264344
0.5101518266075228
0.5910418695228822
0.41957878033827406
0.5906451729236539
0.7437159652349525
0.33787731256085685
0.3827761549280537
0.5539146741678388
0.47270006130765624
0.49962133506437306
0.27411735006671717
0.3371199826896029
0.3821270150384074
0.427134047387212
0.5623354610696383
0.37296692992895525
0.5622813660788345
0.4450755526704894
0.18363446211547477
0.4992246384651448
0.327977929243752
0.42720617404161704
0.3281221825525623
0.13888708572252875
0.3102347722600887
0.4636481661798118
0.43674492408669624
0.5000180316636013
0.3829384399004652
0.44624761080457287
0.29314075516607163
0.5187709618089364
0.5821342277038479
0.23071513577842692
0.4924627646146634
0.19517472682029646
0.3848317645786
0.3400411121930109
0.5476937502253959
0.268581629341123
0.2959536946878719
0.5758051137797974
0.13444769014389268
0.3241732482238811
0.5139024126365899
0.5954596271051968
0.20828374625842977
0.2718453604529554
0.3534747015759674
0.3269140610912763
0.3003894839337878
0.3640232247827184
0.5899780013704065
0.3831728515272819
0.6452270186447402
0.5646795773378052
0.7185798261747629
0.43973818024450934
0.7558873381658192
1.0
0.4146741678387248
0.49650185726135093
0.43411230120090877
0.38979047206895306
0.4716722564823831
0.7519564355007393
0.5814490244869992
0.4650546359407119
0.40277326986187745
0.6830935122074363
0.3503912871001479
0.4684806520249558
0.4964297306069458
0.4162068592448339
0.5704136463630135
0.4902268383281041
0.48218471636193155
0.3659706444516571
0.41207760828013995
0.2958995996970681
0.5584045584045585
0.6586606080276967
0.2720617404161708
0.44446247610804573
0.40051931191171697
0.2844494933102528
0.4749540192578167
0.4851599408561434
0.549478884921923
0.36137257023332975
0.22736124634858815
0.5081142486205777
0.5364419921381947
0.4025027949078582
0.23253633380215658
0.45926647192469977
0.3975260557539039
0.6603555844062173
0.45439792275235313
0.3025532835659418
0.3490749756572542
0.3234880450070324
0.279887482419128
0.5428432327166505
0.10259655955858488
0.5639583107937538
0.21389159363842908
0.4769375022539579
0.3613365069061272
0.696545133253994
0.6170435284359335
0.33922968733095316
0.5663024270619207
0.3065563128854268
0.46155649320206277
0.4001947419668939
0.5552490172743338
0.656208301777922
0.6490136680010098
0.5155973890151105
0.4904251866277183
0.6636012838544484
0.5482887951242381
0.7215189873417722
0.6603375527426161
0.4549569043239929
0.9347794727541563
0.35075192037217356
0.48802697536874756
0.354845108009665
0.3479029175231707
0.431137076706697
0.5504706264199936
0.6337408489307224
0.5908254895596667
0.6200728479209493
0.3427819250604061
0.1376447041004003
0.689873417721519
0.4306862851166649
0.4419921381946698
0.5074290454037289
0.5548523206751055
0.6383569548126511
0.5055176890619929
0.4628547729813553
0.3841465613617513
0.34151970860831626
0.4251505643910708
0.36454614302715566
0.538371380143532
0.17126834721771433
0.7057773450178514
0.3928197915539688
0.548721555050669
0.47021169173067906
0.49994590500919617
0.45755346388257784
0.5954956904323992
0.4269356990875978
0.763298351905947
0.5947744238883479
0.7869198312236289
0.6364816617981175
0.5582062101049442
0.7504237440946302
0.6902160193299434
0.5939810306898915
0.4617007465108731
0.5818817844134301
0.6840491903783044
0.4617007465108731
0.5458905838652675
0.6481301164845469
0.7323920804933463
0.3297991272674817
0.5403187998124707
0.6426665224133579
0.546683977063724
0.4507555267048938
0.7515236755743085
0.5113599480688089
0.6859785783836417
0.6081539182805005
0.5123336579032782
0.4345630927909409
0.7354935266327672
0.5315554113022467
0.6161419452558694
0.6827328789354106
0.6231201990695661
0.7618918821450468
0.6302066428648708
0.46247610804572836
0.47509827256662707
0.2353132099967543
0.6266544051354178
0.49509538750045073
0.670110714414512
0.8090807457896065
0.4612138915936385
0.6182696815608208
0.43274189476721125
0.2472501713008042
0.6027263875365142
0.4894154134660464
0.3220274802553284
0.5694038732013417
0.582386670994266
0.8117854953297992
0.9871073605250821
0.7477189945544376
0.5985250099174151
0.6296656929568323
0.769032420931155
0.619928594612139
0.6150961087669947
0.7184716361931551
0.677611886472646
0.6007429045403729
0.5058602906704173
0.7175339896858884
0.6227054708067367
0.5098633199899023
0.6314688593169606
0.8973457391178911
0.7124670922139277
0.8882397489992426
0.7575101878899347
0.7890836308557828
0.42399653792058856
0.7260990298964983
0.595477658768798
0.6091276281149699
0.6949403151934798
0.888961015543294
0.6863211799920661
0.5558440621731762
0.6237332756320099
0.6555771935518772
0.6513938475963793
0.4308666017526777
0.49886400519311913
0.819340762378737
0.5988856431894407
0.7030185004868549
0.5367304987558152
0.22618918821450468
0.6189368531140683
0.4707526416387176
0.9536946878719031
0.8055645713873562
0.5853438638248765
0.5995528147426882
0.37938620217101227
0.7182191929027372
0.5702333297270007
0.4402971618161492
0.5087453568466227
0.43297630639402784
0.8260485412384148
0.5159039272963324
0.5123516895668795
0.18422950701431715
0.45120631829492597
0.6460745068340005
0.6967074182264057
0.20644451657109888
0.7800497673915395
0.7947095098993834
0.4127087165061849
0.48153557647228534
0.3700638320891486
0.2405964874319305
0.5078437736665585
0.3784305240001442
0.4293699736737711
0.39016913700458006
0.18870135958743553
0.36595261278805585
0.5251902340509935
0.41397093295827475
0.5371993220094485
0.4080204839698511
0.7837462584298028
0.43824155216560284
0.43537451765299867
0.3423671967975766
0.5379025568898986
0.5531393126329835
0.7667604313173935
0.49356269609434167
0.7973962277759746
0.5603159147462945
0.5396516282592232
0.5190053734357533
0.4983951819394858
0.8204046305312129
0.3670886075949367
0.4186952288218111
0.4162248909084353
0.4859172707273973
0.6818493274189477
0.7335641386274298
0.46074506834000506
0.22402538858235063
0.5102419849255292
0.2194814093548271
0.8122903819106352
0.5396155649320206
0.19485015687547333
0.3189260341159076
0.3348479930758412
0.4770096289083631
0.4569223556565329
0.3647444913267698
0.5070143171408995
0.25260557539038553
0.46705615060045436
0.4290814670561506
0.40917451044033315
0.6056835803671248
0.6218940459446789
0.6381405748494356
0.2577265678531501
0.25599552814742693
0.34445886977532547
0.23460997511630421
0.3411590753362906
0.33955425727577626
0.13963179342926177
0.42659309747917346
0.3529517833315302
0.4776768004616106
0.36802625410220347
0.22234844386743122
0.5635616141945257
0.5621912077608281
0.41660355584406217
0.1448158967146309
0.3779436690829096
0.3045728298892856
0.5016949763785207
0.5726315409859714
0.6255725053193408
0.08349742147210502
0.6774496015002345
0.5140827292726027
0.2786432976306394
0.31369685167153527
0.16845721086227416
0.34783079086876556
0.7436077752533449
0.4181362472501713
0.2369540913844711
0.32628295286523135
0.19926791445778785
0.23455588012550038
0.2157849183165639
0.48555663745537164
0.32258646182696815
0.5022539579501605
0.699971149338238
0.4469328140214216
0.3742471780446464
0.44583288254174336
0.1568285910058062
0.2825742002957193
0.35426809477442395
0.5882649933282845
0.4616466515200692
0.6416206859244834
0.46097947996682176
0.5147679324894515
0.40630747592772914
0.5142630459086155
0.6583180064192723
0.5138843809729886
0.676025100075733
0.6398355512279563
0.6036820657073821
0.4593746619063075
0.36918028057268565
0.4593385985791049
0.4593746619063075
0.5676187385048145
0.42345558801255007
0.5137401276641783
0.6040426989794079
0.5140646976090014
0.4781997187060478
0.6046557755418516
0.8393378773125609
0.2806448122903819
0.44325435464675966
0.44361498791878534
0.6062786252659671
0.7329149987377835
0.31861949583468574
0.48137329149987373
0.572036496087129
0.28405279671102457
0.6813083775109091
0.5736954091384471
0.44808684049190384
0.5028309711854015
0.64775145154892
0.5402647048216669
0.5410040030293195
0.3975080240903026
0.6687763713080169
0.47123949655595226
0.36389700313750944
0.23854087778138414
0.5820440693858416
0.24038010746871505
0.25936744924086697
0.44067582675177613
0.4236539363121642
0.38863644559847094
0.19137004580042555
0.6612932309134841
0.6083342349165133
0.3390133073677377
0.32217173356413864
0.6118864726459663
0.5049406758267518
0.6865375599552814
0.4173608857153161
0.47279021962566264
0.7987125392188684
0.295196364816618
0.38677918424753865
0.28003173572793827
0.5519672544989
0.6075588733816583
0.374661906307476
0.24999098416819937
0.4679577337805186
0.5056258790436006
0.29088679721591115
0.5810523278877711
0.3843809729885679
0.6024739442460961
0.3698113887987306
0.42567348263550797
0.35534999459050093
0.41126618341808224
0.30493346316131126
0.4330304013848318
0.2546251217137293
0.2745861733203505
0.4748999242670129
0.8555483428901149
0.5149662807890656
0.7333838219914169
0.8255977496483826
0.8457210862274154
0.595405532114393
0.2729813552598363
0.5636517725125321
0.36750333585776623
0.5680875617584479
0.2818168704244654
0.6267085001262217
0.5388402033971655
0.28874102924735834
0.579591763136067
0.3475603159147463
0.47619820404630536
0.33437916982220783
0.46305312128096937
0.5737314724656497
0.4139529012946734
0.8853005878322334
