0.3011110821582529
0.37537941322255275
0.3514803147879838
0.25561479094524847
0.33499646648130466
0.35949369323427477
0.4808245765362222
0.31031635309715483
0.3627068180881772
0.41072136408930865
0.3696787797688109
0.3500823162647175
0.3566589431100018
0.34271197991884955
0.257584433629671
0.39802748581455666
0.2788726747450456
0.3560570868174637
0.2591686988321088
0.39821865087835
0.3122524813065658
0.2969102359046735
0.24057795554656547
0.3433626600974687
0.3057928157132236
0.2511204916169487
0.3090095246578904
0.24391667803161787
0.3977124726973776
0.28242114064709345
0.41269961606469197
0.3239838882453264
0.4498336637005682
0.23899707773310797
0.26936310853202217
0.289630435968689
0.4180949763512481
0.3428419171018797
0.3491738245377773
0.3310379682042206
0.2859021730372476
0.21061247175817155
0.3682556065004
0.3457307387443785
0.23641377268497
0.34167844884292686
0.30867591344025047
0.44660180354313184
0.28274009246882226
0.3003238845548354
0.35621386887188544
0.39341093142735317
0.31286131755769014
0.36527173719041905
0.4316443392046221
0.3126076340673736
0.30876318993741714
0.38689008743150943
0.39085140090423326
0.36208258051680864
0.34429835224189154
0.39443196505781136
0.32725996090016335
0.29541235244303166
0.3063438467460143
0.3255278314906887
0.3734846839299199
0.27878531338605317
0.4854801864498881
0.43135960869231343
0.4260627372349597
0.42647251120720436
0.4813511276484198
0.3220549798980026
0.4454261304505118
0.45491828985867133
0.4701127305522377
0.5192729267652882
0.5112836421770105
0.4880500318692127
0.4233990054925172
0.5990149726696543
0.4540599715851187
0.4042097508725033
0.6063895474819924
0.47014233169315534
0.49833105367013786
0.5797119902828569
0.527189859526267
0.6111371442380289
0.6523934315578428
0.5483874592556242
0.5285221782997673
0.764663366284549
0.6750103154467787
0.6294348159233139
0.5930106217509877
0.6851339000614548
0.6099114188917397
0.7104001602432057
0.5988736074763491
0.5423209264947522
0.6732897572702626
0.7659243241907739
0.5955076396469652
0.6950489829873225
0.7583950294590414
0.6603721514360809
0.5531848756294078
0.7456101862809134
0.5908490696265485
0.6908005037762095
0.6367731647197564
0.5618271323997014
0.49604549786335905
0.5802487283378315
0.5231543760102384
0.36748135201385246
0.5811868636366023
0.4093705327378622
0.4582537316560097
0.475724430721142
0.5158383350827422
0.4325181114333056
0.5044781560543583
0.4647832353754044
0.6073436545692155
0.45161348545617247
0.36430371775562786
0.513891462896355
0.543495421725784
0.5464989090931536
0.44789335355029786
0.49703686237534705
0.5454063036888233
0.4397808328534272
0.5631470708165021
0.3929130479759887
0.6152369218922636
0.4829464238237754
0.5330080992846011
0.44043841899346964
0.6435196948507341
0.45238748183356803
0.3964070502776205
0.40501466763984084
0.41004398312087703
0.3950535865211454
0.5161342893790287
0.3746632545840695
0.39365911659077135
0.43230009053802493
0.5572691396462759
0.4040028031975284
0.30305893157701536
0.45287470873912794
0.4893022802799852
0.6430709594634981
0.47537405334669547
0.28798040567749517
0.48314599784295625
0.4493198812099463
0.4212078206609103
0.5487667674653378
0.4708308216325062
0.4504878766564428
0.46809282059659585
0.5293466171043653
0.5944576333376059
0.5867797398228327
0.46571364068680454
0.4706243017903351
0.6085919963261934
0.5908066711607904
0.4749110616131754
0.4554335023004228
0.5405630792538114
0.5463478543090353
0.454899505443925
0.409583767382119
0.6046673471997821
0.5663466571993757
0.5088771562863232
0.5071941318493755
0.44972026679213173
0.420107362087424
0.5008845696480554
0.5052740624925393
0.5180216077236465
0.4988615034344528
0.2956569914685955
0.4514222673904429
0.4104253032018706
0.3528781540852116
0.5038152626733454
0.5069076245976454
0.34337114943667907
0.3961408285259439
0.37826171621417604
0.41316357636822076
0.3795567634682137
0.3538396156682491
0.34904857178626203
0.4327623634419611
0.37912711017280354
0.4440623269118815
0.40920128441515374
0.3170994429653601
0.43308239184900227
0.3811598758141437
0.4325752788665675
0.3657904479067805
0.3849236012986872
0.37226224404298724
0.29760825107010724
0.36469420959411303
0.35243973036414544
0.2646880678442637
0.39153914492575326
0.3897374661112998
0.24701280463499672
0.38040391345566066
0.3153230914417901
0.3340127247782568
0.22700712581521656
0.35298365253059366
0.3572195946255408
0.3811736541886733
0.22838256723563924
0.3277097692462631
0.26915327644322795
0.3920261478577572
0.2985880644634449
0.29717712473196567
0.3533536703524433
0.33400599177052004
0.5279384603415868
0.46282099629800855
0.43169851914924645
0.4516399130878067
0.534803305109127
0.3859328422919768
0.4765596696612775
0.6080988837831874
0.5346482345841266
0.5475740773743378
0.4746185778425629
0.5996062639585131
0.5078765536543085
0.659955496755413
0.7064607201263252
0.6164188798252789
0.7305220202688418
0.6775700938750767
0.8666905340551879
0.6911624546593211
0.8336023533963766
0.8090065370224331
0.6360664601731787
0.7860009207831107
0.761800207636333
0.8867835296080921
0.962874225364406
0.889905633400057
0.79151446900077
0.8729284817580835
0.8862040574573701
0.784362551358344
0.7723962957766032
0.6819109354201167
0.6184403352057978
0.6575261759128126
0.6381082597816582
0.6601003490650259
0.5460728022292374
0.5409692703832596
0.6284309331908642
0.5493575460595671
0.5037547647804683
0.5139633272086146
0.4574921391998865
0.5253571068952138
0.38027362625430383
0.4808277216358806
0.3419285795150896
0.4406214743939725
0.42342321996296983
0.366940257155675
0.44040309555209756
0.4449416545803533
0.4395225628603807
0.3960910264531592
0.40763336183119714
0.3114810445850041
0.4507645070487458
0.38120088646604555
0.4808485900104127
0.3863767321130024
0.3691828418261911
0.38068417103033
0.34950323113090365
0.40595186145684997
0.5933054657961893
0.4373243470503181
0.4746520802049436
0.4603841505752531
0.4872019381977075
0.4573386323054145
0.4352605809288524
0.4703115072666689
0.3418490266186339
0.4982423794487808
0.39374073810434707
0.41925703066242614
0.3662187277766717
0.5186225365557107
0.54809173113519
0.43792445053505696
0.5750957083931427
0.4727459601942568
0.4075259807159311
0.45487913317338874
0.5139188125561317
0.475801864861527
0.5784873503017021
0.4688195835130462
0.40880978216302577
0.5363624987440119
0.376919263499835
0.3884690095322484
0.5723561332290907
0.5708134466875319
0.5631410977478841
0.5310494018670568
0.5352724010213177
0.6392550173816767
0.5609866580134619
0.48226605030142433
0.7275990304363148
0.6109113483551185
0.7058189899339383
0.5965537370268236
0.6390432314814799
0.6223002719044841
0.6260237572472678
0.7593066688549859
0.5484485119804042
0.7745755360859916
0.7111079823818569
0.5665872536894497
0.6719359208852166
0.6555837003911952
0.7404292806374752
0.6115996105035995
0.5817598542084402
0.6757493291514834
0.6101739349858839
0.6775790774096258
0.6787039367678503
0.5960993469496365
0.7721290834319524
0.6541883231146554
0.8180437936587759
0.5151801475689304
0.7396428512684932
0.6683695399616782
0.746268488974833
0.604399167239451
0.706270730354774
0.5913721160774762
0.5581230242564771
0.5252895387495929
0.4897841431987343
0.5280268302055651
0.6469114500307442
0.359001437017565
0.569465316305946
0.5318887223233304
0.4977288745209302
0.44179367607999986
0.4830623701840717
0.4433617967972333
0.47590656666284836
0.40512519223974774
0.38322466923352544
0.48956478712448426
0.5705542990059129
0.4409194348355678
0.44744830590858253
0.522760403735745
0.44550704465985574
0.5243769412812529
0.43536928672547437
0.45051026079825884
0.5228199011253137
0.5616061546277047
0.5087615190550483
0.6164838267241732
0.4393913070890149
0.6277287851957833
0.606766931912287
0.5622232036095969
0.5696024727637842
0.5691642095167243
0.6061904603171618
0.5464669620659842
0.7701406106718359
0.6960231847823106
0.7353057393126078
0.7143438860291114
0.6450341243863504
0.7243841830928953
0.5508301105256423
0.6463308867889168
0.5901222860085108
0.6930498555900584
0.7384620725184442
0.6298750131537665
0.538865080081455
0.593807566645387
0.5702837294070391
0.671144464701021
0.5931386925611282
0.600180003604807
0.5383175383672684
0.5414220863323052
0.3457372484392482
0.5337969600623496
0.5334598946160299
0.4205776109752522
0.461267222514856
0.29084471898977576
0.3149146313890125
0.37004396890872354
0.4360399675003872
0.4462172117304303
0.2706403575596947
0.3902603160439681
0.3973705470028709
0.4760004705309286
0.3855191163720393
0.19861063791466962
0.2258028724048433
0.30754663825727646
0.22095478170937477
0.05327310814349306
0.16946405971959833
0.21109833402537564
0.1035838153598827
0.15223625930052392
0.20048788550233382
0.16018551827274563
0.32961003643372183
0.11966466434014007
0.2363319820350216
0.17864706316498993
0.21248949561453245
0.26948380348407214
0.2724205110545646
0.18327757252153995
0.23551786994561957
0.2506362541086833
0.30676081217072093
0.25218957774242734
0.20804322998832286
0.27859835771841573
0.30857469266221654
0.2745021810392186
0.339819050626294
0.2839463211336251
0.3118148156159613
0.1731127956095451
0.39194875328529966
0.3095121943602789
0.20221276843863842
0.23053351126479735
0.13935605745394028
0.25885305993237395
0.2387883795407223
0.2916100368506899
0.31039178175292004
0.27593841069595043
0.29519595353913697
0.2895422125574293
0.21462186995285482
0.08596810117669686
0.21782128822709407
0.23707142041590507
0.23892516746626105
0.32704183960952526
0.3681816126701807
0.4237083307384774
0.36232394076331537
0.31103084349602517
0.3813272407035056
0.44998390620432044
0.5910684017691764
0.4494415463470226
0.47885493766911374
0.2766531269770337
0.43124129728578564
0.42271552798004286
0.3055974425012422
0.4384381759127891
0.4041828363131088
0.30282472930806353
0.35281449163905687
0.3164513115779119
0.3119107221790858
0.38977437102180185
0.42235597341577324
0.39606794711974214
0.3331496659146279
0.42027339483698567
0.4449491931881565
0.4095700531678279
0.45440661621378586
0.41113781109341474
0.3517095601279313
0.5514635661027294
0.3520758694292633
0.49246509704677277
0.4758246771297862
0.41953235935066685
0.42084803001045384
0.4745023044412335
0.3249179899646134
0.44183831516223615
0.46362594624661374
0.5495698809922861
0.32636354898985775
0.37963885913622997
0.5393147374968333
0.4242657636270184
0.41738608896177076
0.27093770767151476
0.30896111517060426
0.336120480084256
0.38815144028291004
0.20117268303463653
0.3029660192562376
0.3733244573883101
0.2784244734147155
0.48664324508168855
0.36081528748441805
0.40156775014413915
0.4558518012890813
0.2358459582440498
0.2705538173636642
0.4138378537135784
0.27976176981880735
0.3895192065604863
0.2576876515970079
0.22480936844253824
0.4750741815319516
0.25637534905610665
0.25848350349164495
0.21696199081250928
0.22384116746510413
0.3659659127252822
0.28953473783090705
0.2647009713785242
0.3335416572234027
0.4665547856723339
0.36360166034834396
0.3382880103425952
0.24192305505427253
0.3832426062779813
0.25676823397605786
0.2986979675752741
0.17052268235258525
0.546560604961927
0.41840970104099307
0.35919921543098426
0.2842592835750598
0.5155676522124176
0.3948801836394642
0.5005609306492819
0.2455957945668032
0.5428286035587353
0.5098041344572909
0.6217071796509422
0.7082757577778216
0.7511706161059438
0.7348286562582227
0.505654433457143
0.5909302448080298
0.4686517398884671
0.4998729974504909
0.47749079820685436
0.4184870723425174
0.3132110006948642
0.3746184422545072
0.49886150695812725
0.40629890360003873
0.6055032742841698
0.20946698652762577
0.37904134621288604
0.5198991516156254
0.3467225291805133
0.30439243478962935
0.5722565602827219
0.4475334081518061
0.36292617702541274
0.44934741784469745
0.33207156211900407
0.361791206336592
0.28513078542689824
0.3148783433858112
0.5134347115902503
0.5467487966317806
0.2707877012539493
0.46461709992541506
0.49442180300098515
0.47714781489614955
0.4965276312975305
0.4221290296225076
0.42366153017561803
0.3641239257915163
0.2998078885359826
0.45536757912348164
0.38236730616938297
0.40183654557293746
0.4004119589440307
0.44650958355096976
0.3805453648321696
0.4650505373535234
0.39952983869016345
0.4623143366950171
0.4870757665746748
0.554256686656369
0.44037194069098606
0.32955420799674334
0.5568553384812073
0.6069480226440657
0.32219199628978223
0.4609292509703388
0.34062966546882434
0.48720931978176896
0.3752546942343039
0.39802998454018673
0.44000686673118133
0.45234113142011695
0.3617692222786436
0.3946388518025825
0.3756544037848679
0.49312001950917583
0.49335330231933117
0.5986577445380171
0.515988426655773
0.46784152322114736
0.41707549071501293
0.46884103189907145
0.39101602029329907
0.5570879337343895
0.46750862664872783
0.49751800264719853
0.45293004936742753
0.45808092251346993
0.46803509576208513
0.443176161920228
0.4906992598006523
0.4308637680177898
0.48148179291067916
0.3497842863039621
0.5037607333710833
0.2900949316505016
0.3791322792563725
0.28455696444245304
0.3840763438391701
0.37499904291863784
0.6799928118656647
0.5104647530862296
0.36623567070447893
0.32404257593121616
0.5593471627013047
0.46357155062375033
0.4659751428436316
0.568674508110796
0.5967883188982853
0.49547939189066814
0.5218966043866167
0.4013431841704247
0.5717255253682221
0.5088402852177777
0.5763208167293573
0.5194887421340153
0.4339291701622068
0.5851993424770658
0.6200391631306703
0.5009324884636771
0.5170465151731263
0.6286809285686107
0.4424316316829735
0.43593909512566253
0.39150303379632634
0.40677958858378993
0.450892415476223
0.6058538622715733
0.6255473422228268
0.5401740269097408
0.500203307572469
0.3956768172025456
0.42201124816193214
0.5364789610289726
0.469876643704745
0.5473115877811614
0.6373599537070225
0.49456375525313234
0.520983245070501
0.6018565897747024
0.538074645762844
0.4973558775057599
0.5557065664405632
0.5385770838570486
0.4913981057457428
0.5506240599928593
0.5798079293665601
0.5069081092496992
0.4663023135919223
0.3977945514077107
0.6342065537399191
0.6111057516757131
0.4951285592281214
0.5387559244290642
0.6203473174889815
0.49486776914716857
0.620048974508481
0.48414453949247893
0.5579785917779905
0.47612113362308883
0.819989710635753
0.6164636426765794
0.6794099365061324
0.7646808292479742
0.703818394926274
0.5836794538888388
0.6013964822421131
0.5907163944016666
0.447088047857395
0.5385487946241672
0.5248706134278045
0.4798414416392751
0.5835248711725175
0.4952977775261875
0.5833814666526359
0.5750588803427891
0.6256146510113276
0.4476178687926439
0.4493778469022863
0.539259332121016
0.5540601131927848
0.6029677023980571
0.4882897519186822
0.5895993493053595
0.5464896744968012
0.6778854094409776
0.74169500211107
0.7845224971071477
0.6455501133578543
0.7246406737771744
0.6633444073758299
0.6826750862106957
0.4587201750488634
0.6194646220686734
0.7020818547573319
0.5981355971379383
0.5238437318191704
0.4874437616605819
0.5772014591688506
0.5866153271560003
0.5141168937853222
0.5092251057756778
0.6543914668362636
0.5452876457876432
0.6063176796460582
0.5090209350497932
0.5238065368662168
0.4261351921297356
0.5111906210627848
0.4584223584906406
0.4589463569943535
0.6090172159582522
0.39843782768566355
0.40987864974727994
0.39990999302219965
0.37563568030032535
0.4333059468217949
0.3305210913401703
0.4549990684799595
0.4490683726342617
0.4400911666043732
0.30244593856462176
0.2634589255468338
0.40851327369552537
0.443169932651115
0.26506209720795004
0.3329235366040247
0.4623103757913183
0.44564038475805673
0.6051133615028493
0.28274212778721897
0.40041436003451514
0.5067435389718458
0.5328731537856479
0.4084978866902085
0.5288743068669957
0.4067553435014156
0.5389227011877997
0.45470740778096586
0.4002391424605026
0.5355014271593518
0.429997204492891
0.4967787298790134
0.3547486628877813
0.451193308862912
0.48878010094660684
0.3533027133219543
0.3333610603199135
0.41463771114512366
0.35158204378264435
0.3905510256445053
0.2756530555389392
0.4659934563339723
0.4025793277740351
0.41896529596626947
0.5793002539175944
0.4055089392515049
0.5436324371632353
0.47501973900017225
0.37018061744357467
0.28717835578635564
0.3254818785917593
0.49678207692926235
0.3148383182616014
0.3095444518378475
0.3186650161393905
0.4132835943343209
0.139337047186345
0.3089894098358171
0.4607736077748338
0.43200647478700166
0.306823473636403
0.31562308320828436
0.36932795701659843
0.41125062160369813
0.3088527428016753
0.25529470924263165
0.39409508306279184
0.35587401100901306
0.3175851704006303
0.25666926343853774
0.17616490372316476
0.24256524446218847
0.3373870826966879
0.3131581309551667
0.3020360050726993
0.30360771722168556
0.17730859644584607
0.3110680202433276
0.37105521758892945
0.33420875838555414
0.40780708756954787
0.4102658398294143
0.35256087898927824
0.44661066551091316
0.41559008363019884
0.25317706725496286
0.4641855058194929
0.4754445128874156
0.3615653829983851
0.3955794166014629
0.3497299490419564
0.5202027746754393
0.35926413905894544
0.3252173838076028
0.5258676651503225
0.3941926827514799
0.32181471015532204
0.4709391214577878
0.2935139838554017
0.2765919402792153
0.46420257002042853
0.4393952254883909
0.3858516552915041
0.4191075940523799
0.3211323754879212
0.42809975477677853
0.41552250366558674
0.32539273124370016
0.3307833455078487
0.4617556167843906
0.45671698023015883
0.3094861438352186
0.36374451708367145
0.5074420314483451
0.4304766580258388
0.43503284687818583
0.31007366214968163
0.31687001578913
0.3672430892973993
0.5014456584222272
0.4811743046736552
0.5277062973992112
0.4438017033979554
0.4558479237056009
0.4522503509223694
0.4852270392921838
0.5213297811993596
0.4989976861835902
0.3776004981201248
0.4255177271340313
0.5623671727983057
0.4000712679303623
0.3742254268044413
0.306151460068342
0.1918169223474931
0.4547667242885805
0.13589882169986126
0.3766304444974493
0.4542578932946315
0.47951561179592467
0.3765843190118827
0.3709053356011173
0.3342704648253509
0.38574096221591364
0.5977975883012001
0.37360019959442714
0.323908220640389
0.5045138096933884
0.42041560167461034
0.3384575120028133
0.2621855646736651
0.46505844124890927
0.5300914873762022
0.36136921314234305
0.24807495418713044
0.38946211951104737
0.3232670548231899
0.3408249889089044
0.41766815799873663
0.4139122955936835
0.48073309189086777
0.407146558280438
0.4735678872062653
0.37423128021494845
0.4825651748769595
0.26679821622438804
0.4518931081087555
0.23613792425475094
0.4652811360780916
0.5456365673706811
0.3975041594297184
0.35493107793386636
0.22080795995939506
0.5367624555390652
0.36460448625008135
0.40668643122081954
0.40729191146568905
0.6670150928798075
0.27204844406921425
0.28970666956383173
0.39372961224915437
0.41401874161384755
0.3404485919149586
0.46843978455825824
0.46124560022081573
0.3877549938750977
0.3879670997689786
0.611489136262873
0.3631128382460057
0.4583532276688201
0.5881794359496656
0.4963363181660011
0.4847766720032275
0.5609185624912347
0.5292744822032734
0.4235312688145403
0.6413776201303456
0.5456759649872027
0.5301738739675885
0.5700954340824294
0.57690484954253
0.5640410730473668
0.42551914269682367
0.58713286221307
0.41420033865359573
0.5199778472314562
0.3671328043073537
0.3992224219543662
0.3697145071113645
0.4384492009762111
0.2903664519807824
0.3302766485392263
0.4286495957619405
0.3629891191003763
0.35233364074896795
0.3738677762723319
0.36929659000092213
0.5094763747415012
