0.29084881602789947
0.3116958037037297
0.3529142578738993
0.3617194341804241
0.32802713688164353
0.31485746973583506
0.3659692262544253
0.3698758993553556
0.36030516422005454
0.2911972871221944
0.36624926640340866
0.39992841800170154
0.38066283541194035
0.3095493320146336
0.2880927448892906
0.3449366580679139
0.3658379560938367
0.33971472663925184
0.32546536960626493
0.3433453998033135
0.38256266608146794
0.32025754884480495
0.3135762392719601
0.3134204109996359
0.3481875494447649
0.3643967145721288
0.33908863538189615
0.3204275241154906
0.3174636699992884
0.2732355761053371
0.3421537395493909
0.3034693466222255
0.23913569721829708
0.2968333022995266
0.2996094992483448
0.2529148818420069
0.2623466721408374
0.28845084806709853
0.2801524430765147
0.3126787131361631
0.34153709147456984
0.2598209278764663
0.3040405348928597
0.3455195543486519
0.33598736769206017
0.3734618350528102
0.28911349990269386
0.34789193212125263
0.3016662900438062
0.34123954342445495
0.34153607461485824
0.3675976829802027
0.3008939205954801
0.3778022956081907
0.36168914995258145
0.3445921688965329
0.2922686123644956
0.3652294115619822
0.3378219262642581
0.38101280109336333
0.4138403485414267
0.3993610182244275
0.3694591222003665
0.39273821811166576
0.3384713963874733
0.3827115132519615
0.37645691261907926
0.4300165520584588
0.46777402565365167
0.3509131749242897
0.3860536505217953
0.364787047954366
0.38537398748818796
0.3427673404567517
0.4643568210881549
0.38509224273100895
0.4335204727088193
0.4364636320174239
0.4811662798041721
0.44270994960636467
0.4471989864569439
0.4287034653724887
0.537001006745605
0.49942062369724316
0.4926189892516155
0.5017624554436073
0.49950045332903986
0.5387521272304509
0.5345108808923651
0.532702247623459
0.6882875835480369
0.5862094481159145
0.5182149560259068
0.585249789745703
0.6220505982445601
0.6396368173662442
0.6209421424236536
0.6512296150186794
0.6572311562186103
0.6496697689431326
0.6262788218857944
0.7152255103406775
0.6736791279696079
0.5849264827341607
0.6647091730962033
0.5564103406374238
0.6061458715876241
0.5883661683534944
0.6408577510314649
0.5880374726532631
0.5423460325389322
0.5961457590519812
0.5562963260549998
0.515357206643253
0.5829980812544671
0.5094755121864272
0.5766156698345821
0.537431915677408
0.4586302314049032
0.5035036115369071
0.4762143993299281
0.4697542379865125
0.5043512341417726
0.5233383507258657
0.4597612110789649
0.4676485752537334
0.5127077586876667
0.5157405084135522
0.5321689660189034
0.5175264098606202
0.4872367307729488
0.49950972974360125
0.469604163533588
0.5296368314039477
0.47792880963225687
0.4976813296901179
0.5286621340810167
0.47834709634139305
0.5205574326268767
0.47207938363705293
0.4676259829016982
0.44986636560874027
0.469357058163843
0.490769573454317
0.48729566295820725
0.5075538297668536
0.49765830682961754
0.4902029639764552
0.4190112424869649
0.43352401497007
0.35627425845560956
0.4072842060798203
0.4502038396650676
0.39724678492072024
0.37599175285117675
0.41292012579476983
0.3275445410303016
0.39020438777621747
0.4764785698312487
0.4334363046679735
0.46228599527865477
0.48049781166090977
0.4546787573138065
0.5312310825907298
0.4609182874454605
0.4260546991835781
0.5262641798077441
0.4851132800772378
0.4290052971208706
0.5253467229402048
0.45660646716040054
0.4397542614949009
0.50502108277033
0.48514713392012054
0.4354489040232605
0.5167145560893331
0.41556329682730303
0.4768899329763543
0.43294637858374896
0.43867329462095683
0.4212559022942187
0.43197002939518003
0.4020796681817086
0.43490851818774157
0.43923307180407073
0.4291409418415537
0.4185403003561108
0.3892366520377153
0.39360434697621194
0.3382046414336283
0.3341928540494337
0.44385018699027884
0.35803330138475487
0.2980517219570162
0.35156611721800124
0.29466422586016744
0.27384032056561847
0.29706387395096595
0.3457912386018037
0.4682678952295626
0.331035750322445
0.30210936238658037
0.3191614378700895
0.32549939804713524
0.32821111661407343
0.30730155563754347
0.3123349549094898
0.3221115179593599
0.3579184042083811
0.3782098578700774
0.3666778158025462
0.328581561858009
0.3117217411728492
0.3521659755105291
0.36989472082268715
0.3530401931384816
0.43018021405697593
0.40638887101381094
0.3605680448347146
0.21611101179228734
0.30009100453050475
0.3202559774038026
0.24451423321293075
0.2878211013910976
0.312137524372776
0.36256121478805425
0.26278026892734957
0.24928189506185963
0.2665897675102562
0.33168710143945807
0.33667181514935224
0.3545164072809486
0.3490837767444587
0.3039747907613469
0.3953585457359584
0.3414835699842538
0.41166962083034075
0.405541702140837
0.4164308689371359
0.4554066538145695
0.46267118584414685
0.49678388741445995
0.47013567928627953
0.5690479855436461
0.49539601809337086
0.5627192636315436
0.6073151017566891
0.5377975660993162
0.5969347961192444
0.6065636530639833
0.6603391765702341
0.7122918406602595
0.7324613077199726
0.7163652167965294
0.7672025835420948
0.6905040796814694
0.845549467300704
0.799078928251294
0.8525944666365195
0.9088517580237848
0.858184536429587
0.8406244286041473
0.8183161492668093
0.8091515446722122
0.7968583037383473
0.7738406185277927
0.7410870830546049
0.7747986787010237
0.7007704185571945
0.619067685092937
0.7070161280412948
0.5806808867611062
0.6161430613922736
0.5953189603399245
0.5451936020348617
0.5337242977754109
0.5699106967645013
0.5056954195368717
0.41972227084844915
0.4444959802342904
0.44053717819085547
0.4016733855849337
0.4799147425973598
0.4525572615783486
0.5130398824985655
0.45668869890418307
0.35629620033970966
0.36603363803132893
0.44603796261990625
0.36455565321174854
0.3664657485071959
0.4542886009155035
0.4062935630955362
0.41988822052581154
0.3517163810099322
0.5218352545988296
0.4302099085027329
0.5264613062190472
0.4494642011094603
0.48282149871810665
0.36646406565934264
0.42311275131718495
0.3707935328133435
0.4580853286383867
0.44659567435242575
0.540558666848183
0.40316216335596383
0.40332248073600196
0.4946677051725483
0.43534339405872513
0.4427791608662092
0.43507869420075945
0.4185423923621065
0.4824670913719832
0.4603481905724732
0.47077280857905734
0.4804705723150532
0.5262554810588871
0.4250548074653754
0.5415500865021226
0.547063445929327
0.5588329219194272
0.5869767652124724
0.5396661674393989
0.5493669344440945
0.5600023864852348
0.41062385681536734
0.5914670381094311
0.4751933142837955
0.5279975535446383
0.5105921915292453
0.5459765295338165
0.586451394016373
0.5568972747010236
0.6367031313556958
0.549191590985418
0.5354772126920331
0.6138592593171047
0.6234462138907432
0.6773589430140137
0.6354365231217731
0.7064350036703628
0.6224653956797137
0.6701180769119282
0.6646852913620159
0.610726490395811
0.6568603809753353
0.664050057498128
0.6712259022596972
0.6699812433615149
0.5999876059949506
0.6383409427821998
0.6693086365017744
0.6218181800791343
0.6531409677538825
0.6240990346618667
0.561708452403668
0.657351951302459
0.5973971970332483
0.6740807451884688
0.6484320318871506
0.6198042879505066
0.6740761553784037
0.5849445841504436
0.6776992107380154
0.6804560282597165
0.5339416477152941
0.6528859863004843
0.6258849865156909
0.5683538800374084
0.5070576743508985
0.5621493875459356
0.5062682444476181
0.5342857123171918
0.5447579328129452
0.5546408581434886
0.4812967377148991
0.5026777662394523
0.44959114029503094
0.49436578177777407
0.4434776541170604
0.48180508097569086
0.4281077539060342
0.4429049870505984
0.4189370729398207
0.459846687675976
0.4393008446990414
0.4665893172612289
0.40205790738361674
0.37268557238452316
0.461737263480933
0.5273293376595958
0.5197233334414322
0.43497264032077526
0.45382520789392566
0.46503927496659414
0.4363311315276642
0.46484487436372807
0.44991956656399323
0.5284351428165541
0.3962497070093655
0.4954502551920241
0.5323873953236077
0.5646647924161248
0.566052735525304
0.48743487045359724
0.6561444118504067
0.6264233249095443
0.532034824082066
0.4853559180297088
0.5270934460371366
0.5382939159889051
0.5646835937476142
0.5313159287337686
0.5776242158815308
0.6061137454593782
0.5027493581277507
0.5430129572051235
0.44824790721906166
0.5706521316168127
0.46308260162886844
0.3978468218220849
0.46459121574459594
0.43389598432943693
0.5003183379873104
0.34743395485837814
0.40918076327904207
0.35295046624966997
0.3348273670781272
0.39570359310320186
0.3962949323640088
0.2863206050834505
0.3323993657022558
0.3427544381317744
0.3275000480071131
0.32032858123256874
0.2721852423646661
0.33567893576221897
0.26718833722237606
0.35378168073263117
0.231801396514798
0.2948607071546254
0.2660809572965158
0.29028809438740166
0.20711704378687606
0.1180831302842581
0.20011068617302083
0.14255869591193707
0.15016188795851557
0.140627982919235
0.1028745305105555
0.1397310429571687
0.11098695523293456
0.07614779732096702
0.054572078170921245
0.22880861069510994
0.18249945503554207
0.21549570336753723
0.16284268161619356
0.19671244846672992
0.26552674954418
0.2253993289962117
0.12487909273383417
0.27697134185655486
0.28066722561827406
0.3780029448840984
0.19027156865518724
0.2398305848406809
0.23891629003744463
0.29743063016768045
0.1935687297592235
0.2956525493205532
0.2599470388518575
0.2234878750944776
0.21830114325016156
0.3218018741334231
0.25833643036897674
0.3222729120992291
0.30161089211701775
0.28276415277283273
0.2525907726208019
0.22409243402996815
0.1588661454161324
0.30348267568094145
0.19911029599333632
0.274788450498648
0.3048353940975507
0.3389095598356017
0.31975749353827954
0.25684425075628275
0.36592666047477845
0.3563401102016644
0.3260441488466214
0.5088697602781258
0.41788434897313015
0.44253090649506965
0.3962237822594387
0.33985202920718927
0.4042073122293275
0.3910419833044643
0.41094635982744576
0.4154415864168746
0.3350133638481759
0.4854523053855782
0.3521298806398393
0.21661245216597658
0.2774633606286427
0.2808136743489879
0.4047405055884603
0.4359401430097207
0.37755418923607986
0.37599238945375824
0.38060110913361633
0.4798455640103917
0.4954351499639008
0.41745611730375143
0.4894026730572577
0.45811293449369384
0.4190640120503445
0.4651469527377931
0.4939190245599967
0.49568052856288075
0.45172691322881703
0.3779254679446196
0.5203616876829492
0.44782774518669627
0.46513068102761557
0.4402297907936231
0.486941165180705
0.4299336032286507
0.535664828803985
0.4938169782363627
0.409478304613864
0.39019440103575276
0.4366808441403751
0.36416864756015743
0.44051716105723254
0.3954271159732052
0.4331920835317126
0.47249804108504473
0.40999543336159755
0.3238996530382563
0.3569140971378097
0.3671243891295502
0.40267033720373047
0.33152405202717766
0.36319984651868065
0.36702667391836974
0.3450207500606466
0.3361145954236428
0.27763319026885463
0.3323825357030681
0.2542902576579825
0.3568044014631087
0.24255308765728517
0.3183415519023957
0.36433148055280834
0.28519413738100363
0.2541343950273362
0.32420594329664165
0.33810635788851245
0.34016086854910166
0.33535812498312734
0.39224185453411514
0.3077599590301078
0.3378270074322708
0.29576026579329123
0.33927225159742835
0.24616439910469584
0.23009059690312617
0.31977908239062086
0.25894553469937054
0.24189182333526132
0.3272154146163714
0.2903676565859719
0.37356150728049276
0.2871991768827663
0.37584489303815316
0.41454529694295245
0.388092877014792
0.5735130067319409
0.5716524370005098
0.6901256230056311
0.7505656464000843
0.6224679249509086
0.6306673074175801
0.437202821050435
0.5038602894447229
0.43565122989831895
0.41085611018502227
0.3539136732770658
0.43765701113930916
0.467973139648297
0.4013097274638723
0.4241013084936417
0.31542495890476374
0.39279782252043527
0.36666491795379386
0.2903092398136343
0.3376021681242273
0.37431249957383605
0.4147521219196454
0.39658525795486754
0.48381696060171075
0.38315451660603095
0.3607542993590005
0.3642983791443041
0.42402633780754584
0.38003824393600116
0.3505942815232117
0.38895648682373285
0.4626158552618431
0.43497117057202705
0.3802068670937375
0.388041460885542
0.35664451722304763
0.3348906644316666
0.41138419568790846
0.34373415517795414
0.3620533032007695
0.414644160293813
0.4609383051757767
0.3679340719427301
0.4509929991454016
0.4346804603210309
0.42150370154860484
0.4834843764833432
0.37722404886374045
0.43694576292843584
0.3831921454790529
0.37903804328578594
0.4991853268804076
0.4752843759410237
0.4392610665245452
0.41195465731299197
0.4537632331568069
0.45133341969887963
0.4074375277862162
0.5035604929891064
0.4134456937735179
0.40020334381509004
0.4806481933647896
0.3724485400612524
0.44168216103702573
0.3991252626686633
0.45287793306470653
0.3989092549550397
0.4608991522000554
0.4289704028936253
0.4363505983090604
0.47578184119804046
0.49076980366541806
0.470274385130529
0.49670940885334464
0.4280133950184371
0.4461989894399677
0.5549319612246348
0.5002267671440996
0.4276932024953789
0.4755176986679464
0.4558009686832242
0.4141565244163311
0.4316157188589303
0.49415657995373286
0.4005265682898728
0.40975269058835884
0.45884411880260967
0.5027257610471672
0.49943864676782057
0.39654134889771514
0.3820030858535003
0.4703815399175185
0.5918826850145247
0.4224232709548246
0.4895594601100194
0.4351537187684217
0.43985354301757773
0.4516486957664591
0.4513359344444436
0.42374873837224925
0.3754890197800631
0.4799326245015987
0.5054141807411596
0.45882475449127
0.4849069286538986
0.5198548172190807
0.5141697737230704
0.5320560768408541
0.5346073531985345
0.49830821595338015
0.4579498034822961
0.43525800036157547
0.496784047368233
0.4916840730035844
0.4358603090345174
0.42425401609884905
0.5220671655452471
0.5612469978276464
0.4089137393925617
0.4946653291972214
0.5016118057317565
0.4662100527161075
0.458730270615233
0.5093079041377679
0.5361741819561385
0.5295078147233085
0.6066380160993281
0.47632858547677626
0.5360444411997641
0.5277764596808481
0.44705801463747125
0.5213461330286426
0.47117254504863204
0.5749350444043454
0.5014060696033312
0.5229573348439702
0.4941824327398301
0.5289106847348942
0.5543151898847954
0.5242004514297609
0.5383105393719104
0.6081633685316818
0.48343414760265324
0.44616712038529494
0.4363182400691983
0.5098385780183614
0.5253157997923201
0.46461551009531205
0.42923061382042516
0.47532322181153835
0.49154644450503626
0.5544293580879661
0.5349745728102588
0.5766626981546847
0.659305084437932
0.628987867709472
0.6524445321196193
0.49949309227862576
0.5407606118294667
0.6185497219615551
0.5346232152810878
0.5803368632219639
0.49772695763981767
0.5082847409681193
0.470570962097115
0.48758271367761397
0.57826602075212
0.48157508911196
0.5317795727383305
0.5057269003517632
0.5241822911699177
0.48509676494693377
0.6074183454988756
0.509678176975271
0.5569443050290156
0.4766518957972006
0.5157243689041078
0.4861620712469731
0.4840715242458831
0.5669233314776569
0.4893397916719764
0.5377019820952911
0.5619870942922627
0.4947423895843196
0.5013209139565741
0.4516332478892405
0.534348287889044
0.44951158840285743
0.49340999449849243
0.5479348547676108
0.501806845267834
0.4198692310632614
0.5603298080427109
0.5217792514683137
0.5361534272780921
0.4810507609984371
0.47188835194957857
0.35258155710486777
0.47244620698387374
0.5141018728183496
0.44235953754477486
0.4519487957575177
0.506898195949722
0.5380930830727592
0.569286755424018
0.42652341877531413
0.4300530353063869
0.45091264615688165
0.45081806724790935
0.49928810324845097
0.2752234266045583
0.437519671076401
0.4724709784738631
0.3823532906849425
0.42177953627910764
0.3906593025838433
0.41860246097115067
0.33089236198651567
0.37059397896552154
0.45514715765861496
0.2818076661169914
0.346969266345189
0.41345658305989014
0.44613052693759503
0.48390142963732957
0.37374594303074876
0.3237317452175164
0.36952678932697547
0.414835455676105
0.44505612283044593
0.4455800202533948
0.43288068040510913
0.37504324427351854
0.45858651088527935
0.490568223886448
0.3929622841399758
0.43961989723007444
0.3703017900273703
0.3614191451004254
0.42719700987978215
0.39529542820008234
0.46578060198005244
0.4757322156239213
0.37446101540718946
0.371194006875538
0.3735575821206677
0.39060259810547454
0.43960328830247664
0.4391228791751389
0.47818592734533727
0.40993538239943883
0.40046513626485297
0.41975505237341654
0.33880707026582685
0.2856567240947338
0.34158354983914896
0.3239365074868501
0.2768673012564298
0.3134296401095806
0.37994445147417405
0.2956815748650859
0.34780109844244345
0.40968976825128345
0.41554367863939456
0.3481307503602157
0.3785050085937043
0.2938057821512913
0.370098176561553
0.30823041435586407
0.41131688597481947
0.27769471612868096
0.21814619926417153
0.3395968811892862
0.2592609839068119
0.3018854122751426
0.3621753217027137
0.2856393804370451
0.420327433488585
0.4046619169643986
0.3780627223426097
0.406813607101618
0.2766824647110782
0.37087669525753353
0.3356372989280233
0.4411404202596204
0.3679431527760602
0.30119803562274383
0.3722281704769638
0.43010174187003714
0.44647614832806926
0.47269090506162226
0.345281229105197
0.42416884252655634
0.4429375173053011
0.3855415729206224
0.40053516907072606
0.3821685900553855
0.43490264608462376
0.4279744907968019
0.3570925102293743
0.37512076713373327
0.4904803745925612
0.44133355618536996
0.4035354778149519
0.4115476469792099
0.2969307528168118
0.36966476842449547
0.33473208601096627
0.4817095564622559
0.41909012497081943
0.44117264041201953
0.3356741562248966
0.41412336554224516
0.4316320301178769
0.4227068057724289
0.40252856730365255
0.4703160635731068
0.40080647248491963
0.4303246061495648
0.43030075001536394
0.4634978995591637
0.36933524718140115
0.4457148832727085
0.4667289917338766
0.4897388406825499
0.4697204399126902
0.46060337605048374
0.3806930460490452
0.4654484080772705
0.4215984060599881
0.4752000737674406
0.3954596063604399
0.4033729305967644
0.42068412254080945
0.3833842989980764
0.4589344323663232
0.2912607843281329
0.4569969764578179
0.3439215733948163
0.37748154912779985
0.4273378478354004
0.33786727601693584
0.2729306368472787
0.3530792878375331
0.3839593567008622
0.443576439198484
0.34722017204657785
0.28460616290993923
0.4180180680900989
0.3770242746164957
0.36270556366734297
0.38775102338906003
0.38269074252599355
0.4802919049709681
0.36542005067997085
0.35323815657994767
0.3311306120457164
0.36107417331797614
0.3309165824975585
0.32219188770105006
0.3815842456534303
0.3949363303801193
0.35820287688664676
0.33924671742020174
0.28474343554273607
0.31668590830961346
0.2849712352171311
0.29446173292659955
0.36658555534036213
0.36891240911181933
0.3816388380713309
0.2870981673513271
0.24932844128536893
0.3505451424234543
0.328370131090895
0.3638513257065716
0.28424720317284397
0.3050536695696068
0.30054628473693346
0.33831074650232135
0.30572485644520914
0.33481904158624176
0.3820784363299979
0.3127778294361244
0.38033898628897256
0.39055430712405076
0.4134857365438027
0.5280742224547672
0.42814782570860477
0.4396469139630409
0.42478048416799047
0.5464484993574228
0.4779546128612292
0.4299596749740022
0.525784310811475
0.39224024938514346
0.4508676786400999
0.4948363109072109
0.5440330617141573
0.5099620111924207
0.4540323010092843
0.49491620146659177
0.41878707976987195
0.40342721538357973
0.49777790725991633
0.43348481391749566
0.38044302655207507
0.4504975257211521
0.36490168668406103
0.3841743408706223
0.4041792103185479
0.38781506460752047
0.422747724192355
0.41501727080067635
0.3875165030311378
0.3207926403548877
0.31914548261234227
0.29430516626159764
0.37428487276384836
0.3232005947586985
