0.24106795334304265
0.17787729889573042
0.16748543665461374
0.20661495943571334
0.2970571480004949
0.19396581059329743
0.2213247658389444
0.2750498825527868
0.25529107289974273
0.33744526650958284
0.20373423182876443
0.2722248659928123
0.2964933179051328
0.1835168823231491
0.3448682147984666
0.21931821260697526
0.29320708336812207
0.15060942051912926
0.21815975732351195
0.1906387858542985
0.15170724525981222
0.21496739312077845
0.21879792776116191
0.14817317273959024
0.22119194593072727
0.17483885586566672
0.2520266134576007
0.2070185393665707
0.15730158583885254
0.20981510616339705
0.19835881592189814
0.12092324277132067
0.0931892930758151
0.140723453053616
0.23551442980549786
0.19886277207315783
0.1798990124625083
0.25514776833082686
0.17268927330693667
0.13160652078906612
0.1399334300169429
0.20603310759489496
0.18745196909704007
0.18419421226755545
0.26777566645398215
0.22480836546645724
0.21196431265285243
0.1778919409807839
0.15635236538775793
0.24680271235926807
0.2203485779878246
0.25797715750431227
0.21626277987900305
0.22913109069306015
0.1755383101514993
0.2375299691081483
0.23948564168392958
0.30055527461705867
0.2803121817820973
0.24483723974165195
0.23175422646545302
0.26290651468531634
0.3240172435580098
0.3158252276880903
0.33501791373126105
0.3005574392707926
0.26850579207693265
0.2877098997743784
0.2686782929844663
0.2951209066518568
0.353383986345867
0.30931886052111107
0.33783528198271695
0.36751434654025283
0.3423462809303006
0.3524366762818817
0.3144086350355952
0.35532806468517564
0.4167143107283315
0.37082835010061976
0.3930524440455896
0.38302031544405446
0.4497742352552711
0.3591623938089513
0.39645867610047003
0.4323892140978032
0.4811417124515169
0.5005621424662423
0.4410260033852499
0.45156555083327954
0.5069279738071419
0.4955215917540133
0.45768330619584097
0.5104328156914241
0.4347649257852126
0.49082240628065155
0.5070855893784755
0.5537131768358471
0.5188123022403734
0.48828700322284163
0.5215006766171695
0.6144148422138144
0.5972205168453343
0.5726459053810659
0.5941827641430728
0.5686209227971669
0.5458296851209425
0.588032255738475
0.5399952075150124
0.5040941479524207
0.5071117834037395
0.460877879236357
0.5201228857396645
0.5266075854103603
0.4561309079331629
0.4175595905149146
0.5294119735402034
0.5251084909125979
0.4315793227555368
0.46060168428427617
0.4633453078366916
0.4756329030094762
0.5075625149008669
0.4685397752035818
0.40306104937826887
0.44191050660277725
0.373193622719985
0.3815342689814104
0.4725609852936308
0.48248427764376367
0.3929329066220195
0.4052537386364892
0.3861986878138481
0.4589831236861823
0.5041128609227846
0.4361495648908947
0.41195360409094545
0.4968826948605729
0.4944116416398768
0.43441258050327713
0.4548036283919833
0.3643436673100809
0.3437519775922565
0.5424194480857232
0.35286561521785226
0.38455275669351224
0.4159092032852291
0.43398365912337966
0.43397446615256896
0.3914472415341097
0.3920062104124716
0.4071553701366174
0.37627680585364065
0.3885025087341681
0.3645480979107712
0.24354006972204062
0.23448449991653053
0.3181860522674706
0.40416850639609514
0.4128545711906095
0.35088049390852594
0.3977644605394739
0.42651582296021173
0.4029530371713148
0.43098183876953067
0.4083572014446113
0.42261613245609636
0.40424258141019825
0.36997108421933944
0.38981013403237497
0.4792768158895386
0.4969675453622929
0.3965783374295143
0.4466564782613162
0.3805537605398359
0.5685136053215767
0.4088133991391061
0.4173724303216184
0.3949709649349735
0.37088727611578104
0.33754283149528785
0.453673157632975
0.387624334652676
0.3731028855328075
0.3728756935537672
0.34531547440773214
0.36750799818642593
0.402469056626235
0.2853495314283908
0.36593779683129646
0.35412256940964953
0.26881205363267807
0.2927975088118105
0.2723977709345488
0.33909038921319284
0.268778738269244
0.31279063561048814
0.34405474922713764
0.31035600951299525
0.34053156242738114
0.3079297907081867
0.2617137192552429
0.2190318596868575
0.30415632714041824
0.31259208876453076
0.30957654893663167
0.3298281287599944
0.29442064641711974
0.34378086351959447
0.31359889642237826
0.3110225481081343
0.35266582002361996
0.27243236318527386
0.30954077722128637
0.23414849205995109
0.31893398874256396
0.34344245965236575
0.2796431066692069
0.2856759336294767
0.3286582582568286
0.34405279215335755
0.27978127081847703
0.28687124783949103
0.21029309486219797
0.30773377950997155
0.2996973960885876
0.32037993566783707
0.23567808026837914
0.27029733971702746
0.25826275005723653
0.30356044455673425
0.3392857788433389
0.28292181142877876
0.38013777089572653
0.3503465433494574
0.41059333873372317
0.41309503223900584
0.3597767720945431
0.4423221800032002
0.4906967440475348
0.4329233441202219
0.4575414802992288
0.5118146268268275
0.5404140625653591
0.5588992810932356
0.5965458745431654
0.6519588606564851
0.6498484722605656
0.6781543235520939
0.7729238971551344
0.7207177190464104
0.7826697901107567
0.7992942304037565
0.854654316464353
0.8001700022316395
0.8411095435257567
0.832471818173318
0.8862469405121648
0.829806389367346
0.7980573612781986
0.8493524876947587
0.8364414692220621
0.8402388659309512
0.8539669146594467
0.7416130914821404
0.7676903661563242
0.7667842886810607
0.7883080802580595
0.7244629922768456
0.7201771615335204
0.705901253390641
0.594176851897611
0.6313800731698774
0.6215186143193793
0.6401602248080686
0.5872619474484166
0.5475852136899272
0.4788432587021212
0.5644320501631542
0.5276380688264262
0.6144791449072008
0.48884994251315067
0.3737472634077512
0.5304262590290921
0.46546713794708594
0.5138406018458842
0.5041735864240954
0.5422796567851578
0.49982151906140704
0.5248401461436667
0.4964500500274656
0.49591855462398327
0.5362303871019212
0.5330626118225255
0.5178700390661934
0.5412170715736708
0.5397781058508246
0.4566873896992276
0.48231725541953807
0.4853984915441897
0.49569232973754657
0.526715883216028
0.5592663169688746
0.534401072566008
0.5458309743143848
0.6052156259002631
0.6382588346411898
0.5388824933518694
0.5362177044765819
0.614478056626983
0.5318374667242944
0.6701664249998441
0.6155398046986797
0.6315714586685902
0.5840623543557899
0.5624536722875493
0.6010929832257474
0.6647442262227458
0.7240050988458612
0.6534252862188601
0.6416491653287868
0.640025917842468
0.7056293486121001
0.6431138942081258
0.7746444829789199
0.6693926781575138
0.7066772753102208
0.6910641913255333
0.6038747989913604
0.6109824918295561
0.6528170163313479
0.7099514278610131
0.7136284876886245
0.6347320785758833
0.642248676875302
0.5782586975393965
0.7339860872001733
0.6234535080249456
0.7077004864753715
0.7211049790474974
0.6742945620663059
0.730133290567403
0.8520936075120769
0.7718342459977136
0.7466909095663808
0.9068783001565923
0.7961036808198712
0.7836992193623992
0.8190333632735946
0.7278825970519941
0.6684231101023018
0.793130811355602
0.7007716359554171
0.7102234479846116
0.6734152926188994
0.72849637742191
0.68397964801075
0.7339533360596413
0.7040994343915692
0.7371304415748954
0.7607806167355846
0.7908729499284458
0.7290345936115535
0.7368280504479667
0.7165838282105955
0.6846976251461057
0.6902505688526831
0.6988231982930566
0.7025860553355514
0.7093863130780945
0.7114155633723676
0.5731321171353826
0.6611235982735317
0.6079302802154456
0.6614129894602634
0.6226420359819065
0.5489981444895106
0.5633254629690111
0.5563233557631114
0.5359348140262119
0.6038694106674608
0.5959077836196023
0.6087378463091693
0.5291534033064581
0.5576465238972168
0.4257143155326163
0.440541629146441
0.5146100546004423
0.4282902346183417
0.5135077963925635
0.591184700835667
0.5200886857593847
0.5004315631974332
0.4914792311097491
0.539310108692068
0.4896701380404515
0.5059429252170803
0.5258646943561703
0.5172835816731829
0.5521666668141866
0.5267422909086609
0.5809254253972771
0.5686762158282503
0.5770855906014867
0.5935350598708485
0.5631768875490784
0.5954590382138687
0.6417793316325442
0.5878683400133013
0.5442111027890513
0.6156711056571227
0.6336302663453588
0.5265569260544797
0.5941602672233997
0.49905022265177723
0.5978534291513153
0.49829428499698725
0.5698787684545185
0.4848468318383146
0.5778061578892014
0.5956532795112061
0.47350310383616884
0.4695220772682157
0.4645175359916731
0.4421927569651364
0.34339349930786967
0.462907127311978
0.35194284171846835
0.38505729423965557
0.3410691552410992
0.35333962889610865
0.2675042363803462
0.24545007824116744
0.2739070507138969
0.26725015730486706
0.22044994092541717
0.24501949547589602
0.2813522628676599
0.3714782203115464
0.34142432172560633
0.2650083601966204
0.3099099253229428
0.2655891452336765
0.22380922442803872
0.277879665575628
0.16684384753223802
0.14561804119919175
0.11038452010426375
0.13039945226886646
0.17886782029067916
0.18206546093036874
0.1211724204990978
0.16512097693797206
0.14273095363824584
0.1252552485836566
0.13301962343374496
0.12210233073748869
0.12512618111851836
0.1963850696277186
0.1842491099948359
0.1757925561713105
0.21008277973246664
0.14773719034769545
0.21490309194670765
0.25726428150091907
0.2582440131070367
0.27474082329335514
0.1520993072227511
0.2569589832051251
0.164668129073364
0.22510348390235502
0.2563728061816505
0.3527921224597752
0.3214961006926959
0.37534259571628986
0.33796748679109406
0.29438737136973253
0.35584023399450526
0.35599784356320846
0.4018382050037165
0.3281613626799364
0.33901667123106843
0.36040817441130596
0.35138598969025103
0.3792432090447826
0.3605671698243566
0.41469795828546896
0.31985094927093516
0.36872845875445376
0.36069263076854247
0.35798228524500564
0.40956157240297025
0.40670917002655393
0.4557920625641476
0.5010795204308186
0.5428011635438472
0.5072889040502466
0.469668120510594
0.48607797084613424
0.42464126077702646
0.40589107316783596
0.5463190199803551
0.44990722605880973
0.45462576260924126
0.5013386271091054
0.38110538989860837
0.5536810771250532
0.456920095038468
0.5074315129628245
0.4704004096135016
0.5023292374562396
0.5138210081157051
0.4701590212626636
0.5484780663607539
0.49396509094256036
0.57035013558785
0.6101855037693402
0.571426457840073
0.5200746447564812
0.5048119801984764
0.5709552111707695
0.5777898798900172
0.5368407023725771
0.5662263547379486
0.5326143229410462
0.5476411896607014
0.5156192907543016
0.592337155338711
0.4765734468130247
0.4347910665979508
0.47781454919247296
0.5127932908453572
0.4037139618990765
0.43820786342814866
0.4552582070685725
0.38106617364910456
0.34819582798706966
0.47124671611355684
0.402017112648618
0.45179649627865337
0.3745065615136307
0.42413762623812074
0.338435978475776
0.40457601308438895
0.4287800125330826
0.4207744939300994
0.33130015736833196
0.32579488164537895
0.2628767639034498
0.35051215611663766
0.28039682524186743
0.3962613675355424
0.2519490953436053
0.35063525677622964
0.352040871246881
0.3060499850896414
0.20180753931735942
0.3094564960884105
0.3113178736774232
0.27077637534610083
0.2720279183047991
0.3207571702072148
0.27712113188529675
0.2798846530717281
0.32689075587808436
0.18546318646253804
0.20041843535146345
0.22757513407473706
0.18041068211632597
0.09559454194428081
0.28472227705977887
0.25412174004025656
0.14085594103932741
0.24731230014603892
0.2504334354894006
0.2525200224233265
0.21683819607641353
0.2716235054557525
0.2565559453845178
0.2282914252061524
0.29433579588502834
0.3269292077615973
0.4002511770137762
0.5120461844157419
0.46051571377416534
0.4635140195791938
0.27356140062684975
0.2712267290589241
0.2025668749594381
0.24282445422132232
0.22405460480891443
0.12815127018926384
0.21160342214341607
0.20511475587560932
0.1865835861860935
0.2435394569416767
0.13702533555561328
0.1471685258640155
0.18789529983477107
0.1486580661068843
0.1730486917599582
0.18052029924112434
0.21320193778606
0.22191953359455516
0.25075795742138585
0.19059735715223688
0.15713390416140585
0.2284838287498498
0.17945705987598837
0.16060783182474564
0.09398658393889904
0.1859112211127098
0.25053870652788024
0.1708748650536334
0.2191664029888284
0.16093363249922227
0.19342593059688507
0.2385673292485671
0.21642081493375978
0.2058134663178663
0.30352511496599355
0.23856129501070586
0.2295012447997936
0.22804489878596151
0.27085041119596276
0.2132052263957306
0.17697871981282587
0.24215739456440136
0.2848528774930538
0.2652060662486227
0.28018332100952886
0.25183203896954187
0.36310971573718387
0.3313250743383449
0.3447277062046825
0.2536066197267875
0.25254527606876254
0.34079981531671144
0.31000408740053276
0.30471414700325206
0.23903660572127253
0.25980052344334775
0.3714229331133835
0.2931710162606579
0.42331716842915096
0.3606395188733225
0.37993801323027515
0.3481794702168464
0.31565460459109473
0.367016567566174
0.3337708167095331
0.39114036237947003
0.35086007953430504
0.31255388697487985
0.33498150669254245
0.37825849123314664
0.31245908346956697
0.3323477222458448
0.24141713222455508
0.33297982376743485
0.3528817989091898
0.3016323407105062
0.32875681105127375
0.3610811320205463
0.2631670104829429
0.29883236826931897
0.2942992474714561
0.34749805064327866
0.24966126499425106
0.34122261648581453
0.253331315934198
0.2861096744308722
0.3434143455820333
0.2377474921302351
0.3422571891110209
0.33396614419298853
0.3140028027755439
0.2173568043388619
0.30127707457007186
0.3218788212650605
0.32238091321331075
0.2733595416971955
0.3805580516405096
0.43727523869992424
0.37746192395125794
0.3812989736321338
0.35416790577511664
0.3955060046347947
0.42334875922643106
0.3723664079821398
0.389562413260929
0.4131280097782803
0.3853467013602228
0.3795193822237346
0.29148063722828216
0.3314775854923516
0.39612375400116395
0.3690942301827163
0.40331209313772454
0.33486242240936626
0.28064604351737565
0.42158007154285043
0.36918262948023395
0.3299046704189705
0.39693674622630787
0.39627236819343
0.3256435643360766
0.3809390407674441
0.32493731685563904
0.33488552203984434
0.26113587989624976
0.34084117386172486
0.3383030572305708
0.31252542319939314
0.2967392044636712
0.2515342617906362
0.2725906501686109
0.29303326788897355
0.31252342987743714
0.2843333153395424
0.2189256167486922
0.3431096579721442
0.21761976106448905
0.2682852834096812
0.24049785432577508
0.24926030746629163
0.21900921009543461
0.2542633276999886
0.21190619430722335
0.2735026946504071
0.3461400349332957
0.2643870584692974
0.24167425292962874
0.3232109081704028
0.3132842904598261
0.24107892417922866
0.3544893635538273
0.3177546205729505
0.3309083392719364
0.31835103480673005
0.23332124042582497
0.3570817298990069
0.23729666618183196
0.21250858117560056
0.16479056986557855
0.2694835914608251
0.3022298367192545
0.25419743718040905
0.26768654824879146
0.3522007182983626
0.3125762423333963
0.2833755369696476
0.23060789764928635
0.31954268330531954
0.2528860812729222
0.20952006973029155
0.24698707444038231
0.29864149460216494
0.2395946966919108
0.1935567226688452
0.1589165891273142
0.2873232352340162
0.1843435778177938
0.11817286875782676
0.17816547008111008
0.14758638743753272
0.1869030723719174
0.17692466577204707
0.17748055050796174
0.21077143516893204
0.24935500902494326
0.32846989445712205
0.2393669956199762
0.2665298136504003
0.3156543605161367
0.27231747662343475
0.3453387254223431
0.3335263464321381
0.253518990387303
0.34814938460662304
0.3443016638476588
0.3220565743574651
0.3079760757665655
0.32660176523998335
0.22690284030513322
0.32383549700886216
0.3204346119476117
0.2615188182899634
0.254963885436547
0.21648910640302055
0.1964937516650047
0.2587582396206742
0.31422370648395836
0.261876189520376
0.26355557189680034
0.1944323756843566
0.29982826840948884
0.16364804164617464
0.235813925928233
0.1869021461043505
0.19177063799728533
0.26264537576316715
0.27397124878339557
0.2260311555017385
0.15502939618971306
0.18151963741703864
0.2548040540568748
0.25824752754734415
0.28562254544533605
0.2942215810385134
0.2924870573646564
0.32687457384385954
0.27620685255313826
0.3258913837623383
0.34591693015428904
0.4202078095905324
0.3055333160113757
0.30587635175022276
0.21623747616328248
0.3365124798468495
0.34955901453582056
0.3340604731950634
0.3170684026945828
0.3013479993139908
0.30730205181660986
0.29737928143458253
0.30614503300518564
0.25258040886178806
0.45855772538886047
0.3593532893585732
0.31089409670162815
0.27659207768804145
0.35212972642062723
0.3256903233010411
0.2590837240966991
0.2647068352634354
0.24825256660867737
0.2807928200662513
0.2827554646430826
0.2501019496881487
0.35376463931914737
0.3039305671690938
0.24220760859440726
0.3485732927651871
0.3271188466576815
0.3308217835959802
0.33570316723466853
0.37548856246336415
0.3663924029264186
0.25346563414008455
0.3115758468847452
0.24568625125067595
0.28475612798126276
0.31100252669287337
0.28990183888248083
0.346680470232663
0.308083901434037
0.3549504640535497
0.37621183639842776
0.41271577736316434
0.42957791208931356
0.36820477827898795
0.5239192230098155
0.3929909820234232
0.42950015172029865
0.4819749127734374
0.3917335327746469
0.4311176956615319
0.42766762907005423
0.4706399492817902
0.4696805232718321
0.5074331300113335
0.47597766224632454
0.4842986045823239
0.5216645530394368
0.5403490725893135
0.42855103501536107
0.5749682457919169
0.5527458682850428
0.4593368223349561
0.4951222566663227
0.5449802916364705
0.5634613246885458
0.5325641814871918
0.44935035245508004
0.4665748257402632
0.5281621388238317
0.49318852403429264
0.50659622362685
0.480499099362345
0.505291153899875
0.5940640824342414
0.45675306677801764
0.44958771447730883
0.5231575715490007
0.5039678112106106
0.5482602180595009
0.6003536788393324
0.6177165260882274
0.6633649635162102
0.5446893828716253
0.6478577878327944
0.612317098145209
0.6587275821472576
0.6718881264544003
0.689716965418036
0.6565057707067398
0.6145923506176463
0.6135361948272089
0.6692478969456169
0.5736141559538225
0.6352054820776193
0.5875352666908782
0.547800091848508
0.49962051103344507
0.6656590232697916
0.5155510154714047
0.5829818624575029
0.5113061208233795
0.5305565061666633
0.613066495864229
0.6025247918038328
0.5483257298419016
0.5541911269549582
0.5305806550852121
0.6503294121204317
0.6342118659043272
0.6300182931641415
0.6043144936920816
0.663039777326342
0.6227655303358013
0.6428181726469488
0.6343076319340362
0.693343075146797
0.6270973392077447
0.6627676750024885
0.7002444752054594
0.6203454470504962
0.5883938559412814
0.597111831969803
0.5404588236057134
0.672516538457906
0.600142055164885
0.6005761480483586
0.47806188229765223
0.49944384132900504
0.5720781779110149
0.5544984460535147
0.49887537119046726
0.4819928103861613
0.6128484790302167
0.46672939338638075
0.5537660452476167
0.45820029738013085
0.5155699210898657
0.38307079974174585
0.44647227591038524
0.4370548698287221
0.39937265588760573
0.41209791247793087
0.5093249218755288
0.4285133360137143
0.5519789819505134
0.5539251590801814
0.4889019360887881
0.4831664980076351
0.4619724276577869
0.453316469745694
0.5345925415975918
0.5703044303303643
0.5506074011021076
0.5674395381535465
0.5109457675896577
0.5647440264190736
0.5228096319140196
0.5181585614827525
0.5511298261482018
0.532584857010667
0.556318999460655
0.48168645580851455
0.5948680459513123
0.5334425980508467
0.48106586766088777
0.5107807116613233
0.49227086942035014
0.525689143992574
0.5478135519847476
0.5574549736518305
0.4065336378225151
0.37616272413735563
0.3747304547857387
0.41427069386479815
0.44238029854274546
0.43591134361245676
0.3269850149697089
0.2677703124330218
0.3538407050823536
0.33308700751111786
0.315028365876236
0.38299295115486665
