0.24038426299434007
0.25339473779521154
0.2916403684042072
0.26734137851923756
0.27900676560123366
0.2805537287624146
0.24338996431993057
0.26869630705698927
0.22578126548598923
0.30299261455045207
0.2939178659013391
0.2892203279938884
0.30358164472740934
0.3375401336126449
0.2666347031434586
0.27801140060602114
0.28572098254388323
0.3225455496365289
0.23608246340214312
0.26877347837298504
0.25376041610043865
0.2508653128799985
0.27843570157424036
0.24075174808081884
0.24409955428224783
0.2819848452892094
0.22009159542881782
0.22774904421527245
0.24445598411450006
0.26318157894566385
0.19491431430556438
0.20233685678674515
0.26267627420274925
0.20782816409477775
0.22602147031984052
0.2577347164620867
0.22880784086499042
0.22425048506573744
0.2459095054930907
0.20848129078613853
0.259453516814389
0.21447629288765124
0.19831049671966877
0.22308757098261817
0.22996006599558488
0.3014750170979502
0.24207854358992797
0.24747047859778112
0.232263003247257
0.22087191632449496
0.24575037056024673
0.28949469870637695
0.2207120538259979
0.24395061536297097
0.2573623430519137
0.24885604715117363
0.24055043215407096
0.2896257991093249
0.28184443363426825
0.32078364926836417
0.3106608212193356
0.3636094619327431
0.36023216199825936
0.33075351312199747
0.312271294177681
0.3496595673346181
0.32158146852176184
0.38271714148804575
0.3574867443705523
0.3250658403914746
0.38646462327356856
0.3419964509473902
0.3713061319387284
0.4235555755328552
0.36067114033025266
0.372305584800429
0.32465227827133636
0.447012357888591
0.4086102824980775
0.46065398162435234
0.47527419666714277
0.4550273632968928
0.4805738780526153
0.4677030644467556
0.5254721524362472
0.5055593843583099
0.5346090159654789
0.5952782042248427
0.5754462282367905
0.536134030713215
0.5213719551449726
0.6043530079611823
0.632845629797292
0.5848426672746807
0.6211673440500389
0.6350822607485905
0.6480643759641441
0.6212418352239443
0.6296932991469357
0.6431468397957257
0.6276616595656753
0.640543170451518
0.6141654307769744
0.6842272618120322
0.6976717883430809
0.6549655965337035
0.6374799888150888
0.6462780296914872
0.6203496574016336
0.6082376647813142
0.633561698520515
0.5963881625867927
0.6372256931329671
0.5654499671887967
0.5577766329162972
0.523607518727966
0.5079834124175999
0.5286222054531019
0.5143461959590419
0.4616376914791878
0.47287706185552597
0.5263865865383682
0.44565329423744987
0.4267167986460972
0.4712952344567919
0.4689528343288111
0.49214327628785626
0.4634790775979941
0.4413070888139464
0.5067664230947597
0.46497081113897337
0.4848934224599671
0.4388572501187631
0.4784733774532361
0.4391663758520973
0.4111558482837943
0.41847713880376197
0.49388135835378727
0.44058708303574434
0.49289979290599434
0.4182842597254758
0.47769846228428975
0.47783273504252943
0.4769536095344772
0.4907027824569209
0.4449318243747258
0.43164061903034623
0.4162668118358113
0.42624647427247425
0.3715644997050709
0.36967903988070133
0.424908674428549
0.41384825482549314
0.35152055475323984
0.3780735844569779
0.39133744225202705
0.33553938606263156
0.3621528171466347
0.42106768210961826
0.4380944347232937
0.4615490582773737
0.4092795145312279
0.4408730202487259
0.44540018140898496
0.4533822854274704
0.5063649498412758
0.4859190770334204
0.4744671242995111
0.4841583358533217
0.5325397703869256
0.42822958527269117
0.47903118659977584
0.4647438708621678
0.49085470608513876
0.44045294164811705
0.39728408360333983
0.42567084851141435
0.3850969843570554
0.39862464344283377
0.39415558383101845
0.38723289573353864
0.3922936196485604
0.35817438856646816
0.3338530178396765
0.34527426648015974
0.3391571004074161
0.29311472529557536
0.31587801053454023
0.2702966579538092
0.3215777532380924
0.32007639051536957
0.31194648444436435
0.23572095564560244
0.27263671685914204
0.2586655437483968
0.24436671948032151
0.2606817710190674
0.32637415516612406
0.286400961760486
0.3029174767604087
0.32545913572331997
0.27566028178812485
0.3228072760172275
0.3258044717569181
0.25272534936343255
0.30117180090250456
0.2795879214501229
0.2587361053050168
0.32674140797191126
0.28526426123816795
0.32425504555569085
0.26155890048657665
0.28457555614583424
0.3134784508379882
0.20610081277644807
0.26015413875654836
0.28186416796637853
0.3027846936782114
0.28440621211301126
0.29922653257347775
0.2505886360739687
0.24467423822210851
0.30060647575877747
0.2456072829191997
0.21369224400370815
0.297470991570585
0.19742938394065554
0.2782439289319577
0.20497954430274343
0.2723351374641616
0.26600772041477005
0.35720486405260293
0.2832347040423301
0.3100385601184725
0.3034071025048833
0.4042802898257507
0.37389646825061773
0.3514340094302614
0.4411586125301331
0.43111454812745476
0.4790557867328337
0.4901196221744509
0.5074981751195988
0.5098800703432359
0.6018191423409505
0.5292804184856819
0.599900761561432
0.6555702058730413
0.729505703556744
0.7582745014547398
0.7767009089188139
0.7970463944422993
0.7585204697967403
0.8514323754934692
0.8556606541223308
0.9520666651216303
0.8521806231739846
0.8930891144843811
0.9129878283693682
0.8751346317709416
0.9226089280473527
0.8928698083084066
0.9327860063449398
0.9107457571672839
0.8916820988408491
0.8540469770866927
0.8743797950238086
0.8477033757602737
0.7767867912854286
0.815896481969881
0.6710740334945583
0.6827070844366507
0.719460933361753
0.6789379441258994
0.6257013815724937
0.5613426516063313
0.5211619874417603
0.5716937693826549
0.46942264084121277
0.4470672669585039
0.5340860774348799
0.5018989294480302
0.4733922693654642
0.4429753556275747
0.4224880868256496
0.493738301756377
0.4471717921858386
0.4827466392755321
0.408400807482036
0.5056242004199756
0.4286291785449074
0.4944217942171543
0.4714912975236897
0.4785558945158642
0.48506585548357006
0.5336981587992844
0.506774824992027
0.4469355255005255
0.48695686596003096
0.39378446098152853
0.47069951897351364
0.49697402856988765
0.4416055608673097
0.4891684898097901
0.48242248833926626
0.5812776448633303
0.4765803132855991
0.5302772758847292
0.49360815544489695
0.5508526591726423
0.509626351409691
0.5101706516804859
0.5671663652156655
0.5875518634854267
0.5235756411433179
0.5704910614726425
0.5903641736101045
0.5854788817342178
0.6119806171415471
0.6417774522175004
0.5650980765506022
0.6095730270526749
0.6672470592822953
0.6156823019787752
0.5805799189923992
0.6022464093122515
0.6360263403454955
0.6057299186755634
0.5845094616602031
0.5652421018739289
0.6117717978031464
0.5980276054742075
0.6045699293291403
0.7372511199073056
0.6087325904709529
0.6339703006426954
0.6482927582781658
0.6828590093243325
0.7011964970641789
0.7988696300332954
0.6819265743974311
0.713894070029897
0.743186646042511
0.8019994548543505
0.8475794246485696
0.8171111005090262
0.787843049805354
0.7245103521818179
0.767669864667361
0.8418537986417681
0.7737537229449034
0.7697317850625287
0.7919914429492295
0.7473701443488323
0.7975213895600954
0.7355470767799982
0.7566045811913573
0.7375585402087776
0.7554795148916158
0.7230253766216922
0.738426140759454
0.7498187002472899
0.7667323140898913
0.6817237547469718
0.7291350950169979
0.7379013185200016
0.7662671710658652
0.7370849341699875
0.6960447038724878
0.7352888281193947
0.6988442340092575
0.6473410382812863
0.7053153192844654
0.6642811322027095
0.7126273680369538
0.6057550389258578
0.6652644611488746
0.6330106443468076
0.5383439683773753
0.5337633269811966
0.563505177299036
0.6194627482262912
0.5227879152607591
0.5271971554742902
0.5511059268264161
0.49417476659131326
0.4395631622583923
0.47330309708906015
0.5266213994085325
0.39050630441950895
0.5027955879956888
0.49593771019239774
0.5540659592429604
0.5057096647152641
0.5300522534623509
0.5542532386123371
0.4517349717411839
0.6102051939332283
0.5528736714739915
0.6243314263839027
0.5387102823519149
0.5624278007596959
0.6400172280317004
0.5847066362353017
0.595016960853866
0.5650705338149395
0.6809937854797259
0.6652706517714925
0.6115676718291454
0.6693069775914952
0.591077092904374
0.56281274473334
0.6129873648306163
0.6614886089892643
0.6088896722036782
0.5624521061972522
0.5748286307759543
0.572026767971243
0.5381285774160236
0.42123964825525406
0.5761721812347113
0.5351692636431331
0.48994466794823444
0.4760380188856384
0.5165114513141409
0.44277162788319635
0.4248336798775857
0.4429491494753453
0.3917118530364108
0.37981833896484146
0.4199610792980155
0.39268868359272313
0.2946914139569675
0.35135138127207016
0.3007031278720091
0.33555431946546055
0.31712293582579454
0.29802002681661255
0.340539118136953
0.34757318317479524
0.31769111245567033
0.2974668267394455
0.24912409582937978
0.1933539305722537
0.18980388080736657
0.17134767157712652
0.16692416658581313
0.14994081514363522
0.20356389272647624
0.13517239120429195
0.10575482830944886
0.11954026935991857
0.13863491395927927
0.08795740817005156
0.14730718807237453
0.1179460478491193
0.1455360969196513
0.11994443066366442
0.21693796321752307
0.19364771787272084
0.2105410505379946
0.2247819494899004
0.20280704585515055
0.16473308827173097
0.23954385656260488
0.20210910002797683
0.20480381110925128
0.27909956094085653
0.2005155732590419
0.23767659437347824
0.2682576389304328
0.2547811699939192
0.21348876531801178
0.2609048033267481
0.28649784004116896
0.37140605932578286
0.323930695370196
0.3687133459804554
0.2682527649494116
0.3149053404412736
0.2706464478612822
0.2619952718058426
0.2546776466223894
0.2513447417576728
0.2557086943946619
0.2480722585422868
0.31618884009830833
0.3484556762540322
0.27134794614541824
0.28567296186157165
0.3884747172757187
0.35007302883027336
0.3686585350348027
0.3991762505640124
0.4312095539859644
0.45466535820586174
0.48977948326448656
0.5269542511877899
0.4179845574052434
0.4960112261171224
0.4164746712370899
0.448306166443288
0.3671707465229288
0.37624491849237685
0.414696103112447
0.44849730834114754
0.4181095182903432
0.4556806282482899
0.44199807740303004
0.4718782430963961
0.44268879439210285
0.4049300676363403
0.5024631584648455
0.4928305843673819
0.5387023686065238
0.5571470715407852
0.4956528299801058
0.5107111621653317
0.47973216661508056
0.470980958691174
0.44654603773748847
0.5299803031422263
0.5160839396710288
0.49357841176666467
0.4857994491704369
0.48928191081026023
0.48300647599519536
0.5212867881172447
0.5460795416955107
0.4829320104761059
0.5083279878531544
0.5043004126816457
0.4795235490934743
0.42623854538476685
0.48476061061009046
0.3531598901632167
0.3614166057533496
0.3858943235068344
0.40961990786569247
0.37945045116934845
0.41201455268124426
0.39433376441894924
0.3437463779624857
0.39990717342589244
0.3876681025768628
0.36230550578311016
0.3626100844196171
0.3291834569751915
0.3563113991275836
0.2929637370571598
0.3048851482478311
0.26519009751579037
0.31158639706513996
0.3302399911076672
0.27775058497398936
0.3459480235275955
0.2187891432458872
0.26036672755412593
0.2775088942061269
0.2762340470610362
0.23830832254645343
0.2618101677006524
0.32592746330878736
0.309412306205942
0.24604235142244008
0.27305899614616824
0.24615644783163668
0.23653251263513356
0.2240355756781711
0.2182171862218838
0.20173055932150108
0.18960987014142178
0.16390337347478587
0.2285102742926333
0.3411378432568076
0.2430622895672088
0.29161611205875293
0.32166403143435573
0.27326408533598007
0.32696521194178296
0.3992511855624687
0.45047269915856514
0.5268024026447138
0.6462767598579239
0.6207398148715856
0.49122274182476866
0.40749294930317137
0.27451091231205554
0.322049247182751
0.3032674241417563
0.25850055317633114
0.2883925283045823
0.23158851489035584
0.30981900230382386
0.28236769846999216
0.23325181116490484
0.28085628051633665
0.34597858890357525
0.24716447454571605
0.2793431124806265
0.24470175357224608
0.24903733348168555
0.23393101541763556
0.23993638657872954
0.2810424302237088
0.25556070249996177
0.2897303205021744
0.2693855018696734
0.26571412298231534
0.2956594293326087
0.2738990545706363
0.2279487133013002
0.28796375227245874
0.2977381496126579
0.3225865815434787
0.24125539045026007
0.3070018429167027
0.312553462061819
0.33309647941294956
0.3444352598848279
0.2712683804468961
0.28444823463472324
0.251140932049475
0.2049091801637109
0.31034966042418816
0.3705387787008493
0.2832422283014822
0.37747300371967857
0.3563931881597211
0.38040952355791813
0.4560595591274541
0.3754009787546124
0.31743692468674123
0.3254244297903977
0.30808830102477713
0.34209007877620445
0.33910454296824605
0.37010990561896673
0.3285850965331741
0.34025705056422056
0.348423093184572
0.35605183452761185
0.3766253900427359
0.35330507114467674
0.36106335919299615
0.38504870558145204
0.36843216061987866
0.3628701841453313
0.33491486853292174
0.4053831522061245
0.32702743134686846
0.4192025820795721
0.38642233333104437
0.37639788151137854
0.36509140566066356
0.4126149279514795
0.3663334934837723
0.39294787261492137
0.36264726315400436
0.42606591999406435
0.3967380365292206
0.41859320179605186
0.27613882556500213
0.33881018586109296
0.3096145506811556
0.3660975217810911
0.3779052736431121
0.38240246077733575
0.36563960964189124
0.42569966553982647
0.345790598379349
0.30684286738107036
0.3063870431330251
0.35994770863524184
0.3290635534151559
0.3232179747111317
0.36503012224617315
0.3711864860635413
0.3197168207729665
0.4098604931811065
0.386632589978066
0.33596521137743324
0.4472549252906013
0.4228761309781416
0.4193733493032567
0.47645609242210657
0.40920247506905594
0.4804302978190952
0.4729160570396908
0.49221621701659146
0.46030524465355804
0.4863632488864676
0.4622700998937216
0.34590666966851796
0.4118788679010828
0.4260043887565525
0.358832253559425
0.39545544639927854
0.32862344853911596
0.43473900785878455
0.40466765370557445
0.3843545706836247
0.37967913099018086
0.4956671005768968
0.4435056642653436
0.4586820555987902
0.42023155254215605
0.37279036784685915
0.37261009303371095
0.3796127347568664
0.4654909607534604
0.3692568449035049
0.41672744849560284
0.39682357056619066
0.409573764830416
0.3556728071671996
0.42460455243291007
0.46709845576698406
0.35485979300211795
0.32602683496272356
0.3696347132700052
0.30537167195231685
0.27777334111816115
0.2689867879766769
0.30885997854805997
0.3023439451667716
0.3353774373242784
0.34018071660113813
0.37814683165657903
0.3480132540743809
0.3782776268835792
0.3434282355813457
0.39718263983740926
0.375507665116082
0.36083200342105065
0.39056144476759863
0.4258202142431552
0.437596120216293
0.505591593142895
0.4019980636336557
0.4088645520417749
0.38111852260660345
0.28014658362404776
0.3621752086017163
0.3866888080676269
0.43621373129786295
0.34531257894342404
0.37965275258256675
0.32218159777795397
0.3777045419286368
0.3194945956821881
0.34035961700551404
0.39281593083401056
0.42635291528363906
0.3451786855600968
0.3069432704973817
0.3731182190959009
0.3863842175324731
0.33922409522138697
0.3371090098139381
0.4317855592948227
0.351617008293368
0.3272976800093287
0.4201106889665199
0.30878530498579765
0.28117381079188364
0.2814999649664507
0.31636180873354214
0.32904791381301113
0.2792777150799442
0.3546599644511424
0.37668052269184027
0.3942352409347284
0.43678940838561664
0.3814089226679533
0.4095674843724702
0.40194508007391216
0.3778685935075275
0.3782398477691644
0.39581705915489485
0.43129594299747015
0.3741572941537998
0.4138015512555655
0.33731287578662483
0.45820719237464147
0.3462852668302707
0.3400906403448666
0.3527152393247457
0.34657794084820215
0.33218371846067923
0.2621230550457312
0.3083046521217108
0.26720519521151087
0.3241104553180742
0.24866563153477464
0.32083608443898537
0.26066547020976716
0.16772390501152223
0.23486558183320216
0.29042057111213
0.3029164580414736
0.3240284066363802
0.20031715645974757
0.2964787122293051
0.35016341474871027
0.29739490476061586
0.326424145992509
0.31923655897733755
0.36351114995094946
0.36804837975863575
0.33301901590022376
0.3693050723363303
0.42508843803646645
0.4102162501826548
0.38861487183409227
0.391943659522059
0.4075702244766495
0.41888731808377866
0.3764507254713258
0.341875561353071
0.3755489129658523
0.3645547794574121
0.42264734722967406
0.37547429123861387
0.29462242637836134
0.27792157789541316
0.3202983215897108
0.3673454166058613
0.35117081112843884
0.34115961578461135
0.3452998535415988
0.3516547648223149
0.3176719358236556
0.32258489227691167
0.2308234592601708
0.16114815160929877
0.32996829133002964
0.2653595786058422
0.25914407463458805
0.27299547568954696
0.25469523091707297
0.3446248405322231
0.33432289150949146
0.42300677032840406
0.33912087230527543
0.33246728404503234
0.2309769698318402
0.2824811721060627
0.3677263222725903
0.31834205117580644
0.2567166566495318
0.3191465396235741
0.33446200866421594
0.26358193696028653
0.2930948082024923
0.3075235187150866
0.27553411339772904
0.38276216905266164
0.3175100312826782
0.34275831467566586
0.358738714052909
0.3968715731717085
0.37483395663065533
0.38988309529281934
0.39980263464192417
0.37591530055208777
0.41656122640402227
0.4271252147762587
0.4346579266469421
0.42404730011533787
0.4469310242692893
0.4506809084005306
0.4237588667049677
0.451930721504792
0.40857483994685884
0.47768365879358393
0.4230313959924106
0.4493106889780606
0.47443493976154477
0.39335807715639837
0.4612844845283389
0.38478040109238437
0.40414295046450294
0.472268608002583
0.3527158342121209
0.4327088713475876
0.47454170802835827
0.4342359474035886
0.3815131622077551
0.477311957273582
0.5149039330201255
0.47193130516273724
0.45827951167599057
0.45035509601592183
0.4775639734432635
0.5404583921657932
0.49660160285369487
0.5536245272000679
0.5433233275350834
0.5863723884132832
0.6083710332043735
0.5588723860056655
0.5498270041551748
0.5679851384556527
0.545963168119767
0.5781609179709731
0.5879227691793458
0.5337540985147555
0.555653941033187
0.5188634820481302
0.5672537857907227
0.4270501897545611
0.5586354765143047
0.43748364018922853
0.5726598590876306
0.5026034151989098
0.48969319760984475
0.4921694531586199
0.43185824556236424
0.5109527645722071
0.49838700655660356
0.47963649447495005
0.4616724134110699
0.5527780540782044
0.5300642704763904
0.43909806151225095
0.44510782872523585
0.48177230783272507
0.5697455774825937
0.5089007609214168
0.5393512907843421
0.5373670423239839
0.496345977537009
0.5730569010620579
0.5117751402514885
0.5387443104343003
0.5178337902020069
0.5011868002804694
0.5851914316697471
0.5413168105635767
0.4283174288659025
0.46709830233948574
0.45819385112462063
0.47032539076710467
0.4443746534969787
0.4171945150749083
0.4629049302246073
0.45256525556882166
0.37633710269719445
0.4076103849775599
0.3874586811372516
0.4069838070904062
0.43928740861852605
0.36984000150919255
0.3887594240447215
0.4048245449920961
0.3553365720253297
0.39741573967358645
0.4353820777033585
0.38334144390884656
0.4039635042294027
0.3100783248272385
0.4272359127687495
0.4085153072484243
0.4228064221284419
0.4903258812053052
0.39625891756604464
0.5231425573392483
0.44639136981605715
0.44634701948070377
0.458999664583163
0.5363816307840485
0.500805827164475
0.41015128301570575
0.5229791296122412
0.5355751190936617
0.5240603242203261
0.48852842541624764
0.4895682650025331
0.5265168115794348
0.44598295993137843
0.43645991812250895
0.4713362851081714
0.5339187947941525
0.46295662682711247
0.4564835179490742
0.46394882096026885
0.4999424155477925
0.43783506239240255
0.3952388149612548
0.43745129094329943
0.3835031655546295
0.38919886278847704
0.2849872438349805
0.3018432165531627
0.32584422614649017
0.3280224884409391
0.27480854400651
0.26407640982712965
0.30011015591890666
