0.3813979909246897
0.35068558034170827
0.3625773837680276
0.46844923064131183
0.4015748265230272
0.40852962727423814
0.4191790489713101
0.3705753455194627
0.45046618913023123
0.4103607300348464
0.32008007934710486
0.22302452886798743
0.3467031379041473
0.36184929275474026
0.34243324211610576
0.5214307371439195
0.3953927748702475
0.347708577831726
0.3729592518434646
0.2884617896733639
0.35712199912024606
0.40774519259409653
0.2949325692865321
0.42072165294418934
0.33217091624958034
0.2711203939631884
0.2669371762927173
0.42373794443040774
0.32424302805730537
0.40414836815460764
0.3243873340208445
0.35052008091246906
0.28144304570180795
0.36289180093885165
0.3341301367612086
0.3700397906756545
0.3311850978144637
0.2846841088549039
0.34210279123104864
0.2628668055640492
0.29296669222943
0.45034748736806546
0.3153678549119342
0.32422198854740764
0.4319226750450435
0.348553308289867
0.3152371760143023
0.4507766706327949
0.31175160668167445
0.3817251884902813
0.4127294104148525
0.3056435969514396
0.4505808385690324
0.3615321297461154
0.33303398300695913
0.36587930526436063
0.3563707523996196
0.4084686003952282
0.30713333596239745
0.4000949729710292
0.41022962245100364
0.48922806855545314
0.4327127513386806
0.33839953670782963
0.3890250924975697
0.36168785289149336
0.4201895709188974
0.39040686032946975
0.4480328080084464
0.46067125658288927
0.4894836061920791
0.422349983264114
0.43332119328321694
0.47263311870311514
0.465548532482678
0.4610414979285023
0.5470485871914736
0.5914241768839478
0.45986215219181625
0.5396585798323109
0.5332290911198171
0.47170778758176163
0.5599493903179987
0.6440448862226938
0.5761311527986828
0.6114539755306587
0.6390901586505046
0.6660036669844372
0.612810291681257
0.6537514619902259
0.7408209917919185
0.6191019109025174
0.6827431543183039
0.7299971889596515
0.6409022119086989
0.5771890741565034
0.714646923701591
0.5313528918663943
0.728659408049017
0.6391930313344238
0.7893875806786679
0.6766196879502642
0.7553979082550378
0.6513008611838251
0.5959233295916122
0.6581939628429689
0.6922681650918111
0.7239422936909405
0.6621299009583673
0.579907125697175
0.6218873727951845
0.6523974116171705
0.5145424236803942
0.6336187180221656
0.5450049959146346
0.49214070425867984
0.5219769863077649
0.5429248957615272
0.5724371687866346
0.47121861099802764
0.6197196806254814
0.5129029884687138
0.5937826050996987
0.5395569466790119
0.571358444584108
0.5568323907338105
0.5439393631160536
0.4646748077954555
0.49518178474405766
0.5849750289994292
0.6238115956861116
0.5838582091748037
0.6610433522047263
0.487053619067735
0.612205018706649
0.5976322495875074
0.5752758069697357
0.483923577071574
0.5610619664969464
0.5640895852793022
0.5854326029296824
0.5595588008213629
0.5428883477303202
0.55646783442111
0.5638995131563388
0.5411439023401271
0.4492339212661386
0.49316897645895175
0.48777022675172754
0.5719782660568864
0.4403408675439769
0.42002305002047413
0.40035256964483396
0.400035157342757
0.4477570610874387
0.5289915574048047
0.4293137230210803
0.3798427776836517
0.4389289622186499
0.38661406459754866
0.559800949076745
0.564060242362002
0.4864024409937048
0.44486737901767953
0.5332950433981369
0.5748772313537511
0.50736150968321
0.4224590382941524
0.5221741242206814
0.5320382374343291
0.5098107945033459
0.5820977766819128
0.4659189450108515
0.46761975436544234
0.46938663860118357
0.4865096188569866
0.49341087742091516
0.46530036701170174
0.6082736249838576
0.4128507497119684
0.467624058312865
0.41726070900575557
0.38645841783993656
0.4406506428685801
0.403802442353468
0.5228584621829165
0.5021326281763309
0.44096450663872405
0.3115999028246676
0.4714179795284076
0.3775978071539645
0.4282053503146259
0.5074022862600358
0.36640737581527194
0.3687669948012453
0.2971910286240527
0.2743406324490032
0.2547133809190278
0.35680317814475593
0.3823404453952094
0.2993971808880484
0.45119839030895753
0.4379433940262767
0.34244560622320463
0.3696875264397008
0.36872594242960144
0.4229124577183986
0.4313030963705901
0.30733029821234503
0.3889749342249285
0.45179477896803827
0.36487376924935666
0.35714363943975747
0.3638545425885904
0.3270996461669794
0.3820493390963014
0.37189230777218474
0.23823232869103592
0.2686776391497633
0.37476153799967504
0.3183967540912258
0.32256633017753095
0.3926032477435043
0.35084258156543974
0.27967800739755005
0.4159776990931495
0.32530935731395394
0.2546947052186092
0.3715708482286164
0.3402312110086208
0.25353971074353293
0.35561784671374375
0.3079224444013725
0.35951489517333457
0.382216022285132
0.40362737102999346
0.4193514963418892
0.4431757532544559
0.43769006866911686
0.4521044958723569
0.5543050798645173
0.5292829491338134
0.534514322963582
0.5878653364339433
0.6233969566635543
0.6953883382909957
0.5120772500590307
0.7681065441356909
0.582384463011102
0.6572478852637825
0.7275564692800164
0.7112100034638799
0.6971778642175653
0.6911617148963227
0.7015435894562985
0.8974641892483922
0.8200146304564881
0.83278427315863
0.806507837094838
0.900475375779391
0.8974300391409114
0.9376376600313936
0.8506870492659167
0.8591936315118911
0.82738335968523
0.804021401499108
0.9219520668036767
0.6865299201795534
0.8273107100432775
0.6788305396676181
0.6688662165160387
0.6590996406887532
0.5852900487501974
0.6104962306575061
0.6057152762840733
0.5006948519365467
0.5321713018174179
0.5493929241261354
0.5216789697582715
0.4481030505170694
0.4657823342397557
0.5454412390960229
0.5088795094220676
0.47022472335865045
0.39246856876120484
0.5730736139614359
0.3899065624475491
0.3972202866591464
0.5973221680667887
0.38326431438576275
0.3966684609400812
0.4017713672309122
0.4735935616655096
0.44245000694064573
0.4734634615697877
0.39206846070575474
0.4914724974875613
0.5256932121355817
0.3667681404734088
0.3747684442107187
0.45770265791583675
0.5237577904692781
0.6484393562336077
0.4356259349020634
0.44600027433688266
0.3901490703024588
0.41193122291791023
0.48483334033328906
0.45247659959256237
0.509392874537615
0.44041341673976736
0.34073616751113667
0.47010263976606154
0.4984782998114959
0.441587230297737
0.609182294516682
0.5255285513024609
0.5181593907155514
0.5254631976098102
0.39821519061575844
0.4646186391946901
0.5023109089785662
0.5207532254381766
0.523267440604352
0.5374783427455503
0.4498139597013436
0.45385599261568677
0.4520351386884868
0.532697209397985
0.48827179189545844
0.5419598492598319
0.4746611145509074
0.5428732657514351
0.5342434781772418
0.49068021958003666
0.48001523179679806
0.5723860925331734
0.5965418177261677
0.63623526084233
0.5699365270121324
0.6647344927031431
0.6417783658304125
0.7615025973777261
0.804516384129874
0.6889843039368976
0.6301248752466124
0.7319236027309199
0.6810220588827809
0.7431793755470893
0.760460333753299
0.7570658840628937
0.6461653993275622
0.7451100895280252
0.6130716264286095
0.8173694400345358
0.7139992721365594
0.6775830777826147
0.5851837008631071
0.6742183285579885
0.6920793722080127
0.6399266112362302
0.6720316276563923
0.6654524664359693
0.6270531164347357
0.65511430053171
0.6443957300396208
0.6295252974271139
0.7152886466093554
0.6332997634182032
0.5938431299364696
0.6298842767932806
0.7375172376345518
0.5099303736028634
0.5080693951643357
0.6130077359384725
0.5560691394613133
0.4698576279952192
0.5912397982275731
0.5660130818377613
0.44593882204817403
0.5386311158341641
0.4563716170905518
0.5053756753180602
0.5709689545360034
0.45938512104988943
0.4573054951801167
0.4391799104569898
0.45490526424533706
0.4410212291759683
0.5380699447391994
0.4810472315629713
0.45793969917372485
0.41693147717308987
0.40199474210639335
0.42478197318392946
0.45986376336681467
0.5401636945969926
0.345192238762134
0.44526076146168125
0.49975698898589804
0.7023457911466628
0.4932189228339062
0.5153249360127284
0.6536531050970966
0.6143345120187026
0.5990331332875172
0.6109411140980672
0.7313236929137679
0.5870624016757008
0.5743778539648025
0.5815700459508202
0.7966468835072664
0.6012484773491208
0.6574862635810873
0.605693247772425
0.7842072295233715
0.4731700495702505
0.5414158767312387
0.49357283023814713
0.6231543720336385
0.6464099935498898
0.5640876814437422
0.6447572310515179
0.6744050979921109
0.5497393839036054
0.3304042722036603
0.47823311258020235
0.40935783121946523
0.41621384978626663
0.5067434113974469
0.5599408289405463
0.42873384942231224
0.3544955510946792
0.5282442598806423
0.3417481885492583
0.4470577347395187
0.41987706774922107
0.4502324009703113
0.36561747983718884
0.32572109511265174
0.31987413074544935
0.3744963923997267
0.372088795039701
0.19358835059457788
0.33840366608164535
0.24153203866667286
0.19863208293182022
0.1936433222594738
0.30206774527056035
0.2731172036579072
0.19650997130430942
0.11956222202111352
0.24216702366289497
0.2540768548232701
0.3082091876431017
0.3086740892489688
0.08627430308095066
0.26972130372827435
0.3581320915409193
0.1397702796770195
0.30100314446858634
0.4417786720278125
0.24506845725398704
0.3173291721338434
0.36031583255314753
0.28390473616985423
0.4349037115959269
0.12282400129077232
0.21572629435111965
0.4239887398176002
0.3388413860362671
0.21918842847098102
0.3178032590927889
0.17865622360216915
0.3497195967216347
0.2536225808811446
0.2645248290567016
0.25674817253396914
0.33962166325528215
0.24569747976680203
0.45285141780032045
0.3730300434652869
0.2890945266492381
0.2618865190993823
0.37627799296321174
0.31039228853694606
0.20242207704471393
0.36430060319434737
0.18847170640085922
0.19625597590023774
0.3898983440295368
0.3335872659195136
0.4137355338389577
0.39388112268482967
0.4602774950110221
0.5850058749013609
0.4942302116610934
0.4414872699999272
0.5827330670503291
0.48795130312592205
0.4855247813491644
0.45274612307869827
0.284445685995523
0.4254065556994163
0.23931646921864258
0.4074444156797311
0.3696490945150895
0.4363674708010645
0.31451663959547443
0.3384206280351636
0.4184444235112608
0.4688069843731021
0.39977781661583495
0.3266858238944171
0.48076805539331824
0.4657186189105194
0.3809589450601776
0.4602826860376746
0.5723730004094649
0.3408467165611326
0.519430331286895
0.5482566479239165
0.5018322455655329
0.4774604510378686
0.46577715776643464
0.26589765349851463
0.3854192898528165
0.4509258562665387
0.38266248267001485
0.38580767775288083
0.4328477818898747
0.3294803613788495
0.2594748066173527
0.3785597260017848
0.5295732902052893
0.34906458422324915
0.34292815267674287
0.39614522814500197
0.5343942796808181
0.361287368633838
0.31350869884700266
0.1984947474511059
0.36913669634783125
0.4037799885756968
0.2891085050744542
0.34453848854807956
0.30563123169605577
0.33467330111185156
0.3815532829054737
0.35047728763383484
0.2684160868553257
0.28182615510451803
0.45205271154863913
0.4405479924230749
0.37941462851293906
0.34493727911336164
0.2929650938646597
0.3817027604606654
0.40588522956877504
0.3812822027477599
0.29880141810628663
0.2595426633416801
0.27324179083130273
0.4069969171742884
0.35225851123373336
0.4407158866421171
0.29781826274579604
0.2931328804871784
0.2605268837051239
0.3292258353171643
0.34692053425923897
0.23524723995975824
0.4000655031135783
0.42718626595720083
0.3511100585906862
0.30736280971132723
0.41824502085878446
0.4797856787421755
0.5495175697198043
0.5585924428638864
0.5473569777788156
0.6615310443229081
0.6850880194108897
0.8747464716461211
0.8721798912498977
0.6148063118473573
0.4891805355593564
0.4275993734293614
0.3740936482346735
0.5216395254040002
0.4931929867550033
0.5368915447902394
0.3430709667074982
0.41203106843195175
0.4269117561481426
0.43952674184041096
0.5371062470929461
0.4196942844912588
0.31571417524493944
0.6018460169959926
0.4417307570971615
0.41790084131883154
0.47399478067183853
0.3133502266275104
0.27215246816947136
0.5468230335794144
0.41442344064888087
0.46588932397124916
0.43239880600143976
0.45884941107411287
0.4377428465067513
0.48047735514492584
0.3014310264595524
0.4797941645444058
0.3778881026291097
0.4704516582286583
0.4372152868291313
0.4373470465035444
0.25690030724274626
0.5286592160948862
0.49702432058429424
0.5053787173397714
0.5257868254869872
0.4514677241760794
0.548402910808246
0.4994412476014381
0.4658323955095229
0.5405913411241409
0.6513494072842099
0.4133827939831726
0.6147019280209851
0.4466651104328878
0.43342827843133785
0.32665477294437156
0.45830308909654893
0.46038796345733274
0.40533811252072227
0.5123529592978141
0.5436999321776292
0.4673022906056211
0.5491661372343418
0.5031519991666928
0.5233524613296776
0.4151601085687782
0.5489789972660669
0.5248986364615427
0.38542356942676387
0.5743391436674081
0.3431358639965785
0.35997910312494075
0.4424290248143881
0.4178587510105686
0.5107403777656417
0.39951835777865996
0.3699376600654222
0.5679953655699397
0.501610760897474
0.4204210960612846
0.4544872063420853
0.516625326869926
0.4323227676968609
0.4450740200619703
0.5702245789551761
0.5962545507774326
0.5164455236508174
0.5058940318630344
0.45395539530769047
0.4511848644767145
0.5635441209386685
0.5657431939341531
0.45036831923100556
0.4303943604235304
0.41158139718572856
0.5864169735389692
0.5296921770329862
0.5680094440424062
0.6068644406937576
0.6142908612023061
0.6463408646531039
0.5695741176089127
0.5259729336938669
0.6590362105350821
0.5937321282061281
0.6314982143619616
0.557951097281497
0.515723013513265
0.5658667817491088
0.5466627801116719
0.4828299135947401
0.580141181572412
0.43516530894337974
0.5775750912592514
0.5702772834049861
0.5743370204490491
0.4917109007793261
0.43454664453705577
0.4827824677604908
0.628843338397443
0.549436887027153
0.528595868144513
0.4564766007188264
0.4207575446696687
0.5432884348832244
0.5886261291938647
0.5045098931904278
0.627092458058086
0.7199951911434692
0.42242305339800623
0.4349615228312428
0.5367652655878494
0.7072698049759087
0.6401100635031965
0.46895560629297117
0.6636017867817393
0.5129816121871439
0.5644615827081568
0.5713502105505792
0.5511725854422235
0.5536586747070961
0.5381643257085136
0.6084069914034116
0.5234295706344039
0.6833573567581543
0.5020906137942118
0.5660646670207264
0.6220575663209047
0.4261037798595433
0.6175196859149072
0.5836017069204444
0.6309814837426512
0.6417750987025863
0.5775693702563001
0.6346274221716867
0.4926865606030614
0.7637258293893601
0.6759617209477912
0.7035812974669249
0.6000097149098148
0.6215344580686174
0.5926928889627938
0.5706892517788502
0.5868916567105353
0.5599757953149448
0.5033035220163451
0.6992871963894273
0.5607931564868359
0.5820473092139419
0.5299985849033502
0.5993221974217443
0.6369303590725305
0.6695533315049282
0.5222761655962221
0.7494689603088469
0.5699281086510174
0.6726420762869499
0.687279606736902
0.5792490115634621
0.5513533299328418
0.6138971287369934
0.7396085995414261
0.6222901257733783
0.6258020636109448
0.6743500440235015
0.6084715652972131
0.48057120664850117
0.5478722569315391
0.5831510605209138
0.4494192263786357
0.5561222844719735
0.48974855145742535
0.5339804212758319
0.7105329087485388
0.46159880075098975
0.6944481793768954
0.5013298729280002
0.5320589195655258
0.5126517295194578
0.5366812966730963
0.5275507685173783
0.6421255452622189
0.5718837758689208
0.4200317256422016
0.5404272008750703
0.48958560872393786
0.324478616796673
0.44868779843993895
0.41982526011489024
0.5316219941183319
0.45629122275395556
0.6134955317627595
0.6340295250014932
0.46418924958071306
0.5626496748431786
0.1373256656385058
0.5476654435654478
0.39800878010099233
0.4277271947492899
0.4416165600387416
0.4368793397202512
0.422763528574849
0.4237534348635197
0.5789820562430683
0.49070477993490735
0.3867515558284412
0.435141788079443
0.30520955978364017
0.4562487261684803
0.5902488208407554
0.34333942160070263
0.3759064232417978
0.4000549495201254
0.46105791194213996
0.36013489696604245
0.4788053092452681
0.5367152407387487
0.3847022393683766
0.5682209891847152
0.4506885400093504
0.48944578662397215
0.4690374314454243
0.40019026021885884
0.4646322959428786
0.35140778581691284
0.3141898398808117
0.48155952322118417
0.5269521732772567
0.5153681589853273
0.3827052711400005
0.5143317246778478
0.32473043425925696
0.5058660446409347
0.513371963118659
0.36356169463283916
0.536585936708124
0.43874304213447907
0.284117882554186
0.41156390906085283
0.38795735271487264
0.37366454645877123
0.3148412091472084
0.37445698285453954
0.5228680883189537
0.5296843782878281
0.3809849723407055
0.26159831486433693
0.24652956824817
0.25073717316102123
0.25911824013985585
0.3132955813555311
0.35652897882834306
0.33989217059350013
0.3303785889662828
0.3719914894786548
0.3079364949632578
0.5038447229047094
0.40629952519910295
0.3188896533015928
0.39826244411596007
0.24022427337595692
0.48522491262437717
0.3365908176643554
0.33092222367259116
0.45451650399799526
0.4766255904006788
0.4769344249306522
0.35714276614062423
0.39415413263192567
0.19867555337387915
0.3470827619321375
0.46133865360121196
0.4851709372277774
0.3823887410293724
0.24037077833149442
0.28875154318429014
0.4003484718129406
0.3915535705147048
0.37012115571622217
0.25207787310367535
0.4980667531879841
0.38569696291968286
0.5318836501325966
0.4149713211373692
0.46511632585985946
0.5467444530274638
0.31100936530059864
0.49044941925417124
0.40881947552090825
0.5396876010721424
0.4528076966822027
0.3751547216240498
0.5380321453146634
0.42531985753534607
0.6006439291889375
0.4394493199032953
0.4711018668220996
0.4345173803237942
0.5012162155820783
0.4127707162522995
0.4710008535587748
0.4997707871173327
0.44515211074158134
0.5100975151486926
0.5168598239723775
0.4305320624824813
0.3224055644971722
0.6635211402669373
0.4151222063043771
0.4696367206758111
0.5862674039766652
0.5370143358700236
0.37527648128644703
0.4020491447521118
0.43244468742301684
0.39472928409968894
0.4672730912008893
0.39263590437991014
0.3246846550542073
0.4808479686951303
0.329809015842442
0.3468263786473795
0.49059482676962873
0.31358420984827234
0.4949542084304849
0.4710525739084455
0.4092048231256331
0.35947766787850366
0.37494355473405433
0.4107212762175513
0.3691223780294746
0.5545856498666597
0.37697129764225196
0.46377630374257645
0.5842563755076537
0.498863377259512
0.38020589071634164
0.3811136184296251
0.3943695011754672
0.4578019437806294
0.3973882614365415
0.35217846388661767
0.38630375397264477
0.3783434387350698
0.43823865645025184
0.36176808279495537
0.34325755803599517
0.3041046515639179
0.37366563093173555
0.480453520916736
0.3979956767848313
0.2076634037188308
0.38813932061662704
0.4373393943929583
0.396598312000263
0.3057340238996329
0.3001832956341589
0.4756593369769621
0.3193930981961575
0.3469987531166005
0.2915968674035107
0.22055826192995717
0.36138988426984586
0.37304024725108054
0.4412367067990809
0.40109793145619443
0.4357363627621654
0.5171354977802942
0.42813451962243676
0.5472481476089222
0.4936451977771981
0.5608895365421613
0.4399471568437169
0.6305248095037483
0.5500994121721082
0.5912907641617049
0.5274263283764956
0.4653540042377181
0.5915109759426606
0.605382876207877
0.5142681256836926
0.5655818409793906
0.5716095888164454
0.5654405059282069
0.5564816277937508
0.604075302010112
0.6354662923566035
0.4769028491494173
0.6343019040481498
0.418233506708394
0.4416660268689152
0.4964490156817494
0.47700275261571123
0.5456389369250646
0.4869676901286524
0.42600669778378786
0.5214017169014585
0.3486528418029462
0.32830486500452605
0.36770358092908495
0.5779005070858827
0.4783113451199007
