0.3074535683366275
0.38350838791878344
0.4758980055211618
0.3886048449010928
0.17056796092716314
0.295594504973946
0.4206210490207289
0.3659484800470443
0.392949901174472
0.2729381401198974
0.4142178081968017
0.5718649438899689
0.45182051323935385
0.44610333393227597
0.3423283621098025
0.41826883810581683
0.3798167235662131
0.40673647070353974
0.41732141982064397
0.31349744360410986
0.48741403812541867
0.3182345350299744
0.2471128244499257
0.33927375488002093
0.31714010356261946
0.24593671899246966
0.517764092846992
0.36491938777177024
0.3263692644440452
0.451167121318545
0.41263333278884007
0.2597232885215375
0.5151505251637564
0.34588934807821103
0.2746532939120208
0.44840654045312733
0.4261258759535439
0.48550286675705256
0.33252748329766907
0.3428837452424901
0.36957480520753366
0.4779398552736896
0.2922622061778206
0.3352553945670462
0.4272529770169392
0.4375765693657198
0.4478838269164802
0.29482676946699554
0.2724480961792908
0.4950423888008625
0.3909733906140251
0.41758277658896753
0.4115062317254447
0.3890948888416995
0.39928780280631837
0.39319492314477533
0.48511083160456725
0.3156046325487185
0.4238226694326925
0.41764811578104843
0.4768617586043549
0.42171548048808377
0.38283866119995424
0.47465656087162494
0.4358124111795358
0.5602835720936311
0.4724350283408746
0.4825299335173721
0.41099985298681785
0.5681079403453178
0.2514905503193453
0.40861497247586537
0.500367532955455
0.5267645665561347
0.5531452653587939
0.5141867720805633
0.4752609483983731
0.5506297064636797
0.4136460902660939
0.3746549273918228
0.6296901288815564
0.5906989660072853
0.4700174782338817
0.5453372319051275
0.8003397637988208
0.7939855273689541
0.6242669759388425
0.6669007987716232
0.6605302275437365
0.7357683072248812
0.7783694604616215
0.6249693722537121
0.7329097175713424
0.8081641320505073
0.867034744115389
0.7462715823518844
0.7398356719319167
0.7496855551381109
0.677894117839233
0.9001290449043597
0.7302798150900865
0.8871592152763033
0.8806416308662344
0.9231774449108938
0.785965141541025
0.9101586108887764
0.7892647707411099
0.6030807429066141
0.7108740750420621
0.6389682941570428
0.5834463156863067
0.8055668991652919
0.7499795815024749
0.6617226677992127
0.6225028177526586
0.730247145494046
0.6909782910534312
0.5537006484914815
0.4164066711315115
0.7364707035397509
0.5338865384929515
0.5109198124765189
0.6676195298845131
0.6119832078276354
0.44198696483117994
0.6313399434815989
0.5592871494143976
0.7159705320243717
0.43161436808833864
0.5556118198598475
0.6142700795504664
0.6402587432006404
0.5682222839314592
0.6594848004704423
0.5711135431810387
0.3683823649520574
0.4923471471275258
0.665267318969601
0.5931981901043794
0.5210800568450972
0.4653457260000981
0.5239386464986362
0.6804913507244483
0.5757362910207616
0.43826263088256917
0.6275176007448668
0.6697103840311014
0.40152567013508883
0.5907806399973865
0.600287492445156
0.5444551528120355
0.5539946748558454
0.6941635766673746
0.5893105081755664
0.4681716460575965
0.559319819010438
0.5361407406197423
0.545598588673451
0.3917247913229553
0.564530619578889
0.6883320537741551
0.6324507097469741
0.5766183701138535
0.5860598833695422
0.6607915843120601
0.37619039840572377
0.6306538819647496
0.7380878485437529
0.5514954507587514
0.6589294173377547
0.7826981819369805
0.6287590453944037
0.5891634949933845
0.7292017184207519
0.6732550352014898
0.5683202927195806
0.49598980708603546
0.391038729806106
0.612767278132606
0.3280844182361686
0.48447377448177864
0.6571489243535504
0.5685163102958233
0.5941619431875725
0.6852121073522927
0.645518548163152
0.4588608111860697
0.484506444077819
0.6081935346869437
0.5848347735180256
0.5124552834904197
0.5381335859782095
0.3350757117888238
0.5403714533069799
0.4353223672389291
0.36297554680736377
0.37225371208285013
0.5285450595403388
0.43981443669449033
0.48174586321240137
0.5236936245283328
0.2715986866822392
0.46054329538215266
0.3717963377382839
0.43006256227641754
0.2922948757738611
0.5139090805142195
0.3434717979712181
0.49973047583266644
0.41098351818879764
0.5018866691713357
0.4947483624364985
0.4386546660350545
0.4478838269164802
0.2937813423937013
0.3356310949215113
0.4265342459040494
0.2887502246034728
0.21625639098972543
0.388833532073376
0.2999885656413859
0.1948741403812542
0.31838154821215636
0.49094235449778667
0.46743658014668654
0.231643770724775
0.4041555726163446
0.23368562047730282
0.4225158855910747
0.415344909260197
0.4245577353436025
0.466374818275372
0.37752985184338195
0.3703915451085448
0.5919077410607818
0.29069406556787925
0.46318953266142865
0.5866806056943106
0.3671409203025205
0.6703147715578498
0.3691010960649472
0.6396053512798314
0.7468106306865515
0.4782012120420131
0.7323706692366749
0.7088485600875546
0.7833352390597691
0.5964488149104037
0.6872702919028406
0.8434146261781474
0.7545533249481372
0.8943138568091605
0.8707917476600402
0.8799228997533447
0.9870791747660042
0.9961613224652477
0.72760090821477
0.9163821689344812
0.9908525131086755
1.0
0.9927473496790213
0.9528741077116581
0.9946421862493672
0.9711037423022266
0.6861595256374655
0.9893333768927949
0.7207239582482563
0.7298224407455202
0.9023015730410494
0.6827128832551986
0.7407994250151099
0.6682729218053219
0.759029059605678
0.7844623401231644
0.6465313056404058
0.4432774138747774
0.6810630686551561
0.6412061614858132
0.7483134321044123
0.4797203482578939
0.3908100426338229
0.5959261013737566
0.588689785850798
0.38543589408516965
0.4435387706431011
0.4852578447867492
0.4943726620820334
0.5361407406197423
0.5452555579150264
0.4890148483314004
0.4817948676064621
0.5561998725885754
0.4346363057220798
0.41108152697691897
0.4691517339388099
0.29858377301164674
0.5200509645698231
0.4964635162286219
0.4729087374834611
0.3349777030007024
0.3931132491546742
0.43484865809634266
0.6890181152910045
0.5510870808082458
0.5765530309217727
0.7163135627827962
0.6600728531991702
0.4732027638478251
0.482301246345089
0.24636142374099548
0.6148417974811742
0.44430650615005146
0.6004181708293177
0.6095329881246019
0.42263022917721627
0.6114278246949476
0.4408598637677846
0.49897907512373607
0.4754242963785753
0.5825642365932147
0.5916953886865189
0.5354873486989333
0.6589620869337951
0.651758441006877
0.5465623417566442
0.44136624250641143
0.5975269115797384
0.3453176301475033
0.6484424770087718
0.6086019046374492
0.5850961302863491
0.5779251539554714
0.5870399712507556
0.6942289158594555
0.7523971316094679
0.5328411114196573
0.7217040461294696
0.6981819369803492
0.8217056796092717
0.8635227625410412
0.6767016775837568
0.6368611052124341
0.9073653604273184
0.7205606102680541
0.9910812002809587
0.8696319770006045
0.699113020467502
0.6266191868537546
0.782812525523122
0.8900668093239027
0.8012545124879532
0.7451118116924486
0.8196474950587237
0.7961907251016842
0.8707264084679593
0.8636207713291626
0.8401640013721231
0.6043711919502116
0.776948333033862
0.6881687057939528
0.6810794034531764
0.6903248991326223
0.8139139809536255
0.8231758114310918
0.7670984498276681
0.7926460739312959
0.5569022689034451
0.6641892223002663
0.7714761756970876
0.829726065437201
0.5613289991669255
0.7666410754831017
0.612554925758343
0.7198745487512047
0.696466783188226
0.4771067805746583
0.5843937339714794
0.5447165095803591
0.733693787876313
0.6940328982832128
0.3439781767098451
0.5003511981574348
0.5423316290694066
0.3556412224962838
0.512030578741894
0.6357176693510185
0.6123752429801207
0.4910566980839282
0.7618059752691159
0.5751645730900538
0.5518548163151963
0.6592397785001389
0.3909243862199644
0.5473300772635946
0.638396576226335
0.5497966317646483
0.4611966873029616
0.650288309185057
0.6597134876427254
0.5547950799588364
0.6622453813358599
0.6062986981165978
0.5177477580489718
0.608879596203793
0.5693330501968343
0.8238292033519006
0.5719139482840295
0.7610872441562262
0.6398993776441955
0.7310312157990168
0.7732076642872312
0.7826818471389602
0.79220503438475
0.8833695421356115
0.7132262859569742
0.7880723304856336
0.8139629853476862
0.6438033943710287
0.7187147780917689
0.5812411179535766
0.6561198320782764
0.6493898952939448
0.593606560054885
0.7338571358565152
0.5637465492739183
0.6060046717522339
0.5829726065437202
0.46189908361783105
0.4715039448537219
0.4647903428674105
0.4580767408810991
0.5657230598343652
0.314020157140757
0.4380176089122659
0.4640062725624398
0.22867083748509454
0.43435861415573596
0.4930495434423954
0.43736421699145694
0.36540943171237694
0.32612424247374183
0.3195086492755517
0.4272529770169392
0.22460347277805912
0.44670772145902415
0.27679315245266994
0.35185154935559226
0.31263169930903806
0.2733791796664435
0.4465280386808017
0.29299727208873066
0.15575719956222742
0.32888482333915947
0.1590502948431043
0.15251964259461934
0.309397409301034
0.2865450268707428
0.26370897923847175
0.28994266485894904
0.495810124307813
0.37499795815024745
0.20519773273003483
0.3457586696940492
0.535389339910812
0.2839477939855274
0.35920220846469236
0.48346101700452476
0.34639572681683795
0.22566523464937358
0.28463385550237674
0.3436024763553799
0.41892223002662576
0.5759323085970043
0.504255214884268
0.46526405200999693
0.4099544259135236
0.4689557163625672
0.3809928290236692
0.22770708440190138
0.5154608863261406
0.2968032800274425
0.45391136738594234
0.3496790212189026
0.32707166075891475
0.4025384276123426
0.3309593426877277
0.3247684542380634
0.2695405021316911
0.3777258694196247
0.5512177591924076
0.545075875136804
0.47356212940426995
0.4837387085708686
0.3469511099495255
0.5204920041163692
0.4490272627778958
0.5246410428135057
0.5675362224146099
0.7737957170159592
0.5390319998693217
0.4676325977229292
0.36357993433411206
0.635227625410412
0.384210784233653
0.5252127607442134
0.4865319590323266
0.26820104869403294
0.14787075907806402
0.5829072673516393
0.5606102680540356
0.5873339976151195
0.32004769761021906
0.5754912690504582
0.42258122478315563
0.6453388653849296
0.47611035789542466
0.6499289436286122
0.4970515689573499
0.4258318495891799
0.6486874989790751
0.5284960551462782
0.6043711919502116
0.5332004769761022
0.6090919485780559
0.30926673091687223
0.581208448357536
0.5754259298583773
0.5860435485715219
0.38427612342573386
0.5418905895228606
0.5362060798118232
0.5958280925856352
0.3614564105914831
0.5518221467191559
0.6278279619072511
0.3771541514889169
0.25717506003038276
0.4148875349156308
0.196915990133782
0.3873307306555155
0.36540943171237694
0.5068524477694833
0.5339682124830527
0.6427579672977345
0.35954523922311704
0.41936326957317177
0.23417566441790946
0.0
0.35389339910812007
0.43006256227641754
0.3592838824547935
0.20683121253205708
0.31575164573090053
0.3593165520508339
0.5826132409872753
0.5608716248223591
0.5881670723141509
0.45214720919975826
0.47944265669155006
0.4087946552540878
0.20743560005880532
0.365491105702478
0.44185628644701813
0.22421143762557377
0.23528643068328464
0.47504859602411015
0.2901060128391513
0.25224195102827557
0.2960192097224718
0.37248239925513327
0.2692791453633676
0.37849360492657513
0.09563207500939251
0.35183521455757205
0.4610496741207796
0.42326728630000493
0.46715888858034277
0.3477351802544962
0.5713422303533217
0.6806383639066304
0.6429213152779367
0.768568581649488
0.8125581927179472
0.987209853150166
0.8515493555922182
0.7485747888727357
0.5802610300723633
0.5263235270095885
0.6847383982097062
0.4838040477629495
0.6749211845995525
0.5230238978095036
0.5671441872621246
0.2519315898658913
0.2797497508943302
0.5199529557817018
0.5151341903657362
0.46134370048514356
0.45655760466521833
0.4191182476028685
0.41436482137898367
0.24627974975089437
0.3395514464463647
0.481860206798543
0.3791633316454042
0.42347963867426786
0.46782861529917186
0.6101863800454107
0.5075385092863327
0.47026250020418503
0.36764729904114735
0.49373560495924473
0.5054966595338048
0.5172740489063853
0.5780721671376534
0.5082082360051619
0.7323870040346953
0.40119897417468436
0.5437200869011255
0.40858230287982494
0.43679249906074913
0.46503536483771385
0.31361178719025146
0.37454058380568134
0.6478380894820236
0.5127983142488444
0.443097731096555
0.2917394926411735
0.4997631454287068
0.3974583054280534
0.703523415932962
0.6339045067707738
0.7766543066694982
0.4457112987797906
0.6211633643150003
0.4862706022640031
0.4494029631323609
0.7229128211829662
0.40838628530358223
0.19188487234355348
0.2530750257273069
0.49399696172756824
0.718567764909587
0.502131691141639
0.18770316405037654
0.4123229716264558
0.5226318626570183
0.5186135023440436
0.38393309266730924
0.24925268299057485
0.457635701334553
0.33933909407210183
0.6294124373152126
0.3968049135072445
0.39290089678041135
0.3399924859929107
0.45046472500367535
0.43027491465068035
0.5734330844999102
0.4225975595811758
0.4187752168444437
0.5946683219261995
0.28051748640128066
0.4401084630588543
0.45270259233244586
0.5469707117071498
0.36357993433411206
0.32721867394109677
0.5848837779120861
0.6302291772162238
0.47957333507571187
0.5902742612587595
0.5213250788154005
0.37071824106894924
0.4487985756056127
0.42890279161698164
0.3600189483657035
0.45449942011467037
0.5816494879040822
0.46381025498619716
0.607344125189892
0.3425243796860452
0.5350789787484278
0.7603358434472958
0.7405870726408469
0.4594978683088584
0.7011385354220097
0.5507440500498212
0.7107433966579004
0.6584067038011074
0.7530995279243373
0.7661346967444749
0.5504990280795179
0.4818928763945834
0.6583250298110065
0.63875594178278
0.5865335925121286
0.6813407602215
0.661820676587334
0.4626341495287411
0.5248207255917281
0.30934840490697335
0.714598408990673
0.5808164132050507
0.34904196409611404
0.3786406181087571
0.620624315980333
0.6829252356294615
0.7125728940361654
0.46454532089710715
0.6249203678596514
0.3279210702559663
0.5046472500367534
0.550727715251801
0.6948169685881835
0.6755909113183816
0.4440124797856875
0.6861595256374655
0.5036344925594995
0.4681226416635359
0.6940002286871724
0.6422025841650468
0.41072216142047413
0.4896355706561689
0.6338881719727536
0.6638298567438214
0.8734543197373366
0.6910762998415525
0.721066989006681
0.5060357078684723
0.5033894705891961
0.5170943661281628
0.8574952220715791
0.593541220862804
0.8196474950587237
0.588395759486434
0.5858311961972591
0.6323036965647921
0.6461229356899002
0.6762933076332512
0.7227984775968245
0.40997076071154387
0.6198729152714028
0.5194139074470345
0.5823355494209315
0.5145951420310688
0.4795406654796714
0.6241853019487414
0.7034907463369217
0.5541416880380274
0.6334961368202682
0.5658537382185269
0.7268985118999004
0.7409627729953121
0.6243649847269639
0.7201195707215081
0.6035544520492004
0.8137016285793626
0.4358124111795358
0.6133063264672732
0.4804717489668241
0.7560071219719369
0.7375488002090855
0.7680948725069014
0.5863212401378657
0.6822555089106324
0.6311765955013967
0.6127999477286464
0.8231104722390109
0.5270585929204986
0.6394093337035888
0.5230729022035643
0.43942240154200496
0.43747856057759843
0.6805566899165293
0.7276335778108105
0.6603832143615546
0.6748231758114311
0.5095966938368808
0.7527564971659126
0.5385582907267352
0.7164115715709176
0.3715676505660008
0.4514448128848887
0.5803427040624644
0.4478838269164802
0.5114751956092063
0.5914013623221549
0.704029794671589
0.5879710547379082
0.42292425554158025
0.22524052990084784
0.3542527646645649
0.4016073441251899
0.39997386432316767
0.25134353713716334
0.7397703327398358
0.5748378771296494
0.4099217563174832
0.5063624038288768
0.4558225387543084
0.5196262598212974
0.5671115176660841
0.3859259380257763
0.2210914912037113
0.513647723745896
0.5938679168232086
0.6741044446985414
0.44397981018964705
0.7039154510854475
0.4738398209706138
0.5867949492804523
0.29139646188274887
0.5023930479099626
0.5500416537349516
0.6630621212368709
0.41671703229389573
0.3827569872098532
0.43047093222692306
0.5272056061026805
0.32993025041245366
0.4430160571064539
0.3601169571538248
0.5712442215652004
0.30867867818814426
0.3891602280337804
0.649340890899884
0.48481680524020326
0.32032538917656284
0.5642039236184845
0.7917639948382039
0.3496136820268218
0.29949852170077923
0.4944380012741143
0.5913686927261146
0.5249677387739102
0.5565755729430406
0.3105245103644294
0.47284339829138017
0.5208350348747939
0.35649063199333547
0.6168673124356818
0.6485568205949134
0.5822538754308304
0.4506280729838776
0.5966938368807071
0.36709191590845985
0.30083797513843746
0.3815972165504174
0.21736715725510056
0.13481272154069815
0.37896731406916156
0.443457096653
0.47527728319639334
0.13141345007268987
0.4572926705761284
0.5054803247357847
0.5373495156732387
0.42222185922671074
0.4377725869419625
0.24100360999036252
0.5015926428069717
0.5988663650173967
0.43478331890426175
0.4503993858115945
0.3516718665773698
0.5796566425456149
0.5463009849883207
0.26792335712768917
0.44693640863130735
0.7403093810745032
0.5763080089514694
0.5920057498489031
0.6240382887665595
0.3947303941586763
0.44313040069259546
0.4588608111860697
0.474591221679544
0.5066890997892812
0.4734477858181284
0.5055456639278656
0.09662196376941799
0.586125222561623
0.356899001943841
0.32369035756872866
0.5845407471536614
0.6330224276776818
0.27315049249416035
0.4196736307355559
0.5661967689769516
0.5983926558748102
0.4345709665299989
0.5321223803067676
0.384651823780199
0.5475587644358778
0.6451265130106667
0.5793626161812511
0.5462683153922803
0.6438523987650893
0.38208726049102404
0.6267171956418759
0.4466260474689231
0.544259135235793
0.5765366961237525
0.6088305918097323
0.9515019846779595
0.4120942844541728
0.4770741109786178
0.4767310802201931
0.5580620395628809
0.5740538068246787
0.5247227168036068
0.5734004149038698
0.5240693248827979
0.34407618549796637
0.2784266322546922
0.39245985723386534
0.49017461899083625
0.5878893807478072
0.5875953543834431
0.5056436727159869
0.35835279896764083
0.3417403093810745
0.6844933762394028
0.4718796452081871
0.3736095003185286
0.34067854750976007
0.585455495842794
0.536189745013803
0.5522795210637221
0.42135611493163894
0.6497982652444503
0.5352259919306098
0.485976575899639
0.37140430258579854
0.4528496055146279
0.40361652428167727
0.4687433639883043
0.5338538688969111
0.5826459105833157
0.4844084352896977
0.25550891063232006
0.46764893252094947
0.17341021578268187
0.4182198337117562
0.4180074813374933
0.5158039170845653
0.4829383034678777
0.5317303451542822
0.5805223868406868
0.12294549077900653
0.43310083470817884
0.20420131005080122
0.3346836766363384
0.38347571832274296
0.546627680948725
0.3177281562913475
0.4155245920384195
0.30098498832061943
0.349777030007024
0.5129126578349859
0.30034793119783076
0.7085055293291298
0.6592887828941996
0.5120632483379344
0.49549976314542876
0.6096309969127232
0.25003675329554553
0.576504026527712
0.5272872800927817
0.6250510462438132
0.7555007432333101
0.6572632679396919
0.6080138519087213
0.3137424655744132
0.591189009947892
0.6726179780787012
0.5743478331890427
0.44340809225893923
0.4758163315310607
0.47555497476273717
0.5896208693379507
0.5730083797513844
0.7197438703670429
0.8337934301442363
0.6048122314967576
0.6045182051323936
0.2775118835655597
0.5222234927065127
0.603587121645241
0.5705908296443915
0.7662817099266569
0.42290792074356004
0.4552344860255803
0.43854032244891294
0.503520148973358
0.3561476012349108
0.4047762949411131
0.7637661510315426
0.30599977131282774
