0.1961503932756691
0.2649259062540037
0.2915272209295366
0.31310478322878826
0.3448704986594515
0.3092771218228873
0.27273339069998653
0.2577479408652482
0.25731566274514545
0.25829073770915584
0.28787545504871576
0.320527313893921
0.26830760465604697
0.30545487802705285
0.27409176056243323
0.2829855426596662
0.2780495451056018
0.2790486192697587
0.24285629767620537
0.31009605225175846
0.2934201860312091
0.189615314945495
0.27486165541210567
0.2504416011444937
0.22576160437944032
0.25797573173652927
0.20314196334201484
0.25420145315291776
0.18050878651048147
0.28064947341516794
0.20869537851142012
0.26371950002244804
0.1767830516661721
0.2534355345475974
0.25937788651490395
0.22603732140014235
0.21254968811683525
0.22713704902114243
0.22973138325395998
0.24195513615519001
0.17076435423031358
0.261179395286998
0.2132873362305089
0.2660671537452729
0.22216569242323592
0.30643827509233124
0.26810425824555123
0.2640478733295016
0.2708789999078951
0.23681961924805733
0.20562719575395733
0.2639810893913549
0.24922684688273364
0.3117767994824757
0.24948559796797173
0.37034646276228284
0.2684967659417532
0.29360042107650675
0.25803420893072243
0.308146123467942
0.3399282443416731
0.3206322750388821
0.33014417612310853
0.36803635157145387
0.3626726943126056
0.3977847131003857
0.3477405001310325
0.34193271927344165
0.338129634747279
0.3553474016529343
0.3336203150776189
0.32037014399615066
0.390612894377823
0.35767754082991443
0.4123731974126216
0.3921489912590751
0.4861081662428343
0.39480809072469675
0.5132088661360052
0.3900896818221835
0.4318442321431808
0.490144908695644
0.4600280140069192
0.4757175899617386
0.5146780271002316
0.45560240645725514
0.5176797379850632
0.4998454552346269
0.5100934990545122
0.5304787038092095
0.6102237885390217
0.5981429089286343
0.5420006383414563
0.5274786949399463
0.5248502818501171
0.6139793173683186
0.572002681120354
0.6331397106045601
0.6322798774117954
0.6743897786586692
0.6950979549143874
0.6791764340009517
0.6315064598167972
0.67621371211205
0.6330669924055223
0.7447649918729526
0.5841626925555046
0.6465974370820685
0.7031943045913385
0.5883561886478095
0.580898230289852
0.6065788840413863
0.5145825068025145
0.5285432513236564
0.5996643202682878
0.5031398646293562
0.5411627497788289
0.4928590687568502
0.5176831234488659
0.5256145214897411
0.5060944517082736
0.49489933746901354
0.4328127863289721
0.5469287109207602
0.5021874877182543
0.48745306726154625
0.5105191462851131
0.4056600130278104
0.45565092578289346
0.4667314552943883
0.4820496369500787
0.4736389793791936
0.4561631727330585
0.5143550702525492
0.4463295870716295
0.4772080153675234
0.4796254337708788
0.4936874588181749
0.5251451524122883
0.43297930917038424
0.4255141809433013
0.4736671476122188
0.4936018224624044
0.5271157641615175
0.42801812136259815
0.44489655105039616
0.47654825050352034
0.42567717222547363
0.38186367122702974
0.45944620296571476
0.4543511586480459
0.42710148430380257
0.4620867028607814
0.42144546612063283
0.4307504551001807
0.3843974972374956
0.35836208111596174
0.4063374052123128
0.40611616458349103
0.4227129415811123
0.47038103496451616
0.44893361661633824
0.41506072459433424
0.476511475374421
0.4573944228850056
0.4702062232588472
0.4482052553369352
0.5149354970125352
0.5418984525031441
0.5521084488161215
0.47492558142801833
0.4804480903943601
0.5126628295146758
0.47409269245054686
0.4284889510831604
0.49610663208611366
0.43578466674762995
0.4281432813144378
0.4518326498909733
0.45444898591260907
0.4056362578019439
0.37730741298005055
0.4328342798778467
0.4182412352480061
0.3812855529047119
0.4059475777605965
0.35390004393917224
0.3551824430517784
0.3342340773271155
0.3819925448205058
0.34687378246766876
0.28897226668465514
0.26998929842727837
0.33505826659461524
0.31005843072610545
0.242015049534867
0.32404630154217584
0.34837143955270455
0.34070554443169254
0.3193735560267473
0.3628129559768636
0.3487095646167144
0.29689014115512197
0.3472809781077313
0.3043322117972944
0.29444298330865537
0.3012910314396886
0.3427426497242363
0.36735536632432503
0.322111529787351
0.3482576355572887
0.33452308083580057
0.2196033176514488
0.2811745383923956
0.3590201812889604
0.262987970115971
0.29211414497618915
0.2979605821211236
0.3220083222406017
0.31924963938764594
0.3081643753661385
0.31099847702068734
0.2777404667471643
0.280591121203011
0.30467431653686994
0.3878734905461154
0.31527186274613656
0.2716037147530924
0.3098543728928801
0.31717474255780637
0.315190336029156
0.3571319444667611
0.3515350017129604
0.4436446272123828
0.39613618245568466
0.3887029439906936
0.4268668481649789
0.48020366737197606
0.45634893059573295
0.42126213969476284
0.5665332106885757
0.5356940948777846
0.5534510686261744
0.6055515348874891
0.5922838292838422
0.5679571543869049
0.6189777363774374
0.7039536944676021
0.8120359283562235
0.7808296532406604
0.778209890284772
0.8507459156881715
0.9092280454291098
0.8282226734991859
0.8596833608551636
0.9148861418282233
0.9272547255566428
0.8359648688888467
0.940642125018013
0.908987233023758
0.9235580726488246
0.9594700313860965
0.9169502402450866
0.9289134148635356
0.863253985895421
0.8541818161835479
0.9108050941724016
0.8158002772726545
0.7822186966869483
0.7115995533385081
0.7839983314485673
0.7213798036699293
0.6434550943182247
0.6274692959403122
0.6424216833975678
0.7238948926981095
0.6243590836229939
0.5906567153770338
0.5445866663877589
0.47881907214699043
0.5675643332436338
0.5497148810673642
0.49244221566303514
0.5217197313743002
0.5279023171477256
0.5499319842093644
0.5306301515556497
0.46123066088435877
0.5218507833159162
0.5275383145014083
0.5082901822643527
0.5049710791456897
0.5337563530396479
0.5314143231956207
0.5148735952581179
0.4986882957927701
0.5135865085285835
0.5117794565343896
0.5578242769265197
0.5369036955807411
0.6116103666474568
0.5735093701108531
0.6160639181240485
0.5719059157042823
0.5381768349472467
0.591145678313273
0.563912611854921
0.5216372393582595
0.6113153690286064
0.6829402886770338
0.5542765610863893
0.6583089730017809
0.651936474318524
0.6036064819863003
0.6610351027407472
0.6366525519700537
0.6214267715587727
0.6363195291625132
0.7432514063043989
0.7348333152760076
0.6798717465119124
0.6457375910201165
0.7252739212668645
0.6638931357491161
0.7087412058068538
0.6778602188905901
0.6671782267114159
0.6307519424842631
0.6266720044957268
0.6708894667725308
0.7606901101715376
0.6863259103468944
0.6895496750768109
0.73150677564027
0.68291061490621
0.6100665229271787
0.639707638420148
0.721633450483171
0.7020917482500506
0.7448250251014117
0.7743649658219901
0.7752352752928185
0.7677305703142177
0.8148773416871263
0.9086125162453002
0.763111824948342
0.8513216397368971
0.8653929841486664
0.8340498067587183
0.8186807479735212
0.8034143219285328
0.8644158088852554
0.7818303280154444
0.8221520742328301
0.7689539459610016
0.7854312845010079
0.8470876081224684
0.8227915709138905
0.8265738790467893
0.8186235930752741
0.8512966493181965
0.7119149877471734
0.7744232838688956
0.7448541992112327
0.8490582090889134
0.6961191891210602
0.7267772986975197
0.7648119577427728
0.7624865601822101
0.7113968213930508
0.7532772578296876
0.7424934565931447
0.6641471615451814
0.6610474039404522
0.6990199416965094
0.622126102264682
0.6433859981188114
0.5463115896415401
0.6182559307757042
0.5734498034615211
0.6423782173233039
0.4974405630039358
0.602971633222088
0.5763032335126423
0.5414701747468113
0.5555170089395316
0.5073558934147806
0.5737446739699816
0.5326364675751064
0.5886688347271565
0.5218283533989094
0.5884000688626121
0.5214460001686742
0.497132646269649
0.5300341185583649
0.6017937204385722
0.5380452210486826
0.6567278587692796
0.534961794564287
0.6343986785374358
0.6761542851864639
0.5672954980663565
0.5230331328661656
0.6447674367068543
0.6106314491013531
0.6055007764922697
0.6239579546008601
0.6382178006440523
0.6062735104643276
0.5916800183309986
0.591327169306434
0.6234126238580672
0.691041736909185
0.6477240237474128
0.5604370845970457
0.5768229787705107
0.645784482038281
0.6659641939415993
0.680398825739955
0.6839417487450207
0.6004960673094264
0.590600562736965
0.5704507791976563
0.5208772500272499
0.5452412825903574
0.5019403986800343
0.4783720425753565
0.46947883542744384
0.4561618190936387
0.43664026535140105
0.39243256885002764
0.4895585940566234
0.2629118823356887
0.3553737307559853
0.3581383003663476
0.3526557430694798
0.3381556564391565
0.36751257999854625
0.3578064398759745
0.2945889020101817
0.2766155906900198
0.28507789007003287
0.312114006686986
0.23741839584712032
0.18124770815650848
0.26524260518021464
0.19175486652440898
0.19395111140301324
0.2021792525070792
0.1679614165552125
0.18866624385786726
0.15786731240107896
0.13482729729181667
0.06507418942943123
0.20154348623812088
0.17713199001793328
0.16399137640481876
0.2760526008369228
0.2164833725933845
0.1666688571516448
0.23895097777836427
0.2712492062869019
0.2343181024601176
0.26534104251430923
0.26304833767152436
0.31549401995833376
0.18175480708274883
0.22045536002054172
0.28036068181174095
0.22194280615416015
0.20077987248697926
0.27485393435620536
0.25820778675331624
0.30573559702340064
0.3076585595467556
0.27971417599718473
0.3901197667088756
0.39761145006246207
0.3017897768222589
0.24854864325143652
0.3502068515027059
0.3651211041835133
0.3425414016908796
0.3863678020515472
0.3751569399984032
0.38327787341809405
0.342595270039656
0.3410781766105217
0.47037267566753344
0.3922536989660569
0.3851723530281117
0.3698494295816218
0.3932829138073994
0.4194381239600235
0.3917865607966736
0.4110853769950002
0.5074487272899096
0.5215284438656893
0.4584952437289864
0.4991256162361531
0.5324527381239889
0.5034149601824938
0.45468530189465356
0.5158874980915285
0.44806417373944646
0.5129005544614327
0.4975606622559181
0.4124403489284999
0.44337302671927686
0.5305867901947912
0.48522649605809953
0.5892262348898363
0.5698920675191155
0.5203900340063724
0.5297417115484758
0.5781408605503104
0.6058164119932873
0.583212417975319
0.5782063279028232
0.5312439338531851
0.5470275870151712
0.4661072629744158
0.599090530809453
0.5439848115313456
0.4996900536082017
0.5772994759186233
0.5453247762448403
0.5491580412754329
0.5448367014573278
0.5262693666858291
0.530536235124024
0.5123916377877349
0.5236811268682718
0.4699428621459391
0.4728519400020586
0.4230265800806574
0.42327100044366306
0.4276572895467163
0.38798791913446995
0.4083493216298378
0.3739859820878951
0.41465930624878605
0.4023387452038267
0.31915708776324103
0.3943427854553284
0.3642482638749363
0.39805562734110506
0.3765107088822949
0.40519837408053777
0.3922093784394639
0.3592412226423667
0.3119214650380152
0.38429743409203176
0.2445458827076849
0.3305001773359729
0.3563129271811076
0.3502117779046397
0.3230761478707721
0.314118397552209
0.2859739201722566
0.36318985209133714
0.35777016426480757
0.38649484191012945
0.33314581598342463
0.32162662975329565
0.33419712409740565
0.26538669841309437
0.2834630926922683
0.3012145343200131
0.2992100379090221
0.32464497668094405
0.1450870938796464
0.21276294915089292
0.2837919784299639
0.30682897357836175
0.2772374139109679
0.2819056374658384
0.2776356111874134
0.3621643405642774
0.40988511021587926
0.37134842259564915
0.45487296310811054
0.5365088577269514
0.5759686176757675
0.5142271145008692
0.516686597078625
0.4482495371234161
0.4010598326168574
0.36162045937613024
0.23987867219360096
0.31597640653067993
0.3090422945423326
0.23710107891497095
0.27009034581799896
0.30263700007586214
0.29387956896725287
0.2633670409608277
0.2142702675137622
0.2743942690056382
0.3033898968546661
0.23752496008483273
0.26239190913571897
0.26153171682343895
0.2566601000931469
0.2563959891959655
0.20582353163185138
0.18551996112088892
0.25556808993557206
0.2687984399348682
0.252043034429589
0.1849865310381939
0.26261590018299374
0.19625234830659147
0.2867125953470572
0.23925015331117963
0.2929434140525261
0.22278125287000428
0.20821607822533086
0.23220039759940114
0.34699303846208673
0.24663776798797588
0.2123862398121967
0.2707234491914821
0.2692217783868588
0.30557497566674513
0.2177416495373029
0.3447554828663938
0.28010968683764426
0.37643159822763506
0.27275947992266375
0.356068506947084
0.3521048820112197
0.28634616271717994
0.33859069086663174
0.2867128976266039
0.33889844186688056
0.37429679347661726
0.32563493424293827
0.27909090500636463
0.29203663253964546
0.3470603692732974
0.31492077571840493
0.3223797878465037
0.38278183308974095
0.36615178077373317
0.33275503921687166
0.35308916102035265
0.3856994297198384
0.3221549319226905
0.37452997798203785
0.3579058344574711
0.37554036569333415
0.41637362766458885
0.4211901176714511
0.35056077758647763
0.2959214645879761
0.4046288545182869
0.42787122196197486
0.38471187917714594
0.3722727131867059
0.33374383639571703
0.32822527694528636
0.3177748830637936
0.33088209225497933
0.2996068692086975
0.292642233583466
0.2990186220772082
0.33374983185398277
0.33252174458052197
0.2777983700459721
0.36121740592778107
0.3305881464433868
0.3442090517792189
0.32372668471246924
0.2934240753719785
0.2685122563229414
0.28296198613859985
0.311775982104849
0.328820395849148
0.31620013724461205
0.30453369972014166
0.3198238847363863
0.40620094767414056
0.36693448994684985
0.4470306349662134
0.46091525251917476
0.44792031878572447
0.4469253977747822
0.463799071811685
0.43022222664650633
0.3849852116778864
0.4454943281156266
0.4788630837561426
0.4285015326459598
0.3947724041096915
0.38086869050557315
0.3093407186214723
0.42966697542153975
0.27221644157519564
0.4035474160753626
0.3778759037432401
0.4083570571219096
0.41057323852746963
0.40824759270565664
0.4298946295757584
0.3948950014253202
0.36061317912902324
0.39473406231454916
0.3569699157771705
0.358783687079194
0.32097520974133953
0.3496353043442114
0.35084594166601524
0.37028763077051474
0.4016137198989263
0.3370918096554254
0.3154382443020141
0.38204610199746997
0.3950611594534047
0.379227836051637
0.3543700123021947
0.4368696579043974
0.318979755064346
0.2900994136375136
0.27920549441772635
0.3713893617595618
0.37940811748888625
0.3081166646472753
0.2842901769346668
0.2793451978472513
0.31537757614060663
0.45605389391484097
0.3474442545126893
0.3868336157561503
0.5349784550417844
0.42821333652633603
0.4937739516394783
0.47478952358213733
0.49800372244295915
0.44211126353939884
0.3531599555085951
0.3096839865658758
0.35994936955655993
0.3537053470401105
0.3732581524685344
0.3095148802678044
0.2788351783143581
0.42222415112456163
0.3641841281154165
0.35401027172060195
0.3446082234017955
0.32308087965758214
0.3750834812852228
0.3308238355666521
0.2822729100224057
0.4041549138829623
0.37555506213857814
0.3788261919207642
0.32468088359163205
0.29725006667685444
0.3648016626006906
0.3366514827927408
0.330991574585608
0.2621715343919929
0.316646593214279
0.32180085318470336
0.33153928862957127
0.39407688160183674
0.30838083905036895
0.34218726506890945
0.3194842103887821
0.35676042739100794
0.4265651264126822
0.41328489720560035
0.40493255260618777
0.4222080658625162
0.39769882082756497
0.388138284070685
0.4477045639608732
0.43682080028163545
0.36050961764783074
0.40821114661080293
0.4845871959383455
0.30029744135083514
0.4280091750079081
0.27606087260543033
0.3757952875308053
0.2781164688064209
0.36895455724375126
0.3042774983900093
0.3098524889699934
0.36092345435902035
0.3511637930936417
0.23552503431204946
0.2776883453399808
0.2421198309316694
0.21474876276477525
0.2681008979704129
0.20317293530940714
0.27776254929061583
0.33581375292532745
0.22910767927230946
0.33528801837391664
0.396586734554528
0.2578105157068122
0.3575504168738307
0.31166419869301376
0.323203151713229
0.3302686214429944
0.3745373589990549
0.39731248105416767
0.40371480488012246
0.3308118610967437
0.4620543084774009
0.39055755359280414
0.4544322013768636
0.40168798557302504
0.3399772102453122
0.37099168040966185
0.3477560558317371
0.29925783140589113
0.40701911000348306
0.39004848823172045
0.3906932791563027
0.38106479421224293
0.41529345855763716
0.39738748268948154
0.3963940243982885
0.39773333203747485
0.4906852766626398
0.4536362387234054
0.2957671902915149
0.37500331711546625
0.31549975906813743
0.3587230924538574
0.2953516185489572
0.3329785193329995
0.32293069458585144
0.29976896172892803
0.3288113955493843
0.30878095577802883
0.3625159677633064
0.3428262253946043
0.3597673688149434
0.432215053362435
0.2873577249283168
0.40928559627618827
0.34849031624522553
0.34724578187472055
0.37886244703359284
0.3005033943540023
0.32059195802980656
0.3380307541587718
0.31909856874830067
0.33086314119633253
0.36132909235900357
0.36910733582332644
0.410078726689096
0.4080580388789316
0.42690074859924454
0.4255039618198387
0.31002216994357784
0.33619336362816754
0.41854976712482167
0.3165265201157241
0.37890307178266214
0.43509953090221015
0.4579077316403831
0.4530067074719246
0.4417864716445551
0.4292364684582868
0.456915201506662
0.4926963832169629
0.5015726150462102
0.5129431114944654
0.445912993998979
0.48783095467816495
0.4817246359149851
0.5297137628766797
0.5087264402008175
0.5044643484141265
0.5430370425626186
0.41236630031159394
0.4083522877712276
0.4175091740047826
0.3678993786028072
0.40078770644530576
0.5195062936208085
0.42004313027017004
0.4824022554870109
0.45302623355782123
0.46608069249545636
0.5012869691918573
0.5372064634988613
0.5290681819378564
0.5474401465712725
0.5898609992916355
0.5072357780305903
0.6299860224623491
0.5036885790823755
0.5700478767338343
0.5617243766503263
0.5042687228946914
0.6006730157018361
0.5472629328225219
0.5961208622826476
0.5694906545521338
0.597736113827094
0.6266190603460603
0.6401624964465547
0.5801274266112535
0.5734890066397288
0.4945125541290243
0.5845544201130604
0.5545561852990275
0.48613093505236504
0.5488423968802013
0.47059501895506817
0.5113002885676887
0.5799190366579178
0.5512911081026802
0.6234624785332485
0.48212371316920677
0.5052538988609008
0.5618359270714314
0.5426735630690753
0.4979756194455255
0.496854319340356
0.5271567958332574
0.5025021761689199
0.5160928213860863
0.44900330646673803
0.4806490378479506
0.5375245983395702
0.5053394102696743
0.5347436865153504
0.55318503486742
0.4731940178885008
0.5863185948053234
0.5871284065748688
0.5569272035188945
0.4830721769407949
0.47365601934060897
0.43593788535710637
0.46496367572464603
0.47039439767400937
0.44392996205857727
0.4445515151215847
0.3989010250249526
0.5284519510878928
0.4385325197535283
0.34102470916370264
0.4111058505893599
0.47676668128101085
0.4491703670930819
0.4915819309151863
0.38153142945660395
0.39442194399315617
0.4055260237613269
0.5312670422799718
0.3953714540470233
0.49830096053147593
0.44969376903073305
0.3831222169461323
0.45311215940721455
0.4556203717380463
0.4658488305862249
0.48792649278380046
0.44799627016863963
0.5205723455887077
0.5313578100172218
0.5062624311863925
0.5334823249413164
0.5506146678648963
0.4326211711139953
0.5466720341602238
0.5817249897343001
0.5311574407577693
0.5852254822178365
0.5976287765625784
0.5971044584447469
0.5008773578901207
0.535992090841677
0.5482286012350951
0.5282993959859035
0.4789211755715781
0.5282921285421802
0.41883575380081195
0.4479071720213652
0.5023419394035206
0.44243856519251423
0.43864550351754145
0.3869038470505922
0.3747481560904934
0.4263786755499635
0.3483229685115922
0.3403631014435468
0.3278485754724493
0.3590863787624208
0.35515433154915643
