0.19953220035518285
0.36405007827023117
0.3996798091187151
0.43792779916762703
0.44437168078025596
0.26418243931150337
0.42034899624362543
0.35735573109776303
0.41244475148797116
0.3603644231309939
0.28783933235262615
0.3449418714874553
0.3615558587660061
0.3722033105135897
0.3109883489254365
0.29933788988353827
0.3447057380026765
0.36347133469300463
0.37318660867906045
0.3869289201543584
0.4263376593123206
0.3566301251115811
0.29481784963741214
0.45632848525089587
0.406157124548993
0.36451391518401616
0.2831121710928721
0.2847448788605232
0.3253528091060917
0.34047084431470853
0.3819799369130399
0.4151356693817147
0.26480439446813075
0.3676990830153136
0.3186036758734431
0.3585684236846486
0.3066323561482903
0.3864863027830282
0.3616308286412091
0.39282886165224595
0.35324552460235187
0.26079527722401097
0.2778445597970758
0.3190523280975046
0.30507338791274485
0.36111609437964
0.4063785673017455
0.20278032640416896
0.4645587342181268
0.3834905975861662
0.29796925480159936
0.32702358999276426
0.30613108337592715
0.26090690666234384
0.3560062828798438
0.2702881668869212
0.42090576718879136
0.3546267001749498
0.42469001715129656
0.49412296568613223
0.29842789510703177
0.36191993609660433
0.3206513003382118
0.4049043338999315
0.3575587390758499
0.43566870446088984
0.4551494237646626
0.4056911465294739
0.42122423646996154
0.46159661244324646
0.3534322051696784
0.4335887438548347
0.565672588537119
0.5128222055697741
0.3938498976189818
0.5751377529863049
0.37465713654793054
0.47961451928732823
0.47594251901931806
0.5763805864951189
0.5357138279383169
0.5771547309018432
0.5884483328976645
0.4727602313131512
0.6088326715061214
0.5323037516150293
0.629770494598977
0.6672327527904531
0.5914082220437681
0.6639108873427284
0.7150424321906739
0.6613338921646973
0.6218737512652929
0.6119689848706388
0.758698906102939
0.6052091451424104
0.5880030856308709
0.7494170403696292
0.6309953536490192
0.6819247378655482
0.6586732197191986
0.6743397956341834
0.592972034765679
0.6715429234309369
0.5914660907467337
0.6084215556992894
0.6931764786886278
0.6683214481918387
0.6509872487517785
0.6295599027114855
0.48616336345976663
0.6198076738212751
0.6408823983818819
0.5938014386517767
0.5428463852391682
0.568565701737676
0.5558302256871697
0.5250368118139622
0.660819917594396
0.48876538560551663
0.4747410205174395
0.5174576594403129
0.4810949024374675
0.5290372849150751
0.5897862336749455
0.5054955410317801
0.5291964363847201
0.532553772129486
0.4746028809046268
0.6129327493514373
0.5198753419081033
0.4787911090102444
0.4943502705814661
0.4794198407396796
0.5144767338311818
0.5212819945950868
0.46939728758979515
0.5199658408597362
0.4935507883287529
0.5981316628744945
0.4961235814154882
0.5630255490906741
0.5547350285154968
0.5418329705579139
0.43523946472432007
0.5194437251063919
0.5146267575360581
0.41136871404015163
0.478667874116667
0.4179119012216599
0.47771838239599507
0.40958170825814566
0.4370508370744423
0.44835769670814574
0.3410287863213799
0.46225595714679213
0.54111172146867
0.3694924847743046
0.5421191050981502
0.3799581583555083
0.5328977005205089
0.5671630306864841
0.5270650533986934
0.5694741564931174
0.519206558561519
0.5371459008920406
0.47629484262400823
0.49421394439188654
0.6417350480872579
0.5767854557959318
0.4509706974846578
0.4352379298712227
0.5030802846081293
0.5925625145605722
0.5788506922615494
0.49887142774213167
0.4203063289345891
0.5198684815808752
0.49463155546736914
0.49904222597742215
0.4299705108238287
0.3614117990293475
0.5073959845073841
0.44640935974104
0.5372027584404273
0.3532999095615469
0.32876198516938704
0.4652015310220662
0.3508019380126678
0.4307361800634226
0.43175474484131937
0.4598943841390419
0.3229926805620148
0.3368049976293223
0.45909040562096837
0.3691221313969162
0.38889559657213013
0.39060573650158187
0.5195674565916631
0.3667742777432945
0.47898922875761896
0.39140938597014374
0.3964421742444306
0.4087580542196899
0.35306172799445473
0.34643336093383226
0.42818638766758294
0.37918122668036525
0.3362806918912712
0.3303621013981167
0.35895810066048234
0.3008439344277929
0.35301595867108926
0.3303377851093259
0.3041658179800757
0.4500500156841405
0.26267075054620037
0.21624540678085458
0.3223656823356912
0.2995163635512761
0.36850379015016466
0.4165665055240457
0.3511382321816188
0.3128384599288088
0.2670588227666707
0.2792850047919656
0.4669264028272364
0.17161136898017382
0.3334610626584761
0.29712894060193984
0.3546317445116316
0.3452293111896262
0.30088611944873667
0.34002378879264955
0.43982446352509397
0.34960529686706154
0.49249792951663
0.48935306619948693
0.4758541380009183
0.3605732841160285
0.42394549903693196
0.5244633769066355
0.45770981169481195
0.5360327757399644
0.6034778966984573
0.5825341972927862
0.4382642673803972
0.6743176281530656
0.5408097303695534
0.6784348292095008
0.726935703132112
0.6769442451577422
0.6884631747844138
0.6236698331990728
0.7666641536839718
0.6694950177620361
0.7625424964389329
0.9129047041738222
0.7658217809993797
0.7908719066153644
0.8602590497844271
0.8624375395638881
0.7016138331989248
0.7953731275900198
0.7849562451263137
0.8344505035204967
0.7601145614565286
0.7531914725603088
0.6824005800352357
0.6122810220990744
0.5546810742647414
0.6382318210113586
0.6154408456827714
0.5661355754368955
0.5497393434493699
0.5726606243850652
0.42272422682328276
0.4537044851384089
0.4010435119922027
0.4575930734702375
0.5492342980271648
0.3859068342899559
0.47885180102403646
0.3667728821252525
0.508355561067121
0.4413564908443781
0.40209066216705913
0.4006802730060082
0.40537451004308084
0.47865263918095957
0.3080420837427783
0.4582963921117902
0.46881368658961287
0.45400480468334425
0.408555426704059
0.3902345498143907
0.451579607890335
0.3318591445760929
0.3744236742690159
0.5271379106086562
0.43397964990678023
0.4250786209902794
0.4971931377648916
0.47066237883578405
0.4066312848285636
0.37399051227827157
0.49249400732913895
0.3453106113586104
0.4004667327095277
0.5925112959652409
0.4094454980977788
0.4681669095502343
0.5226004403408315
0.5304354056539659
0.5235735234677903
0.5362242259414773
0.3955277954308195
0.48520593310704796
0.5444477744884069
0.4647822677972878
0.4421809368155526
0.5350638727321031
0.5748079825931814
0.457272183246212
0.6357747756664904
0.5735806677581785
0.46551801150251504
0.4295310017684141
0.37674931526347855
0.4547791115976499
0.48971695001469695
0.4990193761578449
0.41784796665815616
0.46821805712768544
0.5328601355627608
0.6069112871248816
0.5614788014319092
0.6496584628693592
0.5982466276525674
0.6210546217993245
0.6268706809447768
0.6469095112310974
0.6357820280924372
0.7147129867793712
0.5619089917077968
0.6696653077693697
0.7983463350559503
0.7455869282603882
0.7238483176528596
0.733178410928442
0.5528635755055035
0.6672705756798076
0.6299562349295798
0.6568627630996304
0.7152129078447479
0.7009211075910522
0.7061270388576367
0.5765093029354547
0.6823463615179458
0.7056156180302926
0.7453489530452493
0.6074311521115494
0.5628613867927836
0.629393746444906
0.6946115890737536
0.7478504920923194
0.5830009632773583
0.5195125789084148
0.6076094839435773
0.6775897686148391
0.5485841997182552
0.545245817378731
0.6332968538655461
0.46308014255236385
0.3940203759070523
0.524952176271896
0.7337293854809139
0.6028430010838044
0.5702009194039122
0.5184013575023123
0.453281793650495
0.37540895863455326
0.5345613759182289
0.5323609779562672
0.5695495894515776
0.46469915800602735
0.43820014450281486
0.4880059756418237
0.4981139937425949
0.49855748296676533
0.47760961117727757
0.5922228502764588
0.4259537683265618
0.5008287132622191
0.39470220677195006
0.5752938927643616
0.4442822316929478
0.6049405517851933
0.5029125793182179
0.4684483646789994
0.5796136787590414
0.5861638333280657
0.6326800706777347
0.5758034434208519
0.6256753836708512
0.6074118801927821
0.5283680062437828
0.6395535608864679
0.6892948370391021
0.672445499272908
0.6279951381832712
0.6244008150720779
0.6735811801705222
0.6383997623940445
0.6342924359237387
0.6241727053741184
0.576827903749741
0.6476778503428864
0.7104352799789913
0.4836487098775102
0.4978680759944272
0.5018123003337611
0.5725369702526022
0.6157454123970185
0.36686309213747226
0.4922176377807729
0.5221044711370837
0.47957540667325915
0.6426493403124018
0.41738148701234257
0.3910275057239632
0.3169167340179154
0.29800213651357776
0.43243467199358515
0.3884840152480944
0.4100579696000352
0.34545135639405833
0.2549095607408959
0.40664234978105895
0.2868598029360151
0.37035953870623983
0.3576136373642861
0.2518235488741452
0.30996405370478325
0.26067926901656663
0.3086827227367781
0.05652733596563974
0.24681036793640718
0.09032904819962975
0.1558281163761074
0.1930853225882107
0.21471795948135095
0.16908595415522065
0.07603800787392809
0.22655596720914223
0.2874395228923984
0.31915543075571245
0.25069658065679357
0.4173134625857986
0.21576666648150342
0.39530958102420255
0.24299985016044148
0.269519720748186
0.32433709221187473
0.3198543680274988
0.2598918617373089
0.29720681900942547
0.24484202773307673
0.17951233894466562
0.21146550114162183
0.46869592560753814
0.23957912158856526
0.17647038377675867
0.39659035481859456
0.3454296570307988
0.29253904840248585
0.2515410297108208
0.25589855600739525
0.35242138680876756
0.2576226731892402
0.257868851469669
0.21988048342591904
0.058119519980605286
0.2318153032214664
0.3043743823570999
0.2911149926339196
0.279225454198883
0.1838652907828597
0.3125244001844966
0.3039533159783405
0.22876227239170116
0.20332129740470825
0.2888580880452562
0.3207057291084372
0.45941236121322215
0.5834167583956362
0.4629821474800955
0.4052699292460546
0.4104822643249303
0.4304022217492376
0.3328136186845163
0.19389867247905268
0.3204381495397954
0.41121097355908515
0.38676828544461056
0.3332058572052715
0.31417083271430457
0.44483285555712676
0.3906710742850416
0.3607433535678328
0.5137107137699279
0.3476501962637384
0.35545467753522375
0.4848716407420922
0.4684751160141965
0.4549192516807886
0.4320485754858744
0.4566531209512552
0.3683702963403614
0.4146882527020602
0.32016475037261705
0.3504969701974351
0.5007666630731453
0.4657346421770616
0.37125496924923534
0.4155924614218084
0.4048590560669756
0.4460248045547218
0.4331269757952595
0.4215457032058023
0.4264925790832154
0.4021155150576171
0.3669838454729333
0.19372071349423015
0.40761143723535853
0.44064826593423845
0.4508519007751508
0.3240290030441109
0.22488605174035636
0.39165239265205753
0.2730245238208746
0.3391874045491037
0.46011825166894854
0.24978095327549668
0.34772770187736557
0.34128169216227655
0.4452152168577559
0.3706411899843896
0.22967444421632427
0.26355865512771415
0.2967661440271314
0.31528959942009077
0.36788235715833634
0.23742596835476568
0.3388275835234508
0.2730405120128964
0.18953352751765654
0.20186236256462076
0.22333455809335845
0.36513465796873745
0.3694427687906198
0.24901252254063966
0.4422024903754364
0.3934068688440724
0.3161144490595636
0.3347573086816521
0.17125007347662427
0.285619333589094
0.24939457813096666
0.2458089843508945
0.3163456103925013
0.3722440714759976
0.2760735137665978
0.29073520444779144
0.2547348893304542
0.4859509568820564
0.39056371142090635
0.5672011592194572
0.5028549505089838
0.28009623563596087
0.7117395045776039
0.5200218264552575
0.7923919080068749
0.8110727245854052
0.6853463073491413
0.6004230652820243
0.5128761765914186
0.5147436299610872
0.5207021907842582
0.5496779046809005
0.4633404969019086
0.4814160880025178
0.4714165794212425
0.4180158770330352
0.4316180214183949
0.5477577366058909
0.43441123196641107
0.37101899570472474
0.4290883367184131
0.3617943396417888
0.45701677017406844
0.3441571558858826
0.49839699149308003
0.3089808573982909
0.5626819032041106
0.3293057033949299
0.46916647577818993
0.291744134433265
0.3513854873665137
0.46858421111445775
0.4584994219620504
0.40009897048451504
0.44291414621604985
0.5010234833329105
0.4461606548244788
0.5172551300160451
0.37110904060870853
0.5494059191029556
0.47916413366018046
0.46570495516941546
0.5188204156421231
0.49419123777503027
0.4749494829688018
0.546155935819706
0.4502195705397179
0.42505176132780875
0.49484943588989877
0.6396502520637872
0.41212268496778903
0.5610274225880321
0.5344710756499519
0.5357530063689567
0.5428687693748332
0.4962686330018652
0.4779275555262853
0.3860710378315637
0.43794503193966394
0.36693381734399294
0.5666402055545393
0.4221209773095177
0.44915568538482054
0.4504371310817111
0.45317861103882395
0.5092354496971214
0.49088849977636634
0.4377698975126483
0.4140685790865242
0.47686783895424745
0.4837867760384967
0.46769598661906575
0.3584411208002044
0.5813427488545505
0.29518496563305663
0.5262762351641987
0.4514309229891965
0.4699538869917715
0.3067528090081004
0.5936652337594028
0.41055845700800014
0.5482425233608945
0.49461043271595007
0.4029794244645205
0.5241188823730745
0.47839486444755275
0.47753950115897653
0.4190271183671048
0.5314915985721851
0.4486880268088538
0.44512756962410144
0.5379838947741793
0.4648353861709273
0.40118026122162465
0.4023379316555552
0.5868445188045883
0.4485413566816424
0.424552544339698
0.4311563203756925
0.48904373495233755
0.42272399723214515
0.5987321393234168
0.48599240791820447
0.5885053503529778
0.5175943158130227
0.5464463007917069
0.4776074675375723
0.33436688485111576
0.5334967311054055
0.37093494954438094
0.675801777418068
0.564529021820755
0.4608465546674919
0.3629945715247701
0.4340836529250054
0.6021591634136523
0.3606299635862471
0.48418114902998177
0.42427634250022284
0.3955580899580878
0.4705100051725906
0.37629480866545845
0.42900749563167895
0.4907833192950239
0.47276254389539113
0.6774081981340816
0.5427982260140961
0.4910441339604626
0.48824441657421636
0.38862311056819265
0.5003088881855996
0.5317678197832041
0.5502949084242414
0.5574754650432383
0.5065782209186365
0.4827764233281562
0.6909612546605666
0.584921131452393
0.4572060393264576
0.5027842600778853
0.5594573376869715
0.49993098440724304
0.5377131100985861
0.5265685282549764
0.5662591365792795
0.6141319598105874
0.49063480593707487
0.39496311572779497
0.5021508877467501
0.6087669738653936
0.548524971573022
0.49049326123362746
0.5670281554955565
0.588110934784106
0.6406427180707834
0.6184954487750525
0.6969975082111411
0.6294557669265003
0.6411517527973777
0.7911982539800038
0.5875567704618776
0.6626534251508436
0.46939163449984717
0.4487059535889547
0.5365115650183139
0.6365669099692064
0.5198344043012215
0.6327421840827243
0.6695162644446574
0.5401568861026259
0.508966667959142
0.5147786346742412
0.5414305170653302
0.5729035240400326
0.6014767030569337
0.5285825797003825
0.5021637842937202
0.5457943026711474
0.5259542098210505
0.583167180159199
0.5345347844899584
0.5527617575040678
0.7400582326979421
0.5544525995748879
0.540987441812052
0.6421384431502346
0.44174039213273075
0.5544421252711006
0.5780324474849862
0.5760075979876158
0.49523821644003896
0.5931529191070201
0.45562971955564074
0.5292532332511622
0.36875336175159823
0.41213196493754495
0.5383941153222784
0.6142886426587064
0.5968479483730527
0.41650848721674755
0.47337397196827613
0.5665116244482765
0.6870593467752673
0.4338294264182707
0.5204821525851308
0.5558917213366268
0.49347238118814796
0.46339243254443785
0.43332529789358
0.4886281837287982
0.4398263892432662
0.556891337843908
0.4204658338265488
0.49111617616523123
0.4948041528556333
0.4261573812902995
0.49263924719625296
0.49391316446437383
0.38657793928773015
0.2441618258783156
0.39168690460781663
0.41400493733007404
0.36280752983318987
0.5240808183230029
0.32774077245815214
0.4296345571739436
0.3871029066590277
0.49530551735108963
0.19652706435058842
0.460426312462902
0.5373670393348435
0.48415431894162375
0.5221123967658566
0.3773539654632283
0.48903372243148013
0.5748093123613112
0.4806247430318655
0.3021552747846102
0.39629369056061925
0.5779602454733164
0.5967131803757798
0.4018552084534266
0.46578176827535633
0.4007077183492693
0.38545727270361063
0.411732592787419
0.5489665597518987
0.3086504781852179
0.28211960962850935
0.41826349991050427
0.565768775354122
0.5117824007109182
0.4448385551254432
0.35491061102199234
0.24025045614413534
0.3373309801228644
0.3118301438645692
0.38040309474403194
0.35159446328048405
0.1943611020851859
0.48243401051871193
0.30353837857600996
0.27261323140291027
0.3536880232771312
0.27823855105911943
0.3781269258718569
0.24812111361016753
0.3218428713739806
0.4048942941388825
0.33989266304572135
0.3793060699788916
0.35917625448517987
0.2753001408407762
0.3469462869401361
0.5024891823526856
0.2928433081061036
0.4105712451276714
0.29765473738205805
0.4471631940009352
0.4914033579357958
0.4608263786210919
0.3300613329401584
0.38282804137405746
0.18498650680531165
0.29920862000386267
0.45627994292937135
0.4102230488621236
0.40059461460641677
0.3729305222373823
0.3378601006398015
0.42614153753464257
0.39168532210939017
0.3673069902312507
0.3308521092009596
0.39111378067878505
0.49083960413255223
0.2513098012276433
0.28788706333654646
0.49702558204597125
0.47626452625790827
0.33889403318684913
0.3024393971515739
0.4193447080934958
0.4146705916555297
0.30562191831651886
0.2891986900321221
0.3581209760638708
0.5020538302772091
0.4712684310551877
0.424920115683319
0.45300121687620687
0.33650059075531813
0.41718931322865294
0.3653782449634236
0.41334188839391195
0.3352079109966889
0.4417510986616523
0.5297984876634716
0.5923964627536258
0.5153698866340428
0.539989184680355
0.37314142106881987
0.5243546960106586
0.46879709487897625
0.5300382776688546
0.43884295554367203
0.5015866928657895
0.5237186408040546
0.5406214969112548
0.44076605022218085
0.4217368025856554
0.46170471946140446
0.4347102706888732
0.34031243446511483
0.4018928044189817
0.41992850247569924
0.4013117326889283
0.42493366616159634
0.24777037783858025
0.31555118938072596
0.3169433603216332
0.37107177749362213
0.33493259794765157
0.4712091577652552
0.3710404950843009
0.4084977180080451
0.3763615020902287
0.36521071908534947
0.4653203922811582
0.4144589822451893
0.43495805474025434
0.31524807613241856
0.4193627521031117
0.42054470401706945
0.3502577890120019
0.41525041613822966
0.4751776700862531
0.3481464027939047
0.4660558870903873
0.4456425232075559
0.3441382838011151
0.46983148147367304
0.46737509759534246
0.4329108378114245
0.30992709356597736
0.25670997253147254
0.388877566666065
0.3247772151218398
0.42261621786314624
0.4064586550988235
0.4071954177939357
0.3021012447014291
0.3681124880651765
0.46253196293690796
0.38353488740370245
0.4539724091937823
0.325951933914711
0.4631073854446538
0.5360547820471702
0.33308853856789955
0.41480876741077544
0.26269256723900003
0.3606101589666948
0.40612840748555024
0.37519833327196705
0.42001627093987604
0.3891212904285185
0.36524695160762977
0.44651766794318354
0.47319156310977323
0.4403242749962113
0.4623758579342734
0.43172628834347937
0.5164195467074844
0.45798164630141347
0.30331500106947673
0.5386287488294071
0.43844515295538217
0.4013390542010123
0.5129056029000949
0.48907679851009933
0.6104405793298782
0.5017464544223698
0.5845524457282039
0.43729514388368984
0.5234791177992278
0.5186654778666953
0.40653901109676005
0.3525436401885621
0.4153437049255943
0.24923666230575373
0.5633924625353222
0.5183302942440138
0.40702296344168387
0.3153993625218685
0.4104547532317819
0.3236617426121016
0.4651891129955734
0.3025491718229311
0.41951008923158756
0.4459123754483895
0.3603390414739748
