0.26536347876786726
0.2249633674839741
0.22979897332047683
0.2113062535699088
0.3098322335624283
0.30614430189191016
0.2865528866232422
0.2890788985966051
0.3099931271126804
0.24056359353969148
0.2912959193732669
0.2879342785536806
0.28380869144011245
0.2860577915483175
0.3583533151513598
0.28083685646157047
0.272455692448318
0.23335664573294498
0.2961647067833262
0.2497030263966979
0.2982595754406482
0.26257902643464226
0.26915032990580334
0.2907076964321097
0.2210735827267177
0.22720286338920748
0.23485249352773446
0.30280453432199933
0.2578142758963551
0.23072558095922135
0.2698942301857156
0.2173744494744525
0.24050021615624786
0.21813820157845043
0.23586808279331245
0.24305065422703595
0.21178544569885538
0.19341193894113506
0.2368924261846073
0.25826449375977695
0.2536684095990387
0.2330553447766226
0.28135790283043394
0.28395385340589585
0.302576815571596
0.33059770634720975
0.2274092267309498
0.18351099225379464
0.20285898933848634
0.20153517052172937
0.27004208313584677
0.3718910568577801
0.305162007376105
0.2858549375774992
0.2456967873706397
0.27035321605161944
0.3573381059774241
0.3193101891217781
0.27534339697911986
0.2357021896346378
0.3135385430817196
0.34942996418230354
0.34015254422172203
0.3386855165863296
0.34971395517844
0.42063742822278705
0.3950886636089791
0.3625034416679999
0.36300804032586576
0.3838457700167774
0.3708891675250613
0.43822028885795106
0.3866453584749432
0.38725096973084316
0.3246119385000428
0.3604819462547693
0.39246014805062823
0.3959511209330563
0.39662917576527024
0.48204758095372946
0.49716917607839595
0.43818938300888444
0.4913434885432424
0.5390990235572317
0.4618190638663672
0.5100194309910544
0.5217453015026319
0.5737849916736631
0.4789335880404101
0.5789307597577875
0.5426807576984698
0.629803228698137
0.5872263274196539
0.5711149212905937
0.6781010031285051
0.6419525696784354
0.6186961088697422
0.5930245224249632
0.6451992748820305
0.5838949227473407
0.5628316840000426
0.6371133895949261
0.648132988659665
0.6422889759412591
0.6296396426057709
0.7139402219879529
0.6126675727189397
0.6026242621141571
0.6159128876187328
0.6223143213176876
0.6336732518400379
0.6117368945817574
0.6329949905834173
0.5311888622702932
0.5741682593038385
0.5062968509024035
0.6182125767847417
0.47390055802838527
0.5074305753287944
0.5811264746717897
0.4658978839931041
0.5139063711169917
0.5467492905608208
0.5380561653943479
0.48259854410633396
0.526776456454738
0.5954567109009641
0.46254451606653824
0.5463156547478594
0.4576931458018427
0.5162026647242046
0.5179420049836766
0.4555625340756818
0.42488279303330256
0.4635419033011384
0.4828857474477056
0.5165631031548298
0.4851835277958475
0.47475415245179065
0.48629318741661787
0.44327799353714636
0.5028809710290776
0.4505900164276133
0.4448760974993291
0.46670286927893573
0.48116953095832316
0.4146886636161786
0.4939209667062412
0.4512217239796289
0.4369934737207751
0.37757292077884097
0.4715901487277987
0.4660483677320062
0.4372977643414897
0.43263704285456095
0.43349126100387114
0.3996888672187645
0.4533583068579807
0.42913899880590034
0.4431281375141417
0.4766023249620578
0.4165886819208005
0.46158864224733964
0.5180255545122201
0.48403119940230344
0.457795226914179
0.5103431611022997
0.5273667528488382
0.5374643911587204
0.5792999629329694
0.5383539425030401
0.49367342046217
0.4971331219100128
0.46476680627685296
0.42795820469915025
0.45649576101244016
0.437239229547691
0.4569395238417465
0.47505477673160224
0.4580221312149083
0.44733463665549505
0.450856222937464
0.47409222853654914
0.43727358655593435
0.345050103767664
0.3952876958790757
0.46064573107100515
0.4192154848065057
0.4102094330726814
0.37197471279447747
0.3817296425189648
0.38618987740533284
0.3192708039310756
0.3421152681730676
0.33354508687114726
0.27346338254747243
0.41726232414664777
0.37519682493222817
0.3754166266787498
0.37825001353300597
0.34365854909531723
0.33605824033830284
0.36409653363982775
0.3392886728593263
0.33270971187049236
0.3377843581733397
0.39247301866616235
0.3656283740019842
0.40519874236051057
0.32604528089346857
0.327810597371548
0.3634041968274448
0.3543586625126063
0.30959439188049376
0.3117911487367824
0.3166488211341175
0.3686038532482663
0.3225254577582437
0.2951510109505199
0.3970831963499861
0.3106059119232676
0.29641911374676994
0.32643901014199056
0.2929196633292172
0.28543860207105
0.2133093340397412
0.32818769722806174
0.35953862966409555
0.2903005379261511
0.33888307474601925
0.3208067201738398
0.32656476085167363
0.26378763472712075
0.35243619722363007
0.3574040689943374
0.4333319701038558
0.4189302710486936
0.45471604216810757
0.43591249977114843
0.4657949327691241
0.4641757605130946
0.5261982799813746
0.5065305386069096
0.5887169803339466
0.6199646631348483
0.6319499860015643
0.6297043309265797
0.7101162289817577
0.7314457675847741
0.675096153754621
0.7735132027694169
0.8104195927492602
0.796426661430744
0.8334376994828304
0.8654131981395653
0.832561031590231
0.9490286544133548
0.8379230795812957
0.8302507228457605
0.8675332460682539
0.8199256354460275
0.8828658252611259
0.9133600458688148
0.895154726375128
0.8874868748073446
0.825948534708283
0.7349150780234704
0.8940731032085405
0.8064688696236273
0.7603849145727097
0.6253014839688595
0.6959561385510414
0.6011289611164097
0.5796849076480541
0.5973725582465098
0.6312686102403243
0.5881771702621145
0.5508201626845984
0.5539286310024519
0.5251949760963222
0.5240811040120829
0.49164244854639183
0.5318076453955012
0.5020914950752711
0.5534704315338468
0.5618095956734822
0.5413058014979715
0.46178560831223975
0.5053336434794213
0.4430180684964448
0.439873114944931
0.5606625220542725
0.5012414169097694
0.55472250463375
0.48144302365539304
0.5060396934992795
0.499371076290269
0.47083352930499434
0.5520860821176039
0.44040361234337566
0.5133365081549994
0.5437739457157298
0.5625259242039857
0.5087541298990348
0.6062253818662049
0.5917151686013945
0.5059265439244682
0.5804811388721476
0.4799041011198775
0.46274146081813117
0.494417061658585
0.6261135687218403
0.6049129198228692
0.5694780645921373
0.5674285391471678
0.5695705802633696
0.5562912593300475
0.6323590242161994
0.6312911783101016
0.6579490503324443
0.6313069078101541
0.6024724274737604
0.6093106768629198
0.657262020225288
0.6711351774532779
0.6291539208154785
0.6407387470485398
0.5664748233257251
0.6119038137287762
0.6739870504159181
0.5680541117605493
0.6568036932464262
0.5979689705629077
0.5861710327104851
0.5416365113095665
0.690014462106639
0.6679253060540804
0.6933988765529042
0.6765258946746693
0.7566670549662629
0.7125573859304686
0.732254428782857
0.6842507577946537
0.8485423731958093
0.7355964869483433
0.849522826920551
0.8543267855071632
0.7331207120660586
0.7527429265137985
0.7618662329054998
0.7912649836892653
0.7885641530858569
0.7614555181447793
0.739427533535916
0.7804322949750643
0.6875200383268105
0.7608174418872851
0.6445917423486942
0.793107428648972
0.7733113140669505
0.6573061276427312
0.7308825434144047
0.680404204706093
0.7296464294688394
0.7352115693909302
0.7138858496133604
0.7511667272667695
0.6815515372029108
0.7131969791471516
0.6728091400894736
0.6601761175303572
0.679240796910741
0.6473495409423264
0.6257924501625769
0.5824449916968979
0.6389309087387581
0.6385540532101548
0.5978152636009513
0.6510688179300967
0.5253999227613307
0.5502624134837149
0.5655571363904562
0.49162278260856473
0.5383966085576879
0.5266866930657376
0.5224896643693802
0.4881752682892073
0.471029814397912
0.46585223556476285
0.4651429798027323
0.4969915560227751
0.502224361850895
0.47179622950843814
0.5078868102586211
0.4586552080587718
0.5390446299883301
0.5277108391160114
0.5836251426475072
0.5501027123727016
0.5278733618886019
0.49910368129745736
0.6302305897848648
0.5958402772121161
0.6305025327525221
0.5794457322467688
0.6946679114377767
0.5875529104180294
0.6094463673465573
0.6055652309663151
0.7039067335640545
0.6495073639798146
0.6141711994216612
0.664794398889018
0.7469167352478157
0.546442892736749
0.5963994062850215
0.6122498483708622
0.6251023610630588
0.6029205661310095
0.5686183182624913
0.5804272302363487
0.50962208196371
0.5012201202624499
0.5232848426955434
0.46390385766059694
0.5196225322100925
0.39168909692923737
0.4642514522271866
0.3802346552092477
0.3927624116818868
0.42425110421893586
0.417804219088484
0.3206946521498113
0.3679200134322902
0.41303196177925006
0.3714013987536194
0.30891924693013856
0.30172579527723653
0.34739922860600625
0.33481564537785624
0.33413291016431235
0.2861784843725395
0.24567548626411911
0.23349201012009063
0.2665891918736825
0.2254442173036024
0.1941949295777462
0.20393651310169494
0.2557309010192783
0.21428577217148143
0.08816028349088847
0.29192992657934885
0.12117546388132303
0.14234443399848892
0.21143480799160358
0.2209733076142476
0.2118862481634712
0.205211052577978
0.13936467121862664
0.29475950290869035
0.18577036338356986
0.22538071242627716
0.20564405821761
0.21355381089492312
0.26106987202237975
0.26930213727409563
0.3165068524952078
0.2732275595515471
0.32789618294660205
0.26000253829216846
0.34048296861980837
0.3605198692022696
0.24478660058542218
0.2695848458157528
0.3538906743948253
0.3337383937601257
0.3807295710981128
0.3438923779627913
0.32612266057607625
0.2995236620707523
0.24909985288002223
0.3839811991630599
0.23639776102409543
0.3472321711550696
0.3074141600300189
0.3415412265265163
0.33777288718845455
0.35552281594901447
0.32117015472113625
0.3880617666122008
0.3030916214116222
0.42390996879157294
0.4058328284811817
0.4242361503060279
0.3774957956314846
0.48465377501451223
0.42363012842329056
0.47859350304535797
0.516783687748513
0.48694897308945395
0.40529933632863846
0.4341932956412945
0.4086755736803709
0.508935283937203
0.43254565550988244
0.4478379088960576
0.470245363547115
0.4173642864666526
0.40392614357221857
0.4345969017299745
0.47929199369128045
0.3788368080973727
0.43979106771069576
0.4483299181931392
0.5296970560100104
0.6410084004745538
0.45772684545703
0.4671860883267301
0.4869898187875241
0.36307189265965045
0.5397785304900897
0.5186853410238805
0.4558157625612384
0.48150279174359867
0.4894893505700142
0.4444015922625044
0.5170625354994575
0.4293939621969334
0.4312013618258842
0.42731334655852304
0.5106735736257118
0.5515995870326798
0.454931702465207
0.4357711235854906
0.39876828684374
0.40166749660854206
0.4109498697331295
0.336458266205388
0.3707069712697131
0.36211340283709204
0.36679749701094755
0.32933222595815925
0.4091478905214609
0.38582751236664314
0.3293223622001134
0.34818365586770117
0.3401207194625525
0.32071599591082034
0.34023002564912963
0.29292233610111923
0.26236305996530457
0.29905405841681254
0.266535536070554
0.22697525052555922
0.2580898514484247
0.314744771721207
0.2767866014787863
0.3235103323656216
0.32985888510630135
0.3071264214949867
0.38125943100027204
0.34219730921326363
0.3359626761282545
0.24381034304543286
0.2610659510663756
0.27111431066139724
0.17196520128463083
0.2350268463989129
0.2492391507225861
0.252454805573853
0.321324658213176
0.26316830177240313
0.2236137931559221
0.172744522704201
0.2235036705047737
0.2844267437091501
0.25757160638559196
0.3723988392399429
0.3964618820519487
0.376075779047911
0.37206950409209383
0.41405993762047344
0.5436230584012891
0.6079036783538996
0.568842784924626
0.48897141722417803
0.40117125572124135
0.3366943168355681
0.30663117219831204
0.2965172489814663
0.2535667791456558
0.24707246396341043
0.33142546330933764
0.2658282791750668
0.25469641956895395
0.23550223179836532
0.2522987671970859
0.24833032365598207
0.2556621526627133
0.2476753226847865
0.267314439867929
0.29396515124576916
0.2672519071366873
0.23836199239643893
0.22378456661010349
0.3129651523440362
0.2759920760812214
0.29460225076892843
0.16269351255192177
0.2929193543098241
0.24092056819931862
0.26973119801035206
0.21474394442199418
0.23930316586499173
0.25131973109380706
0.3374518816041749
0.3316698973870946
0.3333825863610192
0.33073337807456216
0.22042987733343591
0.3085206967765154
0.26300093801305136
0.2868880297811258
0.29698621084564236
0.3412563141221967
0.28138344483835315
0.30973067006744925
0.3583239593699992
0.3115389146759109
0.3720217358785808
0.40966300520283333
0.3516007695914584
0.3638689260981165
0.36321035329714263
0.3390176087751106
0.4128772934673574
0.3172754192389696
0.4032778648015227
0.33636014036192463
0.3445198254153493
0.421109173822274
0.37511467212258953
0.3627613495864492
0.29155403413976383
0.38449367252717387
0.36980755796427817
0.435073305927686
0.43421176731265615
0.3924162858400565
0.3398594002644799
0.42090599508756177
0.4017967886597903
0.3712073046472266
0.28761185244644943
0.42583928360793233
0.4151836605273793
0.360805772276931
0.402140170971479
0.3409477047113488
0.4080507990474471
0.34052582528346054
0.34110842499855565
0.39338093912550137
0.3876571440884619
0.33641728870650867
0.3776677220137911
0.3570512133412226
0.3617241591951602
0.2628748662278568
0.33594320326004634
0.338960059956857
0.38679982047771944
0.2188211577048847
0.3643811748384848
0.30638116546022975
0.3921349931178842
0.372172217492311
0.4725973649197954
0.47988519259307894
0.31661194246111113
0.34379842549845374
0.39205262407032593
0.40415603558725743
0.4259247348223901
0.4725845898571439
0.38235909080329156
0.4456467902696911
0.5538339143722855
0.6196473067741852
0.4723103309378636
0.4313119300952119
0.4309713694712919
0.42907281936320396
0.4910026442170536
0.4253170309098407
0.4243277691493864
0.3673223662940578
0.35663260052115475
0.4226393347716643
0.47504181777393784
0.48279494525171285
0.41246702129782475
0.46097882133406987
0.5238699527847867
0.40626948882872504
0.3982511912113107
0.4614739522502872
0.42873741545012767
0.46316079659264814
0.43383038307866084
0.4009424879791066
0.4090665879950304
0.34488373363807656
0.3219183514645159
0.33777860750183547
0.3843737317621975
0.39908630242581633
0.379270484294311
0.3358977377726119
0.4005762083466825
0.36532923423723573
0.3272384394390765
0.43816572787272623
0.4358220866007715
0.35475712844152374
0.41172431416826755
0.3352402995467789
0.41574878049364533
0.46750663249379265
0.3658471517295611
0.361489203544624
0.42600292577022025
0.37727581588647263
0.49607815593515114
0.3531667608539367
0.46454229539615155
0.38219839772068476
0.5110696923504365
0.376042861266221
0.5341476026275545
0.4125170098077872
0.2823129618163547
0.38297927661635034
0.3804579956769019
0.36638864518939496
0.3831883291285453
0.4243127187356409
0.41696590969694824
0.3038890106826001
0.33533989274584886
0.37551258809715876
0.47063003088948263
0.4846677406401579
0.41768078919113627
0.5038012602075818
0.23087141956924762
0.35809255749817837
0.3417650502417642
0.3919549664317589
0.4051600229499492
0.31825082876956323
0.3609041281780342
0.37866264791305626
0.3720222624762398
0.4449686834371194
0.23288446148124076
0.3648082664317115
0.4141052836727684
0.35801638194775043
0.40303539544719247
0.3059453940567466
0.3634992299297074
0.40405359298545807
0.39943716490538983
0.42157161346576155
0.5261610532473806
0.4154547878485556
0.42870820213272964
0.5057217267124903
0.3827838409153021
0.3664547335707956
0.3613836796758479
0.34739663425079625
0.37416467740984094
0.34439187598495413
0.35874154236102973
0.35074122275752967
0.38099619808441854
0.3459605439514999
0.39874137025741163
0.2818654559362138
0.3450047481528834
0.39222829565338374
0.3547635360837769
0.38252393517264616
0.2470952309620674
0.2982004924968584
0.34451797252760485
0.3432169949181414
0.2816573206821344
0.2802461686163049
0.26918804441506095
0.40590197041622744
0.35766568698133594
0.3211504705532774
0.37483465834877294
0.36958519183882377
0.3616602188200625
0.40685199819396217
0.3252239862879409
0.3530378112382427
0.41537640504327067
0.45033796824102984
0.39818369318668534
0.37031302623387585
0.37616019189492134
0.3776726544329135
0.30356519644914337
0.3579413294066439
0.4120523261047092
0.3708234060104356
0.30744662556553976
0.4006717032319548
0.21440690626839634
0.279378705027368
0.3495294256227879
0.3543362286698847
0.38817725441057094
0.4922627924034878
0.31912129650444254
0.4901119854172955
0.34391501598691765
0.3892427980919808
0.30607731093794704
0.278890876598659
0.2873347350795379
0.3474262123277352
0.24844409544633173
0.28761487913870704
0.2780305620990363
0.28545410052894243
0.3026605216849609
0.39865586858285146
0.2924548815936411
0.31947945746202766
0.349548761338736
0.2910167525386244
0.39860913166586476
0.3542333491002948
0.3265639681230014
0.33612465588733853
0.29937729844720706
0.3065495147809804
0.3316501153684498
0.3439421164258424
0.27554998925673313
0.353256916550355
0.2970760411929502
0.41429836610307036
0.3487242818321017
0.32665565733556245
0.3650302944180479
0.42810054395817976
0.38644634999474714
0.36683474207925726
0.30957346338424535
0.42228480704176036
0.3626383795127157
0.4210666970157294
0.4074629989995177
0.3701741942869775
0.3744335305431549
0.5072717532298658
0.47990674069166694
0.45272109661676047
0.3553984966483002
0.3720915641340483
0.4293131296291951
0.40666228454691977
0.36996370215209773
0.4198647141677059
0.4401493625778763
0.44079776822717676
0.37883900921073443
0.37705004276842174
0.43505898941608145
0.35551738315953596
0.39062271229562473
0.501189449365718
0.39908200517295805
0.5274433985934789
0.4551402999927237
0.4565914659704209
0.3639636317852101
0.5153233123208197
0.4718336350204969
0.4611629945947745
0.5529396674772675
0.5349023134710987
0.46421943340577604
0.4897973617184821
0.5513996756359372
0.46679089884669883
0.5808098995649318
0.4419115472236814
0.6097784345194064
0.6302944381673655
0.5370157323481826
0.4795374559200245
0.463256576463705
0.5218617588698732
0.5820220039526465
0.4673416218408039
0.4936243573992727
0.4910089764717279
0.4843379135861604
0.5105560522944398
0.46055379390190737
0.46739158799637637
0.4818257769538175
0.5330144248173401
0.5157147963659061
0.4348131163243044
0.5309989197919212
0.485501003756462
0.4968672775008941
0.5098571260358085
0.4902820315425635
0.4352025626424614
0.49438963053512053
0.5543988781267348
0.3951890612473444
0.5665458210330928
0.4416781421549734
0.548214026784487
0.526612576350118
0.4836650498907306
0.5167325090951895
0.5317234897202174
0.6048802943814697
0.4850622824760944
0.5375104502417946
0.5133541522646431
0.4021759175502031
0.43673651284541504
0.4296462971303311
0.4022183221718387
0.33032622770754927
0.415986912982388
0.4243025001771748
0.38472377352208725
0.4981152691646287
0.4854159093077247
0.4279350588729481
0.3823490132141215
0.4102781474277294
0.4632796276429163
0.3092384217462024
0.41864550982988397
0.42350731607552317
0.35419018830115284
0.4175010604197663
0.41528688026478755
0.46573847796337664
0.4880958335784857
0.564250612993672
0.4930934956067047
0.4907113253924933
0.493526474064113
0.4241831273076353
0.44114811833329115
0.4719902307648993
0.5377728086445448
0.47747160047429316
0.5246280270442899
0.4943282168914408
0.46193922354689076
0.5240289098188649
0.4680670904660065
0.4580111525966568
0.5259162380558455
0.5026686238522609
0.5154113200518944
0.5132843127004815
0.48398542274605216
0.547474776593303
0.5388268839802027
0.49295360319275794
0.4183933771813274
0.5008032946956831
0.3747232980926033
0.32367400853012296
0.38953103162673564
0.3751956856682168
0.29786377905585354
0.34927496276216474
0.3976402840629315
0.39965864689134106
0.39135556517803144
0.4397572827769992
