0.3756794162053347
0.3056618017111223
0.2733895319577252
0.48015853044791146
0.30941117262204326
0.3777554101660795
0.47125062908907894
0.3256919979869149
0.5575616507297433
0.2987418218419728
0.26631857070961246
0.30943633618520383
0.4280322093608455
0.4962883744338198
0.4386512330145949
0.3307372924006039
0.49955963764469047
0.24063915450427775
0.3465903371917463
0.2889028686462003
0.2815802717664821
0.24904378459989934
0.07814041268243584
0.2846250629089079
0.22693759436336183
0.28242325113236033
0.33789632611977855
0.317916456970307
0.19721942627075995
0.39105435329642674
0.2829768495218923
0.21258178158027177
0.3560518369401107
0.21014091595369905
0.32848515349773527
0.3838575742325113
0.38889028686462
0.3561650729743332
0.3360090588827378
0.21519879214896828
0.3711625566180171
0.3132360342224459
0.31820583794665325
0.3609084046300956
0.40359838953195776
0.39594866633115244
0.33797181680926014
0.22964267740312025
0.17164066431806743
0.3651987921489683
0.21909914443885256
0.2868772018117765
0.19109209864116755
0.35949924509310516
0.4271892299949673
0.26845747357825867
0.3236034222445898
0.340928535480624
0.43380724710619023
0.3756165072974333
0.5062154001006542
0.4732385505787619
0.3521137393054857
0.4071338701560141
0.22313789632611977
0.4542778057372924
0.21994212380473072
0.388147961751384
0.4431680926019124
0.3345621540010065
0.4146703573225968
0.31867136386512335
0.48683945646703575
0.39076497232008056
0.47083543029693
0.5257171615500754
0.4674257674886763
0.5222949169602416
0.5016733769501762
0.43069954705586305
0.5610342224458983
0.490047810770005
0.4190488173125314
0.5116129843985908
0.36511071967790637
0.5457221942627075
0.4746854554604932
0.6426899849018621
0.4709864116758932
0.6389154504277806
0.6433316557624559
0.4464267740312028
0.5766482133870156
0.7949295420231505
0.8873175641670861
0.6148842476094615
0.6947408152994464
0.6864494212380472
0.8166079516859587
0.6825364871665828
0.7748741821841972
0.867262204328133
0.7708480120785103
0.6493331655762455
0.6409788626069451
0.8968922999496728
0.5865500754906895
0.6411424257674886
0.6830775037745345
0.5236914947156518
0.6285732259687971
0.4314292903875188
0.7501258178158027
0.6410291897332662
0.6074861600402617
0.5864494212380473
0.6283090085556114
0.39336940110719676
0.6616884750880725
0.489632611977856
0.5063663814796175
0.648842476094615
0.42643432310015095
0.568885254151988
0.6358454957221942
0.5895571212883745
0.4425515853044791
0.5346376446904881
0.4128459989934575
0.6181555108203322
0.5340840463009562
0.48774534474081527
0.5546426774031202
0.5082284851534977
0.638009562154001
0.3903371917463513
0.6459235027679919
0.5365626572722697
0.46501006542526424
0.3682184197282335
0.4853673880221439
0.4766985405133367
0.4553724207347761
0.5473452440865626
0.5385883241066934
0.4292274786109713
0.43303975842979364
0.524911927528938
0.5287745344740815
0.5325616507297434
0.42310015098137893
0.5024282838449924
0.25455460493205834
0.4092979365878208
0.31245596376446905
0.25328384499245093
0.44574735782586816
0.3991444388525415
0.41545042778057373
0.6204705586311021
0.4102918973326623
0.5523905385002515
0.6819577252138902
0.5220810266733769
0.4376195269250125
0.4664569703069954
0.5456089582284851
0.5115249119275289
0.6535732259687972
0.5439859084046301
0.4469677906391545
0.6015853044791141
0.5297181680926019
0.5961751383995972
0.3607322596879718
0.5908152994464015
0.3930422747861097
0.5727730246602918
0.5260442878711625
0.4163185707096124
0.4198917966784097
0.3101534977352793
0.6031077000503271
0.41786612984398586
0.4591595369904378
0.5255410166079517
0.42843482637141417
0.26833165576245593
0.33477604428787117
0.3633870156014091
0.4297433316557624
0.32001761449421234
0.24797433316557624
0.3394690488173125
0.3429038751887267
0.45962506290890787
0.31205334675390034
0.4538626069451434
0.40694514343231003
0.36001509813789634
0.46406643180674384
0.41712380473074984
0.26952692501258174
0.4490563663814796
0.46501006542526424
0.2796552591847005
0.4339959738298943
0.6009184700553598
0.2897332662304983
0.26791645697030697
0.17060895822848515
0.22420734776044288
0.29045042778057373
0.46992954202315046
0.24677906391545043
0.22487418218419727
0.3036738802214393
0.3573225968797181
0.3857196779063915
0.2883744338198289
0.20353548062405635
0.21941368897835933
0.15972571716155007
0.15042778057372921
0.17881227981882233
0.3330775037745345
0.28594614997483636
0.35213890286864624
0.2672622043281328
0.10689229994967286
0.2988802214393558
0.2894816305988928
0.4814041268243583
0.3210870659285355
0.46265727226975334
0.2645319577252139
0.3431932561650729
0.47218168092601914
0.5256668344237544
0.4784977352793155
0.38100150981378955
0.34641419224962255
0.46287116255661803
0.5917715148465023
0.5445898339204831
0.5225591343734273
0.6263588324106694
0.629491696024157
0.7584423754403624
0.6105938600905888
0.6766356316054353
0.7426019124308001
0.7457221942627076
0.8369149471565174
0.7645445395067942
0.8934071464519375
0.7455460493205838
0.9373175641670861
0.839771011575239
0.742224458983392
0.8207473578258682
1.0
0.7388147961751385
0.9054730749874181
0.9839959738298942
0.8864368394564669
0.8391293407146452
0.8547307498741821
0.8200805234021138
0.659536990437846
0.612229491696024
0.653057372924006
0.7567312531454454
0.6465022647206843
0.5111222949169603
0.43863865123301454
0.49197282335178655
0.31891041771514844
0.611298439859084
0.5388147961751384
0.39084046300956216
0.49448917966784095
0.5226597886260694
0.5005032712632108
0.5789884247609461
0.4561021640664318
0.5345998993457474
0.3866129843985908
0.4399471565173628
0.4932687468545546
0.3327126321087066
0.3104680422747861
0.27572974333165573
0.27872420734776043
0.30681932561650727
0.33497735279315555
0.5015349773527931
0.37864871665827876
0.620697030699547
0.35941117262204325
0.3120785103170609
0.6169728233517866
0.43124056366381475
0.547408152994464
0.43717916456970307
0.503007045797685
0.5436839456467035
0.48378208354302965
0.39864116758933066
0.5022269753397081
0.530322093608455
0.4704202315047811
0.43560644187216907
0.5392048314041268
0.5672999496728737
0.5954076497232008
0.5480246602918972
0.4880473074987418
0.47840966280825364
0.5694262707599396
0.471716155007549
0.47467287367891287
0.6285983895319578
0.5686336185203824
0.4457725213890287
0.36065676899849014
0.577503774534474
0.40431555108203315
0.45752390538500254
0.5359838953195772
0.6018495218922999
0.390928535480624
0.4567312531454454
0.698754403623553
0.6891419224962255
0.4655762455963764
0.6321212883744338
0.48404630095621537
0.6128459989934574
0.5654252642174131
0.8200553598389532
0.6216658278812279
0.624584801207851
0.7659788626069451
0.844401107196779
0.9103170608958229
0.8125943633618519
0.7022898842476095
0.6549068948163059
0.7459989934574736
0.6986160040261701
0.6889783593356819
0.7548439859084045
0.669728233517866
0.685279315551082
0.6504906894816306
0.577969300452944
0.6564418721690991
0.6845747357825868
0.8007926522395571
0.8541016607951686
0.7312783090085556
0.7845998993457474
0.5862858580775038
0.6521892299949673
0.5922118772018117
0.44425012581781576
0.6234021137393054
0.5006039255158531
0.5413059889280323
0.6575616507297434
0.648012078510317
0.6761449421238047
0.5659536990437846
0.5940991444388525
0.5468168092601913
0.6001383995973829
0.47737795671867134
0.5936084549572219
0.4582788122798188
0.44870407649723204
0.6279315551082033
0.555460493205838
0.4326748867639658
0.4735153497735279
0.5017111222949169
0.4041016607951686
0.4574735782586814
0.49833920483140415
0.6146326119778561
0.52963009562154
0.5830271766482134
0.40995218922999493
0.3249622546552592
0.7306743834927025
0.5953699043784599
0.4726472068444892
0.38768243583291395
0.5292023150478108
0.4694136889783593
0.5102918973326622
0.6517488676396578
0.5164947156517363
0.6580397584297937
0.7492702566683442
0.614028686462003
0.5416331152491193
0.4693256165072974
0.6612355309511827
0.7650100654252643
0.7807876195269249
0.5574484146955209
0.4977478610971313
0.7273779567186713
0.5544539506794163
0.8973326623049822
0.6363613487669854
0.702453447408153
0.6679542023150478
0.5705083039758428
0.4856316054353296
0.4260065425264217
0.6431177654755913
0.596024157020634
0.5615123301459486
0.602503774534474
0.7064796175138399
0.47069703069954705
0.7004403623553096
0.46465777554101656
0.2792274786109713
0.2951056869652742
0.46197785606441877
0.38979617513839954
0.36795420231504783
0.2832159033719175
0.4627075993960744
0.11376698540513336
0.21771514846502266
0.20850528434826368
0.43834927025666837
0.3788374433819829
0.3193256165072974
0.17167840966280823
0.2128459989934575
0.19110468042274786
0.20705837946653247
0.17276044287871162
0.0
0.2299320583794665
0.18309008555611472
0.23682687468545546
0.17735279315551078
0.029875440362355305
0.07107070961248112
0.31365123301459485
0.3548691494715651
0.32059637644690486
0.22350276799194765
0.4283215903371917
0.20535983895319576
0.12080775037745345
0.2501635631605435
0.4550830397584298
0.14408656265727227
0.13507800704579767
0.402868646200302
0.12965525918470056
0.1080976346250629
0.3004403623553095
0.1782460996477101
0.2825239053850025
0.47489934574735776
0.15143432310015098
0.25576245596376446
0.20910920986411677
0.25047810770005036
0.22902617010568693
0.3082284851534977
0.23646200301962758
0.3533844992450931
0.15582536487166582
0.22249622546552592
0.16329894313034726
0.3432310015098138
0.0701711122294917
0.22496225465525915
0.30421489682939107
0.03125691997986915
0.3370030196275792
0.46668344237544035
0.29435078007045795
0.4869149471565174
0.25176144942123807
0.43175641670860593
0.2846376446904882
0.41439355812783085
0.49377201811776544
0.2837946653246099
0.35061650729743327
0.5432687468545545
0.39623804730749873
0.2995344740815299
0.35390035228988426
0.1314167086059386
0.09766356316054353
0.21490941117262202
0.36991696024157017
0.4745470558631102
0.13890286864620027
0.3065299446401611
0.3986789129340714
0.4531077000503272
0.26848263714141923
0.5241821841972822
0.5409033719174635
0.39407398087569195
0.4737418218419728
0.4526925012581781
0.3184952189229995
0.3603925515853045
0.22620785103170607
0.4442878711625566
0.4233769501761449
0.42759184700553593
0.343797181680926
0.5241821841972822
0.4026799194765979
0.5956718671363864
0.47414443885254154
0.4281831907398087
0.28151736285858076
0.4871540010065425
0.2776673376950176
0.19396074484146952
0.3744841469552088
0.30338449924509314
0.5971816809260191
0.0731718671363865
0.3544162053346754
0.24563412179164568
0.2501132360342225
0.4055863110216406
0.22136386512330147
0.23846250629089077
0.3059134373427277
0.14690488173125313
0.3401987921489683
0.10573351786612985
0.14802466029189734
0.24071464519375943
0.24535732259687967
0.40099396074484145
0.2672118772018118
0.2593105183694011
0.22622043281328635
0.23093860090588827
0.36148716658278807
0.4416834423754403
0.08158152994464016
0.3002013085052843
0.5063160543532964
0.4104302969300453
0.3145697030699547
0.2816809260191243
0.1732637141419225
0.2158530447911424
0.15785103170608958
0.3262833417211877
0.31859587317564164
0.05928912934071464
0.05168847508807247
0.3711751383995973
0.40130850528434825
0.3056366381479617
0.4238676396577755
0.32823351786612986
0.34584801207851035
0.4263965777554102
0.4943759436336185
0.6001258178158027
0.7310518369401107
0.6103548062405637
0.6154504277805738
0.8093482637141418
0.7390412682435832
0.7567941620533467
0.46004026170105683
0.47785606441872164
0.44534474081529946
0.3625314544539507
0.48103925515853047
0.42342727730246604
0.5168092601912431
0.4466406643180674
0.4645822848515349
0.3189607448414695
0.28660040261701053
0.29199798691494716
0.473565676899849
0.5167463512833418
0.45929793658782087
0.35153497735279315
0.6338324106693507
0.45060392551585304
0.48130347257171613
0.36103422244589833
0.3666079516859587
0.4350905888273779
0.7174886763965778
0.5343860090588827
0.4645445395067941
0.1933945646703573
0.35006290890790137
0.3305988928032209
0.3740563663814796
0.5181932561650731
0.5113613487669854
0.47939104177151476
0.33420986411675896
0.4658404630095621
0.3206844489179668
0.4271892299949673
0.5337191746351283
0.4012078510317061
0.44486663311524915
0.6521011575239053
0.4315802717664821
0.3494841469552088
0.40580020130850525
0.3866507297433316
0.5939733266230497
0.4490437845998993
0.3041394061399094
0.4989431303472571
0.4295671867136386
0.23438600905888274
0.3537745344740815
0.5612606945143431
0.3913059889280322
0.6239808756919979
0.403749370910921
0.5987166582788124
0.2652868646200302
0.49804982385505786
0.41629340714645185
0.35972571716155005
0.3786612984398591
0.2843860090588827
0.34110468042274783
0.33493960744841467
0.41687216909914443
0.2849396074484147
0.32916456970306995
0.3608203321590337
0.6818948163059888
0.4242199295420231
0.43078761952692507
0.2486537493709109
0.5194765978862608
0.2744715651736286
0.2937091092098641
0.26263210870659287
0.5587191746351282
0.15023905385002514
0.5595873175641671
0.28954453950679415
0.4724836436839457
0.5799320583794666
0.5490186210367388
0.35455460493205837
0.4243457473578258
0.34315551082033213
0.3374937091092099
0.5457347760442879
0.46463261197785605
0.38353044791142427
0.4911927528938097
0.5107951685958732
0.5052717664821338
0.6381605435329643
0.4313663814796174
0.4133115249119275
0.521112229491696
0.5660166079516858
0.5102918973326622
0.5803975842979366
0.7637770508303975
0.3432561650729743
0.5392551585304479
0.6723704076497231
0.3525666834423754
0.6870281831907398
0.5182561650729743
0.43756919979869147
0.5204705586311021
0.49017362858580776
0.39696779063915444
0.2912179164569703
0.6761826874685455
0.6459612481127327
0.46478359335681935
0.4723704076497232
0.5051207851031706
0.5505032712632109
0.5203950679416206
0.540651736285858
0.5357574232511323
0.5057372924006038
0.2366758933064922
0.5212380473074988
0.7554982385505787
0.6626572722697534
0.6830775037745345
0.5022143935581278
0.4471816809260191
0.48025918470055357
0.37494967287367886
0.5338827377956719
0.5041142425767489
0.3234021137393055
0.5201560140915953
0.490463009562154
0.5237040764972319
0.5695520885757424
0.5525037745344741
0.6738928032209361
0.6569073980875693
0.26248112732762957
0.44684197282335175
0.6941494715651737
0.5136889783593357
0.685556114745848
0.9077629592350277
0.6393054856567689
0.6602541519879214
0.8196275792652238
0.7273905385002516
0.8490689481630598
0.6688223452440866
0.6773024660291898
0.25803975842979365
0.543381982888777
0.38838701560140915
0.3214896829391042
0.6572345244086562
0.5903749370910921
0.4732259687971816
0.4190110719677907
0.37740312028183187
0.41131102164066435
0.5333039758429794
0.6427528938097635
0.5383241066935078
0.3710241570206341
0.5434574735782586
0.33846250629089075
0.6619149471565172
0.6582788122798188
0.47851031706089575
0.651069451434323
0.5845998993457473
0.6817060895822847
0.25041519879214896
0.4482385505787619
0.6083417211877202
0.49165827881227975
0.4001761449421238
0.5603548062405637
0.5318319073980876
0.4781706089582285
0.5629214896829392
0.4086562657272269
0.5060518369401107
0.5405636638147961
0.5121917463512834
0.3957725213890287
0.5058505284348264
0.5530447911424258
0.38637393054856567
0.546854554604932
0.4808882737795671
0.49043784599899337
0.3741947659788626
0.45929793658782087
0.456341217916457
0.30242828384499243
0.4630976346250628
0.40988928032209365
0.4321967790639154
0.4293784599899345
0.263009562154001
0.53704076497232
0.44622546552591846
0.21702315047810772
0.3024031202818319
0.4003900352289884
0.27191746351283336
0.5460996477101157
0.4554353296426774
0.47803220936084545
0.37483643683945644
0.3597382989431303
0.3446653246099648
0.367362858580775
0.35234021137393057
0.5512455963764469
0.3098012078510317
0.35776295923502766
0.36801711122294917
0.5292652239557122
0.6528057372924005
0.361160040261701
0.6231504781077
0.3441368897835933
0.6187594363361851
0.5159536990437846
0.42575490689481627
0.49914443885254145
0.3460744841469552
0.230787619526925
0.3419979869149471
0.21417966784096626
0.28770759939607443
0.5373930548565676
0.5228862606945143
0.4329139406139909
0.4184574735782587
0.630510820332159
0.47770508303975845
0.36268243583291393
0.26025415198792146
0.39691746351283336
0.5335933568193255
0.3305988928032209
0.36667086059386006
0.5789255158530449
0.21244338198288878
0.4121665827881228
0.2973578258681429
0.4468042274786109
0.5836940110719677
0.45639154504277807
0.40460493205837944
0.4534977352793156
0.37659788626069446
0.38779567186713637
0.38643683945646706
0.3851031706089582
0.32089833920483135
0.18121540010065423
0.1547936587820835
0.17872420734776043
0.303334172118772
0.3147458480120785
0.32617010568696525
0.4382737795671867
0.4749119275289381
0.473842476094615
0.19598641167589329
0.3459360845495722
0.15621540010065424
0.36912430800201307
0.41849521892299946
0.30434071464519374
0.2908530447911424
0.37804479114242573
0.352038248616004
0.41411675893306493
0.5768746854554605
0.4251258178158027
0.4243709109209864
0.4991318570709612
0.37260946149974833
0.47259687971816805
0.5348515349773527
0.3077503774534474
0.3197282335178661
0.4952944136889783
0.33117765475591343
0.4187216909914444
0.38047307498741817
0.25417715148465025
0.278887770508304
0.3916960241570206
0.3409662808253649
0.2147584297936588
0.37796930045294413
0.33989682939104177
0.4779818822345244
0.7167463512833416
0.3642048314041268
0.3513839959738299
0.3260065425264217
0.42648465022647203
0.27533970810266734
0.27520130850528435
0.4260568696527428
0.6021137393054856
0.400742325113236
0.47618268746854553
0.18678912934071462
0.3000251635631605
0.4761952692501258
0.22460996477101156
0.6524660291897333
0.26253145445395065
0.5268746854554606
0.6905762455963764
0.45169854051333663
0.5777050830397584
0.3514469048817313
0.3265223955712128
0.22613236034222445
0.3019124308002013
0.5538500251635632
0.403195772521389
0.46646955208857577
0.26552591847005536
0.4169099144438852
0.3418470055359839
0.31712380473074986
0.5566431806743835
0.2551711122294917
0.34375943633618516
0.5204328132863613
0.2945269250125818
0.5970684448917967
0.6354051333668846
0.1201811776547559
0.2843860090588827
0.6373427277302467
0.22283593356819323
0.5129340714645193
0.24944640161046805
0.4640915953699043
0.5151987921489682
0.427918973326623
0.3784096628082536
0.2911801711122295
0.4807750377453447
0.24260191243080018
0.1931806743834927
0.21926270759939606
0.4592727730246603
0.29667840966280823
0.58704076497232
0.5377201811776547
0.48842476094614995
0.1875188726723704
0.7170231504781076
0.5293910417715149
0.3291897332662305
0.2045042778057373
0.381806743834927
0.4458857574232511
0.4093356819325616
0.08341847005535984
0.3866129843985908
0.1991444388525415
0.32623301459486664
0.5036612984398591
0.2910920986411676
0.27983140412682433
0.1805234021137393
0.43353044791142425
0.4978359335681933
0.42374182184197284
0.36226723704076497
0.4014594866633115
0.30226472068444893
0.5050578761952692
0.43106441872169093
0.533241066935078
0.5473578258681429
0.5740689481630598
0.4875691997986914
0.5143306492199294
0.4404504277805737
0.46723704076497224
0.4437216909914443
0.244073980875692
0.5854554604932057
0.3481001509813789
0.4378837443381983
0.46478359335681935
0.47911424257674884
0.3928032209360845
0.1806995470558631
0.42155259184700555
0.5491821841972823
0.3622798188223452
0.590601409159537
0.441482133870156
0.34271514846502266
0.38234776044287866
0.4220055359838953
0.48683945646703575
0.42588072471061905
0.40266733769501756
