0.27906768357051037
0.33877389757149373
0.35147876961273244
0.3394380937797599
0.2706712114336717
0.3842511484276061
0.3562262920975747
0.26482676314906384
0.3181752268225757
0.33337933177045415
0.20121471745722036
0.3142373012384779
0.3572258699140537
0.2706804243689837
0.37365519614737763
0.3111499538183643
0.216968397998139
0.28290931173866773
0.2581047123948058
0.4278439590163263
0.2989464364596114
0.21240178108659918
0.21249703021921912
0.27819477543912363
0.24634983245231257
0.22103872421317725
0.3284151419575221
0.40420234492405827
0.31423923820744915
0.30346433993140043
0.27450266504914655
0.2473662936898391
0.3439446257237822
0.242429117637992
0.25751920006665063
0.3730604577102504
0.32830548994833886
0.30240034370362234
0.33116916500400134
0.39684414942445356
0.309975971966276
0.3143184270302267
0.3044431107402862
0.25884051581703965
0.3889829950428074
0.3278760207455872
0.3155541440527197
0.2556614857815649
0.23333951596946229
0.23672980048409353
0.3349652895118166
0.27757570323094344
0.3022291224298471
0.3340716912401282
0.31652722766739777
0.3434227075447448
0.373899125652308
0.3395543546600011
0.3164856941237937
0.33402589428890755
0.335754986032762
0.3410484652041974
0.3488000213570454
0.3720145109486058
0.35501183451273766
0.43867866687332613
0.42547972927263356
0.35012664414217487
0.35068531564589234
0.3905504886787627
0.4136447400010707
0.26584658822063945
0.4347912580816745
0.419188048140406
0.4492633994488918
0.5136694784991975
0.5069928320897322
0.4845042682709346
0.43197928016428866
0.4441930418944051
0.5452828358353956
0.5344864444038375
0.4539539421408527
0.3502835895888102
0.49208400978989997
0.5347351341096374
0.5752518991837852
0.5920687268752486
0.5421141917367709
0.5270098120472463
0.6197561354100671
0.6013748320003767
0.5940164291665502
0.6028399701698235
0.6139071075985332
0.623265222778658
0.7181700109738132
0.5941556878751213
0.6960402921179007
0.6297676299104527
0.6536190417559203
0.7155764635492365
0.6357526626349906
0.7261062314823795
0.6741126374437532
0.7250339277112833
0.5804309889479059
0.5153541930126634
0.5089163199137275
0.628829713867344
0.5780070224189175
0.5897719506536863
0.5173052688956921
0.583063124993384
0.5237583056632062
0.5435192307023442
0.4759976362336088
0.6242037833477443
0.604501109875911
0.6536858923426039
0.42354417338552985
0.4262881209913729
0.49930679251676713
0.5555642709968567
0.579124520078874
0.4486902731723772
0.5425440690710333
0.37189932299716166
0.42727199513033975
0.505950463429991
0.42161535000490324
0.4950629407399273
0.4606150307872981
0.49177384984619943
0.4824817502426074
0.4439267043028393
0.4974741556856064
0.5062145606971298
0.507558156801089
0.5036047883767104
0.5279779899401285
0.44088791202645305
0.5179660760264371
0.5283780683698307
0.45305460067873415
0.5118064809003606
0.4724294729962427
0.4899098663209179
0.4340416683669495
0.3532286514802873
0.3770064433796487
0.4104777176200038
0.3045757073383504
0.41139514494029017
0.3081389603455521
0.4906208192731718
0.33073403791616895
0.39283919512695065
0.32809915349652363
0.4744890469482116
0.38467723656965264
0.42648620735844456
0.43138721277272546
0.4263952764779691
0.4276820408672827
0.472740854213077
0.4995449604166989
0.5455487222193113
0.42341177853896333
0.500830318899883
0.49688878456616214
0.48635819083182347
0.4773993195845879
0.34286208954491687
0.48505354883025653
0.4038031655411146
0.48845958765157105
0.46865430807309966
0.5345177893682668
0.5023399197421314
0.4394067655461382
0.4880398888130738
0.4161170051479166
0.4413907431748463
0.4812207769040966
0.326997021766827
0.42741884511456796
0.3737997112339098
0.4494563022878859
0.35008772723311776
0.40159375262445596
0.37345253860958616
0.35139590867207315
0.3312219630197991
0.26975527200744787
0.41259597759522626
0.26546772611835967
0.3016929786041205
0.3825511150615153
0.2923769260232809
0.41205461599299775
0.32324479586813193
0.2568531333936032
0.38679486989078116
0.30013779747607794
0.38175411457872044
0.3185079015947042
0.26017408027801714
0.3221328768433266
0.3676410616392908
0.2935897439312188
0.2881181079460211
0.3097395239420727
0.29843341715586197
0.3112056384506426
0.2755648539539961
0.21311578192642655
0.32832015756207555
0.25486474200034703
0.31009981538660175
0.254484046033966
0.34661985139531504
0.32731726691122554
0.3416542899218047
0.33010555669506714
0.30915604571159383
0.2319229025625298
0.3333253575658532
0.3217711952621669
0.32150282244631956
0.2997511394042105
0.33948417646314316
0.34617415763355
0.4320499613863487
0.34201122620782
0.32048302951326735
0.3624077028919892
0.4253831360444625
0.38291955127280797
0.39802365560094893
0.3645846196696604
0.4640269774714808
0.3955187066586732
0.5673458890779369
0.4445207438032842
0.5168044844322786
0.5125844451034427
0.561825902824469
0.5615871560922776
0.5863696237957059
0.6516639900974959
0.7786892191721735
0.7127188376180382
0.6966302542427502
0.6750573262526783
0.781076916339754
0.7033702068115143
0.7635268597499891
0.6423917959155847
0.7850984277672111
0.7927946392077925
0.7619660036631909
0.8030312559369417
0.905300822319716
0.7999228072436497
0.8269057172308161
0.6458641151595609
0.7099758274331011
0.7781174487220166
0.7090921522681572
0.6034795547151501
0.5650538489457911
0.5462535683531471
0.6177392378905225
0.4773917847444524
0.5166786281934495
0.4648627502166841
0.5170581093861522
0.4177303985164691
0.4017234831400867
0.4703681063904522
0.40765014228030483
0.4552483007599888
0.4916492948747063
0.43710888378222806
0.44765547318637167
0.3836440306386841
0.3667881455818762
0.48149688311481775
0.4163006323556764
0.34547989845032734
0.3341468048064661
0.4195781344490022
0.48036363431483053
0.41448239265312053
0.38350627910820145
0.4389174632945651
0.43715655333894576
0.32177219393320633
0.41882602098310695
0.4071934290690745
0.371555451207376
0.4337671500336168
0.5046228730589671
0.32703002396715364
0.3920260177188083
0.4519674613434922
0.3306862710047255
0.2758847917291177
0.4234853945690852
0.45766228802547093
0.5742740447901558
0.3999711761930158
0.4218082791337312
0.516101474041521
0.49860699471598213
0.37891345390019027
0.47940855184233616
0.5228177273498009
0.4256813275161367
0.360024113775978
0.42862514632027393
0.5034631331670634
0.45047629155421737
0.4374283478340181
0.4884144385572985
0.4734322688037773
0.5255308314161582
0.52723073038287
0.5889141089176662
0.41528948365299734
0.4200319752910702
0.5053620853575328
0.5175520877337545
0.3650480928821767
0.507725732788304
0.536585780011174
0.6031220193263264
0.5708926158787906
0.5827139176597094
0.5743712913539677
0.6649634286663171
0.7022465913356741
0.7178529634253712
0.7738754973386404
0.5821020197266519
0.6757868198416499
0.5754880215711589
0.5676373070968108
0.6496169711819456
0.5647733279819586
0.6291725658505397
0.578772424135779
0.5403534967476181
0.7562508456370053
0.6218602465133898
0.605448553135983
0.59060133746738
0.6537451431561236
0.6138634195987431
0.5510911711613902
0.6555248603025234
0.7464701676541792
0.6543978822711485
0.537389415636507
0.644160598464133
0.5771093893361737
0.5966313814944713
0.6401431948799323
0.5372004610335119
0.5526005340750086
0.5762047149711862
0.743033522650997
0.49075447344171474
0.6091353279720251
0.5591807905075469
0.4583589842730099
0.49443191440772855
0.4720725593946407
0.5550645072073255
0.5162759281623881
0.5000925889227539
0.46192180979424835
0.4967710632413613
0.45776052682938806
0.42706943646540485
0.4605035287435574
0.5157656778040806
0.4984563108622758
0.33041220868139143
0.38555084569043824
0.5402522821943649
0.4127718767027383
0.4825585595871812
0.5566986662142559
0.4131661991872968
0.5873491284962538
0.5104578233733903
0.509649563817715
0.5691233381630896
0.4659652240458454
0.5591811526159568
0.5425420347067879
0.6682158302465919
0.49675317908896854
0.5281464806828873
0.5770331693532726
0.5608043733854662
0.599002228530535
0.552104327315188
0.6705046776246789
0.6298199491320756
0.7385906804718819
0.7023229353264793
0.5596644670396089
0.6480757958039165
0.6322788172325404
0.6986825418795654
0.7066083877159202
0.600827006459078
0.46410942177481507
0.5396337498049201
0.7306767592870063
0.41267705212208117
0.39871113745158404
0.5048802270813516
0.47363462126282396
0.44835861179689207
0.4602006102699322
0.35707955718521306
0.4303317380546444
0.40587759070152196
0.4255063479833608
0.2820009389211477
0.3927770849008505
0.3138236697996592
0.30546279495445056
0.3741959031833598
0.3013526427633366
0.37753553164430104
0.19261080554249327
0.3965616879781532
0.31948597528031975
0.18439444872550007
0.2900335541382194
0.22256649249876825
0.19871898113031305
0.19655039503682864
0.19372494408282262
0.14735415110356975
0.14387311949358192
0.16350597214408752
0.2150206729947012
0.09008676546206851
0.17907512539153825
0.2061661659375587
0.1092670453646017
0.15033391298608345
0.22032040828794125
0.20765707775818326
0.2354994107769463
0.23891279026834034
0.27121653535283796
0.20948384916171847
0.3108502690142336
0.24113565840535856
0.2826988432937805
0.14723020034614187
0.3489289317039872
0.2474762010107559
0.22487607009106592
0.24980103364771483
0.30303630787107205
0.21996247568496402
0.3131349310889668
0.33210487290311874
0.21016979132330865
0.30683034033064005
0.29455823994143077
0.23662480294932614
0.2569503830295514
0.2631252882556281
0.0830711091750182
0.15438352153727417
0.29318229268963447
0.26405753613311445
0.34192194419178457
0.3048384235726892
0.21655546046128327
0.2909099504610787
0.318273030096938
0.3375791370510835
0.3136578327265127
0.4360259413510892
0.41625867188842797
0.4835366398629477
0.35255158483167637
0.18726939990882294
0.30701097395692745
0.3380607204799166
0.39977751067279604
0.39598418478390396
0.38325866038225304
0.21648467001607533
0.26760156710649896
0.40493882628802685
0.4176602554657888
0.2958535979908694
0.36115274720947543
0.3329780337464236
0.3297699534019909
0.3748781072361329
0.3769967238968724
0.36395368963428015
0.32275919950614057
0.3538920183730283
0.35035593512272106
0.27933461345787414
0.4209071785201941
0.3318673296132363
0.5416161163743123
0.28205662015304905
0.3903609023428868
0.305565976346174
0.3681934812851979
0.4746929238596721
0.3581698623108238
0.4390216459789116
0.38902819181647885
0.44088487464021575
0.446343898124934
0.3564347153456834
0.3608302611967678
0.3589217201261993
0.38904677899382023
0.31652644682407727
0.42545821412708584
0.3883343625228401
0.3173859326495478
0.3815800755097545
0.2759226913138977
0.2860673495094905
0.31299790635583935
0.32341585301392384
0.4058029787573008
0.2698412458167426
0.3607135068056589
0.1916621806975216
0.3182570606552123
0.30991455011100877
0.3168196106868211
0.43875451580441127
0.4309849514467725
0.2537251896746785
0.22709132824443068
0.22653836448978876
0.24924009028181165
0.3051175274320578
0.20290634566528803
0.402209463940566
0.296084240554446
0.3460531570771168
0.3550546233652254
0.3942105205187565
0.2976200902927886
0.3502876699257022
0.22365381830022918
0.32059199263685356
0.22221901052219034
0.18569677212944846
0.3066204324476492
0.3512258581651868
0.3373391360816988
0.3000590414384702
0.36267433559158296
0.36638445452728186
0.33699422442530425
0.45768355687183704
0.3264680124736809
0.4331284024502493
0.5300557314019521
0.624646114229211
0.6491107920713575
0.7755557313988332
0.7600075373068641
0.6461591419641404
0.6129618924782909
0.32946669197468437
0.4719016145759576
0.43079540938153815
0.4308909151530956
0.375047009155076
0.4198476869405403
0.440300642780956
0.478636034363242
0.36291474778541466
0.30887928773904816
0.4769891050295063
0.42889092764364883
0.311088018215126
0.36018137405819284
0.4240129909472885
0.35016360427021814
0.37213243883750713
0.28366885749799375
0.529683047535177
0.4143995626474254
0.47130409709451937
0.42081345730973996
0.27406073879981047
0.17666705667480898
0.44644938743962836
0.2561176113459064
0.4393038155099771
0.5276217438513608
0.4217037665162886
0.40486216429405264
0.4199836600404402
0.36020029075986504
0.45191632234896884
0.3470477787099034
0.23125885269797136
0.4575696112692175
0.31775437136572326
0.41198918889679126
0.40387645210734846
0.39381104237529874
0.3626039021554064
0.47964199303999133
0.43070911669211087
0.3913944514449792
0.5366746108452833
0.4219164534818801
0.39247296621848704
0.4063004873155762
0.3578687251466068
0.41000942416080377
0.43294689725297186
0.38479566023392797
0.4818413984136597
0.39004699661516073
0.5252189450727989
0.4479961001523539
0.3256769766269866
0.34539749220447635
0.49159622774554756
0.34504585603563237
0.45787929227423596
0.2635833889241691
0.4206793588064242
0.4768143587871425
0.36503237341023287
0.5112798188644516
0.5626177484138637
0.4688444819070161
0.48274061416284486
0.37077834720637465
0.48972647428594107
0.5559367618707028
0.4902042528484085
0.42827536889757406
0.5763497407187463
0.4649512098504833
0.3219516326727295
0.34187960218119084
0.46302732931062585
0.5041375487333746
0.5804416404916783
0.4070129611999703
0.36441574625193296
0.3552603380034388
0.5062699844298701
0.5924041299272751
0.34370582245734727
0.5348314346229283
0.45551376754591777
0.31093374077902436
0.4414175727948384
0.39728628734791854
0.3293066072913456
0.44343988782007493
0.3963502229949992
0.48343964599464717
0.4087637146092933
0.5408068611599572
0.48346167664897116
0.510163449977585
0.5159979038097875
0.4863331927971954
0.4883100162006078
0.6065454008498186
0.42360559001923137
0.48652828166537354
0.506914939618406
0.5165673890977056
0.541776540072289
0.48797382219622065
0.47807398247170746
0.344623565318259
0.40299657005982836
0.46857169628239104
0.48018149917693054
0.5106868745248841
0.4996748263820161
0.4821268920666586
0.587528877466879
0.6292196153701317
0.49904143816526797
0.4176504279016589
0.41498332987787756
0.4857372787197797
0.4925911889061332
0.4584011314401287
0.4453327705452092
0.43391083520626406
0.30430988739944154
0.4209608667225549
0.48788621096087437
0.49593805380864536
0.6193597174102475
0.44112599209519643
0.5429289799021084
0.506609013839978
0.44216022307038405
0.41045214885346526
0.45664968792450356
0.5281767559741499
0.43266007523617256
0.5052136393809612
0.5167068452423111
0.633519724350307
0.6089739061530643
0.5941213866509151
0.7343745653400278
0.386520637523148
0.6812047071227068
0.7580896716103577
0.5710491208749896
0.528621840488317
0.5445253511632747
0.49143839805180745
0.43466386936149787
0.47789255077020726
0.5338984794911552
0.43060708866562114
0.6181575412315423
0.5301293348553577
0.4997520071907208
0.5078451331235241
0.5301043363652113
0.4836840376186095
0.6720399096019805
0.5041259940969789
0.3628105249403467
0.5402767665355861
0.5291415341201611
0.5900990845937684
0.704448819153026
0.49413784108308845
0.5224753472364756
0.48264989910047074
0.6121358967428139
0.5803517940647844
0.6449304908423421
0.5042148128355003
0.48286020581140743
0.47277166576919644
0.5602141601331339
0.5551820038213072
0.49325211818166037
0.5573410000867925
0.5052216402317837
0.47138611418481
0.460054677668682
0.44323692903716605
0.4710912970206003
0.49355854758991746
0.5324448982607018
0.5572020018598121
0.4989590379908791
0.5079762217745025
0.325845326332088
0.41295081639810877
0.4623834757381681
0.44433141293485057
0.3464004800973799
0.2912033726354545
0.3917574497598636
0.4928288562807903
0.42613822954751757
0.2966128834866093
0.5327320772823995
0.24882348464882834
0.286940198895408
0.25004161209394304
0.2822793507580092
0.27773508973944505
0.42886650821145994
0.32420726700522823
0.40262487700289173
0.27865280825921857
0.3534649411951731
0.436009365718255
0.2891941330791885
0.3626824912127522
0.26898451255503025
0.41333677441204975
0.3453036591740988
0.4044660650989005
0.32952918738537273
0.3308010628805417
0.4420287509355887
0.3028084609224622
0.45565485887196305
0.40826167788143025
0.4184958764093022
0.45227016323894065
0.38238902168673916
0.4623491891917718
0.3833091830918477
0.273421828506078
0.4324238169557742
0.33199625472232286
0.33414547831893604
0.4070947182976685
0.48833691113732514
0.5199023078993759
0.5033114630495001
0.3366649149819428
0.35385134136245594
0.4845145705914846
0.4425651108980277
0.3098401844098049
0.1965842054415526
0.2868896239771418
0.2080926938700958
0.2289404013194982
0.3406272523604362
0.2867892132445405
0.17968764684686006
0.36297347657361945
0.3915992178780161
0.43429192359962854
0.31893950498960993
0.42479807645275924
0.35635945892636045
0.35152159824150575
0.38244430790503164
0.20390717963571664
0.312023337204393
0.2742008556445143
0.37571037896949155
0.3837559357047815
0.29069047393458913
0.39723122200627636
0.30628928583025533
0.11044074083521266
0.3472656857281939
0.38728722251713354
0.3156166524538344
0.272260431491157
0.2935655849897089
0.3182305659279453
0.30646153587033975
0.19717156990890894
0.32541658864512163
0.27214017357483605
0.42795925925751627
0.41360347649390916
0.3064957188569618
0.26629544612836387
0.25992199249955034
0.3616666774262819
0.457191758645265
0.4629203664345941
0.25944699921400927
0.37367491896955124
0.41065533546942445
0.38137059708588683
0.4141621939922029
0.4312850951769025
0.35615895578553014
0.4308812103954862
0.27011478259009464
0.4142079251448728
0.4093057845937568
0.3028418127841966
0.2602599175624892
0.5699474050457163
0.4021596688348905
0.3928168477657217
0.3047901748971962
0.3536212398984838
0.48075141997443627
0.500373867926138
0.5024369902118879
0.4650907675959446
0.5125064303099929
0.3671510913007693
0.5196558545854557
0.43553680244111703
0.5112925200876055
0.4627529551235961
0.5362855849674083
0.649943655082406
0.4393763757468667
0.527549995718654
0.43486859856916693
0.44422972578665176
0.36038681386638094
0.4131951339218023
0.3132268795745196
0.3582562235017534
0.49146403334991545
0.49794074026392
0.3493955750165995
0.40281579568919745
0.33177197916587037
0.46991640901728604
0.3995782161986512
0.4509298516303312
0.41089442145842114
0.32800071453725543
0.47597607967425776
0.397973465014522
0.5442571357096879
0.4588111617204893
0.37670121602582485
0.4590730167567199
0.42587538429800753
0.49860607709913396
0.2873320963328893
0.31358897680195297
0.537872177267904
0.4215486468794506
0.39115582916396757
0.40400257879327983
0.45877825433007097
0.39378420032535666
0.39088476034369457
0.19271730224675743
0.37835523483159494
0.42856886425185403
0.3058593578176638
0.28372254482423426
0.4015998928206645
0.3584904575462474
0.250835135351968
0.3384538115427935
0.3685520974770224
0.24547423477206534
0.40142992438254826
0.34703248056245206
0.30883539752224787
0.17078745618393235
0.3610591887703497
0.3833700883797862
0.31005669805115843
0.3927593222063499
0.3451515258228701
0.36815804988246364
0.3867953012724283
0.34654086705408504
0.29396253193276684
0.4272049035901741
0.3734836153288838
0.4702428762270018
0.496778737308917
0.2986703897006544
0.49582193408072195
0.36070519225698056
0.4529944220394901
0.4649148425844921
0.4150650675667913
0.44066142416125775
0.46668088310969624
0.3436166762777766
0.4570136793039258
0.522558899880573
0.5162529292548097
0.6077201625304194
0.46257680740136436
0.5678074552351525
0.4843693888283247
0.5064876436951116
0.4785439058593836
0.46064050566765535
0.42945522063275066
0.4687425716784681
0.4792932043859376
0.3870286301786095
0.40867713353474266
0.46618505848946745
0.45551840374790914
0.38775450896386043
0.4300572878623011
0.2953842459245001
0.3528255564646205
0.3726639652766849
0.40033827403610306
