0.2730866233388301
0.1956445824037249
0.40920554854981084
0.33174895722184494
0.39974779319041615
0.5890241536521486
0.341788728295664
0.48256377922203897
0.40505868658453775
0.20629789504316615
0.2985013095353575
0.099728392666602
0.3616985158599282
0.4054224464060529
0.4975991851779998
0.42004559123096313
0.22120477252885828
0.43464448540110573
0.4298186051023377
0.2552138907750509
0.15337084101270732
0.3424919972839266
0.1436414783199146
0.2114996604908332
0.20663497914443688
0.34722087496362397
0.3908235522359103
0.26467164613444566
0.3810020370550004
0.3033029391793578
0.3711562712193229
0.43893685129498494
0.33698709865166354
0.21076244058589583
0.23007808710835193
0.24934523232127265
0.24434959743913084
0.23935881268794257
0.3798622562809196
0.47184498981472495
0.2970705209040644
0.26779998059947613
0.38403336890096024
0.37898923270928314
0.20418566301290134
0.4173780192065185
0.2425792996410903
0.26176156756232416
0.4506984188573091
0.4213066252788825
0.39198758366475894
0.1443762731593753
0.2605247841691726
0.4979144436899795
0.468522650111553
0.3906537976525366
0.3127606945387525
0.4530992336793093
0.25395285672713164
0.24876321660684833
0.2435978271413328
0.1899359782714133
0.40297313027451737
0.49476185857018135
0.3683431952662721
0.2903530895334174
0.4064167232515278
0.4981569502376563
0.2989620719759433
0.5119555728004656
0.5309438354835581
0.38020176544766704
0.4961926472014744
0.3454020758560481
0.4128673974197303
0.45605781356096603
0.3538170530604326
0.37275681443398967
0.4401978853429042
0.507614705597051
0.42952759724512557
0.44846735861868264
0.588611892521098
0.6075274032398874
0.5051653894655155
0.6938112329032883
0.6156998738965951
0.6588175380735278
0.6534581433698708
0.47827141332815987
0.6183916965758075
0.70998641963333
0.6803521195072266
0.5779416044233193
0.5239838975652342
0.7610582985740615
0.7313754971384228
0.7016684450480163
0.6234843340770201
0.5695266272189349
0.6367979435444756
0.6070908914540692
0.868343195266272
0.45060141623823835
0.6633524105150839
0.609370453002231
0.6038413037152002
0.42860607236395376
0.6655592200989426
0.6115287612765544
0.4120186245028615
0.5519691531671355
0.5463915025705693
0.49233679309341344
0.48680764380638275
0.6024832670482103
0.5969056164516442
0.7368076438063828
0.4159714812299931
0.5801241633524103
0.38054127461441456
0.3264380638277233
0.34508681734406826
0.4364632845086817
0.6490930255116887
0.5949655640702299
0.5892666601998253
0.7291444368997961
0.6992433795712484
0.3298331554951983
0.5424386458434378
0.46401202832476474
0.3855854108060917
0.45263847123872336
0.3984625084877291
0.6352701522941119
0.5568435347754389
0.4055922009894267
0.3756426423513434
0.6124260355029586
0.4369482976040353
0.4312493937336308
0.5224803569696381
0.4682558929091085
0.26847899893297117
0.699267630226016
0.49949073624987866
0.5179454845280822
0.4879474245804636
0.5064021728586671
0.40360364729847703
0.5191095159569308
0.48903870404500915
0.41049083325249774
0.3562178678824328
0.520152294111941
0.5628334465030556
0.36298380056261514
0.35716364341837226
0.47257250945775536
0.46672810165874473
0.4366330390920554
0.45506353671549127
0.5462217479871956
0.419075565040256
0.46170821612183527
0.48009021243573574
0.5469735182849936
0.39557668057037537
0.5594626054903482
0.33531380347269374
0.4506984188573091
0.34780289067804826
0.511616063633718
0.4814724997574934
0.33005141138810745
0.44536327480841975
0.46369676981278485
0.45777961004947126
0.47606460374430104
0.6884033368900959
0.39142981860510223
0.3612377534193423
0.5735279852556018
0.616087884372878
0.4160927345038316
0.2646473954796779
0.40416141235813363
0.4709719662430885
0.34370453002231055
0.3862159278300513
0.45300223106023857
0.22873945096517603
0.17422640411291104
0.38645843437772814
0.47749539237559413
0.08346347851391987
0.48969347172373645
0.410927345038316
0.28363565816277037
0.10784751188282081
0.39281210592686
0.41102434765738677
0.45348724415559216
0.3019449025123678
0.562639441264914
0.4110970996216898
0.28378116209137644
0.20497380929285086
0.5626636919196817
0.4110970996216898
0.4292365893879134
0.3746726161606363
0.4413619167717528
0.3140217285866718
0.42916383742361036
0.3745756135415656
0.271510330778931
0.48363080803181674
0.16228538170530604
0.3016538946551557
0.2228150160054321
0.1924265205160539
0.30759530507323696
0.2529343292268891
0.36810068871859536
0.1921937142302842
0.2103404791929382
0.27694247744689104
0.24653215636822193
0.45867688427587544
0.40401590842952756
0.42210689688621583
0.4644970414201183
0.45833737510912786
0.4279270540304588
0.37326607818411095
0.43983412552138906
0.5549277330487923
0.42749054224464056
0.5910854593074013
0.3181443398971772
0.7242700552914928
0.6937869822485206
0.5906246968668154
0.4874381608303424
0.8207634106120865
0.5235716364341837
0.6143903385391405
0.6567077311087398
0.7475021825589291
0.7412697642836354
0.7593365020855561
0.5591473469783683
0.8924483461053448
0.7164613444563003
0.7345038316034532
0.8252740323988746
0.7463139004753128
0.7401299835095547
0.8308759336502085
0.679188088078378
0.8911873120574255
0.8364778349015423
1.0
0.6785333203996508
0.6722766514695896
0.8357745659132796
0.7810650887573963
0.7748326704821029
0.5260694538752546
0.4713599767193714
0.7076098554660976
0.6286012222330002
0.35558735085847315
0.6645891939082355
0.22182801435638758
0.5308710835192549
0.47611310505383636
0.6396110194975264
0.39084780289067805
0.4573430982636531
0.4995877388689494
0.5175817247065672
0.4870744010088272
0.5535211950722668
0.37750994276845473
0.49250654767678725
0.6075274032398874
0.45576680570375394
0.3282568629352992
0.24919972839266658
0.5582015714424289
0.21243331069938887
0.56989038704045
0.3938791347366379
0.727131632554079
0.4298186051023377
0.3750848772916868
0.5142836356581626
0.33827238335435056
0.42896983218546897
0.471238723445533
0.3194296245998642
0.5556795033465903
0.5493985837617615
0.3975894849160927
0.36710641187312054
0.3365505868658453
0.5242749054224464
0.566495295372975
0.5359879716752352
0.5054563973227277
0.6204287515762925
0.589897177223785
0.4380880783781162
0.45605781356096603
0.5225288582791734
0.46774662915898724
0.4614899602289262
0.4794596954117761
0.44892812105926855
0.3698952371714036
0.4606169366572897
0.5513628867979435
0.39957803860704233
0.5388252982830536
0.4355417596275099
0.5262392084586283
0.5442331942962458
0.5622271801338636
0.5802211659714811
0.4526627218934911
0.3009021243573576
0.4644000388010475
0.3368415947230575
0.6701183431952663
0.3243040062081676
0.41507420700358905
0.5785236201377436
0.4510379280240566
0.6145115918129789
0.6324813269958288
0.6747502182558929
0.6199679891357066
0.8804927733048792
0.6074546512755844
0.7224512561839169
0.716170336599088
0.6372102046755261
0.5582015714424289
0.5519206518576001
0.7396692210689687
0.5151809098845668
0.654428169560578
0.47841691725676583
0.7874430109612958
0.8539383063342709
0.8962071975943349
0.8899747793190415
0.6412358133669608
0.5865020855563099
0.628770976816374
0.5255359394703656
0.6163303909205547
0.6828014356387622
0.7250945775535939
0.7431370647007469
0.7126782423125424
0.6579202638471238
0.48195751285284705
0.37877097681637406
0.46954117761179553
0.5845862838296633
0.5541032107866912
0.4994179842855757
0.39620719759433504
0.43852459016393436
0.4808177320787661
0.3533805412746144
0.5411776117955184
0.2925113978077408
0.45605781356096603
0.4741245513628867
0.5407168493549325
0.24352507517702976
0.4798477058880589
0.546415753225337
0.49177902803375684
0.36434183722960517
0.5521874090600446
0.8855369094965563
0.46711611213502763
0.388204481521001
0.7700552914928702
0.30315743525075173
0.5880298768066737
0.5576195557280046
0.4787564264235134
0.3756183916965758
0.7089921427878552
0.5573285478707924
0.842225240081482
0.5208555631002036
0.5147443980987486
0.6056601028227762
0.6965273062372683
0.5449122126297409
0.5631002037055
0.6297167523523134
0.5993791832379473
0.6902706373072073
0.8539625569890386
0.6296197497332428
0.5023038122029294
0.7387234455330293
0.6599088175380734
0.4840915704724027
0.5508051217382869
0.49621689785624207
0.6356581627703948
0.5326413813172955
0.6963575516538946
0.6660442331942962
0.6600058201571442
0.7267193714230283
0.5024735667863032
0.32668057037540005
0.4661703365990881
0.46015617421670385
0.30863808322824715
0.18139247259676008
0.4421621883790862
0.38767096711611204
0.38168105538849545
0.5939470365699873
0.10296828014356388
0.266757202444466
0.21225143078863126
0.4730575225531089
0.4428654573673489
0.2429188088078378
0.09147346978368415
0.32801435638762244
0.34634785139198754
0.34043069162867395
0.31021437578814626
0.4013240857503152
0.2741294014938403
0.3167378019206518
0.0198506159666311
0.30495198370355997
0.29903482394024633
0.4386700940925405
0.06901493840333688
0.4026821224173052
0.25128528470268696
0.05140653797652536
0.33657483752061307
0.20946988068677855
0.3491124260355029
0.10076389562518187
0.3374236104374818
0.3558783587156853
0.059055194490251234
0.2714860801241633
0.28994082840236685
0.16287224755068386
0.10857503152585118
0.29677951304685224
0.0
0.33373751091279463
0.4007178193811233
0.3707197594335047
0.3891987583664758
0.38347560384130364
0.2806770782811136
0.6387137452711222
0.19648365505868656
0.2150208555631002
0.13652391114560092
0.20357939664370936
0.4161412358133669
0.19216703851003974
0.04099088175380735
0.25354059559608105
0.2963915025705694
0.169441749927248
0.28504219613929577
0.20663012901348335
0.27376564167232514
0.24384033368900956
0.3109418954311766
0.32961489960228924
0.2997138422737414
0.4881171791638374
0.38553690949655633
0.3314336987098651
0.25307983315549515
0.41723251527791244
0.5814094480550974
0.1393321369676981
0.40052381414298177
0.44352022504607624
0.07420942865457367
0.35968571151421086
0.2571539431564652
0.2516247938694344
0.003576729071684935
0.2163328159860316
0.3563391211562712
0.30235716364341836
0.5878843728780676
0.4126733921815888
0.2131778058007566
0.30473372781065083
0.44480550974876315
0.536375982151518
0.3369143466873605
0.11325055776505964
0.35032495877388686
0.3934183722960519
0.266757202444466
0.5766320690658647
0.4499951498690464
0.44463575516538945
0.5362547288776797
0.5066689300611116
0.3073042972160248
0.5444514501891551
0.19964836550586862
0.4125763895625181
0.18899505286642737
0.3534775438936851
0.5421718886409932
0.3913813172955669
0.14358812687942574
0.23531865360364726
0.3755698903870404
0.3460568435347754
0.36506935687263553
0.4083325249781744
0.4031186342031235
0.5434086720341449
0.4654428169560577
0.2177442040935105
0.2610582985740615
0.49839945678533315
0.25072751964303036
0.5122950819672131
0.1676472014744398
0.18676884275875447
0.08464448540110582
0.12799980599476185
0.122899893297119
0.1177757299447085
0.25819672131147536
0.2046318750606266
0.2965370064991754
0.3642448346105344
0.14092055485498106
0.16014647395479675
0.3976137355708604
0.4168202541468619
0.21781453099233677
0.285551459889417
0.32903288388786495
0.08157677757299446
0.19784411679115335
0.26561742167038505
0.018153797652536618
0.4982539528567271
0.2750509263750121
0.07611795518478998
0.2409545057716558
0.5513143854884082
0.2554078960131923
0.4687651566592297
0.7306479774953923
0.48329129886506933
0.6966970608206421
0.5220923464933552
0.5657677757299446
0.997429430594626
0.9683771461829467
0.3573091473469784
0.5465127558444077
0.6872393054612475
0.43997962944999514
0.41095159569308365
0.4546997768939761
0.3044669706082064
0.05722912018624503
0.6102677272286351
0.5328111359006693
0.45537879522747104
0.47492482297022015
0.42176738771946837
0.34433504704627027
0.5579348142399844
0.4805509748763216
0.3789164807449801
0.6652924628964981
0.3454263265108158
0.6803521195072266
0.4575128528470268
0.3559268600252206
0.7393782132117567
0.6620671258123968
0.512004074110001
0.3619895237171403
0.3574546512755844
0.6682025414686197
0.39695896789213303
0.4167232515277912
0.4364875351634494
0.3350227956154816
0.6700698418857308
0.39887476961877966
0.24895722184498975
0.6567804830730429
0.5068871859540206
0.6479774953923755
0.3768551750897274
0.5907216994858862
0.5378552720923465
0.33950916674750214
0.48067222815016
0.5491075759045494
0.6417935784266174
0.46772237850421955
0.7301872150548064
0.7501697545833736
0.7216509845765836
0.30512173828693373
0.5433844213793771
0.4421379377243185
0.3651663594917062
0.5792268891260064
0.21125957900863318
0.352580269667281
0.42116112135027645
0.3442380444271995
0.5098457658356775
0.2631923561936172
0.5500776020952566
0.5459549907847512
0.42060335629061985
0.3437530313318459
0.8004413619167716
0.8448928121059268
0.549810844892812
0.4730332718983412
0.5902366863905325
0.39223009021243566
0.4852071005917159
0.6752352313512464
0.6227568144339897
0.5460277427490541
0.4693229217188863
0.4896207197594335
0.5826947327577845
0.530264817150063
0.4536084974294305
0.4497041420118343
0.49432534678436313
0.3449413134154622
0.24408284023668636
0.36148025996701905
0.3576486565137258
0.3053157435250751
0.5197642836356582
0.49170627606945383
0.5121738286933747
0.41141235813366955
0.4561548161800368
0.45239596469104665
0.4244107090891453
0.5419293820933164
0.5382190319138617
0.5587835871568532
0.3368415947230575
0.47865942380444265
0.6447521583082743
0.7866184886991947
0.685978271413328
0.4883354350567465
0.41197012319332615
0.35987971675235225
0.6715491318265592
0.6922349403433893
0.49466485595111065
0.6366039383063341
0.3178290813851974
0.8963042002134057
0.21377679697351828
0.8650451062178678
0.5220438451838199
0.30032010864293335
0.46660684838490635
0.5601658744786109
0.5082209719662429
0.4320496653409641
0.0648850518964012
0.5950140653797651
0.518867009409254
0.661000097002619
0.6091279464545543
0.5572800465612571
0.3599524687166553
0.6233873314579493
0.6200649917547774
0.37426035502958577
0.5164904452420215
0.48896595208070615
0.6069696381802308
0.4582161218352895
0.4064652245610631
0.33051217382869336
0.7880492773304879
0.421112620040741
0.7574207003589096
0.4390096032592879
0.6298622562809196
0.578208361625764
0.429576098554661
0.6689543117664176
0.32634106120865264
0.565743525075177
0.5384130371520031
0.48685614511591807
0.7263071102919778
0.5292462896498206
0.7444708507129693
0.7172131147540983
0.8354593074012998
0.7112232030264817
0.6839897177223784
0.6810068871859539
0.775050926375012
0.5296100494713357
0.8661848869919487
0.49951498690464646
0.44810359879716744
0.6392230090212435
0.6848384906392472
0.5849742943059462
0.7276166456494325
0.6520273547385778
0.6977155883208846
0.8404064409739063
0.5465855078087108
0.6165486468134639
0.516757202444466
0.8777524493161315
0.5355029585798815
0.5570132893588127
0.3845183819963139
0.6728101658744785
0.6458676884275876
0.6916771752837325
0.5919827335338053
0.9530749830245416
0.6594238044427198
0.7052817926084004
0.6056358521680085
0.5060141623823843
0.6246726161606363
0.3553205936560287
0.6195072266951207
0.6654379668251043
0.5901154331166941
0.7330972936269279
0.7063003201086429
0.6310262877097681
0.7497817441070909
0.23802502667572023
0.5750557765059656
0.524080900184305
0.4003783102143758
0.5191822679212339
0.29847705888058973
0.6840624696866815
0.4634057619555728
0.6307595305073237
0.45862838296634
0.48050247356678627
0.38114754098360654
0.37879522747114164
0.47344553302939174
0.5196187797070521
0.4688136579687651
0.2725046076244058
0.46423028421767387
0.6074546512755844
0.38691919681831405
0.6029197788340284
0.35818217091861476
0.45295372975070325
0.25671743137064695
0.3757638956251818
0.5190610146473954
0.2501212532738384
0.5874721117470172
0.4640362789795324
0.437651566592298
0.6537734018818507
0.21512513337860123
0.28576971578232613
0.5989184207973615
0.47555533999417976
0.23097536133475602
0.27740323988747695
0.49359782714133277
0.7583179745853137
0.3682704433019691
0.3662333883014841
0.41272189349112426
0.38645843437772814
0.31171791638374236
0.4067319817635076
0.3320157144242894
0.42705403045882234
0.4736152876127655
0.4716752352313512
0.49398583761761566
0.37081676205257535
0.3446745562130177
0.36700940925404985
0.4621447279076535
0.3389999029973809
0.19163837423610436
0.38379086235328347
0.1636919196818314
0.4528567271316325
0.5480405470947715
0.2552381414298186
0.3019206518576001
0.32437675817247064
0.2013483364050829
0.5875933650208555
0.5858230672228149
0.7053302939179358
0.3883257347948394
0.4351052478416917
0.31213017751479283
0.2134106120865263
0.4542147637986225
0.28276263459113393
0.32959064894752155
0.303666699000873
0.39899602289261804
0.300344359297701
0.12895043166165485
0.1273159375303133
0.27119507226695116
0.3908235522359103
0.6559802114657095
0.5573770491803278
0.3375448637113202
0.3844698806867785
0.3586429333592007
0.3570908914540692
0.18577456591327962
0.40248811717916383
0.497962944999515
0.3024299156077213
0.25240081482200016
0.4449025123678339
0.39489766223688044
0.3449170627606945
0.22217722378504218
0.12369773983897563
0.534484431079639
0.023774371908041516
0.38609467455621294
0.3361383257347948
0.2862062275681443
0.38177805800756615
0.3803715200310408
0.4517169463575516
0.47456106314870505
0.3761761567562324
0.4960228926181007
0.20364972354253563
0.7115384615384615
0.12816471044718206
0.5148171500630516
0.34370453002231055
0.41512270831312437
0.4622902318362595
0.41245513628867975
0.2656416723251528
0.5310893394121641
0.26302260161024343
0.3102386264429139
0.4786836744592104
0.598651663594917
0.28213211756717427
0.3778494519352022
0.30383645358424677
0.4965806576777573
0.5680715879328742
0.7365893879134736
0.4928460568435347
0.3703559996119895
0.6116257638956252
0.6346638859249198
0.36669415074206996
0.26847899893297117
0.4127703948006596
0.43580851682995436
0.2891163061402658
0.4819332621980793
0.3837423610437482
0.5523329129886506
0.3813900475312833
0.3317247065670773
0.18506159666310987
0.5476525366184887
0.25550489863226306
0.6423513434862741
0.5199582888737995
0.4218158890290038
0.27517217964885055
0.3468086138325734
0.4426714521292075
0.4415559220098942
0.5859443204966533
0.3423222427005529
0.3897080221165971
0.21884518381996312
0.5330051411388107
0.5561402657871762
0.40954505771655825
0.2629498496459404
0.16485837617615673
0.35776990978756423
0.38095353574546514
0.2828596372102047
0.08777524493161315
0.474706567077311
0.5706421573382481
0.3513192356193617
0.3987535163449412
0.4704384518381996
0.32386749442234936
0.3470511203802502
0.3702347463381511
0.1751794548452808
0.5621301775147929
0.3913328159860316
0.5842710253176836
0.2922203899505286
0.0001598190901154331
0.338611892521098
0.09506499175477737
0.7002861577262585
0.26273159375303134
0.4314433989717722
0.38189931128140453
0.1868415947230575
0.5738189931128139
0.3544960713939276
0.32920263847123865
0.37666116985158593
0.5696236298380056
0.5200795421476379
0.4220341449219128
0.4694926763022601
0.638204481521001
0.7584149772043844
0.684620234746338
0.6108254922882917
0.6582597730138714
0.7057183043942186
0.3409157047240275
0.6308565331263943
0.6540644097390629
0.7499999999999999
0.6762052575419536
0.5053836453584246
0.5285672713163255
0.6245028615772625
0.45368124939373355
0.6708701134930642
0.5970511203802502
0.474706567077311
0.27963430012610335
0.351294984964594
0.4957318847608885
0.3976379862256281
0.6148025996701909
0.3469541177611795
0.2730866233388301
0.5145018915510717
0.1981326995828887
0.730526724221554
0.5839072654961684
0.582791735376855
