0.3632275954540273
0.4200488048824772
0.4801935651990389
0.39513198477540556
0.37235218981306006
0.3244637768754529
0.4084337777025473
0.38468166432650025
0.494707616408741
0.451797710891668
0.32871798935722363
0.48787855121213175
0.3338630931814449
0.5035154812469358
0.49932061747262657
0.33848552120942677
0.45117846357705166
0.38474244676872715
0.3745322638702032
0.394482464038003
0.33131052764299684
0.31717750273623857
0.35662560093864815
0.30607787872953096
0.4229870907818433
0.46322298593255773
0.24389395786492168
0.4289325388605706
0.3390359438648739
0.28543162543666073
0.39950728830034576
0.346072553869608
0.406739018272545
0.3386819606721193
0.385448268326773
0.2860887089181604
0.21078765402721442
0.4082903266982143
0.3593246734601886
0.3835606107682503
0.29005815518110745
0.3863287734010492
0.282756215607161
0.3066056780417833
0.3169340444503175
0.38562221743603065
0.41049496804183605
0.42472589008473427
0.39975273244618414
0.35389767357200136
0.35797296169729576
0.3396830829594809
0.37498625197212454
0.3532987872464137
0.34755823811041314
0.46029519456936874
0.34857060550319635
0.3514183587308712
0.5024155621420296
0.42331793938772233
0.5056816841724292
0.40975209248507566
0.5600233821144411
0.501578738532088
0.4091201379924634
0.4034711059651773
0.4518059680671036
0.3390659251422131
0.4450008876848556
0.4664816732617998
0.518140702551954
0.44618755584862674
0.3873142585973616
0.4726194599107337
0.41198857945614553
0.5886008869585548
0.5041681112931626
0.5815366089885261
0.5084310997385452
0.5740741555645392
0.4546251393599457
0.668912614682547
0.5293266394012446
0.6044357828314312
0.5806342582710721
0.5243762983036351
0.580897124271655
0.6649254867861748
0.6186011541386032
0.5828014424638583
0.5560430095220642
0.7552147308610584
0.6389527055816573
0.7538680865122405
0.6965170012887685
0.7635002072357688
0.7455182772608838
0.822425462831284
0.8100237869433391
0.6705918841129492
0.5721583084112819
0.8275808026605558
0.7548425600479167
0.7776597788645415
0.6578462782257759
0.7191216351346074
0.6997511681461157
0.5667527650528342
0.6863298589784701
0.6131903234914353
0.6443516397534225
0.6445558368512574
0.7230713858129889
0.6160098481903156
0.6181934525901516
0.5835276472872329
0.5904874237474875
0.5833053291381175
0.5415116685664464
0.6486088575055382
0.5412132513508445
0.5781421045961636
0.5251482458142194
0.5058432021453445
0.580389923249188
0.622001906548395
0.6556681451648024
0.624038827689738
0.5220879391930369
0.6041312863496999
0.5222076772080817
0.5941269830882155
0.6478784933888506
0.7598115761651497
0.5980224421400832
0.642061115957587
0.5958962598299768
0.5463449655862685
0.5849972413295563
0.6905799375786015
0.5794637909441632
0.6140469775320907
0.6220099214110446
0.6238792889474134
0.5959714165994843
0.48743701758505564
0.4509919827687512
0.5411018300672236
0.5426167186932206
0.5067191810581336
0.46871194277091704
0.5171607968685489
0.4445552356106177
0.47521609906740614
0.4150706234502612
0.47148672818378984
0.5080148964265341
0.45104579899872316
0.39369293873620714
0.3759333244785098
0.5034227570829544
0.49899947185479254
0.4954206802574922
0.4657496972341776
0.46325496382704423
0.7300055661281089
0.6385960506169237
0.5821697138668951
0.5978539960665563
0.5649572244062515
0.563773828740336
0.618322007496632
0.5297068401402831
0.6811598026658238
0.5081612260770958
0.6314587720507718
0.5949182941849903
0.4872766269087628
0.4456786278263748
0.38336663272903915
0.5555891026701418
0.5718120494479204
0.6093575750677924
0.5324884288183902
0.4126211553326946
0.594785783790037
0.5576323568033353
0.46958202052899944
0.43897151778717447
0.4402554535162072
0.4138767955970273
0.29369248549299726
0.5419653339498216
0.4094608123076411
0.40349007915781165
0.40635871417319425
0.32228865561565345
0.363753326554225
0.30360987001059153
0.4710480996964267
0.4502806800356944
0.5353483818998679
0.4156088318621288
0.4890180615447492
0.48212046007610265
0.49900596707468337
0.4370937996477202
0.3858719963647831
0.5174760409553542
0.4224309347871763
0.41979850358245663
0.4477828349266938
0.3624610844520871
0.39363534683334933
0.44364842740835186
0.3862488337482428
0.41234454432256834
0.3513338054900134
0.4045554083255524
0.2964708682425993
0.3001841799682872
0.3994279881812136
0.48535486651069504
0.3040501192758962
0.3117729724509213
0.3859622290558843
0.3334093498501482
0.3629240764128302
0.4310377536282871
0.39741462781581516
0.47373158146668715
0.44113868132102185
0.4621307113387055
0.41066546430786727
0.6092797737924446
0.5360708909009058
0.6221793174716186
0.5317879334495985
0.4549989109270416
0.5574632783590582
0.5087692550062607
0.4221641530295555
0.5679673186614124
0.5902774829785882
0.6376057126424044
0.7234511695809107
0.6506225671055186
0.6780116534392922
0.6746835080453288
0.6412546201976541
0.7096700101954829
0.7492965175957523
0.7545344334045856
0.641094963905094
0.8143497773234735
0.747745826521828
0.8229353150648138
0.8270714691534072
0.7602992312794674
0.8532987691251153
0.7642270371507015
0.920900487635439
0.8251081500233546
0.9312046640387621
0.7510936858899271
0.7902641496262988
0.7704183656497288
0.708298642589237
0.7190618680133355
0.6679185823952508
0.6645196744795084
0.7097579182642302
0.6330365922089765
0.663908268936114
0.6324595365398472
0.5790290695079807
0.5567346986796488
0.4654381919662166
0.5004023577311594
0.49510236014487247
0.5401446157276164
0.5677441146461171
0.4016629839564968
0.47294860104782344
0.4860435922374533
0.5608647015970372
0.4324204041109766
0.5515675434483694
0.4779927551522568
0.5249772394082015
0.4788401032411862
0.4383404275973599
0.4547061996141547
0.4517157148901082
0.3882889638612947
0.4039271738128293
0.5090529254865217
0.44188488460256825
0.5698852293671921
0.5136164006906263
0.4144031201843143
0.4776144722046851
0.5350079500785474
0.5408285894092801
0.4624854426141236
0.45314443170406715
0.39754806222568034
0.4747780872520079
0.5066107228426034
0.41391140090278833
0.498925548843249
0.5167438621821115
0.5486831231059914
0.4795029197602581
0.5445184318661991
0.6169601341774289
0.502474840464627
0.5326955107783681
0.5664109896434106
0.5396649917305048
0.5546192692164074
0.6338829042777572
0.5687512693654708
0.5510736434049316
0.5307898355018645
0.36210899141332614
0.5183041765050453
0.4671602180659663
0.43631611073660403
0.48601998782221345
0.49488342119605655
0.6177611591021693
0.5137254796921454
0.6301787030646315
0.6133287089590862
0.429454086852745
0.5646184737739495
0.5882349569093654
0.6306506364246799
0.6805479233607159
0.587556619472872
0.6150134516397308
0.5427750518432787
0.759446962895949
0.7073406701176688
0.6871608456049401
0.706672039635423
0.6705395641585303
0.7335594930232079
0.6973449961140681
0.6207575400072886
0.7197175734079269
0.7294420452422223
0.5963352807970219
0.8612123205399816
0.619803851324334
0.564010357147426
0.7340286582251706
0.6574956938968963
0.7553406381836927
0.6886416015952109
0.7421709208381287
0.6556185603973539
0.7591976357813169
0.5777704860598776
0.7083748274094608
0.729750502763191
0.6868719955640537
0.6837402131690449
0.6746747297600753
0.6754476735125565
0.5833189381945207
0.6809874551733999
0.579641472338036
0.5517793761122589
0.6172823064285785
0.48511461294166586
0.5219389561228687
0.6200172932749157
0.5191930659092507
0.5642927066247714
0.5540695429758157
0.6288290114568102
0.47124280150306663
0.45834881513229886
0.5119954971228643
0.4536633063900316
0.617621213669878
0.40856878149761067
0.4892661743897453
0.5407512046724626
0.41170155481085585
0.4999937224754367
0.4950645701369845
0.6229301871091395
0.4940276248702711
0.5800858832056237
0.4540809251136134
0.5797049003593424
0.6383890933318476
0.5722293994280027
0.6123015100577754
0.6365686990284853
0.7045084325732398
0.7145368585181153
0.672277204647099
0.8407622374125094
0.6726015687273597
0.704347684851973
0.7673780044249685
0.7520741795430603
0.6978596097495682
0.7717907606129489
0.7915552202325493
0.6827904854060556
0.7949358246571882
0.6922979916145612
0.7525865174822743
0.6471673325119183
0.680903320566256
0.6946626074434115
0.67899884502045
0.7145614083709182
0.7617693164664554
0.5288638394193725
0.6367278272557759
0.5936225510668196
0.6013892581066442
0.4053947687038793
0.5920767478187592
0.555433925302879
0.5396078832494238
0.45393229695042114
0.4020309965029606
0.38691018638024477
0.36168351387383946
0.3429924163453151
0.39140968565717194
0.4606682101375541
0.5199338154247357
0.4384078610083923
0.46230626948585435
0.26064477718387
0.27870348268461614
0.24506300715877066
0.29202374484448423
0.3489829005753749
0.22734923036011462
0.341214896892717
0.19797187612247485
0.2613599947040868
0.31900171294825974
0.22458168776346163
0.3249129446417979
0.16132395901191376
0.3157905538243659
0.2661144649869371
0.37408861513142094
0.3577746717693403
0.3137251959533023
0.39711155743600246
0.3875099014933409
0.24293584663157275
0.17768402193742952
0.2920821847726277
0.33041410600656085
0.2753535892330278
0.36389611877796557
0.2756039009787616
0.3061388575534453
0.42846879709337626
0.3019653789538206
0.29958855145982854
0.34843883911186746
0.3598604768583459
0.3597385767973399
0.35255472881831507
0.23062324064389778
0.35334502543360136
0.1926987686359978
0.3411414278214683
0.3349393647321429
0.30380459128801346
0.04118303374659585
0.20003676154835193
0.3898039333357959
0.25369747153987515
0.36070877814171176
0.1948744135772444
0.29916750466315417
0.34643644999799905
0.37891063557079596
0.32523268083609314
0.39193632962189556
0.40046050037779884
0.47805238363700986
0.5355621645961379
0.4731359042527915
0.5157365665570738
0.4665548077191439
0.3027636253815874
0.44649430165924575
0.35955646671640473
0.46998040987919865
0.4361462677807709
0.43579144593861124
0.3568021307493995
0.4394198256886242
0.3184517578336977
0.4165873367539743
0.40765294381635564
0.49645000146358254
0.3694512444940574
0.39401137294386535
0.498356819368558
0.5771178685704355
0.5724060547705996
0.4221142773879642
0.4716095320453234
0.5001769678399477
0.3645769603314843
0.4500727297361231
0.4419667973866986
0.5140257152788985
0.6151926039924529
0.4116408329808103
0.52818104575446
0.4003182239109183
0.5367768059167315
0.46607154229329173
0.5359137828417919
0.3220762124787609
0.5050762022618926
0.5329034720630241
0.3633304810337531
0.39539555185491637
0.3751370807374059
0.42207071050094
0.4334845023973235
0.3197920561592372
0.4496982027041558
0.34767428995335276
0.2376386557108131
0.3730918986414991
0.2745267971832762
0.2783428359862328
0.32743613800765303
0.39392599847010923
0.345315601102652
0.34839556867365756
0.36063944024123273
0.2603643922847717
0.388540819979728
0.4345482412984198
0.4024364593479789
0.3718684669535433
0.3617639574812399
0.38098620090186897
0.39491882264938993
0.2663932575002078
0.3445354944027989
0.3440620006125217
0.42070868548606366
0.3327844118200136
0.32469743256681377
0.3789432754763418
0.28963839333277835
0.37519838404829575
0.1615435544321254
0.2432231448697713
0.3507985243191728
0.38918119540762597
0.243657001180911
0.4601960876922474
0.4485342034374694
0.41333891264786116
0.4068562786511114
0.44588188154196434
0.4753523826992078
0.6217957755469464
0.6380388590761665
0.7359619044915282
0.7842261985400047
0.8249186715361824
0.6858608153826784
0.6099521075842611
0.4980330256425688
0.5203097988113067
0.4345203161967406
0.4759197337320741
0.47300644095311506
0.47912433304834345
0.5201388402105187
0.5434084915580375
0.5290421046035709
0.38301190684732095
0.4687224422747891
0.4775674160614676
0.37286908010861447
0.2993624187038687
0.6574311657793592
0.5395960921841487
0.42447170932977163
0.35016393259179746
0.5976475408434473
0.4159014332348828
0.3765025033827116
0.42054890743781126
0.4916593492287826
0.5728723353518644
0.4153168833364723
0.5197449944145759
0.37117971171589637
0.5261508389923161
0.4403488135366276
0.46046238017764546
0.4398004959637608
0.41029839020277126
0.5478835003378085
0.5219712974594047
0.3267455355127275
0.4002157637377212
0.636256564573683
0.45698573965939765
0.3163906106985133
0.3409287008766784
0.41506995299450666
0.4339094300595962
0.39950724105595276
0.33570172405609966
0.5975555045626813
0.46912899747654163
0.5801266474778622
0.5135287585948264
0.6728901987514792
0.45459039008573277
0.447874855046021
0.5550355688714894
0.3960277710871469
0.4860159295327623
0.45991448371867893
0.4935178713838021
0.5503504466053306
0.5483529315610698
0.4792679523504141
0.46224769612860706
0.43149873177014564
0.6231671674325061
0.5577625683992504
0.5569810753826907
0.5040374458654373
0.4252872182861579
0.4047134058990565
0.4982840640968391
0.4471881970235607
0.502342476343772
0.4740350646377217
0.5278789622474297
0.46431429711652317
0.5181547792516312
0.6070471770268451
0.494686976033504
0.4872096183200578
0.48264362930069094
0.5525802864399663
0.4676438028906828
0.5227611718764875
0.594878743563509
0.6560163344171798
0.5668371562276161
0.4981727833545452
0.5562195823124569
0.4904699169956654
0.5818504786964628
0.4500615510820712
0.5087128504072984
0.5904222192844977
0.5451351328228311
0.5173655051104222
0.5518601120685198
0.5489323808465314
0.5306598599195779
0.5958736139046799
0.5878747450269988
0.5131311448392015
0.6080436054657523
0.7104708508461715
0.7042660605565393
0.5645941157515119
0.563286823241727
0.5506227245595097
0.6401459912899241
0.44313330596031464
0.5687410000658696
0.49757638935162796
0.6080815003691941
0.5695875102889294
0.4840149012906547
0.6124414961623998
0.44429963952879004
0.5823744301043823
0.6295462668933728
0.500644602195735
0.6316429579939802
0.5336646915420297
0.538415999750365
0.5230050448833914
0.6152620099359167
0.6303695325920807
0.6828797182577612
0.6545976730284454
0.5678136791831683
0.49829241995839607
0.6384736970619531
0.5726040465776738
0.5047078436608747
0.6138433863006096
0.706402345350442
0.5791767840642132
0.58210794209934
0.5282950327759908
0.5098666678029916
0.6231457374605647
0.6938064419801955
0.7123188680717722
0.6349225267444135
0.7073081696511505
0.5836994434525081
0.7518650515947061
0.6857265701995697
0.5546176628147516
0.5647578877285828
0.6378037372635521
0.664726254380527
0.7545406861541354
0.7918111540834039
0.6299982372113451
0.6129803166273272
0.7207967963523337
0.6344493321625766
0.5502218241721515
0.4698936044496258
0.5837445180306101
0.638016922739896
0.5392303275470459
0.4664477410030029
0.6597442609786031
0.6258000117787366
0.80232048206033
0.5129004175962438
0.6814410527862054
0.6735128959458669
0.6143649013271222
0.5328481237395265
0.5534410621969293
0.4578839231512192
0.7289455311432844
0.8080927090029657
0.6480285460218698
0.7107171141278722
0.8599215977303953
0.7473833161325147
0.8315420429989837
0.7203315575961953
0.8137946483829234
0.7108874370497854
0.5384529734699647
0.5307657853940912
0.6227211988793377
0.5827615110407292
0.5719541192284195
0.5384938084778291
0.6104339919277886
0.6423266353273822
0.5874528624988817
0.6303889253899408
0.6382756775739058
0.5184176713681978
0.4654830338961147
0.6248844956811961
0.6753145471985611
0.6075471122396441
0.5431205575773881
0.6300522103812194
0.6673834977866013
0.5256532334167692
0.6445537625539361
0.38676486898677054
0.5195757012539906
0.40814546422150655
0.4161419149784724
0.6071419885271594
0.5526127041183826
0.5703158436533544
0.4289367492657179
0.44574047480180745
0.30509300418817076
0.2504708056892075
0.33466339773757564
0.5706617052483922
0.4333841415821817
0.38734359699675436
0.5358071574212209
0.5585362241913086
0.31310008821507307
0.49861410706450016
0.4881467874265799
0.563608549323279
0.4580894727492979
0.582365311161553
0.572838994599332
0.5332098157553876
0.5672935611398107
0.5652274616003159
0.4251886901024813
0.5917742616072281
0.49020285176545164
0.5112148288342871
0.38102182531551987
0.5472625454145693
0.5001606183344639
0.22426636573476363
0.46411274432512617
0.3566667525858964
0.4941368209439333
0.3441827380588201
0.4194305134600462
0.49701069564940364
0.5097839427241456
0.4413678167118772
0.45173345416845956
0.4136104725806323
0.40216547137636494
0.45998448912333656
0.3441365317288051
0.43397671715472874
0.5121040451670176
0.444128141590234
0.38691766924061144
0.39607195105066084
0.36451930646593356
0.49478782674321836
0.4700410214528576
0.4331162960498569
0.4084516615784712
0.41310612031761784
0.5103910028298565
0.49647437609236467
0.4359457537242865
0.4933380233118187
0.3358898193653308
0.3001677976051076
0.40601473157511014
0.338736975044601
0.3248325255432489
0.31555097966211904
0.3058724312477309
0.3442279363595035
0.25952066618610253
0.3719100457154163
0.4959651498593227
0.4984297783837305
0.3749724465797142
0.4854566319192047
0.4039642453933776
0.31262737752639314
0.36813602389167677
0.48725628276771027
0.4133201967389408
0.5069155047632986
0.2817033338440379
0.593441931326885
0.5404401859874997
0.4841234170587748
0.3954248336438093
0.4009634780834416
0.5068844621070009
0.297471352968825
0.4182586774603241
0.5000047051478744
0.5465476127218251
0.41829119418040894
0.45753394838968753
0.35406070792516836
0.40496634866161874
0.35601950779023595
0.44284945766105605
0.4712280799341195
0.5186012242960754
0.4559221662880196
0.3918098135389503
0.4105039246034919
0.3821976193856774
0.511332310631696
0.4753383367430399
0.45885372762557464
0.5025937493174427
0.5214128223989457
0.4650090078823719
0.4496568861044933
0.55436058887792
0.5977341343033276
0.4034996417590613
0.5422432432731202
0.5879306217212054
0.4995730644991966
0.4787460566449462
0.5810928215035325
0.43222564350203774
0.6026357129617439
0.4690269498597343
0.45832290845835777
0.39402395820184005
0.5832739594504761
0.4853495668020067
0.6026685239754326
0.4295557712913376
0.44869035347435005
0.41919202816469847
0.4705066421825568
0.33952053643090135
0.43258600402546876
0.30944223885645594
0.4458713845168494
0.5383970873273971
0.5618650961000629
0.4405239407154732
0.4889761035724439
0.45886185982956995
0.4362917191558229
0.43287900562498094
0.4458469752366431
0.4050735949926969
0.27703809399975104
0.3996357853998852
0.312819403650989
0.35337416589854004
0.3136720476894961
0.3175961394655661
0.43216569130315396
0.37398898470106734
0.5408110568087445
0.4113872532649598
0.4366992660385631
0.4053424993597584
0.45099882810677916
0.45437212278213385
0.4223311203719947
0.4263614296429238
0.3383763886414694
0.44519371219310816
0.29745569371090974
0.35786210290720083
0.4103375223895534
0.42202792839657743
0.391631126226644
0.36410369645437757
0.28385024149028415
0.36395384261350006
0.3902416880123635
0.3985982103528434
0.5179987292950574
0.47558114621298037
0.4329048714785926
0.5721056753727207
0.49426182832812376
0.5285877648110009
0.5269358564117174
0.6418595150118545
0.5030910223191876
0.4498000285354977
0.4736047471589058
0.5028655657748717
0.37385857244396925
0.5279866796566224
0.5377489715766207
0.4863070579131773
0.4828432278517405
0.54204054146865
0.6264650106884148
0.5367800482266709
0.5914285744873187
0.47688473820418487
0.5240506237821669
0.5516964857197624
0.445051312580304
0.5408452535924129
0.4106305616636006
0.39093412131358196
0.46376133129523606
0.5464870552132504
0.5682899772867276
0.4607679411058404
0.5081351046783401
0.5132499332170604
0.34699433233864047
0.5230954443295934
0.462574894738286
0.40843159955428376
0.450904261240699
