0.33593222475267837
0.2954323906729248
0.2627966914149838
0.3427736737643894
0.3042267791511551
0.3054643625768174
0.34642331269431464
0.29222180000940146
0.347615349582591
0.31816042779107634
0.3186472608094704
0.2542590046431166
0.3466945473125175
0.33997051041364007
0.33939729174079836
0.3639852701319704
0.276693695044585
0.3025495005165916
0.2673838097269297
0.2200779882347969
0.24349097732813865
0.24961370112065565
0.3495566613805597
0.2885489314080541
0.28058154634879906
0.23153284446723982
0.2642756725488963
0.2866389203006734
0.27203994583983754
0.2857318539115123
0.19816729363922175
0.24546996913283622
0.3063682840833593
0.322365971103514
0.21093848703890178
0.23572484997085413
0.22373712011830765
0.27632548851621275
0.25731445548239135
0.20852690467585433
0.2495148815605626
0.251248154058797
0.25206532417496347
0.21267729076996622
0.20537143914855788
0.2145226899249795
0.27977189404482317
0.2675820514326261
0.22198723020872754
0.2696375096647323
0.3460463338041963
0.2476064388493574
0.22523664969709617
0.2612173069811903
0.2979980142575638
0.3575416045540958
0.19993128209691946
0.22545816738402702
0.2622898517207234
0.3559062435530673
0.2915935256650515
0.3667365570077278
0.3563076215768575
0.34587880108359387
0.40113195241750477
0.36711962591714703
0.3092780155185297
0.34491302277954566
0.35809963918797694
0.44274047799816635
0.31769873542130145
0.2897675593347958
0.33409001372137426
0.38708280794246763
0.2899733590250501
0.37122451066778617
0.40739075117723866
0.4090737393095124
0.3413805775252064
0.4439901597228218
0.4834284409480846
0.46271890487894796
0.3631682141164862
0.47963225545385224
0.4935111737068509
0.4034595873656231
0.5261133569355291
0.57541957457184
0.4960423118248898
0.44722567203976726
0.4422714112092343
0.524394028433388
0.590457798997839
0.5361955470883613
0.5623549767076987
0.6069092482508631
0.5268351985819154
0.5344238494417785
0.6157846716473894
0.5555234745415294
0.6492539698458957
0.715571749731173
0.48938296638619017
0.6495916729935821
0.6371600884182647
0.5818872350489399
0.696952486550975
0.6154407250442768
0.6057953577760801
0.5305459536313241
0.5895502229217671
0.5656860331419242
0.4105135721924642
0.5281980949649656
0.5416070704482442
0.4812742786514415
0.5778784665928407
0.49470852087993666
0.4818717240515451
0.5290223970712113
0.49594698196023584
0.4609253886153464
0.45407768638409224
0.6032115394567272
0.49936571737595775
0.5291756434936736
0.417645044494384
0.515840977125882
0.5724889306297144
0.4245899942628838
0.5152736317089422
0.5291857005342506
0.4886396436822606
0.5056781144429844
0.48529136474040635
0.5101501707255869
0.4912559681421968
0.5460871151734797
0.48315872953214395
0.569984720551667
0.47096981395311865
0.5430914561604395
0.4671323834335295
0.5164165746166154
0.4301573476306045
0.39702580335319304
0.3625687056979342
0.3800768477859237
0.4214988907265578
0.44965170278529804
0.3834659047493642
0.29354495755189597
0.4199137619232075
0.36429209300405196
0.37282720874440844
0.42116498888913223
0.346463043444602
0.34183894061003695
0.4111834266108736
0.42509210003421627
0.35649049121459625
0.41916832403254684
0.46383067514545395
0.47554515646090934
0.45018236301955045
0.491529297860947
0.46540219583833803
0.4093890907193881
0.429796059397635
0.4484463239284893
0.3739069423848745
0.45505897596451
0.5741416873817059
0.4931661697893475
0.41620436269119715
0.38508864242087615
0.4360873472804912
0.4115264439490163
0.36810670059743844
0.4111451970238414
0.4726302466959972
0.44663400755491584
0.33634263012115734
0.3726046909329155
0.26605999547781894
0.36304673036683643
0.33456551701627557
0.35912924106168315
0.2983119992489999
0.3351862462089072
0.3439549835146832
0.2884282449683064
0.3059924551272565
0.33575049388996425
0.2288818361896398
0.28739677786926604
0.19822205136567217
0.3231904152079192
0.28897785986455493
0.35687544152988654
0.29269417348632126
0.3732438073528544
0.3881774522266162
0.3714649913859565
0.25984561731328604
0.29753423348263597
0.4589728888130698
0.40456612518128127
0.36325950916899413
0.2727839260873077
0.2892768577732206
0.33059920489399863
0.25805422516360826
0.39949960294915393
0.33037008626039477
0.347352354763292
0.27178090493000034
0.3322683754057514
0.3104759658350755
0.35386634067534495
0.1941275079309041
0.3329498577716862
0.2229376939136213
0.2663570132235437
0.3378876392833863
0.29223465042438335
0.2886677024070083
0.29098270816713995
0.28048483500106774
0.352162741607846
0.3082199007491449
0.28120850197939573
0.25847155747570794
0.2673927692807487
0.3836295923606664
0.34976417230207335
0.38059307163360795
0.5094903856226445
0.49780647854746757
0.52220879532137
0.49116850257640177
0.45836986391750045
0.527600179492369
0.46608037932757873
0.5582562193589802
0.5706238252546656
0.5291905881722787
0.7277035033791517
0.7084177945732991
0.6869496159005578
0.7388359010403945
0.7609649444484509
0.8501194695517866
0.7294350746892186
0.8644438282201676
0.8167041013615783
0.9566721392218027
0.8621051478238504
0.9349151993407269
0.896750870087446
0.9169188129009652
0.9582162631970761
0.970569243840272
0.9169374512055686
0.85710485001828
0.8389134908992153
0.7843575692202669
0.8295080182231903
0.8323082442485514
0.7459371020686398
0.6910377122283151
0.7721516863955302
0.8091599274498205
0.6496315566220452
0.5806315654097506
0.5074768531143419
0.5655188728526439
0.607986700435633
0.5418134783035042
0.5302426759706613
0.5061464140512898
0.4597893280153303
0.5573500269977837
0.46554821123467677
0.5356912694984187
0.48932761639629596
0.5376209910104564
0.5210469225804553
0.5162277351977032
0.5864404046417497
0.4111311364162929
0.51237478670635
0.47089767386649417
0.4644736910747741
0.5265858983552624
0.4781159536327189
0.5607761161885295
0.5427709029869411
0.5052216224419582
0.5520172275291748
0.5039617068067194
0.5675214318882393
0.6008009742357032
0.534415594578237
0.558189350500697
0.5336883240827623
0.598007285984154
0.5563245826851237
0.5218596611823481
0.5695327242291125
0.5601863942050244
0.6189682508574639
0.61115039153412
0.6196382464371086
0.6713527347269332
0.613627880013508
0.553688212492853
0.5140567744350866
0.655088269710579
0.6373761264826986
0.6180238584805612
0.5990487462385483
0.6375870593087813
0.618728526439904
0.5520631704897138
0.6215665172803252
0.613628945697142
0.6272655590159276
0.6981758718345255
0.6095135516878184
0.6449885069367775
0.5691171480632107
0.6666791512527293
0.6189506852108637
0.6366303655392506
0.5999279477904292
0.6987967553002069
0.6675150140735799
0.7010422999684619
0.6966051531941148
0.7224982944179799
0.7526561690319312
0.7080137037988135
0.7408076793943793
0.7329783318898715
0.8326406580345362
0.7667264807178914
0.7968083277317524
0.7391855777853504
0.784198813046032
0.7044981460034004
0.7568441006669311
0.6926105998975884
0.700697124481473
0.7139744503743632
0.8513194404826152
0.7278223773197974
0.7238791163250876
0.7224987644904728
0.6204952304380449
0.6474863019899131
0.6747412334618526
0.7655682960234796
0.7258075963993842
0.6241551451247693
0.66114245470182
0.6117982992860896
0.7864440229445593
0.6834482439723664
0.6777075805954633
0.5894906869153997
0.7265266413236684
0.691383399634013
0.6966042493158493
0.6488209075412043
0.5784754670281808
0.5164442433346301
0.5833022411298925
0.6285308769976512
0.5036982514000697
0.556876488243236
0.4867175353917859
0.5657898675525417
0.5778789115576041
0.5738210142490551
0.4013441967039968
0.439951656461537
0.4844225508142088
0.5132046125131067
0.5239239587301459
0.4582335414996596
0.44450959373322235
0.4114292602969938
0.42912359684407
0.5293143246432227
0.5521752611587469
0.5114173954998859
0.524462014585638
0.5360621022953069
0.47785541630219774
0.5080445946754596
0.5289529365372843
0.628754936981691
0.5448952261418333
0.6605448321527353
0.5483836062148326
0.6396316640273328
0.6458438659096594
0.5868001272682917
0.5754077223285969
0.5552756319580668
0.6044049837727349
0.6080978146929596
0.588686051135797
0.5490066098887909
0.5201249834881807
0.43558423636305055
0.5573328700492266
0.541481633626057
0.6156274763370111
0.5081618254546906
0.4036308544425408
0.46935650841869153
0.469154000630762
0.5056124047248842
0.44519255187570783
0.4458400844066074
0.48138391294759586
0.3197248812160287
0.40404753758034306
0.41488884040927276
0.3302723312680366
0.3364588763984133
0.2898377982083403
0.26194333297020117
0.326162469607442
0.28166998121244397
0.2557908099293259
0.2559399476113273
0.30755625240354206
0.29388778714001623
0.35117357489572976
0.32897173999495344
0.20904313466098362
0.1609707638622216
0.236663667873837
0.21195523821865125
0.18403923417519086
0.1470203620897275
0.17201019541206455
0.17229627330154232
0.12324180375603265
0.1296038215080344
0.11338957362472063
0.008807092431456246
0.08696639316444853
0.19463214428240508
0.15347168817538923
0.0967544935512889
0.1622929357868421
0.23002379543226237
0.26179356424726263
0.2796381164348642
0.2725691989253334
0.14029059016694828
0.29681152952522544
0.3263005384073637
0.3052857163381716
0.27114355888397257
0.22987312617875555
0.2776919939959049
0.34343279658121995
0.1169169571607733
0.29811449989517524
0.3087039228177234
0.316256565287699
0.31112310361667084
0.33159863731982236
0.32779916773455886
0.3058370015958752
0.36605445699164485
0.32947245758781396
0.3557250879363357
0.3850280926201828
0.2987790535139174
0.23798539204394634
0.4035059750119506
0.31867902264535874
0.32296317351659004
0.43062200494426994
0.38365626988131163
0.46509119894569856
0.4530946546062153
0.4796215581661706
0.49099182645760486
0.5087848667902433
0.5719792492984133
0.5339058532673596
0.5975939709087896
0.4778796089945373
0.5057969590912788
0.5419574237070253
0.5004157993457204
0.440280903883845
0.5213516648586777
0.5641213891772016
0.478328543568955
0.422121777510086
0.49357345621986115
0.49373507049064824
0.4913014326609995
0.5495028474257673
0.6655948432629057
0.5505614757877096
0.5955151652779072
0.5258814982117019
0.5522109183193946
0.5895279244681382
0.6801984124382576
0.6518806805366415
0.5287972532701771
0.5266391183727624
0.52772724831698
0.5754840205342172
0.5045195656864934
0.5572405475326286
0.49765814905538447
0.5547006830836811
0.5427357842476057
0.4088889745961387
0.5490945287885926
0.451798618712205
0.5168930049446884
0.5034516795466996
0.4069185869313989
0.4848102043950523
0.5464010329319956
0.5636997913408183
0.4039484967932547
0.4943971599252181
0.46324002138620607
0.515943586837245
0.4694404895895681
0.4333646184943257
0.41431672731345764
0.4342631103148551
0.4889517327611375
0.4601747470082397
0.4076457346779732
0.4018534804962459
0.4223730291652782
0.3239103623366202
0.32766052089890696
0.3106716440415801
0.34949210717597046
0.34658053785499365
0.29190750591391645
0.4195833539658426
0.27843016459372133
0.37423970014675473
0.3068111035307466
0.34784155711443565
0.33152523431439923
0.42350010817246836
0.36632763634299226
0.31162569564103315
0.38416300105438517
0.33209880310058143
0.32474493489914436
0.26409445137309295
0.16900794924667745
0.26074420007959154
0.2768804058859771
0.34754640236224676
0.415280360580474
0.35691888152875945
0.3343296968506677
0.30305780817610894
0.36277610335568994
0.35508391017179686
0.392415721232784
0.4715083942811845
0.5415620104428627
0.5626182814679709
0.6231674558630524
0.5359795341316569
0.4294352267304701
0.4340233030417875
0.3215326215663959
0.2914458383728964
0.29089673204765953
0.28931822750030095
0.387722499887364
0.21750669225609273
0.25239297920926557
0.25952689309840127
0.3386478566995862
0.2677211599715279
0.2621287507635191
0.22898460212687582
0.34530094668694444
0.2867426141080054
0.27623774230179576
0.3262275544220501
0.34601362345407877
0.30331110527433897
0.3954407590791992
0.32179646949055163
0.20168174753145685
0.25795616748362105
0.2993498314364676
0.3858841939449362
0.2311045780178759
0.3411053401769565
0.2831499861837744
0.31145839335359343
0.3376821609720709
0.3333247326340645
0.2680381860669676
0.35206455504151357
0.31226362753408476
0.36488507620265676
0.22651777634229758
0.32734541861350375
0.3312742981796757
0.38336665082554916
0.42799435410853826
0.3919663096115039
0.441076439506343
0.2814284141665064
0.35022046650998523
0.374381088188529
0.3153174857063788
0.29765469674256506
0.3950868427546137
0.39175872141397805
0.3955824347439646
0.42225678093519875
0.3889491095613443
0.35680089472789284
0.28670665146998087
0.4131421082151515
0.4617863814837748
0.3835288975321473
0.35379863070812023
0.4187878253177139
0.39597776124697265
0.4360175625778776
0.38802823001525855
0.4760133514536748
0.38222065258615895
0.4165454818849824
0.3475433241545984
0.3334878720599372
0.3917316424486341
0.36951851688083326
0.4304862530298404
0.4420376275594715
0.4057600314795134
0.4267037816564881
0.3499065255965632
0.34590088249484907
0.4700848697055296
0.40799252514992457
0.36052838686882477
0.3446127061571267
0.361048404494451
0.32652052145406674
0.31708732565994624
0.3481833433369037
0.4366190433480767
0.3832540080654397
0.31632216285794035
0.3172498340448818
0.42423835632527174
0.3682167500080554
0.27306545738541776
0.3670942679471795
0.3548267849817279
0.23836792392692702
0.3149749869823397
0.42649293977618136
0.3859321505453887
0.37685453878704833
0.3987490547985963
0.43705772280982835
0.4357867374555855
0.4740023855132864
0.5498667128276926
0.4094795209500988
0.5243923517950004
0.5211479212125025
0.464713259266461
0.4044233626307991
0.4210356199175156
0.3157829587422813
0.38935557385320096
0.406377282135697
0.39607372773205923
0.35026707622023223
0.38439543362932094
0.28576363946025635
0.3256747756728976
0.536220989587685
0.34817864149607475
0.47845160073632603
0.39022866418369817
0.37998178211038003
0.36966947989477633
0.33496559501762213
0.5216511819393964
0.33584261359190204
0.3508818317260434
0.36403188876941023
0.2901563419265468
0.282472701830228
0.34570727623398567
0.29576971664671764
0.455974488872882
0.25156140004605876
0.4012100698176217
0.3267979880897301
0.297646582761284
0.3621339664758805
0.3251354186790628
0.35859873342663184
0.3395339575765852
0.24337811640975648
0.3296055519885531
0.3493954429749758
0.2762580882109864
0.43247011657100387
0.41147771737818956
0.34318108099097977
0.4572248858888562
0.40265723080991817
0.4326806870088562
0.4005107113061641
0.41814082004913583
0.39595325861366004
0.47454448371324354
0.35016724426068685
0.37955838907133066
0.3392368949159219
0.37792751035798466
0.44886991782937546
0.3094004514090807
0.35491332435127554
0.3319778719999576
0.37667545930057955
0.37124162828090024
0.2999207393612622
0.35064106115308363
0.38285063927766744
0.40827335650032853
0.31812386898396133
0.3269193214719769
0.3517977070226459
0.2939375768837039
0.40975434513670955
0.34531466973501723
0.3227339165114986
0.30229740077808853
0.37866826956272237
0.27794964840111885
0.35739269423653464
0.3598321274881237
0.3608681081200211
0.3246408890256485
0.4079827077486778
0.32362412863973156
0.3527204746699973
0.27739556739772475
0.3018167649053083
0.4949158172698497
0.3868872792664414
0.4025502721608145
0.4537484752285048
0.41934863854033705
0.44348069571286913
0.33800390732067465
0.4567319346747092
0.46131828273730613
0.4206764795113255
0.31594375952262954
0.4346796986012345
0.3951094871369615
0.3867018416659146
0.2348085366838576
0.40584708946316467
0.2925083707078162
0.3204934145912455
0.20140051668917763
0.3476592864355351
0.39136504616265316
0.2955120711686965
0.34793932996117927
0.34432508986126165
0.26255446264088406
0.28850889769116295
0.25727245778309626
0.28183187892160066
0.29070433904808507
0.24402944746116914
0.2301673271161945
0.2528872195658399
0.27245199548563026
0.23951967908973879
0.2975533452074296
0.47193102432422895
0.3840873988908242
0.4503243304919288
0.30352457230726226
0.3817631375846392
0.3356391804446495
0.23782773447236874
0.39448291844437533
0.3179197757823952
0.3491915927604372
0.3129621851089683
0.33405886590896194
0.2749782984128986
0.29012707830975326
0.23671095353995975
0.3597938680507908
0.35336763895419615
0.3993680417937688
0.3568690677932411
0.3187275023235111
0.3379086268345556
0.3056321377264979
0.3634793876001571
0.3086074569677925
0.30273620270976564
0.30061667066762987
0.21881228080428988
0.294069888760204
0.20407190184216809
0.2512031972740817
0.304076192753156
0.250335681696479
0.2379599456389757
0.33247382526163993
0.28051544941371365
0.37538597903476684
0.24585434280727017
0.26819020751120054
0.22821441917382457
0.2673313962254993
0.234282722520392
0.18750004205544707
0.1781403045037548
0.28715980665374363
0.25964159190258984
0.1928771114728794
0.2949757689486292
0.3451830204236037
0.25793481084882675
0.32549446423382994
0.3363539913687995
0.31366436070768644
0.3063665106407255
0.39426691859948526
0.2970611988355035
0.3201417423397363
0.274422465726903
0.34345002773706684
0.36395869638994094
0.33303570946841776
0.2709602370281264
0.3778579148002673
0.30827682917830634
0.36352645510800724
0.32442862018937646
0.36468606592146
0.3920460514817257
0.32788400061541834
0.4642661171049616
0.33284127046785605
0.36786094669810343
0.4650204718663008
0.3618590228880668
0.3714680285843132
0.3483634380125725
0.2538154623720918
0.3107592914989273
0.42530027798441283
0.2544332751624435
0.34705496681804304
0.41964928128426593
0.44733277240805586
0.34602535350637115
0.5092185079675893
0.4042467046453624
0.4542576446410969
0.37769651952467725
0.394057072938094
0.3929777717085266
0.47956363044937117
0.38506656463629296
0.3984198090501369
0.4758842461132189
0.47445315295196455
0.4029919107079864
0.4267891914571787
0.4052689293101638
0.4605686635727435
0.39886194696215305
0.4129628208924766
0.34265282635619754
0.40377131070857225
0.37007948242368266
0.38629054190431256
0.4345425643668033
0.4313286494398815
0.3923665265422876
0.42230527037746823
0.49434845929904514
0.37795039103196537
0.3542529768351902
0.35916213135052943
0.4741159031382849
0.3965249708227259
0.4317973981975719
0.3733106466398116
0.4734009995945102
0.4173882925725617
0.39867781022099413
0.40723440450812076
0.4597735854688736
0.448198290247307
0.3601033342088492
0.38523190126748
0.3701552648049471
0.3480277253498936
0.3772874540720344
0.41672190692648337
0.6078130316648922
0.3648056331144172
0.3960263279652542
0.4298614360198558
0.45234847241085957
0.34591300534362235
0.3936972342580464
0.39016134673397956
0.39037401283032885
0.4105245495708182
0.4433169431004447
0.37966211551871104
0.3558695502801116
0.24781339712184514
0.3503818857774058
0.3381778076404774
0.3716002514678607
0.3140753469016434
0.32322477401997207
0.29464796745257116
0.34741149406753175
0.38011553042798774
0.38486297944778897
0.3074280816285766
0.4132001849044798
0.37136954574677156
0.349645157758142
0.4011431214515281
0.4599015874641012
0.3541281838867797
0.34246568394083104
0.37594071395502965
0.5109925266842857
0.4840345722277544
0.497789702399476
0.49893244723506014
0.5246641248345156
0.4432832234195974
0.5512952408159064
0.4220167128207181
0.5485723438079526
0.4449155452694457
0.5049877425458986
0.47019597698848686
0.4481219808826958
0.5586190427901271
0.5238964406585088
0.5385708317646815
0.4275468367259688
0.47628166520600124
0.501023396637824
0.5009054712114076
0.4292671583783029
0.3834476701212578
0.488458075740814
0.335270520024321
0.38706695269020264
0.3738209696130913
0.45083458093176737
0.2940363612929755
0.3689297542915736
0.42486307848383353
0.3772867385017409
