0.23883325026778407
0.22955951059849525
0.20282504819388628
0.26501629227689516
0.21318751148157533
0.3326147751042001
0.2844251618772353
0.305580101457563
0.24846665450336025
0.21886344103640254
0.23859296187181722
0.30764017013747463
0.2562489040953712
0.27584104932160575
0.2529089999122839
0.29051582173330687
0.26871362593543224
0.2652172483513932
0.2959467292006493
0.2838073463632022
0.2659649370538497
0.21403355106506555
0.20422737908771796
0.1999374044668703
0.2152563380677208
0.2880962962687773
0.21633764497242736
0.22535644723985743
0.26470272988131344
0.29070584096363666
0.2511553728451928
0.25103444784223927
0.19253356311391595
0.17979796669408046
0.2191796162674552
0.19890532056364107
0.21417356601997473
0.2869960770910149
0.2157890820571326
0.3628761354434379
0.21593979206071115
0.22702285065550168
0.1609676232548673
0.30355280051856437
0.186807871787051
0.25102405442296916
0.24188111401373225
0.3084672750256814
0.2054083831627636
0.2868555553442079
0.18075672669186832
0.24913540951384386
0.23818405697858988
0.2742114476126933
0.23415276326289158
0.29081460322649866
0.2891045897105984
0.27778111407960965
0.21571702945837715
0.26546411084895644
0.25057556206915965
0.3697085435273944
0.400130568100511
0.3245215585204333
0.3096957280562569
0.390304998542491
0.3202235624228398
0.31902803449580447
0.393367794890384
0.3912781211362789
0.3141773886912492
0.43216306940802046
0.3752110372217745
0.3987468737942868
0.3444036413965006
0.3041509129645577
0.3973154006762564
0.3424041278446953
0.41906760198520765
0.3921562413707135
0.3864458137054725
0.5078129273317735
0.39534533821616363
0.39274018542869954
0.5070729341785432
0.4704886036884169
0.5604955715637963
0.4589818495115119
0.5154888393231122
0.6002107378819377
0.5452979834844268
0.5772351314636646
0.5435112741104422
0.6044556932354221
0.4914357013405089
0.6287509319033764
0.5759447688042221
0.5457878635895678
0.6025394834624589
0.6852468956420223
0.6715413035646708
0.5954762479592206
0.6328612168266277
0.5933143771095258
0.6030250452978441
0.5498985854542571
0.6121551828097342
0.5728652559865458
0.5947672962300388
0.6049687061068882
0.5863688283935946
0.5572655410038527
0.4679746225456989
0.4736715365272054
0.4849728288590657
0.5453442091985987
0.5021431276282018
0.49612581852407467
0.47348549502130566
0.44699182345107424
0.43004291535186656
0.4820630011604312
0.4026745331061845
0.4586255879031894
0.4765936207782667
0.5115901764289934
0.3613308818016342
0.4646064117778522
0.3426434105320767
0.5767515946191271
0.4370151110360683
0.4133777360159805
0.47973819539714857
0.5155021446234757
0.4743473841289674
0.563276882379872
0.48184281284928093
0.47724409871776147
0.4568677342727231
0.44678753963129303
0.45482314521216577
0.5117562524896255
0.45959300712817264
0.4524088242351475
0.4432036962286692
0.4094081713656217
0.48308234253112714
0.4596451366839157
0.361984488854144
0.30021697226112365
0.4311206135344082
0.34418835714686513
0.3495655377534703
0.3959691128752104
0.3577440932650632
0.39948115596895883
0.3991286185209948
0.40139716369411355
0.41332066250945565
0.41157619425873737
0.398687100170186
0.49741955725958475
0.41365423110672994
0.4705374662707236
0.5187750764085745
0.47182582314067323
0.4677937431250549
0.5181946882822994
0.4662578098210701
0.49095987556555554
0.5168001480950091
0.5224149154757516
0.499534358508819
0.3636227971830899
0.5434867337166576
0.4530661816574233
0.450542278192279
0.4290437420405544
0.5175297023474181
0.43286416905711267
0.5295366159201262
0.49843927333101223
0.405221535553887
0.47621852472874127
0.4413052516734259
0.4665220499344347
0.3821550237260639
0.4774705035605708
0.2873987955199588
0.4384661091715995
0.356674641737188
0.34844983771755644
0.354596366137598
0.3698313645801137
0.3840799622758318
0.38388459922871015
0.3369685812414487
0.3580067420727511
0.3716886092210618
0.3958482574218661
0.30226862871228666
0.29825357148558296
0.3646648363607484
0.26256690397988786
0.4192835233128027
0.34199138747634056
0.4467233217163763
0.33331798451325667
0.36770668236657955
0.28329445448681956
0.32022219052582845
0.26721243763412544
0.37225164500299646
0.33435465761116956
0.3367367323277669
0.35773648784717543
0.29470211204452745
0.33105397001050674
0.2580546666821286
0.25273446877822014
0.3108280930102975
0.22404252619879694
0.2465988488161959
0.23677833160370487
0.33074060238922487
0.2920905491899015
0.25840224563229325
0.3686144257439482
0.21643926594158752
0.264378347814073
0.35674859387203817
0.27548290714848134
0.21747430918953647
0.2659472837526
0.3588463489013952
0.35552531616415045
0.46832484402707086
0.42471165031772806
0.45874631655680087
0.417196891053363
0.4481850710711772
0.4045097281496065
0.552211643969999
0.513236467354153
0.5682343080887591
0.5217675128500834
0.5795356007922583
0.6477075532763423
0.62834284169622
0.6767831443481757
0.6159075990685661
0.7373338387112327
0.7454767408456209
0.7737829989164918
0.7210186921171304
0.8544055886484054
0.8289019679052632
0.7519319803901834
0.7980746860416162
0.8466866682759615
0.8702688541769001
0.7364420887531686
0.8060550759576877
0.8709547979928085
0.7535419281051188
0.7435100161119765
0.7577725012896088
0.7540940011343285
0.7181243883159986
0.7077247767415404
0.6503409355245972
0.7078882935358279
0.615438512703835
0.5654953824503566
0.5482372621685911
0.45506788179231095
0.6452949525460827
0.4503892769272624
0.48815449032037983
0.4494312339806362
0.48194879565846066
0.4544454132324518
0.34123033521466223
0.5026939488529316
0.4432806434032931
0.30961786418946846
0.5109814545352109
0.40904839964338413
0.44074993027043347
0.4338906602338162
0.44521121862148993
0.46163745169189563
0.3678106426625057
0.42196002736288685
0.38483952176929515
0.46224468534792085
0.44923340728460986
0.37144427509070366
0.46077581326367756
0.37069885582915907
0.5041822055458718
0.4474134044419156
0.4654500816309559
0.44013975845311887
0.4877347186989007
0.4695217256407999
0.5296090285664132
0.3927357552424736
0.5319984424657023
0.45117404392445126
0.4634399027262177
0.4692771016142208
0.5016098631670327
0.5579261093882386
0.5280989322343599
0.5239134778988236
0.5134255193847903
0.5323241643451089
0.4642714611254303
0.5599054817979517
0.4812903549965974
0.5495622654886005
0.5267995805976287
0.47888902820489676
0.5289189827393307
0.5086958298893612
0.5456057156406828
0.6188783501896877
0.6101598293863848
0.560708675459729
0.5953290704563906
0.582479486739847
0.6585814040805974
0.5944826787005789
0.5374943823039702
0.5801033648680951
0.6329278853476852
0.5439660505988387
0.6559823852678135
0.7006501434200321
0.6779689338610643
0.6925976525036325
0.7385834032690712
0.7943529858456206
0.7380580695870023
0.6342472595736253
0.7736616559079992
0.7432634963718767
0.7230844012526506
0.7958153647748101
0.7050610082159374
0.6762146700876527
0.7549587999109458
0.6123780920502518
0.7844675131207163
0.7807640498763803
0.7269496517535373
0.7588550554683373
0.6408562253449706
0.6093179800341202
0.7255711716859272
0.6261526857460473
0.609257040949698
0.6976002024590894
0.7201056864358197
0.6316177365323111
0.6054104972585179
0.6465094242824088
0.8177890415582005
0.6956576824052128
0.6585477523340664
0.70350420401218
0.6236325677794157
0.6762766580792853
0.5166474569716974
0.6091784251153667
0.6359045535832043
0.5848157005857186
0.5730693753294651
0.5445036244812127
0.5769712599809259
0.5053378614075372
0.5091465775440985
0.5733146260104108
0.5206801788611901
0.5724770477651262
0.5381435921576514
0.4434670383910998
0.49267655954377043
0.5039584116272464
0.473804656408187
0.517251465419446
0.5011923907529903
0.6477309052212705
0.44081276754597065
0.5135740455837314
0.581280556598125
0.45672977129674175
0.529499155580365
0.5642146933805777
0.6516478616092887
0.5033131381398687
0.7044135342709498
0.732649895692465
0.5190168738540897
0.510592629481316
0.6314041878197302
0.6183797568281002
0.6740597037621378
0.6669160344013232
0.5825674527493107
0.5971930036991823
0.5973669815156681
0.6169932565225414
0.6337100080439565
0.47180500533220526
0.6572713540150501
0.6065643026227571
0.5385389777040717
0.5120835220690504
0.514507715728125
0.5246862552866658
0.5511232232905834
0.5024649622507618
0.44408149211062614
0.5623019447182551
0.4553967787087113
0.43082654008963417
0.4870007609474949
0.42115744708265
0.373012367479187
0.29899828569460074
0.27517874003794374
0.23333903131337053
0.3418420588908139
0.4136470847516571
0.40342337171321
0.2876575088992895
0.24408036261081512
0.3550332870822681
0.39403261203031026
0.3152887304088667
0.33520362369355894
0.32372194133670185
0.2512808108214134
0.2003066201057871
0.25859252131132204
0.2008987759905435
0.21628215962149497
0.21738567138039983
0.19441475343755016
0.25279391895239545
0.12096964096335783
0.21018382127620314
0.1563172262955398
0.17601336507055432
0.3256983723642532
0.25848623297938067
0.28785247492963445
0.25070344686434126
0.2722497578991156
0.24657039810624132
0.2023851261747309
0.18312380293790903
0.31137372631200316
0.21724133976617138
0.29907769370429005
0.37091704472177334
0.29473686338276783
0.225750465348936
0.24183822947694375
0.3242535967950928
0.33110526144921626
0.3254177496900177
0.21354529350098556
0.3457488725390057
0.2579097457190235
0.1943609421439414
0.29857009543802215
0.20996332811478102
0.2958050078381149
0.34139849362244845
0.29152494732823825
0.21025613527884596
0.27052699772725725
0.321579449025598
0.35931853397552094
0.4511653547360629
0.33981779371261966
0.2574987996421004
0.41063518459540715
0.33855146743350895
0.3566241653915827
0.39677662664724195
0.46095848761284897
0.4270443745606255
0.4141389598510586
0.4685856264807295
0.4605632775331908
0.40727211536648134
0.3864761921076104
0.43920558500315654
0.3589790261424721
0.4550766245144315
0.30673100361228856
0.41475495489964675
0.27836499826830097
0.38336678207198793
0.3393001020814389
0.4146764609983451
0.2727320733781878
0.43799068074966796
0.31808757586712605
0.38961575101396356
0.36726736199578647
0.3827374931553639
0.45934581702186505
0.5099941719949332
0.4026729913700894
0.47734222693386313
0.5336356357533691
0.3212207178044476
0.40789155435952174
0.3685154643306071
0.44062208375408246
0.4643624743988143
0.6086876372374004
0.40769170515024183
0.4352734079574714
0.44695980215620856
0.378621964828675
0.4253562288399268
0.41996317092470054
0.3202745287303992
0.38790531926246163
0.4092848254876581
0.30031767360040035
0.18790182864190405
0.32514454774671786
0.27531435105142854
0.2919622536980836
0.31418416038098473
0.369816141374064
0.3156488982099346
0.27917988930718685
0.3320368774025444
0.23104163414851905
0.09239676458067263
0.20790828748227788
0.32641056227368725
0.2899731623233385
0.21700551057967704
0.2441863059377613
0.41961520122253315
0.2815671143404676
0.28334001567482725
0.14292874677622575
0.282560147978633
0.19935608111956538
0.2414671611284629
0.19707680291979737
0.20096522356328778
0.24510888143293189
0.3602320209118119
0.22452566974294902
0.22847673345398395
0.2935171647720971
0.16166050061820203
0.10848120452936308
0.2188946272935304
0.12477403572432222
0.17037734106401306
0.10525559221895059
0.24418192073756756
0.2889511035449985
0.23276940091889872
0.25854561263060616
0.1953302859110239
0.42246504064892165
0.4562053552447838
0.379168151182502
0.5040517971793996
0.5512296106024139
0.662735781066969
0.6246936282973671
0.47702786061204805
0.4589655735402837
0.431086069376136
0.25655884318637623
0.4026674186943799
0.33550778292888644
0.30559013918278854
0.30180856742693185
0.3578804151003299
0.30553555328704374
0.22324571062551885
0.2683597615764892
0.2908033495334238
0.3615583072716857
0.20214557507540992
0.40105462553327054
0.19915563183696522
0.2285852751047777
0.2521072182314529
0.2839206795219448
0.19258101907749806
0.3502509760870663
0.30487415908511006
0.3365284705534934
0.24652195225528256
0.38038217652713796
0.23594730349814108
0.26157060411156435
0.2681215089666022
0.3230684478110986
0.3136621417730744
0.1877593033619849
0.3421248792796088
0.38718377647023894
0.1758127343218746
0.33773322201520195
0.2916882560753999
0.31106784690070544
0.2705216369212478
0.26935406239791576
0.17189269872666774
0.38560244803015065
0.3344300331946879
0.2866236605419418
0.4433579106830903
0.35068694498076286
0.406391131953377
0.32126959155362544
0.35898186385501274
0.38005779764537584
0.36922143556703274
0.26832926646196636
0.35558806237040297
0.3573005397652702
0.39275337345037087
0.36982911411049463
0.40349441860338003
0.35290863527235444
0.3906807649228302
0.38210149602850785
0.40024571924710434
0.4765914262491858
0.34883550677653896
0.3263776978004169
0.33437622568825887
0.48356556075704776
0.4258285976984525
0.29343883771906915
0.41478948274119126
0.2951886935338143
0.3786495809433193
0.34331502909286915
0.4265425815630731
0.3948236193263656
0.3268414751054636
0.41377345798430176
0.36357421223291275
0.3783043580436817
0.36447858710857317
0.166509625038329
0.34413240958303376
0.3054365669738808
0.33199884109291533
0.2802955953778124
0.2493143299007376
0.37514736471383114
0.3943752910423848
0.35212060254052624
0.21734606997450157
0.41755418686260454
0.3991594253876591
0.39795962672528307
0.3205329633449858
0.4624058283237915
0.3328468503992052
0.3732749746278978
0.3984785863714889
0.32879996638647924
0.38261023658959115
0.4137351411933098
0.45814680154471926
0.3966860301406
0.476475595356921
0.4461513730723864
0.5063219541337414
0.42599420142344346
0.4767648627467287
0.39684002031965276
0.3432465074198202
0.4661751197600138
0.31743830732985606
0.33353084909128494
0.3762357957814454
0.19495568180552786
0.3596917776163333
0.46646570491139905
0.36118593875254623
0.3940426342351778
0.40849377874476334
0.3846376213597599
0.42350158379701763
0.46761843749503773
0.5174794179976681
0.41227498089665354
0.3588229569079262
0.4027357870220437
0.3705855726824256
0.2985898060804214
0.3725830229645523
0.2944567003730486
0.3472649498719931
0.43546289321315534
0.40829440472035783
0.24137622474898518
0.42295032750674266
0.372322036551798
0.42102067517469605
0.28018086317470475
0.38384486284701813
0.28635049439987853
0.472984190853093
0.44853462903511987
0.31005259356047365
0.3335332118844077
0.390108278216164
0.2564793590260589
0.28278884726835873
0.5275590925743741
0.4833724971120311
0.5232342540971142
0.4477956797985173
0.4879297461381882
0.4984198239332265
0.34073333761842095
0.3499415305151328
0.3828335256629999
0.48523940203442223
0.3061597481637674
0.40032353819864885
0.32910248504739925
0.3035124365445592
0.42842086004100816
0.30491832775898303
0.4341936029349872
0.30466087582905266
0.3294084034454117
0.4251487584623387
0.38343153252808515
0.3512284488230896
0.4068235908393412
0.36603899129212747
0.5094258312767388
0.4006398063040907
0.4184453266246063
0.45846773892422926
0.3606152729183583
0.3565256641205798
0.3666070469100155
0.4153540150431265
0.35842430281302745
0.3540669644050927
0.448628674352917
0.34490788577886616
0.32683142571784807
0.3034548277891971
0.3225783526861735
0.4533262954614931
0.4116578751956676
0.3460088586407905
0.39984488805476964
0.38605546381621436
0.370146671591363
0.35811636220261206
0.3642619515790498
0.32458558990789943
0.43009003999031303
0.39568646480309366
0.35835011035153785
0.26910824854210647
0.42643028387944093
0.2557617806500457
0.3494066067737199
0.3689003506113927
0.4263899683070085
0.33062707928749113
0.3863556124458971
0.3280367693422725
0.34850268308566407
0.4188579857455679
0.3093363408566424
0.40044006840957963
0.2367563978160115
0.37529882303934986
0.30088947932259796
0.2888041631833296
0.31089901568451156
0.3328326676942427
0.3065673469932013
0.36095635676678806
0.29009694862906904
0.4085677909435763
0.37147493682343785
0.39131737854591675
0.39766093469093977
0.31092733235661874
0.3811661388548152
0.3192862297570924
0.30064043010037556
0.3341155374893633
0.3644796582787374
0.29243775066088956
0.36654973143102076
0.3331956772250933
0.3078120500864484
0.386500795750836
0.35828215241965955
0.38975834779902163
0.366503414081257
0.4644340401503054
0.4252371203205704
0.36133478679097664
0.39521566767725036
0.34936649130241504
0.40342931346197297
0.4520253107893195
0.3756342266136925
0.4234458770907387
0.43394972528366704
0.4057577700488253
0.3087227297138192
0.3113498935545222
0.3533821375063563
0.3545014469723192
0.37773573043777353
0.2560004252507326
0.3053319625211544
0.4188691369016361
0.36058940426861497
0.30991528750090275
0.4156591318509231
0.3583392862909979
0.40026696732520295
0.3812202975956193
0.3251825148429827
0.30731883496251544
0.4900065893343765
0.3031266456410323
0.36714791416990156
0.354217478891093
0.3879726754751892
0.34987023186599586
0.3927009558389053
0.45010402486822554
0.39758619108861576
0.5548692368265505
0.3564863803599577
0.43044367444620946
0.3937392827486576
0.4893889015580227
0.4749999809424338
0.3266183475888951
0.43231370372109557
0.413582975496944
0.5232553935681006
0.43702708047071925
0.571572593146326
0.5565572528274946
0.3521775143132399
0.42137755726109694
0.5532345295392276
0.4279401808713419
0.5095800113279944
0.5454081229003394
0.5243339327169091
0.400880974812313
0.4658471146890474
0.4038295466869425
0.45182766548858433
0.47511463718958147
0.4412816691529612
0.6007901612507203
0.5414643190358897
0.448923660047883
0.5684814775779433
0.46248384937623616
0.5435120782667378
0.5275727644878938
0.5991832136369295
0.6030900943571362
0.5087064688559157
0.49089963834818195
0.5942319370514415
0.6586912662714137
0.560662558405761
0.6022356873185644
0.6054639843589229
0.5625372033501945
0.7051056631353734
0.5374487135175849
0.5558641926531006
0.658310298288191
0.6586867130726347
0.5487155115616053
0.5285083156572139
0.5382501648112267
0.5319562161195157
0.5447676572730323
0.6249245396363043
0.5189028079822506
0.5327184037387456
0.495461551710916
0.5464249901277494
0.5480575515530207
0.5285864492455274
0.5963479267495322
0.5076066882300274
0.5103317728768018
0.6170972085008298
0.5136153121276141
0.6685898619280497
0.6106973069965262
0.480470038150248
0.5968168986140161
0.6489090932981192
0.5471854865234671
0.5386076461745782
0.4922197950514683
0.6907871100005277
0.635048620965991
0.49535812029287046
0.5407523377398891
0.4061764240364
0.5046113608784906
0.619706026287242
0.4717492829993857
0.5522752092158095
0.48741375557010796
0.5278844477875331
0.5448164819835416
0.5501624304798289
0.5850176116843032
0.49194064928884473
0.6113726860852211
0.585986446411956
0.5084909762936975
0.5498370383859101
0.5518162756782528
0.53567307261881
0.5430799789327863
0.44514997824391334
0.5661148135681867
0.4301590647919598
0.44819913478082873
0.38381780942941557
0.5438228075156311
0.4492260019324554
0.42115052194134683
0.5885686172300975
0.5605767230388414
0.5066733257497449
0.518228295343649
0.4843037070230606
0.5907479361831491
0.40100927251626867
0.5372670501153411
0.545990107924575
0.5114559567439374
0.46500044526571216
0.4245564525769493
0.6492819329141025
0.5594680197997951
0.5989256794862652
0.5003483233344997
0.5391487858459487
0.5432578582522857
0.6537801267123002
0.5187814708138013
0.46514958927046923
0.4676220915925712
0.5418947398882421
0.55337809754122
0.555271974191393
0.4564029544091751
0.44020560273167053
0.43420134922180353
0.38696438001589867
0.529844043332293
0.34103506185645127
0.3979351282913264
0.48762664311897413
0.4547188993735058
0.4666335163675088
0.3187569960762637
0.364185984434517
0.4172585536837832
