0.22469007752777048
0.2350819444209432
0.2558922820768045
0.29410924043310405
0.29319792140302864
0.2960719647405185
0.3000401602302329
0.29361560760283273
0.2404952074969234
0.3253837891521777
0.2461849586882409
0.22663250917825561
0.20136172480125675
0.20782036322466446
0.32676898321652786
0.34150002615967406
0.29687313050816455
0.26050306309781596
0.25574570933546287
0.19564144804342595
0.20508622865662995
0.1445107923742738
0.13910384051087998
0.1010634587023393
0.21427167354081836
0.22536210295151968
0.24479831378326655
0.2667625534259547
0.23276306341995776
0.2547533439044295
0.28292454795772237
0.20061779088735884
0.16892213233447748
0.24878369240773743
0.2301817423695869
0.1984697479207783
0.14604443575925746
0.2060265826477012
0.2099299894897457
0.22594235100173313
0.15919397749780062
0.3561123671204557
0.17577027285751895
0.26459555512817035
0.28035861757789554
0.212913355149818
0.3094070811439938
0.29621141771644505
0.33775020817364715
0.27907265333668996
0.2876083515409343
0.21904672973198405
0.29039433143802523
0.27362659528245664
0.3702969822862575
0.30122332532527724
0.2095208671914349
0.3547621801106711
0.3420461801295271
0.3989412089717247
0.30521189469710974
0.4642071746913674
0.30317847334164216
0.4305377727556773
0.3427988998114445
0.40582680178200947
0.5191353466056786
0.4039725587619795
0.4135761046415878
0.4649676048323171
0.4966593133287422
0.4929925305277802
0.41822947228342366
0.4688041590669001
0.47597335948821407
0.3678948016944928
0.3917587966646407
0.5266946550018017
0.46210681931059017
0.5035069890803284
0.44534981478264113
0.5169172955409391
0.4343245657731652
0.3825087035043967
0.44451890248589565
0.4964753018633768
0.49339007234130333
0.5542316480796654
0.6589204287093519
0.5822230582508453
0.5152729333226902
0.630398278319455
0.5960378260402489
0.47779007404348733
0.5503481139741955
0.5751840560274769
0.4898200311292377
0.548230217497559
0.43366391842627344
0.6095042534036377
0.5996626343377253
0.6266339941581195
0.60887343392663
0.6011488208272309
0.6420535870344618
0.6123491318121232
0.6532860513263217
0.571637390368989
0.6057935963622422
0.6500333585068998
0.5784992086281483
0.5551890273018767
0.5464362647601861
0.5407529265441322
0.5823149771134197
0.45497654517479946
0.5764437571365221
0.589263588532712
0.5970577561715897
0.5529101148350546
0.5506886280758351
0.5881791909553967
0.5223713640248382
0.5254339223559773
0.5890298955726971
0.5293628300541333
0.4994129683364339
0.5670457994538852
0.5901885174828083
0.5562458552468047
0.5383798464946117
0.5723966929517312
0.5303582282518481
0.587255007982367
0.5887416948853107
0.5395427079896749
0.5844646378021676
0.5562465408058939
0.615638936797943
0.6034373411395888
0.5973544999532582
0.5330170959301918
0.6527649224595411
0.5144457151922306
0.6517882315248301
0.4693039205457422
0.47651277592883484
0.5078380895817703
0.558583441314477
0.43849831223806135
0.4716946704261106
0.4838858103450578
0.47625030305029337
0.5642549471628875
0.41003946312699435
0.49094373718972717
0.41663341454626907
0.46655356421318916
0.5489490741362281
0.47276946466611924
0.5627648185544916
0.4950060209250128
0.48112622085090473
0.6223936750583531
0.6179644707506989
0.5357691179570943
0.6681489990440805
0.5369027179237467
0.5715373457123203
0.6907969589579055
0.4932580679232665
0.5465137728562856
0.5054176148657471
0.4733982358658078
0.4430862976101878
0.5980973132832176
0.5805793553900118
0.6905745429285809
0.4811101687036923
0.4805785424830815
0.5616065565320768
0.4907150668979248
0.3929406971050725
0.44388292020025233
0.5941587314261719
0.536217274892556
0.47638811973168965
0.461620488963877
0.46407979845222447
0.4563292555984325
0.3730382722616898
0.49184675772585235
0.35253478972902064
0.4691839514427252
0.36903714604593285
0.4312732091584995
0.452986916950172
0.40235836048861323
0.40083609098051287
0.40632723891724937
0.4120851568455661
0.3967370870635761
0.3828232121365123
0.5173961069320302
0.5528813750282079
0.5613557090664874
0.5308960226161998
0.5345797935806397
0.5358936054231663
0.4624094396653144
0.49389056249640084
0.5458548590198402
0.5117118822131681
0.36757915144003594
0.5139644110201302
0.5369895328929197
0.38373828278389666
0.42641319057209554
0.4410216550722988
0.45081459347043823
0.39237893175410543
0.5093570570239273
0.5175646166779928
0.486026775006519
0.3809101440853702
0.4224473835576095
0.42305565857501415
0.3943253400865713
0.261464698974599
0.40436811271616063
0.44634707071756163
0.3931108982461442
0.3382825981730499
0.31400217738067254
0.6204291429895722
0.5740933492797646
0.5031463371813581
0.43094199152632784
0.6450199854153315
0.4615941543165597
0.5250213228258271
0.5220659727275117
0.6392810317190813
0.621231203043465
0.5323692055617741
0.5906218478543507
0.6704161291576308
0.7760789624061335
0.761371319946687
0.6370805326547211
0.6923493497946367
0.7361260933373764
0.7983232880778254
0.8491515942713226
0.8350893320984731
0.7984214576964772
0.8594512275735798
0.8668025505122361
0.8994230152526655
0.8965825368758523
0.7281170588337849
0.7533691851529821
0.9220746678300333
0.8753899406501494
0.763600836979487
0.8330799768648159
0.8020527509082246
0.8332883875215042
0.8189647835347216
0.6850779302089179
0.7713527989621715
0.6773453927600581
0.6475475015211671
0.6394693089710726
0.6491317125953533
0.6218782450170969
0.6832478409321783
0.5370063290135413
0.6245682878708052
0.533388015032113
0.5666090085733364
0.5212607382252397
0.563459213580203
0.5454105788917437
0.5687558325070423
0.42225877211868146
0.5742738106109864
0.6152727077956359
0.5589597612749468
0.5725976722742773
0.5637872221623732
0.5359674975726827
0.5851497091549086
0.6167353181731636
0.5500095719338298
0.4736759788101299
0.5678448213081024
0.4801887502769738
0.5079762725471539
0.5263070085971846
0.5525151440222436
0.47815795983928117
0.5846302567714021
0.5292763551672738
0.709262495684016
0.6157044343935492
0.4882046646850695
0.6952285397188435
0.6035683234226235
0.6076084106796533
0.5914777904945032
0.6131519111404943
0.5860061250049969
0.6742853218154659
0.6546774697909479
0.6964228021475165
0.6292844548752897
0.6725490219310885
0.7176263941368305
0.60600328662391
0.6895467196585964
0.6754318519998948
0.6557626494496949
0.6264218527298656
0.6827222071114344
0.7032741151538119
0.7272443012694566
0.7148243312284966
0.7561225124856236
0.6411905704432914
0.6131916631255298
0.5789638434109583
0.6709155451596973
0.5922029652044323
0.5941034005038596
0.671293537711722
0.6363650544136364
0.6144614976933939
0.7399197405586089
0.6380716788602205
0.7216716689014266
0.6983667850141557
0.7071241010214382
0.7018920129640365
0.8054453071836191
0.6901913118527896
0.7804713213035483
0.7711671862277486
0.7213800394167654
0.6204142961193556
0.6275076694360735
0.7488593152163416
0.8447514149449089
0.865989046684642
0.7325431496119513
0.7505666490347126
0.7483604872491931
0.7342294813245425
0.7285460876996549
0.6396439046337586
0.7252161491476584
0.6937511561825728
0.7499186631457814
0.7040999131535502
0.7268567795925132
0.6590741271885489
0.761481444156084
0.7538079000840906
0.5909799114517978
0.7618925463376389
0.6147024487482488
0.745111263338726
0.7733516821574392
0.8081191469607674
0.7230882617416021
0.6542656790448176
0.7295625662228522
0.6305702757779267
0.5983021674094714
0.71467807988151
0.7080736633210511
0.5624564013491572
0.5999301358954514
0.5323791440878463
0.5750923505158847
0.6158671699841751
0.5309821911361351
0.5654703428213055
0.7089131870290899
0.43455344490772063
0.5517377821284783
0.5353641130976972
0.6063622412323946
0.5179939633162217
0.690946195099391
0.5475976388093453
0.5289141628025421
0.6456543847345573
0.6152222115059945
0.6482459277899918
0.7065535272071781
0.5956356347397059
0.6585939580883713
0.6316926176174431
0.5847140735369842
0.6893216351043886
0.651565776385654
0.7128548041959203
0.7072046434254938
0.5774025742911798
0.5746736897679419
0.6763176754141933
0.5936442859128097
0.7046134087406409
0.6226097278955942
0.6925070157081648
0.5354434561201336
0.5646487175922508
0.6684347519556859
0.6048675373493666
0.6077084434299732
0.6088925970987582
0.5374612406249188
0.5276461680545628
0.5833616912893159
0.5576736269925846
0.552369363881535
0.3712649538818983
0.5712006411028634
0.45264779527483684
0.37934052541690944
0.4062639787519283
0.41775368680034036
0.4384184711911629
0.3782684913305786
0.45587274961520274
0.39910889452091813
0.42915896823921185
0.37749814246893965
0.39182041645105287
0.4072821164575886
0.2793766530939453
0.31657318930541417
0.33726547216025415
0.4154214273788286
0.3558190941743358
0.17235247639413565
0.21833904799160458
0.3723332909120528
0.3303055369555139
0.24482204972545493
0.24388528117913588
0.20096616129117098
0.3353742870612213
0.21406015236012851
0.29100310875692975
0.15153142329404157
0.18302559956398196
0.36676239105264075
0.38998106731012494
0.27752057514757844
0.34995821360911966
0.3656080008284476
0.28303558452481453
0.24203781478277678
0.2331291659606568
0.36738151780151396
0.2547476389138052
0.2873506653614133
0.2772716355876938
0.41596569675476003
0.44721946400156004
0.4516701134159411
0.47775079250179886
0.3984269412058938
0.37183275474989863
0.4283602587628911
0.43108505563235333
0.4001051575279964
0.3444305630031566
0.2796136228815266
0.20890188277930152
0.277842242192578
0.43512251397526575
0.2730386858242856
0.39144856383743787
0.3398125440780066
0.35291794531316567
0.3571295039221759
0.3332690267193981
0.3759154515542175
0.4431659044988924
0.4148339614225189
0.3594113219619656
0.398571566970211
0.4714299557246505
0.3650621380824928
0.4500823844202573
0.44244199498302217
0.3401311639068725
0.40079390462878794
0.2400504510378095
0.4668311141128262
0.45934382132545953
0.4227636979089021
0.4127259895619483
0.3719090169564079
0.348159261399722
0.44205030793351474
0.3830510206244372
0.3794410175827542
0.2222086660027887
0.42071407147321715
0.44516571820036765
0.5242076882595871
0.3706725661723523
0.4145043480648907
0.5183998274749246
0.4468493665918361
0.42830157676209246
0.41921277135733637
0.4926212832498942
0.40914230775849064
0.4301120088495568
0.4247064938011853
0.5381884522067324
0.42603651272758675
0.3454346790371982
0.35525427447883845
0.409709889380132
0.3714278375119813
0.4948367400021385
0.4154203042132547
0.29119340080204237
0.4073931123735545
0.2990570531606446
0.22842422209636737
0.30159529989227113
0.47821804366816123
0.2612187864786783
0.3408529382175174
0.4092596940700425
0.2582506652992229
0.29901120793782976
0.34558275432893787
0.26446992245629275
0.32362279688745355
0.3430490616023492
0.3376381980987768
0.16495304575666195
0.11583217687814751
0.2280292805292481
0.35093998720616965
0.3259514121185191
0.23827375514666668
0.29938035168369026
0.27675404772300277
0.26470056850842877
0.1877877187210828
0.25654258947256836
0.14386200136185048
0.14238530546539027
0.29466444191799174
0.22168833601733648
0.2397750672459601
0.20542378986816154
0.23455532302828747
0.17734983502266355
0.1687580294788605
0.18064895886496965
0.14859848152222088
0.25660363444049517
0.1831777422070533
0.2779360310069622
0.20215745468488136
0.2542240412713723
0.22654383797461963
0.17918339421018667
0.2672402177231785
0.29595236014902254
0.2550614209889185
0.2644109625250922
0.3163121712362798
0.503648240454376
0.3641832715593809
0.4087192529898478
0.2640091411690646
0.28268527750905204
0.15126157102232296
0.1992943355187818
0.1491722814946341
0.2257808520530479
0.05269819906486334
0.1668514474208819
0.037445506396486326
0.08646784038189687
0.15753759337362383
0.22638984484218774
0.05107026474124222
0.17274662721015174
0.24587135574780647
0.2667803314157708
0.03411387517782912
0.17190395117102925
0.09104285839152103
0.22837704293863187
0.1922570158281915
0.1888690178348729
0.09064096613684655
0.04844892340069586
0.21942612684785312
0.05276003804368985
0.1593557431641126
0.18314331825532582
0.09289795500813951
0.17108902794481953
0.03876878460321645
0.28856874730790805
0.3371107158270085
0.1335353703943325
0.28212514995535815
0.060887070274892076
0.11861478400330756
0.18636683685956193
0.144352452923601
0.16669077536619703
0.26401204974751824
0.18886811422391286
0.24808504284670713
0.30823523478672193
0.35535083778075727
0.26430343960245967
0.2682067534285621
0.22305832035681955
0.27329934535433914
0.24345748385358648
0.37136454158908194
0.11164756454058525
0.30499542995414336
0.2767160600739123
0.30417255201535676
0.2958292728926931
0.28071518548361796
0.24272160356358424
0.19179929747810132
0.20764051705479936
0.4617426751908819
0.2661757616232997
0.23851553529183867
0.39228906906788424
0.1865832407221686
0.333793327298795
0.2408001160669417
0.2376560877154298
0.2674775067858617
0.2965417052662597
0.2082705779162862
0.3981562310990806
0.3238313125049647
0.3301234594433997
0.23007305975316453
0.3118362288452434
0.3186461272161716
0.3736053599047159
0.2632086843493548
0.21276506438784298
0.2963634706149303
0.2892997349362383
0.14385363948296875
0.3024145236608563
0.21092315418742635
0.3480595925058814
0.13968571934556576
0.29081887257367944
0.3572140016615545
0.22105533960508467
0.3318181563486136
0.25491630001296606
0.219185257673229
0.242340858371597
0.3086874393028111
0.4125515760394272
0.32273221971888605
0.2942103093440279
0.42537565992874676
0.459712125307674
0.4197763281321555
0.37192113465257265
0.4561262809028292
0.5005844476390809
0.37711379963300906
0.38198651474137807
0.41683873097793833
0.4137735927452244
0.44663376215000417
0.3125566195148512
0.3429153629378448
0.3782617618545079
0.4349174592906116
0.3738717184914852
0.3116933457619586
0.328727980066118
0.42600951722011104
0.3555287405570622
0.382291207841161
0.2619618019083131
0.371693200242486
0.4567343158666633
0.3891829448668934
0.3332067456875087
0.3407863705147268
0.4263504862290464
0.4685103139609941
0.4044755183863029
0.5421623835125696
0.42215914275854294
0.23890737357894867
0.30109276199930063
0.463082153923362
0.42262280091249305
0.312929451184834
0.26829268674994294
0.35228440826790647
0.29286205540126153
0.34238435288041935
0.3493617936546317
0.4671412494158578
0.43196246958090667
0.4076602149337329
0.33493745864292157
0.43070258382712484
0.37831906923072767
0.344222460408795
0.3199756260008158
0.37279729419599184
0.46396795063507246
0.5991654334559894
0.3782745477704189
0.43053123532246296
0.3705080173488342
0.32582232587337234
0.35832827681487023
0.4459605330675978
0.3227706275580545
0.42108648742281934
0.39206409143962473
0.3341831633156426
0.4729042895402156
0.4749047224874262
0.4134195093746903
0.39192685739868416
0.4635352860172364
0.3672482515802232
0.3011232958501667
0.39925736487995445
0.27530506637730523
0.37764598518229225
0.24446646704120004
0.40144038866089493
0.3056938704797611
0.4310070896234719
0.28198128677534484
0.43758130262828226
0.31261945132133706
0.342889471753857
0.18739468105235352
0.3039597257215874
0.26104690384518914
0.2873233051882891
0.288217207850179
0.31436535766410284
0.42884952288790307
0.33379899626211773
0.3116539550902987
0.2031911683608642
0.4389661178472545
0.3539223575108917
0.4887147160621361
0.39711084442328237
0.3574223611093833
0.3966388912432506
0.44392049367023706
0.32027018059410434
0.4490529246630833
0.3904745755283181
0.46630495706777525
0.4343357263761298
0.3401808010513357
0.3589780072343638
0.4183429015642502
0.318825546722604
0.33234331742180434
0.4049928412673015
0.31224964698504126
0.39718870250438676
0.32751844105977745
0.24440136944497032
0.245598454179233
0.19313404881211388
0.31938627306160844
0.337909138356469
0.22931802049100822
0.5014447036912548
0.29897182007899664
0.39987956855303564
0.392381363616223
0.43428589684202346
0.38756976333406706
0.3934460966061432
0.3535815344606923
0.3769973194755208
0.42565816078878005
0.5144235241084372
0.4972330352741121
0.49931132530059835
0.49937921564847065
0.39197321752292147
0.5376174620941137
0.5134124009376461
0.430284266667896
0.4706566685764836
0.5659332570018466
0.45043876552345813
0.43310077494432697
0.472828629779545
0.48061267625127135
0.3980222046053984
0.4604229343719517
0.33083876802864637
0.40476989611829317
0.4380724859103061
0.4134783899302319
0.37459772429538873
0.5033863690198443
0.43257035900985547
0.3690369331958649
0.3445360047422502
0.2891384048727536
0.4258249212262282
0.293930508589601
0.43131960739075953
0.37414255232414345
0.46125116623746515
0.2993833421809065
0.31418436247377685
0.5655057864034634
0.516695501762836
0.39946014552904396
0.31267211140685375
0.4677230007485749
0.43983829088306525
0.40474376742383855
0.4867512720563928
0.421063777622948
0.4606445742152212
0.5032711058145096
0.5136663258283578
0.4549947644316283
0.46514238413791115
0.44565791521744536
0.5124652552029968
0.5190125015221727
0.5688270774398014
0.6187083567309465
0.6123573769394289
0.5174190821009128
0.5441721887599746
0.5553273072905172
0.538107670750935
0.5353352950711477
0.5159702132297533
0.5542839734002672
0.5947671420757703
0.5956245746663986
0.5955854315234925
0.6471160382886078
0.61032123114933
0.5669595186135393
0.5484816313046218
0.6481012045015033
0.6378554824917514
0.6271197938824059
0.6271243864578488
0.5354691285201449
0.5640771444538575
0.5898585863528214
0.6154168316437719
0.49427479590181134
0.6382050212975566
0.5398859213261005
0.6751530874214847
0.7070718579278539
0.49805759038974634
0.5896538173434756
0.6718208164196038
0.7636135583545104
0.6213426860793727
0.6417451416237961
0.7547891820915016
0.7814979591019199
0.685363408966245
0.7663726528296875
0.7179639145431083
0.8024707583097243
0.6846606856999771
0.6688124663461175
0.7444985591980848
0.8084437044357082
0.7664675475858983
0.7660406927268499
0.6613618313187671
0.6983682175521402
0.7673368674520891
0.6873597359570401
0.7515866736847389
0.6739409156093076
0.6411460284454942
0.641597538964014
0.5971922301744481
0.7918739214249548
0.6992315054076984
0.5641302280431933
0.6675897516739678
0.6204675500581033
0.6807472995266067
0.6878987643046333
0.6924624262005679
0.6331659862095829
0.725330113559141
0.7210730245404269
0.7481905742880017
0.7115712825286932
0.7595579253746783
0.6126810301098361
0.5651370839246155
0.6872281948462474
0.6170001913176866
0.5559342805085834
0.6739433603796028
0.6502880446718318
0.49990556084465887
0.5296214989505501
0.6561622702504402
0.6865188386262514
0.5603904931162952
0.568795821039248
0.6694629252106751
0.4791581358813919
0.6171766417120923
0.5511306866873102
0.6574927618858628
0.6540562452512982
0.527191732658607
0.6254724250606177
0.3801373133472422
0.5868606450098566
0.5781170359073203
0.45445319529231165
0.4635073422018278
0.39228243122060813
0.44784376095718836
0.5542205761000093
0.41195491063690653
0.5242379893394067
0.45379019029569023
0.4606722928888944
0.48855557811545364
0.5383753262434948
0.6155745158599399
0.4204779327410786
0.3979406390645118
0.47483634952784115
0.33427365056114433
0.4410099885458381
0.5261075875421254
0.4319515406315641
0.32071162258001157
0.5054428951654162
0.47903638162751183
0.43983940314411907
0.4373726054100524
0.5848720280157113
0.44859614741546583
0.5599138329211567
0.498735456050995
0.38466341117496905
0.4643482345234729
0.4450776395398788
0.381628242840624
0.49553285312554723
0.3629298412429871
0.356476713108648
0.3581032926747242
0.37985888284017344
0.4064003613925972
0.33891952067493275
0.3617887926413814
0.2783202481519222
0.3380387886697085
0.31724089441993697
