0.22041272018768188
0.24061967673494286
0.23052128172631525
0.21112230122120484
0.27715334419951787
0.21224025316806872
0.15504253898361955
0.24584009522366412
0.20624511681229374
0.2131440986415692
0.2773188774458614
0.2605095393593936
0.2336604254670459
0.29294148270418563
0.23691335680348283
0.24649093279736295
0.20799586019468125
0.2466697883302303
0.2480697174508679
0.25398939947384575
0.20875964402670158
0.1741472694057888
0.2031561709246946
0.2298947186518109
0.25113859337933864
0.24548685172167686
0.22500427036587614
0.20311518900280426
0.1986331873900636
0.1807561219499354
0.2416566762982152
0.20915778731088494
0.18809729053410523
0.2833945349067211
0.26671799795331685
0.2522374149327745
0.21762196666921646
0.2642961122126557
0.25647672645599795
0.2495684616898772
0.23622943103022975
0.2007510009606849
0.27282785040835617
0.27364058671763003
0.18648874163763374
0.2281173996604248
0.2208444255826988
0.18921594271086592
0.23744153196393866
0.3108455260634362
0.2479152804376078
0.28073836980478134
0.28696803348112043
0.23727869108847421
0.28109703687426135
0.26700130364393193
0.33271450747394626
0.2405605798169385
0.28404878004475315
0.22930265908508907
0.3164985388681136
0.28607839674445323
0.23248178005237657
0.2401007891393629
0.28439403682506936
0.30027340867774943
0.31677549525368126
0.26121823298812663
0.3850684037054635
0.3507348761389464
0.33171325919575445
0.3586030191177866
0.2875932314534335
0.31294004369260514
0.43430937105761447
0.35875705681632114
0.3487682112966788
0.37863893429085593
0.34503612946214046
0.406258045183461
0.46938650659885595
0.413626986378399
0.3932818489048874
0.3863144592769193
0.4669975545644105
0.38349956707569915
0.5060758221837849
0.4803267295194597
0.5055317945136422
0.5063096081142967
0.5331154695023343
0.5691347314078752
0.4724004107532254
0.5779471910798886
0.5733568944754237
0.590549194178393
0.6078689034884266
0.5686427168872084
0.598183368253038
0.5387001057946287
0.637483067732834
0.6244017195366928
0.5849868414266556
0.5805490543353832
0.5753230141596368
0.5920717315703019
0.63339885857147
0.616927120520218
0.5633228785263049
0.6783854094691554
0.5929657681556715
0.5453343560772718
0.540936834162916
0.5417196925615557
0.49468266858130705
0.466594811021444
0.459434814379008
0.497708111682155
0.460277428828311
0.5027977056666623
0.415396884494567
0.35434096621873923
0.39188863693508147
0.4477429741879465
0.46930555912030336
0.472804369885075
0.4469765469488822
0.412902196520334
0.4774449159578974
0.36458043473273033
0.44853590573481866
0.3504689370354855
0.3937273654990153
0.48059078626910723
0.4627706495677315
0.44907329204629204
0.49100002753072797
0.367610686701144
0.5137366665376566
0.3665383836193369
0.39337715313885824
0.4238748110200374
0.40588073656342055
0.428969791921899
0.3850372721561415
0.42077222510413825
0.44373831618363324
0.3685841267927934
0.4046209694046812
0.3556697367972055
0.4151685713074332
0.40317179176655915
0.42264331608408334
0.32915687585652487
0.2616072459441594
0.3830085758429208
0.3191686856844398
0.3706145457523025
0.42216211889100136
0.40742583178763864
0.45007742844816506
0.4463316539275355
0.47436855687866375
0.39411103179795437
0.3909168211705991
0.4821615127414356
0.4751174648161093
0.41032451112974966
0.4762558003347684
0.47425115785537547
0.4153761437002355
0.39667215325519534
0.4389622550046307
0.4112711087192732
0.40214636629242667
0.33785482940745437
0.3703261955951262
0.3989367286809924
0.3712275793832017
0.34757177247092996
0.4039079304700208
0.3864673608123222
0.4307433514269867
0.2656982833003499
0.3558668601137722
0.3759680784053598
0.21854128998207695
0.2835482159676852
0.339562068331475
0.24535236765826118
0.2780418097762931
0.23026175182464292
0.2862715891779165
0.22337576734775838
0.3227397315628397
0.2504157575850735
0.25635742625677627
0.2470835301126311
0.33435306936883535
0.2718840077313818
0.2753967076375157
0.260404587506879
0.2882754933762476
0.26268855274391434
0.17262142957909654
0.3459338655125918
0.24989928791047566
0.28092899856099823
0.32580971773842343
0.3325023558619086
0.30343934904025366
0.33925023891719613
0.3698223236716626
0.28356478992332673
0.26506693796945535
0.19946523732135102
0.2469718374421529
0.32555739142069795
0.24751867860779408
0.30454099151944214
0.2316629935527567
0.22559641428600463
0.27518099744155
0.22761804040411063
0.279341025174604
0.22582276074415214
0.24256999212424224
0.27103815523500846
0.27317009618156374
0.25497598098455193
0.3567606193222058
0.3830985762906379
0.33586609091183434
0.3545461634212797
0.32993150067458943
0.40715651746980513
0.3606266681630727
0.40581807709698553
0.4414082012492585
0.4097498767702016
0.42396230066102947
0.4886863229262202
0.5255643902044307
0.47637488404874717
0.5459672648271456
0.5155457433680937
0.6100466232982807
0.6007220776634824
0.6556662621687714
0.7429021694083666
0.7215130173907633
0.7951351757359792
0.6377892005256485
0.7158647439144998
0.8596706991132064
0.8521379496130127
0.8355582024935927
0.8658320602061069
0.9162426410570845
0.8500827764328246
0.9043121866737835
0.8586779932373199
0.901194683431757
0.9184521214733534
0.8299036190871018
0.7949108591667833
0.8637114771433477
0.7307217027073046
0.7736708950947911
0.6534953241020299
0.6384046840294076
0.6997360665568597
0.673367258970388
0.6163682320618983
0.6349449945925847
0.5913454993503677
0.5842940749640202
0.4842738526514392
0.49769894221147026
0.4511591761929842
0.4938630143931306
0.4973835352430315
0.47342229520379253
0.5212749096316823
0.3846691514264018
0.3881304388956758
0.4845779341523612
0.5508478715384635
0.5236151573018833
0.429252947923886
0.47948866227272563
0.4851650268383521
0.4494801853597052
0.4500804840493815
0.42758411763117704
0.48319683418297765
0.5237672016007393
0.47975745615903664
0.5260701918055989
0.4936067270942887
0.43654239920750665
0.42734575709279565
0.423416024193336
0.5119339569372129
0.5226777497831878
0.5657047642862659
0.5165010438534101
0.49977890290555527
0.5171470037293222
0.4892123472552268
0.5169689517122396
0.5768637357223982
0.5261773691495445
0.5458802055897626
0.538904549714119
0.5706861435846294
0.5345423608621243
0.5590357548998622
0.5960929409505827
0.5323112142603573
0.594148284637646
0.565358703594633
0.6398933391021584
0.5411734802353455
0.5368937415400223
0.5527655184978564
0.565573542627278
0.5758090382525307
0.5800486165020642
0.63845357177222
0.6091519704153819
0.5484601524102649
0.5540814934692309
0.6070387342055398
0.6728988361652792
0.6142005828410518
0.6342663649552891
0.6265269371115447
0.7120927130288534
0.6498422950610186
0.7896122134193448
0.7605384497089598
0.7365702913891642
0.784615095773292
0.8338529811795165
0.7224559511173365
0.7761074543094671
0.7654008394143171
0.8538874433290375
0.8107536793367711
0.7769315597044593
0.7562883303162298
0.7335830170996973
0.8057106533837046
0.7437083726034631
0.7095158075137893
0.7441296344979533
0.6878863881813352
0.8623055288418353
0.7195892323065735
0.7269521330016998
0.7769886216528132
0.8077388358309617
0.7295146853843915
0.730864649849643
0.7866581370206935
0.7520827389278884
0.8073130751741596
0.6996756051452665
0.6688769949420071
0.8135989715762084
0.7119275732958723
0.6100430261778702
0.689392493220781
0.6765011480041628
0.5422789532199129
0.6479393626165922
0.6128548112449512
0.5857957388109561
0.5252720123455346
0.5458903911476467
0.49651125292623294
0.4583231581859673
0.45297424114500073
0.47308806072217346
0.45516781322715466
0.47245838432530746
0.4864707108457942
0.4536104547373699
0.48524311089322786
0.49666212315754354
0.5048389248763303
0.5452319733702421
0.5736966245486008
0.4690952296692841
0.5498739774894952
0.4979017133900641
0.5500497460282164
0.5276073904195531
0.6399026011383853
0.5337388953858382
0.6443678757135456
0.6125954394778584
0.61190032409451
0.5719533112672239
0.6113399912135072
0.6676498275611636
0.6076174250290924
0.6574807121635784
0.6761282593473106
0.6158391865096301
0.5775960021386293
0.5642864522923186
0.6030414372902347
0.61296304914998
0.5797645781032053
0.5612877069091573
0.6372688335206583
0.6474815971036902
0.5531126615568676
0.5379704129345915
0.5387225656683184
0.43917072429295057
0.48687137158779586
0.39769323395106004
0.4484343832403488
0.362448502614905
0.3564888756248654
0.4007835129554731
0.40392220199951545
0.3302711620457619
0.2951493758709267
0.389557729866415
0.309864297083457
0.34505468867657546
0.29947756165086936
0.37144364944816294
0.2999016761844125
0.22283101486538776
0.34439696215324594
0.3349238805226613
0.3181342982102729
0.2691415538931649
0.2912397251356317
0.17679373379147897
0.18350975479455517
0.16093063877304342
0.11241869540128033
0.10748893913404156
0.1291510393451172
0.16180894409050853
0.1351874067249617
0.057361815838447155
0.12614616104318346
0.09561312242518143
0.10319316982501718
0.12909691822278835
0.15189735869873727
0.16601585279764636
0.15740586798957226
0.18520464210908252
0.19134965641094875
0.22199859547472917
0.09797955749381698
0.14946105373580879
0.205052666677178
0.2084100683186678
0.1795853727736346
0.20008842518488376
0.2191486792694154
0.21939243245883472
0.1758254194454969
0.26241637158766706
0.28072761055799356
0.3131221804933419
0.33259384678644976
0.3383767810648266
0.23253737900351795
0.2717642405857131
0.29366034800943197
0.2938323729268373
0.25273775623026706
0.2712734595839767
0.35697586058760267
0.2790214933926657
0.27940808594042205
0.2527957971817192
0.2984952919217772
0.38732008608827745
0.37126546677917305
0.26352947352449463
0.3294644081898527
0.316980748702029
0.36285323447991247
0.3589382176931918
0.4723465081779734
0.43692582996883766
0.43002378076132075
0.4488028021954382
0.4864560780716146
0.3784323777641903
0.47693796319143955
0.5306925514935419
0.44778331868892585
0.38947697794051783
0.4880061397315477
0.34969035407865934
0.4038190955500308
0.389913914750825
0.38882768132651857
0.49766165466291
0.5166978828214066
0.5091997526775311
0.5210702519417678
0.47159650787993
0.5299642821951902
0.4441150538105434
0.5288396527835026
0.526621033583949
0.49580887151929626
0.5045904171572124
0.4605814257955755
0.5023850804767214
0.44541713680041134
0.4766451128855486
0.49444756964200554
0.4375018259704372
0.4395844989886815
0.38454251951756124
0.3702791238943195
0.40624085061463794
0.43614635892141745
0.4192405857850111
0.46602494823841184
0.4021563004415984
0.401347490205956
0.32308584121354655
0.4517818659761235
0.3745264946489369
0.3971339655629939
0.342935390495111
0.37926945600593387
0.43956567044841044
0.27549605868304794
0.31146151498856756
0.33393996189852515
0.2999233751528138
0.29347289272619975
0.2800193961926354
0.26895967647996993
0.2625363758330062
0.31303993149207204
0.3473934501009204
0.28045590378592944
0.26568970467319664
0.251216828689666
0.20934468696823832
0.36234322871822594
0.2893223818181322
0.2556967515686535
0.26179016187560566
0.3157058797320911
0.33430510616983966
0.2371498563687152
0.2598385245816173
0.2362780517999924
0.22046351506661543
0.2892087505257569
0.1852775358203984
0.2551514858806164
0.22003236027068382
0.22670079638531196
0.24554568830922235
0.18160526417934536
0.26004993885602024
0.194185313227866
0.21057483734245755
0.30952632791196133
0.2358948920675297
0.3134751208673212
0.317562753800648
0.4932397498332894
0.4902290141075962
0.6168086647452653
0.5214924383127357
0.4500769020479522
0.36364997549856765
0.35454339534054147
0.2553149057021933
0.25169207535609417
0.2676836332136018
0.19899858114803617
0.25235504369468886
0.30977497992952086
0.23435712061032116
0.17522929736071607
0.24673709922939963
0.26332677163916285
0.2271050378061084
0.1755259421917184
0.24683249150002015
0.12393155960909616
0.30324035860414744
0.3011839410248379
0.17846868497766524
0.147812861790867
0.18391765267168453
0.3653664586938846
0.23683720441094344
0.2523106455848133
0.23714377834318703
0.21401762591133594
0.212059658010455
0.3100405182793089
0.2242314738858292
0.23536244494359532
0.2212844954448644
0.2690962857977221
0.3599151488042167
0.20705653650180528
0.22599608472605864
0.2660988678760833
0.2433601699992365
0.1679371937034126
0.2878909065564911
0.2613321546917988
0.3075770987326182
0.3301419754865111
0.33640893624277945
0.23736663491532992
0.412041651865905
0.31889243203544887
0.29991947031428545
0.33438557273895114
0.22283579205468307
0.33815282103746397
0.31318690739689103
0.4331588455314935
0.31688255337873716
0.34835516308423886
0.3658866889680862
0.33238765528004843
0.35419513287698423
0.32270765699754017
0.3493201308106356
0.3540713629166529
0.3147289548152402
0.34229871821723423
0.36093367541508115
0.4273596114366942
0.42590313356775733
0.31483080493162396
0.19529135560115957
0.31559733857815003
0.3836088576367827
0.35693970765796684
0.4201464511091806
0.33223986121421756
0.3284810761808305
0.2953970247540248
0.35625966649601426
0.4271957185763551
0.3418023742046084
0.3975208690096187
0.2732459104294394
0.35750969766422536
0.2751763790959351
0.3455698254732771
0.33567931006372465
0.3700834115177841
0.2952813812315185
0.316414656563685
0.3067326832118387
0.2869212888521219
0.30494454695459533
0.2879860512308788
0.2084028171897674
0.324600997202665
0.29443137314190954
0.33480253418077544
0.3735013273672477
0.28475421212253016
0.3419744524118741
0.3781451401904186
0.34218453462308146
0.3774271449790602
0.37733605086698596
0.40897933749301546
0.4448616299409219
0.32953084473950894
0.37154596159762254
0.40115185841830137
0.35407774522685653
0.3860192464823433
0.3650167526225153
0.36058292851348595
0.3756347182161176
0.4203360248242473
0.39518574249412497
0.47404323275957677
0.3389033318171724
0.4318437921194205
0.3090366666696616
0.36914932915468596
0.4115495884621759
0.33233305142451214
0.3410982973453139
0.3671618354576304
0.34021527354291703
0.31390216237782775
0.2935761035459693
0.3242951277452303
0.3286730822709723
0.302230539999703
0.3070789042571796
0.24718679478273967
0.3796703897243654
0.33470567542763535
0.28293364074994887
0.19594658299944306
0.3084840139271135
0.25709025870906393
0.32956671405297205
0.20317301228280849
0.20428661224777372
0.23131361203614287
0.2818755424889362
0.23531985954023094
0.2779564014490246
0.3142650481705801
0.3208508661746963
0.31874345071449833
0.32248237448647477
0.35332096382729217
0.38780074997940217
0.34383238193343774
0.4598477412967805
0.3363680676875716
0.3076130982310363
0.3099623247447113
0.2814656546673365
0.27997226888625265
0.2928052008636364
0.30952505813145265
0.3367417095361581
0.2269938689787949
0.3344809226689419
0.32386847372872185
0.2703660369482773
0.27956331339072327
0.3642552462799305
0.30972593122592856
0.3905867597068799
0.3197109720407479
0.2863584095282531
0.3628378313609013
0.3103478232004394
0.3665578434147429
0.2614456310655452
0.33852424344731336
0.2596893781838714
0.34429424821230953
0.3524867009502164
0.23710402851299595
0.2530243664833079
0.36830857770584596
0.32667402599108525
0.23961214495605368
0.36180884887969733
0.3119229390203165
0.3593551240887284
0.27264266075438104
0.279989495790072
0.36613288096261143
0.37426240206623235
0.298054099973236
0.3925711502467123
0.3589811592202411
0.3016915153149151
0.3991916225818003
0.4096253943516406
0.3484447359550573
0.3744674564033271
0.3531455921301162
0.2885242642418218
0.35799411316501806
0.19180828754972332
0.29986449488874023
0.2718017705326442
0.33379986613178164
0.3129554140919709
0.34585345875655776
0.3140539788289931
0.2825234166307485
0.24653557438320456
0.23089617272686896
0.24008120070984107
0.21760900942251246
0.2544758933157504
0.24182441089816462
0.2877218344062322
0.27638003400944156
0.3383663547381431
0.26099065590322773
0.26846560642811046
0.3347191619447949
0.2711398694611517
0.3588111781830092
0.2895936170867988
0.3124654560585077
0.3498062345715995
0.345590080924162
0.38893591206452793
0.35820815255523525
0.4092326093934253
0.41053018101310096
0.42075494732854335
0.38024560311556016
0.28079332936636425
0.4600634863016031
0.3187934192296373
0.3379339653371836
0.4080099007484495
0.435977163816311
0.3287771141478438
0.3711790097147797
0.4439933566710507
0.3793177823002489
0.377859136208528
0.38600565487066374
0.3344056241840869
0.3420831647583924
0.28622163738038164
0.3622683798614339
0.3825244065327429
0.34975133599863695
0.29958357389747986
0.30960046786810125
0.364946130295056
0.3478607762864052
0.33803457865814923
0.35372052699552964
0.34588831521594704
0.3354398741375916
0.36398464714150935
0.3811504927035966
0.24701787639393202
0.3503246793434234
0.27967334018463874
0.3154094205586931
0.3279896378059232
0.265943060690136
0.39796343345982654
0.3173711434198707
0.34221567127384805
0.39635244328217795
0.3478046950929853
0.3078470706361829
0.3282127553865068
0.3917321692533691
0.5312627537149641
0.4059843588796551
0.48810012996772867
0.4907247760158052
0.4563941482051133
0.4782021280220948
0.42426938558440236
0.40327352113923154
0.3614245919639009
0.4693127056583663
0.388459906095345
0.4881385128532397
0.43995356572656613
0.438867962972089
0.45794719861336186
0.43596624780995297
0.43701700106018043
0.37324310160465357
0.44565314008333945
0.535898177417235
0.49007855074608053
0.49124545398343183
0.3863616827079521
0.5440504246571344
0.4136826421079386
0.4144638162059783
0.5121507527210988
0.46335068055353323
0.4499960613579394
0.4585398299719302
0.4708918796576939
0.4748555478682477
0.44126330592253493
0.4898326378145185
0.5098396276969108
0.49756517416930324
0.6139364338180049
0.5787118543169534
0.5152282167348011
0.45821179045965477
0.5728251063299148
0.5528685165214077
0.6539589980580685
0.6978757171893688
0.5319505344613149
0.6103282139968149
0.5580264936231384
0.5220577280809094
0.562258662503932
0.5777419862035851
0.5895291082967037
0.6275807673511352
0.5350871017327568
0.5457331144684774
0.5359989906566723
0.5195068669757021
0.500025969912101
0.5045977888796717
0.5133822076205754
0.5286838285529489
0.5081888607107785
0.5097756140042243
0.5589016709536293
0.5115686960171166
0.5178987120100617
0.5554420149894248
0.50929147631297
0.5406021854746046
0.5534703854588572
0.50455596732734
0.5011749648366658
0.5528389064806571
0.5893419338294614
0.5754688378304131
0.5060785292964785
0.6769573991035823
0.5102864855852982
0.6153268184629762
0.576761409713844
0.6036237505387237
0.543940765962035
0.5320407151546328
0.48174160355415674
0.47357206324827256
0.5162203972475985
0.44079501526490683
0.3221515813077629
0.3126098148719147
0.4514721646864239
0.5528592195930002
0.47188534504209334
0.39153165409903246
0.354758630544912
0.42690057377247226
0.4015027250472303
0.48505790524911474
0.37724729628607584
0.4334885306946342
0.3535663529785732
0.3948006725820193
0.37579554185625375
0.3924461246402748
0.5210150247286428
0.30634484351086116
0.41576807545527605
0.4290022131184554
0.47329820865784233
0.3858724192336198
0.40620065894256574
0.44521069394430424
0.5413911514366466
0.39192042022898055
0.47043307389375
0.5454812590766658
0.46740695388119846
0.4671505143792266
0.43461390038255865
0.4479258096141757
0.6087106914848298
0.5566989023359266
0.4276060646843596
0.5463184032715857
0.4920265442431407
0.4248687821249236
0.6059241175515238
0.4344689063750212
0.43932228109504
0.3853761622635422
0.39811140594137
0.4728715265021056
0.4464626181820831
0.4888528265666341
0.40811376749359995
0.37837192873159253
0.30768438277956933
0.4380824951790969
0.36166135598819127
0.374993209451454
0.2110478862086061
0.2994161708399045
