0.2971913672448824
0.3471069304403328
0.3662880302415102
0.24863171189874078
0.2974031125071266
0.27923465727349484
0.2874622125718942
0.24270184737368866
0.28694702870283106
0.28819867658491294
0.2904424556327684
0.3338912904987077
0.29984145331484346
0.3546720917260589
0.25943484528058197
0.3711418723009212
0.31172686363926283
0.3238684021934539
0.2904498921910744
0.31926135466252364
0.29655606077318036
0.34101651927389576
0.2709415684509855
0.35816137456798525
0.2928353573996859
0.3341771926650917
0.28063008633492204
0.3354777450310435
0.3639313389112724
0.30023582194196197
0.3192288279157762
0.29878452817869083
0.3034881139359608
0.2999296170174932
0.3148816608013989
0.2871420959812109
0.26619303041655384
0.25052951568455356
0.31764027357820684
0.24650570171180025
0.26042837366745986
0.2200986904672817
0.2533056260674823
0.21944114863478287
0.210895682465283
0.2924107538834013
0.2747028442779912
0.32045785561908885
0.25324274984746753
0.2278845844058024
0.18461351489944228
0.2651162112110696
0.24193151279705016
0.26847391748867205
0.3911672088411308
0.41847715339959446
0.30515378200443555
0.31448387337548234
0.2809279916694467
0.33731497630886564
0.37809942376074046
0.30437583842194105
0.3540508369187493
0.27205896474664365
0.2696400043017264
0.39812285671828523
0.41467482960566343
0.37579675460428735
0.36894604210945803
0.41347573531863036
0.3723079307879071
0.3898948264614912
0.4086878759279844
0.3486270036835458
0.4153709905977698
0.38297589722231656
0.39542101932292295
0.4262813832843776
0.4283291230992843
0.4196338505278633
0.4341765996979816
0.42286906946224306
0.41069285528135385
0.5170023486907253
0.4532315627990681
0.4165778714079559
0.6445000309120483
0.4938549412848655
0.5209164762517198
0.5656655948098688
0.5609315059514399
0.560654469687293
0.5683330288365742
0.5652829654265799
0.6335548024453763
0.6745727879770484
0.6094655983030712
0.566312793658094
0.5804646401555862
0.6657720286714508
0.6496609614411846
0.6141812666247182
0.637208645713573
0.7107006824509052
0.7058932356099524
0.6252242280791503
0.6215151734326358
0.6309753543476764
0.5783037476832863
0.6113689012131629
0.524733115285937
0.5237503169164173
0.4280514217955275
0.6019629162724386
0.4942373298736099
0.5378013292233917
0.5199153567079834
0.5259956752570524
0.4671851254483739
0.4548662124434115
0.504958389105843
0.4632243843658392
0.4549107225605227
0.5214088693875679
0.4491179987359679
0.39184018418246136
0.4382457014748551
0.46270973449424546
0.4521228472400502
0.47385697443634545
0.5145714715224224
0.5013937624982567
0.4347524248688829
0.5239804135123567
0.47139878517006767
0.43524114005337
0.5068222089748355
0.47136773463344067
0.531190469199216
0.378056575416163
0.42982648610502633
0.4446593726098129
0.4681474457241755
0.4139199089085227
0.3915535306301481
0.4299202907148253
0.45170653774236275
0.4759012386365671
0.40866239711528163
0.35813009830394843
0.3909831000027598
0.3294753140917266
0.3360410365550829
0.34339531626780495
0.3543000753606784
0.32536875520990005
0.37752697659181145
0.3659474301303869
0.39560256105087666
0.45653243537319177
0.3826700973466268
0.44697297276349923
0.5208874267530313
0.4020374042123999
0.38076439500643056
0.38799873546903507
0.5690704671619349
0.4385016052825628
0.410927869167907
0.402735234373958
0.5252359881951552
0.48191630556128073
0.526402797626783
0.43582622941485494
0.45070760650594266
0.4454383299411818
0.4218472805594715
0.3812024038307251
0.4718335218294112
0.3997451722898777
0.2560141854932556
0.41422943023159575
0.39037340162453504
0.35825735388931734
0.2996029097355286
0.3332216402279614
0.288685160679393
0.29617464441624175
0.3834314384502736
0.39103781323154874
0.2519096223593409
0.31100725419334857
0.273297237716207
0.33667075659967616
0.2748342625331266
0.37761121253043184
0.2683384909197618
0.2983451701498617
0.2781988196894668
0.3030934012215805
0.3325005335244606
0.2507902304365601
0.19358928426077998
0.28795898568730377
0.29102036615751903
0.3360997268889333
0.2636876232729607
0.3114350727805417
0.3637396956643238
0.415069716935507
0.29374848795550806
0.3606236022331259
0.3068946171710176
0.26839817489878054
0.30472212611089555
0.356782656327699
0.3209842935638312
0.2755479259519195
0.29467594034024125
0.266601878780099
0.30871116842775753
0.2863885338971151
0.13733413309657186
0.24692492153290446
0.28131201384250654
0.25557345556044525
0.3105304194914549
0.20946432746656407
0.25014325051435204
0.21665904019823634
0.36827717754526434
0.3046175904151875
0.3726855987760849
0.3516222401475279
0.33704826349929445
0.34321962875570855
0.4346610351215101
0.32666166595742796
0.3756424714220047
0.37505585413790765
0.3869109441604527
0.34438099805646116
0.4331649355754374
0.5171923782662315
0.45893783503575647
0.506495032233397
0.6363092166092064
0.46742187015272685
0.635766267703465
0.583400373911298
0.678219097275663
0.676124443597667
0.6824681951358537
0.8762762868973262
0.7121711980789556
0.8852138709366806
0.8304431948812887
0.7518879169340229
0.796332473892295
0.8551699056139301
0.8044612369699534
0.8734374881538287
0.7407935034845358
0.8123103016926891
0.8643359169479244
0.8180798391126857
0.7586888188065177
0.8297780421621792
0.6364786172000771
0.6957394061644667
0.651434902115738
0.7210088375214594
0.6967945995933519
0.6732949682613469
0.5241781405630082
0.6384506698198824
0.48771527029168915
0.5196607761478369
0.4982569126708174
0.43751613275474727
0.4903835918133008
0.4919273673217668
0.5033258423577809
0.3755227489244255
0.5406870084468043
0.3680021607223092
0.4628364435767389
0.3795522516344486
0.47033280116590803
0.39649649815849364
0.5139560348525277
0.42329099671794246
0.4501663984371785
0.4019459975103355
0.3939425935996692
0.4382742799841695
0.43167793151817424
0.35130220973842247
0.31501780472193697
0.4556017114480066
0.4956945815937089
0.43258662252253055
0.49024771009070256
0.45822122042784175
0.4623293960762689
0.4442725363572618
0.4357781550992007
0.5113513873311875
0.44095437162420287
0.4819175493133877
0.5209777771272589
0.3888831203130396
0.4736693214780011
0.5357633703895733
0.5164497702617459
0.5392735687466413
0.5755647761286234
0.49368659963878014
0.4836361872538516
0.5265054851103168
0.534202312285748
0.5456365735738532
0.5615667180326337
0.5471025554689324
0.48967714669107415
0.5487574687690584
0.5796785520195493
0.5943777838936772
0.6327252323933238
0.5199712394209202
0.560239323330854
0.5965950656614816
0.5375325192114944
0.4196672797415808
0.57751940560903
0.5601526868369395
0.6057610728446075
0.5779694491928992
0.5682638088186427
0.6942892103306042
0.6653268702708653
0.6382387418668476
0.7208831345073288
0.6939189449212692
0.6753900758187872
0.6797572761328411
0.6679974337936758
0.6484723341376668
0.715699869978293
0.6980566902595948
0.6954941751632505
0.6088845148016716
0.7735123358196025
0.7418467600612049
0.6792519204746964
0.6274310630272578
0.7518474353056366
0.7119267609931765
0.6076880218279639
0.6334075406823811
0.7280578905333814
0.7304533009358641
0.5925114596456627
0.5041889645579521
0.6580392508181774
0.6870218839843931
0.6396739946346317
0.7162546526537849
0.6094311292846704
0.6779063414746824
0.6982661409763379
0.5704845424872447
0.5923976625874507
0.6124703713390138
0.5344099115249511
0.6031185294881618
0.5585412193326448
0.5013995646463663
0.5472107324698262
0.5634897983167358
0.5810395138296889
0.4854945484374611
0.47528732727002576
0.36846635058401445
0.45037934950446445
0.44830376170679265
0.43245678343996763
0.3839982112180569
0.46113737482496187
0.46560247158059287
0.4555555692890482
0.4900699209054773
0.3682312181202214
0.43806818691625704
0.48066197736225225
0.5154075300009845
0.41991422881554014
0.5224898391714538
0.5031752058675094
0.5779297095079281
0.5227665173740549
0.5460537271631855
0.5095309126685799
0.5559418948013517
0.5945900205832682
0.5604666664656588
0.6093692975544192
0.5013717754810321
0.5332965988317969
0.62614742879389
0.6143168328883601
0.5961432874924468
0.5469169364566561
0.6121334687653518
0.6132608756780523
0.6541415520108902
0.597090593938936
0.6064288881477079
0.5494070638258385
0.5752318616620293
0.577998570654402
0.5570147504628905
0.47564776656145563
0.43180381564976134
0.4232127636059429
0.5784882026293243
0.39880004496055516
0.46279477075751757
0.36476009000602794
0.47313961652463143
0.33454493175905253
0.42717320809485093
0.37021871831841324
0.297133696188747
0.2703146044709799
0.2429220568763823
0.4523210514295959
0.36202786607294385
0.2864645790910851
0.30784132748453075
0.27305233512880717
0.2506595431878025
0.20724185417933572
0.27854422067585705
0.22459714813388804
0.207256516358463
0.20836810807160194
0.18221324646581866
0.16916591579790716
0.21826406868344134
0.13672768639734814
0.159535974870357
0.09521676540454498
0.185870909118318
0.1470674490896282
0.15023282438200755
0.17314081666877562
0.20933538643038682
0.12121509522678146
0.2083399418159093
0.21880307522655212
0.14863833604175763
0.357700312439728
0.27941196788175915
0.21656220277946403
0.307764994821278
0.2491075446344952
0.27074791898798484
0.2703678020991508
0.34572346097486917
0.3508796969539002
0.22308049634360788
0.22721899197636697
0.31951195836231566
0.33102159390809804
0.27275893795132744
0.32369701828157604
0.3125285711823026
0.17623641449426172
0.26463645988470214
0.2638354894771074
0.3585828104340609
0.22530154986460443
0.2793485780178168
0.22255094756818133
0.28027105111768086
0.4603014745553974
0.33573744225966196
0.28955225125798945
0.29484873184067273
0.3040549407456621
0.3438926979428408
0.2649561980865982
0.444121691927938
0.4423798010654755
0.5640558547550619
0.3417548729105009
0.5168506202807146
0.409426962532824
0.4431705779931114
0.4556999487769581
0.363691247410423
0.40903841691299464
0.5002155374996078
0.3780948233369025
0.453649874326581
0.3752489303255821
0.37968996747383876
0.5462062792557881
0.4760261577384864
0.5720494627976069
0.46033534185051406
0.3988582006212729
0.5457885715463098
0.38076790290061724
0.47710347469560976
0.5608844618862967
0.559782415718262
0.477113501214944
0.4966644188179951
0.5918182112077999
0.5269170093461427
0.599216928427766
0.4243884979227351
0.4995312959674244
0.4603825260185367
0.48678536130183403
0.4680304780134844
0.4846976194576179
0.41742299925032966
0.3457036801755079
0.44388844651026965
0.4360026896330456
0.4363183775016526
0.3610344405565574
0.4176294709408233
0.37425322276800915
0.3937992894371557
0.3661144717461821
0.40879157257969556
0.38064743719581007
0.41857391811567496
0.41692051404554864
0.3758797359417405
0.40555904426954437
0.39471210805864443
0.41874036585899543
0.2831232433257314
0.4697917145236711
0.2555846802298099
0.38816470980169476
0.38297760206881054
0.3350203887436575
0.3075412925152136
0.293157688599993
0.19863046206006826
0.23244419576806669
0.2778747871808393
0.3883697862502559
0.22897011767575398
0.2838758416025752
0.35294185662989186
0.2489637348225795
0.31801697187284445
0.17366502911403747
0.2762131092854542
0.3219013070919363
0.30774166524514623
0.334548456281267
0.3232284712452128
0.25250636610860333
0.28045633814439147
0.32435022240754696
0.34085002470773795
0.37655264184940984
0.2884086254359066
0.2251600762915132
0.24082085796606617
0.3930985492753525
0.3718310727105759
0.5199106685283696
0.522943754095371
0.6758841029975897
0.815308737604007
0.673436327957684
0.5426065180503046
0.5268114855293597
0.35552551097886625
0.357131659111553
0.4235658988922638
0.36994754218730486
0.3241733701234836
0.3209581146794374
0.4269070995788139
0.4134637978454684
0.4036913794770073
0.3665793212835162
0.32478423033737447
0.3632767372811308
0.2256132882192247
0.30915626817826364
0.3840568121302548
0.33551933993929417
0.3043601797628722
0.398989878578498
0.29042053483933217
0.4007236998643072
0.35011491908308734
0.37642885364108536
0.29052326461559747
0.38927873186662043
0.4070961673947744
0.3778597394222362
0.38231945285447616
0.3328016280135716
0.3906815414555692
0.30724634172682774
0.2968657051697595
0.3954084746277833
0.3459749676669126
0.35373788649052396
0.35052248035281375
0.37808712975174935
0.21485402825161184
0.425070119421316
0.38989951181046073
0.3677945056483928
0.18009710996598208
0.5004092739222593
0.3848439003032861
0.519374213747276
0.43412795860222847
0.3602978498249838
0.4099858601411591
0.3090437531220246
0.40491114649875387
0.3455380242763194
0.35986684932602997
0.39142575968621196
0.4060550268943399
0.31730385144259865
0.37707463245664574
0.26336245805525293
0.4645713468620366
0.4267124925891927
0.4162631146750936
0.3662130457447065
0.44151622930215195
0.29618211574020525
0.3217746420288185
0.47146400061516225
0.4056753187560995
0.37859408592083815
0.3652532093861458
0.4920381936893875
0.3868961352428042
0.47125387179041756
0.4556251841552428
0.4726369732788501
0.49454258499178416
0.3390284774632376
0.2679731662483768
0.46671165018936117
0.3678275912812866
0.3960995758507716
0.40222288346286594
0.45323313119824427
0.399501459100281
0.37069277549970503
0.3578862259384854
0.30172341281806103
0.38585229073894567
0.33965738322089944
0.33558369672264393
0.47037463300723076
0.3982855165669438
0.40750700665181705
0.3666039251658857
0.42441916432809307
0.30836289982374093
0.42330910166824876
0.4579979020038105
0.35741745706484973
0.44475495395069187
0.47156746389551074
0.40593037017322664
0.4889750233777215
0.4568572173257354
0.49849218977484366
0.4312939100032439
0.44409761137011444
0.5001071301094323
0.3139436368555856
0.45128779704463573
0.5530155258416755
0.410573722934582
0.4473124263184589
0.3914749739602742
0.3734507295228183
0.459957887694052
0.3922981871384883
0.5236468676095525
0.46378567806879706
0.43946835796505834
0.5089088319652577
0.48133418148922913
0.4491587529664476
0.46821224669671124
0.5065513406504552
0.38535337588242774
0.46320900512640784
0.4384149367095647
0.38593660059947243
0.5387933256648174
0.502794195013933
0.3813664786630181
0.357232899826239
0.3308207018833712
0.3585889209113786
0.4318330529098967
0.4597769370705969
0.4160739214573739
0.3963738004178183
0.31811415555000194
0.3261546006158541
0.33550882867101617
0.41250221625819306
0.3863712674806481
0.43204844538472265
0.3913324110532357
0.31207082346220083
0.4275645956460861
0.5421077342753048
0.41313768297649484
0.6236896839638695
0.5738003322031763
0.6194329368420114
0.4398875823730072
0.4610640874523072
0.4602555881438861
0.4471299892532834
0.37338820750658724
0.4802575263568228
0.4828021155874712
0.3732590499191993
0.34644068100158054
0.477000403263255
0.35320316571260285
0.4515167674018131
0.39733599001941294
0.5377058170410197
0.39374077800519514
0.3975880372521343
0.5069338191697639
0.4084651272714078
0.3102658872481937
0.5217434043831266
0.37295717201683976
0.4052201012493487
0.33673731318670963
0.46114043423024026
0.4645249282707965
0.4742030786434409
0.5045034511128
0.408598879708413
0.4802700226574189
0.3736042551388223
0.42244465731114816
0.30747247666174066
0.3223494185819143
0.41983780331341436
0.468857691383147
0.32465297596981324
0.42701993185435677
0.3157370776097005
0.3923147915913426
0.31814911672521384
0.45579698608902075
0.3557020404674408
0.4432125015764368
0.34372107958190046
0.34101968443552994
0.25197607494550045
0.34624722589619983
0.408717378088312
0.3925335582714555
0.35919395920906666
0.3859211811048482
0.41010530367277453
0.3953687869659437
0.4099482278172879
0.3731097436779543
0.4295704892878746
0.33847014570795614
0.31847210344180565
0.32298717559117496
0.2167504823380199
0.2354231574891899
0.3339689665188658
0.34725790394404726
0.24868977452187704
0.29947710665666916
0.2546977607294074
0.29146709901900525
0.32487455514697094
0.25005657237090273
0.35715765791173737
0.2561670109744729
0.36114605832004754
0.31547503721187253
0.30496531702045226
0.5191653946290927
0.40826623330548517
0.29393394188299427
0.4474761942090102
0.31394940864565357
0.3285135158911453
0.41192842431820964
0.4713290208661916
0.42237813547407543
0.43777265120594117
0.2810914830004337
0.3677119194092934
0.3480141037580786
0.2636176404320995
0.2838985613879982
0.3766350997675919
0.3248425258986982
0.49356460013358466
0.46292995550754823
0.45317738516680106
0.296463632298151
0.3522158587209241
0.37882646793076846
0.3608308396692178
0.3274801051910651
0.23286143950639693
0.34091269682625525
0.3043903127078099
0.20297882191469674
0.2515171005191891
0.2848722227675547
0.31219356642059526
0.40207311352852837
0.3054240846755437
0.255165195977629
0.4235880356901308
0.3447426928218291
0.28156257773430426
0.30411345035459814
0.2180329435674912
0.37735408011507077
0.30600781123760235
0.29069995378000124
0.3526857580090901
0.25301846104878556
0.2736364251574255
0.17166698649155515
0.31725213815495
0.381666376110064
0.33266170889289154
0.3319932350651795
0.3238671932824498
0.3927915919732132
0.3244724083542927
0.20449234499076438
0.21098705653181676
0.36300883294834974
0.3325554971660626
0.417811525636423
0.3388376661972527
0.3950899173436981
0.38333838880664717
0.2609337766354275
0.3470052577982513
0.39018548482520055
0.4302471164546591
0.3041497703459196
0.41003536446047445
0.37318756618796173
0.3860687222776592
0.3103418053228273
0.41838286076344544
0.3653290485781656
0.3899941020205282
0.2825923756899159
0.26956077182852267
0.28749879729203665
0.3191256590799572
0.3705547409491794
0.44706707439402515
0.37194945521323197
0.34606637886287883
0.46611170512770506
0.4489920529269495
0.32828038611881755
0.5178805346803745
0.5303185730754961
0.2815467193046351
0.47862202280411226
0.3526857156886213
0.4472911138867044
0.3792762200885751
0.4619588559531841
0.5004971907045074
0.41843936100036716
0.47906138460620007
0.41680473576796423
0.5370093984289785
0.4377798700616736
0.44941564790995947
0.33208669895366405
0.3425976296336876
0.39252002832629984
0.3145553608432562
0.3325776069025741
0.40393301561314554
0.38909287669578907
0.3431651028679231
0.40261794097525666
0.4078336825274147
0.44363433768856864
0.43705423232225216
0.4302753427894708
0.20454285035920475
0.431634793163975
0.4779258951923429
0.3964980981424286
0.38518618123388415
0.4056274424582649
0.4596230908992799
0.36329913743694
0.36955389541426453
0.4944711156592389
0.49144517293968915
0.34856747844405334
0.34352995547710885
0.423266786593841
0.4388003785517939
0.40917855563277217
0.3351677313709487
0.3393985322154622
0.39444232597589035
0.4074801919880388
0.3093964130880379
0.33889952792601497
0.45889906934741276
0.3717468901781158
0.35025283924577366
0.3325225972316679
0.45694620280417675
0.4419912459117719
0.4729601827809672
0.18815421940267293
0.27370713883332964
0.4597775002157599
0.29417441261815575
0.42525581600674967
0.3421580053346607
0.28199734995222897
0.30331936262451387
0.34636837611290283
0.4585955034181475
0.3673806321635078
0.3827631125084624
0.41015868330019434
0.2555399756930563
0.43104114818487926
0.46046097235670524
0.3744512563487622
0.4800595734572627
0.5013649417938719
0.5640376434866143
0.48195353000376434
0.5043878570296423
0.4723188711436874
0.5673586193468578
0.570855595207823
0.4353697383672892
0.4677734458876791
0.46014057007055487
0.5214454677475824
0.5000871569437184
0.5569304385702817
0.5008968588915066
0.4501972910418265
0.516915040137729
0.4311134448426459
0.4681977543499314
0.45109650549121527
0.5429739539241637
0.3194107708872931
0.4461116190751738
0.446158205760313
0.452011198367701
0.37153574467725375
0.2924696918351425
0.42022603311306533
0.26798540161223583
0.42970062713064977
