0.4845661522050735
0.37992933097769926
0.5419513983799459
0.3872962432081069
0.44926497549918326
0.34459481982732754
0.4732491083036101
0.35189506316877234
0.5472182406080203
0.4591819727324244
0.3710957031901063
0.3663788792959765
0.37832927764258806
0.5569352311743724
0.46881562718757286
0.3807293576452549
0.375945864862162
0.35451181706056867
0.4330811027034234
0.4449314977165905
0.4568152271742391
0.2519917330577686
0.3638621287376245
0.19233974465815523
0.42086402880095997
0.3326777559251975
0.2944764825494183
0.47296576552551745
0.25140838027934265
0.34652821760725355
0.3083436114537151
0.4200973365778859
0.34852828427614246
0.26027534251141704
0.4553818460615353
0.33377779259308643
0.3955131837727924
0.5739024634154472
0.36894563152105064
0.330644354811827
0.22567418913963797
0.537367912263742
0.38237941264708813
0.3107270242341411
0.43906463548784963
0.40071335711190365
0.4456981899396646
0.27400913363778795
0.35232841094703155
0.38057935264508813
0.35887862928764286
0.32049401646721554
0.3487782926097536
0.3603786792893096
0.3385946198206607
0.366862228740958
0.4784492816427214
0.3399779992666422
0.5182172739091302
0.5130837694589819
0.4912997099903329
0.3361778725957532
0.4643488116270542
0.5758525284176138
0.5873862462082069
0.38219607320244003
0.46038201273375773
0.45518183939464646
0.4000133337777926
0.5781359378645954
0.6062535417847261
0.434397813260442
0.42916430547684925
0.4405980199339977
0.33534451148371613
0.6634387812927097
0.6248874962498749
0.586286209540318
0.6143538117937264
0.5924197473249109
0.603803460115337
0.6485049501650054
0.5932031067702257
0.637904596819894
0.7492749758325277
0.7106236874562485
0.7386412880429347
0.616637221240708
0.627970932364412
0.58925297509917
0.6172372412413747
0.7785592853095102
0.6565385512850428
0.7178405946864894
0.6790893029767658
0.8070602353411779
0.8183439447981599
0.8629120970699024
0.8741791393046434
0.7354411813727124
0.8466615553851795
0.8579119303976799
0.7357911930397679
0.8636954565152171
0.6915563852128404
0.7194573152438415
0.7139737991266374
0.7251908396946564
0.8030267675589186
0.6475215840528017
0.6587386246208207
0.7865595519850661
0.7977099236641222
0.6255041834727825
0.6533551118370612
0.7478249274975832
0.5922864095469849
0.7200740024667489
0.4311810393679789
0.6923064102136737
0.4867662255408513
0.6145371512383746
0.5423014100470015
0.5367178905963531
0.5478015933864461
0.6422214073802459
0.5365845528184273
0.5643188106270209
0.525384179472649
0.6197706590219674
0.5474849161638721
0.5752025067502249
0.7362578752625086
0.7305743524784158
0.5082669422314077
0.6526384212807093
0.6969898996633221
0.6913063768792292
0.48563285442848086
0.8132771092369745
0.6242708090269675
0.6019367312243741
0.6295543184772825
0.6405380179339311
0.6681556051868395
0.6458048601620053
0.5900530017667255
0.4343144771492383
0.49528317610587014
0.48953298443281434
0.3837794593153105
0.4947331577719257
0.5056335211173706
0.2831927730924364
0.47746591553051765
0.5217007233574452
0.4992499749991666
0.5268008933631121
0.40433014433814457
0.4818827294243141
0.5927530917697256
0.4536151205040167
0.48118270609020297
0.5253675122504083
0.4861828727624254
0.6970232341078035
0.7412080402680089
0.6353711790393013
0.5628854295143171
0.5903863462115403
0.6678722624087469
0.7287076235874529
0.5895196506550218
0.6836227874262476
0.5944364812160404
0.6719057301910063
0.6160038667955599
0.5101336711223707
0.5209340311343711
0.38167938931297707
0.6091369712323743
0.6032201073369112
0.5140004666822228
0.4913997133237774
0.5188506283542784
0.4795826527550918
0.457015233841128
0.46773225774192473
0.4284976165872195
0.3892129737657921
0.3832461082036068
0.360678689289643
0.48804960165338834
0.39874662488749624
0.3927797593253108
0.3201940064668822
0.34754491816393873
0.45824860828694286
0.2522584086136204
0.3962798759958665
0.4736324544151471
0.5843194773159105
0.4449814993833128
0.37231241041368046
0.46633221107370243
0.5436681222707423
0.45433181106036863
0.2983099436647888
0.525650855028501
0.4196306543551451
0.4636321210707023
0.3908963632121071
0.38487949598319937
0.528867628920964
0.6228374279142638
0.41676389212973763
0.44408146938231274
0.3547118237274575
0.398629954331811
0.44259808660288674
0.3531784392813094
0.347144904830161
0.5410680356011867
0.335027834261142
0.345594853161772
0.5395513183772792
0.4501316710557018
0.3274109136971232
0.38797959931997733
0.3485449514983832
0.45916530551018364
0.5030667688922964
0.4969498983299443
0.49089969665655525
0.5681189372979099
0.628687622920764
0.5392346411547051
0.6164538817960598
0.6270042334744491
0.5375512517083901
0.6147704923497449
0.5753191773059102
0.6859228640954698
0.6297543251441714
0.7569752325077502
0.5508350278342611
0.6447214907163571
0.6885896196539883
0.6824560818693955
0.843011433714457
0.8368778959298644
0.7640254675155839
0.9245808193606453
0.8184439481316043
0.6623054101803392
0.8061268708956966
1.0
0.9604820160672021
0.6710057001900063
0.9148804960165339
0.825360845361512
0.9692156405213507
0.8796959898663288
0.873562452081736
0.8507116903896796
0.844561485382846
0.9050468348944964
0.8321944064802159
0.5927030901030034
0.619853995133171
0.7803426780892695
0.6908563618787292
0.6846728224274141
0.5951531717723924
0.5889696323210772
0.6827727590919698
0.6099203306776892
0.5871029034301143
0.430914363812127
0.5080669355645188
0.6685556185206172
0.545684856161872
0.30616020534017796
0.49998333277775925
0.5771359045301508
0.5542351411713723
0.4980332677755925
0.5251841728057601
0.5356678555951865
0.5128170939031301
0.5733024434147804
0.5170672355745192
0.5108836961232041
0.6213707123570785
0.381812727090903
0.5256341878062601
0.5194506483549451
0.29654321810727025
0.6403880129337644
0.45081502716757227
0.5113170439014634
0.45508183606120206
0.4989166305543518
0.4426980899363312
0.4531817727257575
0.41363045434847817
0.3740791359711991
0.4679155971865729
0.678372612420414
0.4221640721357378
0.6159538651288375
0.6764558818627286
0.5035834527817594
0.5640354678489282
0.6078369278975966
0.6016367212240408
0.6787726257541917
0.439231307710257
0.6330377679255975
0.6768392279742658
0.7206406880229339
0.5477849261642054
0.7082569418980632
0.5020667355578519
0.6125537517917262
0.47303243441448045
0.5501850061668722
0.6440048001600054
0.4877662588752958
0.6316043868128938
0.6587552918430614
0.552585086169539
0.41303043434781156
0.5735357845261508
0.4173639121304043
0.6445048168272276
0.6050035001166705
0.6488049601653388
0.725990866362212
0.703123437447915
0.8803126770892362
0.7407746924897496
0.7679255975199173
0.6784392813093769
0.8055935197839926
0.9161305376845894
0.7432747758258608
0.9037801260042001
0.8142604753491782
0.6748058268608952
0.7519750658355278
0.8958131937731257
0.7063068768958964
0.6334877829260975
0.8106770225674188
0.7545251508383612
0.5983699456648554
0.7588919630654354
0.8360945364845493
0.8632787759591986
0.773809126970899
0.7010233674455815
0.8448948298276608
0.8387779592653088
0.6659721990733024
0.8598286609553651
0.7870429014300476
0.8309443648121603
0.7081569385646188
0.75202506750225
0.7292576419213973
0.7064902163405448
0.7836927897596586
0.6942731424380812
0.6048201606720224
0.748741624720824
0.6926230874362479
0.48654955165172165
0.6304376812560418
0.5743858128604286
0.7182906096869895
0.645571519050635
0.6728057601920063
0.5500516683889461
0.6940231341044701
0.621270709023634
0.5985366178872629
0.6091369712323743
0.3864462148738291
0.3970465682189406
0.6076702556751892
0.43494783159438644
0.5455681856061869
0.522867428914297
0.6001700056668555
0.46079869328977624
0.5381012700423347
0.46541551385046165
0.5094003133437781
0.6867395579852662
0.5807360245341512
0.624687489582986
0.7853595119837327
0.6960398679955998
0.6900563352111737
0.8840794693156437
0.9614153805126837
0.6554385146171539
0.7994766492216406
0.7934764492149737
0.8541951398379946
0.731541051368379
0.8255941864728823
0.8362945431514384
0.6470215673855795
0.9077302576752557
0.6518050601686722
0.8625287509583652
0.6066202206740224
0.6506716890563019
0.928080936031201
0.5888529617653921
0.8996133204440148
0.6436881229374312
0.5377679255975198
0.6318710623687456
0.5260175339177972
0.5867862262075402
0.4808993633121104
0.7083569452315076
0.48581619387312913
0.49661655388512943
0.3907463582119404
0.45156505216840565
0.5457181906063534
0.3898796626554218
0.40071335711190365
0.42821427380912686
0.439031301043368
0.516550551685056
0.5274175805860195
0.3382779425980866
0.31581052701756723
0.426664222140738
0.30421014033801125
0.3984466148871629
0.39262975432514413
0.2868762292076402
0.3810793693123104
0.1086669555651855
0.2862762092069735
0.46383212773759125
0.15806860228674288
0.2356911897063235
0.1632737757925264
0.45758191939731324
0.3351778392613087
0.22945764858828627
0.3571119037301243
0.2347411580386013
0.462365412180406
0.2900096669888996
0.2676589219640655
0.22867428914297142
0.3896796559885329
0.25067502250074997
0.29502650088336274
0.37271242374745817
0.15040168005600185
0.311443714790493
0.28914297143238105
0.3002100070002333
0.2779259308643621
0.2556585219507317
0.11673222440748024
0.41116370545684855
0.3888796293209773
0.3833127770925697
0.37774592486416214
0.27220907363578783
0.4166305543518117
0.3610953698456615
0.27222574085802853
0.0
0.3111770392346412
0.4389646321544051
0.15013667122237406
0.31129370979032633
0.25580852695089834
0.13364112137071235
0.4115303843461448
0.37271242374745817
0.3838961298709957
0.4784659488649621
0.3563452115070502
0.4508983632787759
0.47883262775425844
0.5067335577852595
0.4013133771125704
0.47923264108803626
0.32382746091536385
0.38509616987232903
0.37971265708856955
0.4743824794159805
0.5356845228174272
0.5636521217373913
0.2749591653055102
0.3862962098736624
0.4642654755158505
0.47561585386179533
0.42029734324477475
0.5483349444981499
0.39304643488116264
0.4877662588752958
0.44911497049901655
0.7438747958265275
0.6386046201540051
0.5500350011667055
0.5447681589386313
0.6395379845994866
0.28427614253808453
0.5624187472915764
0.49051635054501813
0.38532951098369944
0.4967998933297776
0.3749624987499583
0.5197673255775191
0.43129770992366406
0.3927964265475515
0.6043034767825594
0.5658521950731691
0.31071035701190036
0.6722557418580619
0.4171639054635154
0.4953998466615554
0.556968565618854
0.4018800626687556
0.5801360045334844
0.40839694656488545
0.3866795559851995
0.6483049434981165
0.5099336644554818
0.20489016300543347
0.3332277742591419
0.3448781626054201
0.3732291076369212
0.3682456081869396
0.17993933131104367
0.17497249908330276
0.5033334444481483
0.3817293909796993
0.34346144871495715
0.3885462848761625
0.38361278709290303
0.3620454015133837
0.42379745991533047
0.5689189639654655
0.3807293576452549
0.5091836394546485
0.2543251441714724
0.4328144271475716
0.47798259941998067
0.5064835494516484
0.5183172772425747
0.3635287842928097
0.5754025134171139
0.3539284642821427
0.3991799726657555
0.3944131471049035
0.1563068768958965
0.45156505216840565
0.2135237841261375
0.35879529317643916
0.43741458048601617
0.3160438681289376
0.46136537884596146
0.4733491116370545
0.4853495116503883
0.5140171339044635
0.6093703123437447
0.6547384912830427
0.9667988932964432
0.7288409613653788
0.6908896963232107
0.7862928764292143
0.7317243908130271
0.5271342378079269
0.7892596419880662
0.5013667122237407
0.5634854495149838
0.5256341878062601
0.6044534817827261
0.6166038867962265
0.6621220707356911
0.5576185872862428
0.41981399379979334
0.5153671789059635
0.47758258608620285
0.40646354878495944
0.3687122904096803
0.7309743658121937
0.5099003300110004
0.6388379612653755
0.5011167038901296
0.5300843361445381
0.4757158571952398
0.3713623787459582
0.43369778992633085
0.4293809793659788
0.37506250208340275
0.4040968032267742
0.5331344378145938
0.21219040634687822
0.657938597953265
0.5203340111337045
0.5160838694623154
0.29519317310577015
0.3742958098603286
0.4200973365778859
0.4658988632954432
0.29504316810560355
0.4075469182306076
0.5367178905963531
0.4992333077769259
0.4950831694389813
0.47429914330477674
0.3201773392446415
0.4827494249808327
0.5286509550318345
0.42456415213840465
0.5038501283376112
0.43311443714790493
0.6124204140138004
0.5250508350278342
0.6043534784492816
0.5170172339077969
0.4296809893663122
0.6923730791026368
0.35506183539451314
0.5511017033901129
0.41383046101536713
0.493233107770259
0.6559718657288576
0.4353811793726457
0.464815493849795
0.4775992533084436
0.47373245774859163
0.7865428847628254
0.4993499783326111
0.49551651721724055
0.47501583386112867
0.42119737324577483
0.5507350245008167
0.3969465648854961
0.40983032767758926
0.3560618687289577
0.5023167438914631
0.6152538417947264
0.4115137171239041
0.6244708156938564
0.5874362478749291
0.6004200140004666
0.3967298909963665
0.3763958798626621
0.6394213140438015
0.7191073035767859
0.5654855161838728
0.5618687289576318
0.6415880529350978
0.5713357111903731
0.38441281376045866
0.5141838061268709
0.49396646554885154
0.5737524584152804
0.5869028967632254
0.46671555718523944
0.7465415513850462
0.6097203240108003
0.5562352078402614
0.6527717590586353
0.6659888662955431
0.29585986199539976
0.5757858595286509
0.572369078969299
0.4356145204840161
0.5655688522950765
0.4788492949764992
0.7588252941764725
0.7054735157838594
0.7021234041134705
0.598786626220874
0.678822627420914
0.4088302943431447
0.5055501850061668
0.5189339644654821
0.5656688556285209
0.47908263608786955
0.525834194473149
0.6892729757658588
0.5193839794659821
0.5995199839994666
0.7463415447181572
0.3264775492516417
0.4399813327110904
0.6035034501150038
0.48368278942631415
0.5472182406080203
0.5774525817527251
0.5410013667122238
0.654588486282876
0.6015033834461148
0.5984366145538185
0.5953865128837628
0.6423380779359311
0.589319643988133
0.45296509883662783
0.5999533317777259
0.7469748991633054
0.5606520217340578
0.6243541451381712
0.62140404680156
0.768458948631621
0.6488716290543017
0.595953198439948
0.5930364345478182
0.640154671822394
0.6706056868562285
0.8344111470382346
0.7648921630721023
0.8620454015133838
0.5592019733991133
0.6397213240441347
0.536917897263242
0.7674589152971766
0.781342711423714
0.8785792859761992
0.8758291943064769
0.6564052135071169
0.8370112337077901
0.5676189206306876
0.6649221640721357
0.5955531851061702
0.5928697623254108
0.6235374512483749
0.5208673622454081
0.4182139404646821
0.8322610753691788
0.8463115437181239
0.6103536784559485
0.6744224807493583
0.5385012833761125
0.6192706423547452
0.6167038901296709
0.5141504716823894
0.5449514983832794
0.5590853028434282
0.689906330211007
0.887412913763792
0.818260608686956
0.7157738591286376
0.9299809993666455
0.6941731391046366
0.8917463915463848
0.5893029767658922
0.7535584519483982
0.5011333711123703
0.4487316243874796
0.5630187672922431
0.6439881329377646
0.6916230541018034
0.7392746424880828
0.4869328977632587
0.7012733757791927
0.7656255208506951
0.5799859995333178
0.6777059235307843
0.6754225140838027
0.4564652155071835
0.6708890296343211
0.8186439547984932
0.5997366578885963
0.5475015833861129
0.4619653988466282
0.7930931031034366
0.5409013633787793
0.33871129037634584
0.5865528850961699
0.5010667022234074
0.5822527417580585
0.5134504483482782
0.3779792659755325
0.592536417880596
0.5071002366745558
0.48834961165372176
0.5029334311143705
0.6175205840194672
0.31546051535051167
0.29674322477415915
0.4280476015867195
0.5760192006400213
0.24065802193406446
0.30531017700590013
0.6033367778925963
0.38466282209406977
0.43269775659188636
0.5474015800526685
0.5787859595319843
0.5268342278075936
0.4415647188239608
0.4229640988032934
0.45439847994933164
0.6858228607620254
0.6339377979265974
0.6153871795726523
0.3801626720890696
0.5949698323277441
0.40978032601086695
0.40793026434214474
0.3727624254141804
0.6542884762825427
0.7024734157805259
0.3006600220007334
0.2988599619987332
0.29707656921897396
0.41196373212440407
0.4268642288076269
0.39176305876862555
0.6233541118037267
0.6549551651721723
0.3698789959665321
0.4348311610387013
0.39977999266642217
0.4147471582386079
0.2963765458848628
0.39469648988299605
0.47634921164038796
0.5413513783792793
0.6897063235441181
0.5713857128570952
0.31972732424414146
0.4347644921497383
0.3831461048701624
0.5148671622387412
0.3799126637554585
0.49498316610553683
0.5433847794926496
0.42513083769458976
0.556901896729891
0.4719990666355545
0.4704323477449248
0.4688822960765358
0.25065835527850927
0.5491349711657054
0.36427880929364304
0.5127504250141671
0.22789092969765656
0.27639254641821387
0.42489749658321946
0.24007466915563852
0.2052568418947298
0.38711290376345875
0.48564952165072167
0.3008433614453815
0.58273609120304
0.3979465982199406
0.32982766092203075
0.4283976132537751
0.5936364545484849
0.4922164072135737
0.5241341378045934
0.32272742424747486
0.38797959931997733
0.6532717757258575
0.685206173539118
0.5504850161672055
0.4657821927397579
0.5644021467382245
0.44636487882929426
0.39501316710557016
0.49364978832627754
0.8256441881396046
0.4076302543418113
0.5229507650255008
0.45494849828327605
0.4536317877262575
0.2689589652988433
0.467648921630721
0.4330144338144605
0.4650321677389246
0.4137304576819227
0.5291009700323344
0.3944798159938665
0.4931831061035367
0.4752325077502583
0.6572885762858761
0.3060102003400113
0.5547351578385946
0.5201340044668155
0.5022167405580186
0.584286142871429
0.4163638787959598
0.6984566152205074
0.5472015733857795
0.6126204206806893
0.5947031567718923
0.5601353378445948
0.6255708523617454
0.6410047001566719
0.47309910330344346
0.4885496183206106
0.40398013267108906
0.9027800926697556
0.31821060702023396
0.6836727890929697
0.4657821927397579
0.7312410413680456
0.4300310010333677
0.4121470715690523
0.4776159205306843
0.4097469915663855
0.37521250708356935
0.507350245008167
0.3894796493216441
0.48828294276475875
0.5704190139671322
0.6192206406880228
0.46803226774225803
0.483499449981666
0.49896663222107396
0.46444881496049867
0.39657988599619987
0.47873262442081405
0.3441948064935498
0.22634087802926764
0.5251675055835194
0.3406280209340311
0.2561085369512317
0.3549118303943465
0.270392346411547
0.519200640021334
0.4013300443348111
0.43348111603720124
0.38227940931364374
0.39774659155305175
0.4465482182739424
0.47868262275409174
0.22747424914163802
0.4096136537884596
0.42508083602786756
0.4405480182672755
0.48933297776592555
0.30479349311643716
0.27024234141138037
0.40236341211373705
0.584486149538318
0.3499283309443648
0.21535717857261907
0.41414713823794125
0.39624654155138506
0.42834761158705287
0.5937864595486515
0.42588086269542313
0.4579652655088502
0.6067202240074668
0.7388079602653421
0.5708856961898728
0.6196206540218007
0.7516917230574353
0.8004266808893629
0.5991533051101703
0.68120604020134
0.5465848861628722
0.5619687322910764
0.443998133271109
0.576035867862262
0.6747391579719324
0.5567518917297244
0.6054368478949298
0.5207840261342044
0.7694589819660655
0.7014567152238408
0.5501016700556686
0.5154171805726857
0.6974065802193407
0.8460448681622721
0.5280009333644454
0.6599553318443947
0.6085702856761892
0.5571685722857429
0.6891063035434514
0.671022367412247
0.6362712090403012
0.5181839394646488
0.43341444714823824
0.5653021767392247
0.6638554618487282
0.4957165238841294
0.5609186972899097
0.4594319810660355
0.47459915330511016
