0.2202231715671077
0.3472957602763052
0.28394107223791426
0.32862643534195624
0.38604588275330176
0.41625584935254323
0.3396457310519499
0.3141595809896713
0.2870775308137306
0.3100947239972698
0.3214017978218629
0.2772369319665465
0.29953434449578725
0.28503480369050593
0.3396183837370564
0.3481688947037292
0.37549509973210426
0.32729401494771204
0.34478833970051603
0.3222488114201272
0.24278713916318795
0.34038577050874896
0.2514060707497889
0.2974527630824919
0.21703316258640834
0.3280936596959603
0.33588786276209814
0.3318118268249533
0.33045391536413576
0.3284988810260469
0.26064322967031833
0.31109277077789976
0.40478057703977655
0.27198834675848244
0.2752712497839075
0.3288886013247003
0.3260290243058658
0.27122059976947765
0.29112017477930857
0.28599501549122114
0.2414408074132458
0.24933382991163955
0.28565101472100396
0.26399455431185653
0.3428785257729675
0.26948596311351425
0.2804667496267743
0.33327051853654294
0.2775621483949021
0.265068749067457
0.2624088372068052
0.3303872998823102
0.3266689634477986
0.3155988970789456
0.2954782768316876
0.38388069107452305
0.37172093565144393
0.30502084503063487
0.3377786813352668
0.3386398950743171
0.3119154261723079
0.3169500404231695
0.3253035348027517
0.34005094629386834
0.4338358495115404
0.33626044499262797
0.3852740178003332
0.3701255610867281
0.3327361109450049
0.38369508295970617
0.32223211918444156
0.3832260991079852
0.4426970742194806
0.3460989404207158
0.3689889111256589
0.4093600706445615
0.41115031766896193
0.455710412729992
0.4224735537429711
0.3687051092712601
0.4152931186117057
0.4581716674630976
0.3940534179957844
0.37393177537716843
0.46167819867742776
0.43541364923571746
0.5006654370306614
0.48523649513651446
0.5312689811183497
0.49802403306761933
0.48015620182837926
0.5442544686685653
0.5428812921176729
0.4875334603052215
0.5416891142343722
0.5745460236477168
0.48828931008174875
0.523188278440401
0.5666716447886166
0.5728463613175554
0.556617591988364
0.6296169399201692
0.6109671071868278
0.6064695972085687
0.5814543086856013
0.5942626831238221
0.5860394544585317
0.5448087686068194
0.4771818370591172
0.53656717732994
0.5840156587902244
0.5096234087595841
0.48594277373854394
0.41824027088923044
0.4920453175348172
0.47335354807796015
0.4934122727644414
0.5287135320861603
0.586996464066499
0.5147321772510447
0.42078451846022413
0.5173134850322442
0.5050964368738642
0.4465421718388253
0.4933933452249567
0.479364935780654
0.49405701248667466
0.47355642643285195
0.47400334263311805
0.4471098041305328
0.41236719012594847
0.47473714509940235
0.5140241697044501
0.5290545660488611
0.5082461160191561
0.44397262766608375
0.5068507097634833
0.44274109399666495
0.37246701323084486
0.448375189684985
0.4755925321500568
0.37583732283738036
0.48578353222666576
0.46399988356242694
0.38610816263856607
0.5081144796779291
0.4505231640183553
0.4290275261150651
0.44867186758083444
0.3804356039729879
0.43499037386588535
0.45429554194687927
0.33319328173975027
0.34630157767212394
0.4477437713022241
0.3673885691342731
0.3549832310743546
0.4040934989302437
0.39132250876712804
0.3802657357143043
0.4057417830080412
0.4506799115774029
0.45769767133968253
0.4307242079900597
0.46982246588086407
0.44780472934689575
0.42209753465759337
0.5506490548690293
0.5090540891075623
0.439774990097531
0.448977905473679
0.48226803290933035
0.48274095096521175
0.47376786058039466
0.4601070557484702
0.4280068586508524
0.3689642808213516
0.43454971773205336
0.4912012024799306
0.5010792803241296
0.4540863557287156
0.45499032552628105
0.3600684745149546
0.4209669824633004
0.3983579158835281
0.2785903574920448
0.3552160878481766
0.3565239468702724
0.3938981792603298
0.3491037676579406
0.326087891293153
0.34430589956592306
0.3122490796719476
0.3723959444164208
0.29424803272496514
0.39205310360131085
0.35656513304314774
0.3288148104210672
0.3467977811500369
0.30597324065051046
0.4401580098164225
0.23356798413163016
0.30741171541606854
0.3520449771034253
0.38269250039442726
0.3134022757134203
0.33136277991446483
0.4174569207377049
0.3392603871700609
0.35768409657843603
0.31547137593357416
0.38601654430012994
0.349465987193309
0.30893808331768013
0.3623770900126114
0.31684888123131694
0.3847688182744643
0.38303892763408465
0.3494116671307409
0.3466870311736058
0.3509234684650076
0.29002602986903814
0.28245871452155336
0.31347107785883166
0.31847275972760314
0.35309131365071206
0.401157685366994
0.3468257944258558
0.35544733256926
0.3463132261706988
0.36328603168335566
0.3454264794860603
0.3134643862814756
0.35252148357121416
0.3765293436276137
0.3584553458632073
0.4447390855683564
0.42605179390031356
0.4556498559232416
0.43365258056094724
0.48696727158824377
0.5724764894115656
0.5854104643872764
0.5831284229963011
0.5821509585127492
0.6250830662094579
0.5022782003422174
0.5725298973344419
0.6388798174148765
0.6337974088211029
0.7087483727745418
0.6431830166130991
0.6448469162618908
0.7657523787002624
0.7765246973056792
0.7973427564120232
0.7860182874902238
0.7393054125345982
0.7809502194425353
0.7572678438283293
0.7698243482863463
0.7735598020970587
0.7826904055669044
0.7478425604689944
0.8134784991997126
0.768365868717064
0.7876025214837757
0.6178357112380605
0.7030485975005525
0.5714200331463973
0.6241677596766269
0.5602016343511659
0.5224307581877675
0.5329021897695034
0.5476751553089632
0.5070472319656003
0.4352885365115534
0.47895479172362726
0.5161569812758989
0.4718931130551981
0.563445878287838
0.45684866315448613
0.524706570992756
0.49407281481103726
0.42788778108745595
0.4550547093867684
0.45920448495199373
0.4656431157716392
0.40132240005103237
0.4870770886478881
0.3849369998909553
0.49819091846626373
0.45444306231132686
0.4777555621283258
0.4829415418188841
0.5005449385968681
0.5407368822393392
0.4583383060116154
0.5657606678777423
0.48407512043647694
0.43722722960090105
0.5875930450258267
0.4514030068171605
0.5025207047892094
0.4859135180739378
0.6036892282061159
0.4686018084804575
0.5063727386783315
0.5796171893964497
0.4909664393921872
0.5171230005377215
0.520427494250757
0.5318199263181264
0.5035407972968746
0.5407782445156726
0.5938000304910258
0.5363906472408354
0.46902503354837627
0.6146708560539476
0.4644209727696884
0.6040538594777415
0.5425026309209574
0.6441290868158045
0.5325507333238424
0.5399352001800986
0.6095039769952316
0.5923212513190803
0.49219429116863633
0.5190218808066511
0.5209272660298323
0.5320984621074707
0.598542691361395
0.5762274652036566
0.5917386932372306
0.475621105348631
0.5810625801390048
0.5557791343789815
0.5031458186070477
0.6224790855505954
0.6027212786250697
0.615387593028317
0.6373811165058358
0.6144535325076225
0.6571993463835849
0.6743743877744546
0.660030464438622
0.5991622829493471
0.5719143196871992
0.6021416913037454
0.5847062250919495
0.690647436907653
0.6144107684161656
0.6453331165279673
0.6487379003320286
0.6514162030949202
0.566556839480951
0.6825448000486649
0.6321691950564202
0.6381326255211714
0.6370119649092165
0.596259567109842
0.7240692942240454
0.5810870140261979
0.5805370156864575
0.6323627504393305
0.5950693028870135
0.6459061226572467
0.6877768342972737
0.5628752205498099
0.635057512699706
0.5298928452467762
0.571500236841724
0.5815200298304708
0.6082429090801253
0.5941900601038599
0.48966762227929705
0.5574823372991617
0.48181913846774893
0.40137378454103384
0.5386292951902698
0.4466228483671272
0.44286460804352284
0.3724962429579006
0.4386977305325258
0.4666034003230831
0.39221738344601714
0.5243413515628358
0.37844693709342964
0.45204781403447436
0.36230120156010864
0.5218419340857547
0.4505306258946957
0.47330438304966116
0.49742782197431906
0.410623147680212
0.4859129282956942
0.4292048532022475
0.4238611429694186
0.520247784018578
0.45984513042915165
0.5007026754602788
0.5068276860917664
0.5846375614688556
0.4664091683276669
0.5774956336880833
0.5270755390583687
0.556405463726189
0.5300959276818076
0.39624143998368766
0.5167504034270439
0.49904105356796336
0.5611324138410505
0.43853432286487903
0.4674538495612336
0.4734548294523586
0.39943869894057743
0.4714282981415496
0.5329478836885542
0.5257888988162195
0.46657979777855096
0.3988164199194639
0.4889612079940357
0.33359692364988003
0.41950093281512246
0.3753809392725888
0.42323906418398927
0.30616703999770034
0.37962300898212176
0.3170348149825506
0.363736146597655
0.2729786484923928
0.2920830263624766
0.2877695361610094
0.33814378569538517
0.28430143505901845
0.2499998124124414
0.3651375702781619
0.23409801989987697
0.30613237468630505
0.2898182128006503
0.2228171661663848
0.3137158263189348
0.1464768459881682
0.14641814153852087
0.19079672483290366
0.142128764176293
0.19898109339334255
0.12943400382645504
0.19303943305892535
0.14784857697530093
0.13354517073176442
0.09329458507948446
0.1721401342783273
0.13592591754868175
0.16978023819785504
0.12509673510191732
0.12711721862754785
0.1879122340332624
0.13459035206820594
0.25684345230546785
0.16931929013023045
0.17896608295837388
0.19297277144363184
0.19726462269220157
0.18882913235778248
0.23853938940068065
0.26472589272839503
0.0730007529636124
0.22147767911068517
0.20922404388820892
0.2285236436960314
0.2774636928348633
0.16531528868984718
0.2636629079921628
0.23774164227457734
0.29565472933860815
0.33267190040400185
0.28262624657534224
0.22598874949026362
0.32778867793453936
0.30226839095307206
0.31679304220962096
0.2639619096393422
0.26542055314743657
0.2818423100741863
0.22840624178589697
0.2768542181774789
0.3064042625149957
0.28024970629149937
0.3284652793429309
0.322530265359239
0.3604459933755929
0.28657478097768063
0.3224428363752396
0.4473853109748014
0.41331080610631876
0.38394695005072316
0.37048370392924923
0.4535591852556511
0.40146264540106125
0.3957726879015394
0.4249581976382892
0.3455113048684105
0.3108860412445603
0.39485744135691314
0.41974328307472575
0.3280114106633796
0.43072909615196986
0.43567716570375586
0.4584354678480276
0.3478431696448715
0.4444604221955236
0.44922937281311953
0.4578769435677844
0.4675536207926993
0.4498468922444808
0.5252513074383923
0.43267166775765276
0.4372138423445457
0.5369311310204306
0.44273022156876807
0.48673294607871487
0.5570318170469677
0.47542106238834203
0.42591644375145665
0.47245478568075927
0.37616796899571425
0.4528023233618743
0.4062596642608397
0.44276063679100947
0.4333019617790873
0.4519231490758312
0.5084566067887172
0.4532267379481297
0.3432592904964975
0.38320111068060875
0.4118777875719313
0.3683638938074988
0.34551873439587766
0.34325197495079446
0.35513590047425087
0.3236635954817059
0.4527287240639406
0.43164663553362626
0.3331966479264219
0.3626971915446854
0.3375735851002102
0.30027191819020393
0.25339355753176396
0.3169885330145934
0.24977815762087088
0.3102327682085525
0.36903182488701863
0.222836550128931
0.29704442816417304
0.3503971028142061
0.22504069980456037
0.29841249391124214
0.27639584477704815
0.3206234965745835
0.368472777405085
0.2056755311495953
0.28362194620306314
0.2815381336343734
0.3251313989740633
0.24402435206308137
0.2393287313868605
0.23670431629549843
0.21786177300672832
0.19201093808258202
0.25215224404394443
0.25273349664250866
0.35516380718082363
0.3618982206742357
0.30303746413148025
0.3144222520866266
0.2552738997252759
0.26684521716863874
0.4363148962209422
0.2946298766783838
0.3872825087683139
0.444481250970307
0.5673804046928459
0.5239628820544873
0.5969049241577974
0.5185939203655437
0.42632203345204067
0.3182483157968114
0.3674606442399764
0.26269081476929523
0.28725662662273493
0.32211871423979077
0.2680040386215468
0.24026686024180072
0.3310406876532748
0.331467875443132
0.3221071996767404
0.34440250603046685
0.2939747598275798
0.4232459086051786
0.26378024362885844
0.32541281600589983
0.26566243225998043
0.29533013379735695
0.3422372114139662
0.400730410197603
0.36363133500090994
0.3523046994427674
0.2679867476432055
0.3025645795684564
0.3478709564251363
0.3812738055970691
0.21399267944414618
0.34113591496360673
0.33908178922474486
0.3592802542672872
0.2733089299451545
0.3200228254075269
0.40426808511844103
0.17073656521704164
0.3084604932494813
0.3279442470560336
0.3280268339923852
0.43296075721657895
0.2991207464992988
0.40133716188399193
0.2471447067727682
0.3276766371027929
0.46423884115253683
0.4746631444800451
0.42431718124714723
0.3931988638409376
0.4397629446806198
0.4441970572720195
0.3865208180753976
0.4225548434302199
0.387651485720264
0.3518872704136473
0.4207845268731022
0.36739711110725815
0.4211028139623887
0.4841350845841473
0.3839159835198457
0.38346112676508814
0.43853880429440273
0.45925362283195587
0.3961066239586499
0.4101866321311743
0.4522544513468043
0.4752324194582228
0.45833350951876295
0.47905199805852805
0.42626391735274394
0.43469731307340653
0.4501117415128164
0.4683381884860046
0.3847652946271054
0.4706413103951369
0.3792889227340529
0.42421879791093625
0.43478602018860857
0.5005039862635929
0.384121807981146
0.3821162588475854
0.41873808944851815
0.4203809892968563
0.3860605302713221
0.47926268542640393
0.39604275018995866
0.4698717767780316
0.43790676897003106
0.53733604398743
0.4516578776271444
0.4237720208884824
0.47868327513875564
0.4099388825699081
0.48073542856080537
0.39723750848041595
0.42027353583427074
0.5035587525581584
0.5323779315968554
0.389637165255698
0.4429158239135614
0.47585185999013035
0.4387260456974821
0.556095132718686
0.5367389605600854
0.5690225586842201
0.5331420698995429
0.556907994845779
0.513321844512159
0.5495166961020607
0.5351032255487762
0.5435385502526224
0.48976213301115074
0.48440581475905986
0.4629341995181411
0.5249159933142729
0.4355758656414952
0.4329204656887842
0.5342200896530483
0.43390347011310504
0.5092080947948208
0.5322336422702636
0.525695869059871
0.5121717120392436
0.4956144158120763
0.5185446961648595
0.586446023130043
0.5009940406632709
0.4602411332522396
0.4784119128080746
0.6357204027951929
0.5207269169827347
0.49799474332563803
0.3871803934885624
0.4898538816343815
0.45629028453602516
0.4863980135610759
0.5405575537597701
0.42982347147656735
0.4603042638736233
0.46156918373874034
0.5243158339800397
0.41739978754230367
0.5005121369646816
0.49589969577366905
0.4332507759457374
0.5542219071770784
0.41514952102827496
0.44344080751010867
0.44775114126317417
0.5416820133894933
0.48622657408154724
0.5815378700837445
0.5982613788713638
0.563204511153412
0.6463052393558156
0.5753286464589603
0.43794132959933696
0.4682906097398989
0.5155180241443849
0.44086905551842004
0.4981632367071084
0.4534053249546166
0.5060709434646279
0.5457121080940219
0.42528583030368716
0.5291962922073901
0.5438014649765073
0.5121299114415234
0.5027031906365429
0.48722724703205045
0.5683159790639845
0.47311915732374343
0.4677510280629935
0.46650147415898624
0.4114294547598964
0.4442476235167291
0.39491796660806433
0.46646943786072476
0.3512377460350428
0.4150590905590009
0.3873606305213904
0.42277326166525364
0.37082500925423895
0.34965802215412745
0.47789834370015705
0.4638812618976963
0.3978082487481519
0.45992464259007354
0.4686042068062112
0.44392400467931215
0.5340258435791085
0.49271495527625686
0.4207310858373046
0.4863262676932528
0.496058754632152
0.5744617064265847
0.4840434474993972
0.4750418311116257
0.4674359251207272
0.4365035647988582
0.4409063882557748
0.4583462567450631
0.37310517081578465
0.3735373886867517
0.4348272672147746
0.3804743723940851
0.5154699734504304
0.3612522582497675
0.4173301005792226
0.442539163153129
0.4597293930413944
0.3360666306475518
0.425281799482945
0.3334611645959013
0.3487200958011296
0.41067812528331227
0.36623209801070955
0.3851506495689021
0.3001518686492156
0.4267932318780622
0.366602049611497
0.3504729306021339
0.3561572551975398
0.4362125663931763
0.4296543945544911
0.40011672106405116
0.4721934097161179
0.45779834656934504
0.45744152216468903
0.5165405481867527
0.43768769081881875
0.409292694287845
0.4463741884990494
0.4451194118469158
0.41288701930030014
0.462073583690479
0.4255168866522884
0.46755301062314236
0.4688876632482933
0.37043087147228565
0.3362222615275041
0.4309788528004943
0.4967316750744517
0.41429259049213485
0.5430611703652568
0.43405425356367244
0.4534248043956053
0.42861678825497385
0.3880076925987917
0.24802266781323576
0.36987974211606867
0.39056218164434986
0.28353607638214606
0.3775695231238457
0.2530485116098684
0.37657998466134834
0.4235015032358136
0.3464898639195924
0.3367310105280589
0.34506941052592693
0.3168021820322024
0.35975902164492035
0.4567395842653996
0.4884686402104925
0.31665889696026345
0.3265728894336835
0.3417153002130269
0.3264981596854204
0.3870078401648487
0.3275645715158917
0.27473886571041695
0.31377320536410236
0.37243385811415375
0.2557169977548024
0.3540320355325434
0.43394896051148285
0.43244956811813895
0.3198339946760827
0.3385955213667249
0.3358435902770862
0.35569147760513914
0.3748170171478016
0.4616938255630123
0.35570161361102065
0.4245820759450246
0.29602835165304897
0.4846882667995246
0.42578582431217316
0.4192037669138915
0.49516284096490504
0.35994730588999857
0.5141623081608432
0.33541338541788057
0.4092956268125699
0.5090704401937345
0.47412617823542497
0.3635091629964073
0.36598535532691023
0.5220213342063043
0.41305251763036444
0.4374474600450301
0.3737616474006212
0.3362092918254609
0.33942973854485414
0.38199545423930586
0.4179469002356294
0.43724124007825604
0.3322249238163891
0.35936476637242737
0.4007776282838333
0.4146518013902384
0.4495207795243753
0.41406794639747113
0.47814642155572484
0.3672246584291224
0.3792492614122427
0.48335712011084975
0.4440725549136433
0.4689534522890554
0.5334886500323001
0.4939639783046929
0.4488136676641374
0.6007526153401193
0.5957432854061159
0.450813037202635
0.47513924112585426
0.43336767554233474
0.45521369584857335
0.39727932779522435
0.5069051129862033
0.4770096327508536
0.43506146051477596
0.4690562626779542
0.43537325765938767
0.40221850280136795
0.370607766216861
0.4044147721486928
0.34245238138541106
0.35776939183276224
0.37378693279466185
0.41130406674465014
0.3572701185453142
0.4652084356787962
0.38208746417947326
0.4278070695632511
0.4639254524208174
0.32475942839860006
0.38900556927979413
0.3919773863206079
0.3401155078226508
0.3989834056730975
0.37045228684386666
0.41940695666635164
0.44244290991590207
0.43794858248559
0.3406176906181914
0.463864564058992
0.47062444319496755
0.31148904885950385
0.3285416401090232
0.39276056567776507
0.36837208640263286
0.2422360098378668
0.3064601379571474
0.37161661890060627
0.27411710399738665
0.3040564107149653
0.38310888420172673
0.35669253431899284
0.2861951127156176
0.3350966180835009
0.3009724470714431
0.36726183742165175
0.31238750996461045
0.23740661969446886
0.3341350222069357
0.26117692476832105
0.29011055068015024
0.3154467311323958
0.4161846571347666
0.4223648390751421
0.4459652075251339
0.42735158470927725
0.33703314401377954
0.4864874616608705
0.30001231014075036
0.4788339589958767
0.31041385465231497
0.3640329066282453
0.453912397189656
0.42914594866972566
0.42072901537581486
0.4790188091667409
0.3929414737601616
0.4281226719106622
0.4795600470408229
0.39002732649354205
0.47302205760902527
0.4378327287788332
0.5038630416244896
0.35983216215166125
0.5466062698952641
0.48528214179314333
0.5158489623110037
0.3241649541208118
0.32518429995068326
0.3090262569954537
0.3440953596167224
0.4589571839202965
0.3198618494073518
0.31557448543014155
0.29759277358838554
0.24615959673574
0.33348376838191574
0.27084975583746446
0.36463261762914023
0.3226838066289055
