0.2759361855153075
0.23135482709143654
0.28656906745760125
0.2993132984904689
0.2755438932584413
0.426089442446001
0.30271712844039156
0.2990033879784856
0.32729422248605233
0.22552359951531448
0.2841377641663684
0.3270967766461612
0.28990003458420915
0.36180038812690635
0.20322626967340254
0.400496001065935
0.2213078759740329
0.3320570549040419
0.3492903131265213
0.2191324604192817
0.30810389915360015
0.35614079280132205
0.29526051409525944
0.3137872377923073
0.2710334996699892
0.2661212223299876
0.2756383962749325
0.20578004445731776
0.15301142878530632
0.2794643809330546
0.2552706185844755
0.26643467708123303
0.18126812142092408
0.3427238679400848
0.3533578968714221
0.36274236783041
0.2796786908395014
0.2830222954395112
0.2392733681819837
0.29263612880602563
0.2584328114275545
0.30890462864886814
0.28463641590286937
0.40601767964179536
0.25717196984087004
0.3276415974863436
0.1552935752100917
0.3423750090500756
0.3591613201952601
0.31098994909779365
0.316061568072736
0.2505931590588183
0.397667482523678
0.3177567658579562
0.3865729321548089
0.3026291986886944
0.39793322630168637
0.311587602747744
0.33758241582794823
0.33161478063646604
0.36047914997135877
0.23119905758943848
0.37105475049641945
0.3022724010537088
0.36589543713478123
0.3164776856192293
0.40464862380748884
0.3502456693356263
0.43397538089551846
0.47756460557793257
0.40632900164015967
0.33649909909192866
0.3664956928650157
0.42850954232149313
0.451838998345626
0.4410113978066983
0.46192589364021075
0.5018813814213651
0.4267497891399553
0.37797398277931893
0.5210838624347023
0.47423825867493213
0.42533380163568235
0.4233219901380044
0.5364231532743821
0.4700087288246094
0.5621252606680648
0.5520658264020034
0.6160354924617539
0.7437985226891629
0.5458554441198844
0.6301963061274332
0.6374500378652332
0.6382528367564638
0.6581537486788891
0.7105626607959404
0.6594835927573481
0.7509572521858969
0.7086405175032093
0.6467221397593766
0.7585421037036912
0.7456776586119769
0.7839804811017083
0.6243136821120607
0.6193877193101909
0.6932476797118485
0.8566001543129889
0.6612912413919414
0.7282804799728677
0.7328666294503744
0.5926511935665572
0.6675991655153631
0.4997190673035864
0.6373743183049729
0.5149762003770247
0.6016304360700759
0.5570765761656506
0.44107675245942385
0.5836309975596417
0.5907291519825488
0.5294509992073173
0.38253559987653196
0.5673690048898457
0.5536876193984127
0.4603391810401821
0.6137308799786642
0.5277136170920838
0.49352503938958747
0.5093420701696743
0.4883394960432823
0.49205889225500177
0.5640711183721784
0.5281477370814063
0.6377918449741437
0.6840153939566518
0.5748474669543517
0.525970990481354
0.5525505124841187
0.5738249012769985
0.46304925495450217
0.5589401824881115
0.6197007112873956
0.37748833363349765
0.43296179354056274
0.5191346406114792
0.4805338142436115
0.6094848703710916
0.3986704862122612
0.39491035101304306
0.3196404468029734
0.47774823889745976
0.37463104882125653
0.4215199697854367
0.4291161285262664
0.42347264709615395
0.4147967798577625
0.45200377075696435
0.5075459233360389
0.37353010314748397
0.6404902443408225
0.4535544375785354
0.40480178386691884
0.5176404812889144
0.4081299342686968
0.5238575851249329
0.5993175565960063
0.5987702320390199
0.4429461431636332
0.4996648059821159
0.5725276680415698
0.49669607564617885
0.5898990087005154
0.41524999413663843
0.568186141261013
0.43482106855563685
0.487826901086204
0.476070355153975
0.4463231484356973
0.48865153908158016
0.5273559501025228
0.5320179044342115
0.5296023479592032
0.468936989821184
0.47488838610725126
0.4017543077762933
0.5102199445326214
0.5726519260787819
0.33098061326033434
0.5235197208194725
0.5411158533251713
0.36964031539542597
0.3838314791688001
0.5037476084381626
0.3995363075681566
0.4397003101912105
0.3997765014831248
0.40504111219046035
0.3479890616583678
0.450350678342775
0.38504117664966686
0.39887205446820884
0.3102166915838776
0.31587054515135105
0.27933984859119276
0.3379840125662094
0.44471264684088363
0.38153181968593036
0.3998974519877867
0.26043514665651096
0.3074984058238419
0.2576330064957656
0.3617826955821908
0.3498888836737483
0.28339731690798897
0.3099572496574568
0.1894628248287576
0.30429739613144813
0.4413696542386917
0.36328120480062165
0.1941621163076624
0.36515318388183826
0.3333694558755552
0.20819118743600268
0.25676397532426753
0.248120686338341
0.2787588350082222
0.35126085340948277
0.23957272033672888
0.48988540277811904
0.24182596358623848
0.4396713487430959
0.25407782882667584
0.2166535563069602
0.2884986596450464
0.4297171807028981
0.34437320524114895
0.39903591306143227
0.3442149142350819
0.4832140358093043
0.46956978222871143
0.5610298784247597
0.4884507472849073
0.48241770667149964
0.5472056915545292
0.5154027554170871
0.5923855521152304
0.45962823273403497
0.6456954540841281
0.555002932020294
0.8081969342345543
0.7427461857407396
0.7349647734665452
0.7563584640346145
0.8860301405821787
0.8407443107218352
0.9168294615789577
0.8711129688695718
0.8641653021536728
0.9224046869028831
0.8285231562149815
0.8924238869530319
0.8213848988985835
0.9473257728646179
0.9063388377428192
0.8634411983133441
0.8059746989575411
0.8823367076638138
0.9020326791208444
0.9023097421491434
0.8089566360376286
0.5668249285373645
0.7246544091816055
0.6848111237440004
0.6013563832671336
0.5533343650529174
0.6290034792329208
0.32926393505006574
0.4505325920920231
0.5023221099557399
0.587757875381769
0.4026648611541169
0.49084125596299966
0.6880272194756294
0.41777648297550585
0.29596737915035337
0.22730424402177346
0.356608903431148
0.2955054704825384
0.5582063618797899
0.4000533695976203
0.5516126915889845
0.4207725557691173
0.4140468861307576
0.41652643606495765
0.405937175633706
0.5036309187650838
0.44100948205710333
0.3796103636029733
0.41813511017782595
0.4576539887572446
0.36288281951240825
0.41754150551374414
0.5046995250621045
0.31189832694749603
0.5165049082386525
0.3776776853389572
0.5335889597947155
0.430425423766974
0.4950747287640508
0.4523634103758275
0.48624328236006864
0.5132919545543899
0.36666671697950415
0.44294938989094
0.5505575663456725
0.5440119276512543
0.4918234965800726
0.28740640464103573
0.4412191639036994
0.46400651829325934
0.49524557675819353
0.5583242867698128
0.5008509534778284
0.4791717227872573
0.5215310671242384
0.7143432244135424
0.4941176723871933
0.5293589678215572
0.5251172727383867
0.6411762675833297
0.6168560993535622
0.5729011838332806
0.5847904852408232
0.5499193599331377
0.6962394752919601
0.707110101188399
0.6213556168479857
0.6534009265672434
0.7643250364466083
0.6911352088462098
0.7664331041138548
0.793607825657032
0.7061891131549283
0.7780981314931406
0.7525994547215763
0.8517185328591063
0.7351031541092781
0.9243435393062044
0.7172274269356708
0.8546683463009248
0.7038379971172318
0.6525223085249856
0.7666493478142573
0.6945493773945282
0.6654616180165304
0.7393818728881179
0.8488630653231835
0.8052507433996242
0.7095701448925777
0.8102814036056172
0.7927181359800032
0.7395573155668629
0.6405823460218792
0.7582811850105736
0.7337612367273012
0.6052561994946852
0.7354072821099567
0.7477323297407925
0.6245308618548179
0.5888033043891245
0.6805363503286141
0.6928234277970489
0.5761689192030934
0.6514567339133974
0.5056824801321913
0.48177482592784
0.5188858109893948
0.5821506978454749
0.5705775928080214
0.4434769944012769
0.41030123139971925
0.5075369230035327
0.4671870749458611
0.4762604397531594
0.5443866262156614
0.42985347481583436
0.5918152514958603
0.4885452266412616
0.4333336716100472
0.48032700253966437
0.45983601331066
0.5918590380835242
0.5236281961034124
0.5652872002013918
0.5706616599334701
0.5484217040092216
0.7056014142196274
0.6388184888514261
0.5396771825273721
0.5260439532895687
0.39803068787988405
0.6559714130048635
0.5723000890752086
0.7036634110604194
0.5791424030253891
0.5051923209541818
0.6365666183734188
0.5717463594978727
0.6150650266855039
0.6257500812496211
0.6257656517557642
0.7226696120419436
0.6373626416576247
0.8179755672223237
0.763458067256725
0.6277752209326617
0.7696407615628746
0.6224050888004145
0.664973996833123
0.6366715373036822
0.5762598800876545
0.6250318977442577
0.6452565237341065
0.5572487987110738
0.4652209778910278
0.4289309507320972
0.3328481514937497
0.5227058443181873
0.42282229611976085
0.3171775429857826
0.42473975178700607
0.3938684954555032
0.5866854618870602
0.2483126742090078
0.4867017225204937
0.2754765138051943
0.33126618189665546
0.33002313545491835
0.4979441486067284
0.259103596043398
0.38654523161188553
0.23847946725147873
0.17793534670512196
0.2429618487083189
0.13454133922978473
0.12827471054016204
0.12682302397613907
0.16107006103199156
0.04493931746065412
0.26013696602146075
0.21535751029967076
0.1461258892235941
0.05259406661786458
0.15295998308098302
0.1536869633718095
0.17430914737794706
0.17457229714829292
0.06480749537257778
0.23499761017825838
0.11903279877028523
0.16839727819522354
0.15852670069889752
0.35382427071570677
0.34392975680263405
0.3755738366038987
0.23674658066706866
0.19673657160324404
0.2335990020832159
0.19496237831251306
0.09436616006929012
0.19942575059094345
0.29853405953461887
0.2175390159158008
0.28287418397360153
0.4312136687227435
0.09919132963326646
0.2700157242046978
0.30555963969361954
0.26353815872956865
0.28188593479103413
0.3079443227313267
0.2232113591097082
0.11021854641837359
0.24107461500167884
0.14393977579981798
0.29042450280685905
0.30254002722560036
0.41942494445173173
0.2662281806911248
0.24278521566757777
0.23425772317224702
0.3885274131099282
0.2833201271887561
0.2925381403187169
0.4853904298647127
0.5056579487865895
0.38492117717204993
0.4409336711264023
0.5907162614065268
0.37920066740366754
0.2503846411840238
0.32433300426970624
0.23678491069583724
0.4659567981754363
0.3909686062324128
0.34159512499839184
0.3447483078677408
0.21166871400335435
0.393843745984024
0.4642621347418989
0.4245826648254605
0.42382428013427653
0.3560498319475658
0.46397101694453213
0.39646857876565955
0.45152293858929715
0.34567751930849616
0.48111559599417086
0.30178755504815613
0.40184379783341817
0.3257977034028744
0.5406359609241225
0.5009990820897939
0.536277923897315
0.43266703040112015
0.4156876552082626
0.39909340233792856
0.4630201052732411
0.48899836551133763
0.4276186551605976
0.3749000102315726
0.4901985623178608
0.22577650187551784
0.3053635036432375
0.32764298282600335
0.3151162906294892
0.3558099003123658
0.3063680443636709
0.3823087158673962
0.17275700670205535
0.3262971436021601
0.4516439905493737
0.2620038855198348
0.18609752532685855
0.2417117210186256
0.2301346236520847
0.16696887976509273
0.28940016000669855
0.2548227668730877
0.20052191809359401
0.26913005055630956
0.22938976438935843
0.17778046418443633
0.23453846377145837
0.18745214827465287
0.28999636743493307
0.12306843161990001
0.2052085719290051
0.20566464548908248
0.2873845904736734
0.2913402472245079
0.399596654637819
0.4715318929460755
0.3120801553702027
0.2592891089606625
0.27633458041206604
0.1862173080532073
0.14692702450377276
0.15844092071560834
0.15909622691643927
0.2958358545222808
0.20787254813083428
0.14115236036357193
0.4215904004500459
0.19869809325659007
0.2735064450861739
0.2561439856334222
0.31039617103666445
0.35217364505414134
0.4270846274288638
0.36711288832086364
0.6068841918521752
0.6494622121549998
0.7180205406659323
0.7404445287447989
0.5475009912791083
0.42090628724033813
0.41019565981727224
0.482296159901949
0.3622508908185528
0.36438985768558474
0.46145721760303915
0.251415375512178
0.3972143047014583
0.42085829636686034
0.3329617609964578
0.2872037828542479
0.40850229045525616
0.35528947065009475
0.3405805450723142
0.24926994204837605
0.3283569297814235
0.09317053411174817
0.3062891916401891
0.36561629866824213
0.3173928115716956
0.2895589733231788
0.31048757751747275
0.23801428251138854
0.20993152665626688
0.22257215611748493
0.40437245095847746
0.25370860163065717
0.4903766729302805
0.3695319432844326
0.48598723879331296
0.40111518496048254
0.37544360297863094
0.3710339997071182
0.4522272219875206
0.4284596131164188
0.26795634400249085
0.3326692804672404
0.3503759254389743
0.3125209160548977
0.47252593070699217
0.4767797932154225
0.44759706948121475
0.3873847472691996
0.33144605992704007
0.3131667459722184
0.4356801255573396
0.221047993279324
0.4578615932684529
0.3820701431764696
0.4374305105077532
0.30308518471571083
0.3756727816746728
0.4554507065892866
0.43208607718813336
0.4396925599894381
0.2719837699171357
0.39163749204848386
0.520564913687343
0.4411005896461532
0.5884726683767106
0.4315463003667951
0.3996340431239367
0.4247025035612536
0.28923033346298976
0.33746194434717697
0.32886358694884954
0.4507516965152463
0.3397583947150732
0.4927972351152764
0.37132520896471455
0.4715142575168576
0.2366515750523827
0.43254371279806686
0.4691333923528689
0.29439737998377746
0.4190248415776802
0.2736345653047416
0.4399652614013611
0.39346904135395033
0.45273476924838235
0.36551163694050015
0.35612800564741787
0.3614210079139644
0.32495816259444826
0.31727511345129944
0.39986085481076855
0.4547643387778014
0.41076963684822204
0.4811118653441647
0.3982568741249655
0.38521399700339026
0.3558513924776122
0.34477179678294534
0.42394452913138936
0.4426618495948507
0.4254950159517548
0.42524937968052656
0.3048093796355917
0.4417549663033848
0.45212681190274584
0.43952548356748955
0.4934537650728047
0.5216023066528067
0.5766567180829654
0.37476096218592503
0.4195335627620622
0.34049435730716904
0.374589773799619
0.3605050352272661
0.5074633692708618
0.3762361093193003
0.410401738406417
0.40806343430751835
0.3902605198384166
0.33772577925532493
0.43357387992218105
0.42403440621471156
0.5515031790392495
0.5070414893162579
0.44450071865990315
0.6037581464292825
0.4155218496087368
0.47095897649823115
0.5070621560720434
0.45884589478822424
0.667465271661067
0.4701078537843387
0.5160848661213402
0.53747907174136
0.5402824793313884
0.3859836870542305
0.3096666228768981
0.639924696608967
0.417652795755036
0.6007109729958947
0.4536255481197728
0.5628562831097959
0.4275726037059927
0.5290369274346921
0.46200104110493645
0.547297730904244
0.4739007582964371
0.5029437128694498
0.47527128116476
0.5310883552351939
0.45397173997969575
0.6270571986144636
0.6993994790045663
0.6950935835623577
0.5441543887434048
0.6881104675883943
0.7061372229945265
0.4927736157878523
0.4383322116786387
0.3244927957350023
0.5864924499639488
0.5321316046462358
0.5135986864518121
0.40506454648080537
0.3426447580347267
0.4871719171307198
0.48004750372884947
0.3599570233252283
0.6534156146467145
0.6042094454084066
0.5456146976470135
0.5093671209811141
0.5075041968540203
0.5056425943433329
0.6069036522848537
0.5247302498247781
0.41764956341029846
0.41866706159867223
0.5264349428722555
0.48141260676617104
0.6052756379794857
0.6235153601935793
0.5952322161010931
0.448915134817497
0.5473732036515775
0.5594061812471962
0.3279842526949837
0.4914294071922189
0.40081632113589316
0.49818685333078094
0.34518706405944244
0.5006852220619746
0.481579128630328
0.44905899347039924
0.5191535753038636
0.5579018797000741
0.5403969094619463
0.6207553374913579
0.4157573825002329
0.417559518166016
0.5287805458847334
0.3193582156077295
0.4894903084959117
0.5211235636060905
0.40875233605898015
0.3063078235128298
0.5540467622242531
0.2536422576560459
0.40400964865586797
0.3686374672998866
0.50010392866523
0.5031738068013246
0.280210859939066
0.5143778255711736
0.35863273406052537
0.43393317291628963
0.3528920130400415
0.39373751370726146
0.32831835821737315
0.2634515654412891
0.449381402084415
0.32581487202420195
0.3727232378266872
0.4597780624843848
0.43214949226961163
0.4421556401430381
0.493253307360372
0.37354599749099976
0.4653007586727013
0.6282397398938026
0.32208352775960686
0.2705959556834848
0.464122395378061
0.4663451134159567
0.45980533621439024
0.3109592781619016
0.35061258007742935
0.5197503082053373
0.6062794433778812
0.4095336343432554
0.47134908892348426
0.540763785131329
0.4429762656240277
0.37402785871702915
0.522159299869462
0.3148907583780637
0.5364697465945816
0.5034978306424285
0.47057670935503215
0.3777546213242662
0.4403294129710097
0.36628257533595276
0.380400973865122
0.3125122304376123
0.36063610339250884
0.32210249660573925
0.3809680261865893
0.3031652888760672
0.2285733352793561
0.2307610330851305
0.4341734175832813
0.34007416906002524
0.38505239852093953
0.28463603458996567
0.14429283278209262
0.31604830798816475
0.3406669919851836
0.35044079160096187
0.41062867799350133
0.23511978651201731
0.27787716745199287
0.39284621751027865
0.31668481453692193
0.22609442080115005
0.27497921913553436
0.3715630775849851
0.5801877010610319
0.3570960720197044
0.5188508532597408
0.34728509959915066
0.4124307299399589
0.34340772205132575
0.316897428587129
0.32535124278966293
0.36550080110505523
0.34723933574699806
0.42926218542618655
0.38967771672871676
0.5199156742169495
0.5557910196905269
0.5292418401099213
0.373264266425212
0.2161799884752546
0.4881621168418019
0.5346382837337436
0.40339468156995795
0.5089642788963047
0.41237486050480265
0.4525207357620681
0.4413716648337121
0.3760997134420305
0.5248967861347398
0.5007710648249479
0.4467863215400504
0.4911373810262823
0.41337989065887526
0.49391544283497146
0.4634638422936746
0.37173468930072284
0.4120666900351994
0.4211245935797378
0.4491668301967954
0.4800940357858362
0.36055975423369235
0.5628272278842495
0.3902197545401984
0.3226663710681619
0.4498963154363817
0.35008726215606395
0.5054859073382204
0.6348240535352159
0.547217155502069
0.404397389616803
0.650793752160854
0.5204311221123848
0.5437647652311941
0.6448364748740875
0.5531729221294663
0.5417902883758757
0.42892751648396654
0.5689360934809473
0.5207373062569267
0.43253249660902043
0.4061242417695067
0.6800807211698874
0.5810565075198705
0.3720547823219188
0.3679276237180781
0.666710995968269
0.35685503398626794
0.3428851847158715
0.5018081270557317
0.5585435042565625
0.5488828456276319
0.3657854515459114
0.2918634490317913
0.5011922074525287
0.2738337064637521
0.3938590818419686
0.2668903294512113
0.4660599573025357
0.4429474955895555
0.43082701786936417
0.37839797721880497
0.4511913844240972
0.5932554073125104
0.38657764220887264
0.47793400673949743
0.4948355947455827
0.42152869481731015
0.4688002446549788
0.3006490692427613
0.5033576393503676
0.19566432688565305
0.46692396204005115
0.365089297981137
0.3274419227580039
0.27615027366012596
0.26188332189675706
0.2713971912753468
0.3952719853678398
0.4838455449582763
0.37881339958485905
0.28976907185776835
0.24978433710598458
0.28735294510048537
0.32379981925623086
0.29592887735110956
0.18949112401924795
0.4506276469448946
0.4701124994962227
0.3335681609741884
0.38296311099098357
0.43156471948121594
0.348473144211229
0.3005758962940942
0.42373938104583997
0.36672260657857847
0.2757705725813348
0.43072249751619435
0.3321442551066489
0.26510037665811825
0.42558074217960906
0.4639945345349178
0.5482836599668249
0.4185983725201943
0.4193037771184177
0.6763599634778299
0.5904170532045606
0.31232661920927557
0.5126301620352
0.6519769583608654
0.5540864819758027
0.4932001911715065
0.26521185530894775
0.5614353768649178
0.38781487739723053
0.2643372263612535
0.4295919023579195
0.42728704437588
0.26336706841966884
0.4274070308982188
0.37179585612606747
0.3698955982521158
0.23153775534262627
0.42047471059226377
0.4587724286299067
0.3552067393268289
0.27041911419013565
