0.260869545046639
0.24065228283134715
0.2780171570043671
0.25270656632664945
0.27602062833468766
0.2931628671781692
0.23300844565707945
0.29360373539285367
0.23470121927350257
0.3154929479918336
0.28379348456872355
0.2616905669189717
0.2838732307047138
0.2927516589420656
0.2852121465182774
0.34746848544379066
0.20363238943668754
0.2469438679311492
0.1899028746925051
0.26235626403970436
0.25989644446693094
0.22991762714885036
0.2522316188586088
0.2443881031188267
0.21873544920205906
0.26697462390484594
0.2366822231829892
0.23851671106629668
0.17176558370884196
0.26321842596892675
0.21843356999257982
0.21996250173327792
0.23204300972181796
0.22209141494012385
0.28853991748750407
0.24736248936711258
0.26693066618649275
0.28122862735425247
0.23946825020201973
0.2731806129011572
0.24207165786084855
0.29794546441134706
0.15300336992578206
0.2394135749652092
0.1681113225463063
0.2135382321520116
0.26503501266168944
0.3069699393740918
0.29029228381334654
0.3066326521069585
0.26358505226811285
0.2502219568349483
0.25603024911875727
0.3721241796060157
0.29378372733211777
0.2441485732585002
0.31992512697727654
0.29442939218916686
0.2774022837344685
0.32767534001681686
0.2751075163786901
0.37405131580251655
0.32586050395810645
0.3874957681236981
0.34304080763466516
0.29929879942498805
0.40230869457352547
0.37982373977972106
0.35484187470341966
0.3720982145040876
0.37708550374385186
0.33652857760629046
0.33444087199648165
0.35158358397847733
0.3490803474943634
0.37314051128415576
0.4801839048667068
0.4602635139486228
0.3863422980065205
0.43880414169679827
0.4472157027974117
0.4813550257736702
0.40739073588790276
0.4118801747770129
0.4257093183314275
0.4235453864094812
0.433892523302681
0.5126027292185056
0.544637627188034
0.4882279339346182
0.5317215833011602
0.5158016954079361
0.5824340492845661
0.5901314177654575
0.5964622954099769
0.6636944058532706
0.6167056101428289
0.5846617856814987
0.5470027836819111
0.5733804645855708
0.647531334032605
0.5657387625900749
0.6181985563313063
0.5790247234880388
0.6320108451979376
0.6357160530088639
0.6493450727790138
0.6197305840947372
0.6112194347309309
0.5634405342633965
0.5332270906597214
0.5522414219681472
0.504851522529544
0.5316589433536028
0.5356775600353908
0.5665276099682348
0.49503945824034123
0.5141446345121635
0.49380419427343986
0.5330213330296532
0.46454847453927456
0.4845316482776861
0.4758278588957872
0.48077842351550326
0.5009500412888952
0.5530693711870182
0.4714801586048717
0.45244015216305944
0.48218529388184395
0.500288338225861
0.5001890834096572
0.4406802521589263
0.5014276723174927
0.44845085942692586
0.47170344783844675
0.4935471014982936
0.46752029276694174
0.5137898375603411
0.5192072118151809
0.43165838873515794
0.4659691388660319
0.4198592703109451
0.433379956874051
0.4119457939296587
0.41991430202061897
0.4022411922391883
0.47121765717566255
0.43021144047190335
0.40550006236094915
0.3719518957930708
0.399937774242955
0.42128892517745437
0.36146302014299664
0.42902730417275425
0.4310566958331725
0.32097272890355105
0.2854488556015728
0.37903229185005616
0.4201011846652962
0.35578416260195594
0.420809204853118
0.4413539616278207
0.491320363664838
0.5176984523563922
0.5329215057052479
0.512538114573694
0.4219978198481279
0.4726864951155517
0.5234014623182521
0.5058743405532611
0.42270479723600607
0.48726701344875417
0.506704546185147
0.3942681976941672
0.46692378381048916
0.4808267919557582
0.5075008219670208
0.4685733881644881
0.3522695658730992
0.4391268492419162
0.46072528634408094
0.4106592631469575
0.45242484168035096
0.42723105722573523
0.44932689092681766
0.31445367549226955
0.3897085090211455
0.42204104406607
0.3964574634492307
0.35426476941303753
0.3356852569441868
0.32333247392833053
0.3504305120582893
0.2536800873785682
0.3120291493670382
0.34573189369942375
0.37095753420631594
0.3856742040262594
0.31800331315210634
0.324827279734066
0.3799763632993901
0.27807762298141775
0.3538134119196449
0.3173583900958511
0.31919426453641625
0.3336985836982808
0.3300498901184004
0.4050275964336415
0.33920805400618415
0.3498782234846256
0.32959804183755714
0.3001476288398885
0.3266072595868822
0.2793967841030556
0.39081190761068657
0.30212121406716913
0.2727847869273998
0.3580392155237971
0.26570228434275445
0.3531087307346923
0.26228581095035053
0.3269297440488781
0.2734620159559733
0.2880432122907227
0.2400453256251791
0.29679779557790664
0.2793351448960884
0.29376390654316265
0.3301257701038402
0.2544767349753805
0.3251719580732895
0.29215169653042466
0.38587080285586534
0.31137824928178515
0.30571185417754093
0.3771067641867964
0.34183537033727784
0.3827135071965727
0.42998438656451227
0.3822638699691977
0.43845369368619674
0.47919458924438446
0.533714422194524
0.47259744533656217
0.5307467443463092
0.5915664107158984
0.5500710244450575
0.6137678597305429
0.5806890480654336
0.6720213752620432
0.6775807236474115
0.6403565126391562
0.7621405104234269
0.7144189564265687
0.7812259043469455
0.7352701356097949
0.8072816807815468
0.7011314550691435
0.8872696188009306
0.8075196665266253
0.772917247773132
0.7762510532879752
0.7971786803603003
0.8357027970483598
0.8361203532032987
0.8299222856341667
0.7421657234028082
0.752956546539185
0.7493280409338545
0.6946380666801408
0.706314378781445
0.6063150454404631
0.5964063438170043
0.588795233749211
0.536120085974056
0.5112551775082457
0.5386824744278107
0.46234611575751616
0.4907757472092188
0.5291675599466886
0.5071032836091831
0.44973158634206467
0.4497049927478923
0.4500195370127119
0.47196488557320615
0.4453977320977479
0.5852306478310646
0.4618291639044384
0.431789920710465
0.47056789294705836
0.47101629055307737
0.4835071603251956
0.42295582929696895
0.46660314249026724
0.47880152539312176
0.40232664582876676
0.4711582946981428
0.38337485185790116
0.41446170524343895
0.44707760818122766
0.424582366375456
0.4575233473688453
0.549288365935696
0.42570747326859004
0.5038661771411045
0.43628469304472883
0.5594627824037254
0.524625092349548
0.5058142871543543
0.4058018261915384
0.569385486298938
0.5232698148416004
0.4837194487212678
0.5812163371178356
0.5209228471939555
0.5519461599240563
0.5128434459214082
0.525687056389075
0.5766584985366531
0.5082486552690579
0.576840860891844
0.509877743561755
0.5562177549474745
0.5322871732269143
0.6022332563183145
0.6077056585298372
0.5327357668890282
0.46686816781438273
0.5209804047103166
0.5311521940114386
0.494356611399418
0.5574773539118281
0.5526237844119907
0.5432100539274016
0.5613681969499054
0.6637566357560953
0.6731780652069426
0.5642935039960424
0.5738445295275384
0.626688408273727
0.5767715107704264
0.7142840855348938
0.6707138221431953
0.7255979655819906
0.7371590310246033
0.72468704480123
0.6757733646729418
0.7841104909758336
0.7013126556210102
0.6807430409765094
0.6472293899579227
0.7102715554179889
0.7014627952063647
0.6792965238043965
0.6724384833269005
0.746568828803874
0.6499982569829186
0.7671247652703519
0.7002007241951651
0.6540874101224885
0.7088584162193999
0.6268270197425991
0.6498607663352632
0.6158752380754867
0.6437608741443449
0.640238628951801
0.6673542842065742
0.6520444988089594
0.6535839766706127
0.7280790504759155
0.6643255304085228
0.6120673409591645
0.5661190408142779
0.5866101553134058
0.5998709843902679
0.6181927139633167
0.5211756945098851
0.5346422235678729
0.5658617868744893
0.5252503953204799
0.53388567189164
0.43352617084756145
0.5889039822472776
0.545016322720898
0.4859773925447957
0.44106637647291724
0.3817670997514515
0.4737587682106112
0.5219446661165319
0.45823387069368365
0.49873346515511235
0.41163096887700085
0.4188579465075916
0.47470611472548513
0.532809513271451
0.5409261790302079
0.5554989920334487
0.5356587977494667
0.5051987896132798
0.4851928654019655
0.5161665508109461
0.4067095752180187
0.48705639109090726
0.519632386011647
0.57474093159464
0.5620583759495438
0.5371776357071834
0.6333417861845253
0.5090328855924776
0.6513456470052477
0.5298253860749171
0.6037053795244085
0.5077943272410949
0.5830400400245377
0.5335840598941942
0.5380703365060717
0.5054709243139498
0.5182394490299248
0.4888308715804467
0.5257676537852047
0.5570908191004933
0.4970143216675375
0.452231276925367
0.4082769622900949
0.4328290483238724
0.4046274280561102
0.3850466868814644
0.37359255395989477
0.37210697797476733
0.36629078820522093
0.31859661836611103
0.29486472865243163
0.34790201018645295
0.35209654686698394
0.31128206479801585
0.339503990095314
0.38905270023867566
0.26397008505732705
0.3156417467073816
0.23805374806400803
0.28555999031200513
0.27359702379648093
0.155492697791143
0.27471685916692845
0.291721212693537
0.22360350392175643
0.226108281514449
0.18686540483641437
0.19354092098886688
0.2098767472980348
0.11350851645882368
0.1704500550125503
0.16326511852173048
0.10346866817447731
0.11655543004274088
0.12425244903820223
0.18976483541842082
0.23492917172175903
0.2100617064734116
0.2279546224790997
0.24003252890521914
0.2134689713235522
0.19867194807877409
0.20956591751526185
0.12795501345135646
0.23178006740928958
0.22817694029219085
0.2392938695018123
0.2132894651063315
0.24722736698114428
0.21969131647789714
0.20264239735370784
0.22579030513687004
0.3189171122575822
0.2625030711822489
0.28860113014814837
0.29747004991580683
0.2662178546597072
0.35731451204636744
0.2655477410974182
0.27705377374773227
0.2788850447101914
0.2495934795876345
0.21802121052789042
0.3061815738919955
0.19876383928912328
0.26994893036246265
0.244978729807291
0.3008721705861192
0.2667440619907112
0.2776990049323722
0.31925022344735776
0.3130808496583052
0.39698362428549305
0.32275339197890474
0.44060759510524333
0.3816223811979211
0.3824400922749302
0.47580411095788117
0.3819286533271446
0.3948048181308845
0.26674995659190226
0.4049557823262986
0.3562514269855066
0.3014978755408233
0.3632518312167379
0.3839264724147964
0.3512109279854997
0.30125439915880525
0.3224746400629425
0.38937205477657044
0.48109203049055405
0.4119435258024564
0.38320451881360396
0.48591350382337534
0.4158093869977125
0.48657887479071454
0.4643075131490535
0.4133449436795601
0.4071936357038207
0.380275050038774
0.43617913411100373
0.4535406148217572
0.4392675275163137
0.4288750986286055
0.44901204634039943
0.42561103080530166
0.3853260990449788
0.4593638931018899
0.3749128541526436
0.41973165690139747
0.4357935699026715
0.3392512112461715
0.39971529952882634
0.3307863588994107
0.2827566986145144
0.2961821898927536
0.26021857266340703
0.322907965464254
0.37241908702738313
0.36069524895826904
0.4123967583614759
0.3162673485797454
0.3366853904872323
0.329957319183393
0.36033822761875745
0.26796235957745945
0.30778766539297486
0.24030962551137308
0.2874542936963038
0.33953548412905266
0.2360782523068175
0.2692650793777227
0.25101377528083596
0.2277340258714403
0.23147251788388787
0.22514857660538096
0.15664538632762437
0.3005090700471694
0.2528479381015384
0.2021284118107834
0.2636290436598795
0.1912968698283833
0.2907634551078892
0.25759941855062984
0.24470706457324845
0.21366333474802374
0.18668803165955536
0.14107029069517754
0.27099438363786665
0.26743840984643685
0.2083856240366613
0.20374596435810258
0.2898662933546796
0.2543021815015336
0.2409449454133188
0.3069157827518356
0.33021539242195685
0.3396125186537407
0.43172467979074464
0.4300239672752991
0.44680487461783075
0.5372646850556948
0.6708268460754923
0.5250274517358279
0.49073181386775666
0.38656703882008686
0.34128615260203127
0.2864225433130887
0.3140237144630689
0.2655645580113425
0.2394865173418238
0.3613225232407673
0.23903051948711818
0.24107560677061973
0.3880027224510369
0.291098798542197
0.2707034674425497
0.2624760363653972
0.314618307846029
0.2805148102910945
0.2939203453141697
0.2217850508632529
0.3435670507379134
0.22303853453959116
0.23322453118593434
0.24820292306166253
0.3272639780540542
0.401321195037607
0.2817095991070209
0.2680149123998521
0.15158096078969743
0.33197590453530973
0.30317785315023704
0.27540993475741854
0.21808737855895166
0.27896927992307385
0.3003791018441111
0.31839231712519944
0.2910578391461298
0.277447360243507
0.28950516228214374
0.23647835454767968
0.24457963980075803
0.359834342901053
0.29182003278401647
0.3160158998239321
0.3319213440684489
0.31056254391631666
0.42707691326573854
0.36620074039867323
0.39538469255735315
0.3416377954797746
0.3653040058969696
0.28107349070480325
0.4548272598098193
0.3119836000814421
0.34906274402284543
0.3201506558005225
0.4298637523003434
0.37591743743801936
0.3694780095763021
0.42460918042447937
0.369157906896877
0.35941546852372774
0.32794221788901423
0.3898100238708391
0.36144281775356646
0.4234286469244797
0.3641895590676303
0.4276768339900025
0.4091032591535092
0.475027691844947
0.405275238702936
0.48579479792932373
0.27887017454944024
0.42142796595728615
0.3326451765404904
0.4146631577403961
0.31222247746190085
0.4529066283289524
0.3240338894554969
0.45802811172767055
0.3474884636932724
0.42835197202237174
0.38913888037988575
0.2915826065070723
0.3928301793963011
0.39785662756261997
0.3167674977605111
0.3618580295050302
0.27882768366080324
0.38877966948993503
0.36830292475833326
0.4145090315826472
0.42144021631362105
0.45349363404149134
0.4381861745532775
0.3715613939579083
0.3178561970875616
0.37466598306359705
0.35441932074107124
0.4703071331865178
0.3725234185085842
0.46776888887115153
0.46895101357670077
0.5568373951663039
0.4658990144887759
0.6241964927613329
0.4459261245051257
0.538348769389752
0.6252352474864311
0.45415300182316465
0.40887217260365943
0.41146335402184026
0.4548886601690885
0.4001503762940066
0.3426917161391035
0.31424562521556476
0.37762564371903884
0.46281732851480445
0.33804425732249377
0.3550075705893907
0.4684035031533724
0.4563485175677443
0.4267340904956806
0.4011854931071243
0.428055752359404
0.5155480381987203
0.4355866190934615
0.38148559230467244
0.4015601393228916
0.31471360753337063
0.5098841614150694
0.4142016664912851
0.4031040786980492
0.2821784064188848
0.37258511717817316
0.4547406874205222
0.36794699150774846
0.41038650056179493
0.37214671496513685
0.42171776078065937
0.3308369283437451
0.3306902830599622
0.4044616437900749
0.4471532756944961
0.32714485870011756
0.3256436805980528
0.2933542872211821
0.4554415374066243
0.4461143460373228
0.38393548780698084
0.5095624990805702
0.5185864825901373
0.5004151441930997
0.5441624094217475
0.437070674177604
0.3717211555584484
0.4002378328976055
0.3426520338958392
0.3898783231190492
0.26680344316928417
0.4234313035203101
0.3836030890832095
0.48378298140443815
0.34484213979936623
0.3696876205863007
0.3988287930789349
0.39237391779249803
0.3906804678364962
0.4948199522034234
0.35957537299170406
0.4284594569157747
0.3662603612186659
0.3762817805548573
0.3457592321811882
0.32892443332160193
0.33969055205779297
0.3205666613928908
0.4445543184142875
0.38511231583618066
0.4421945137694657
0.4103479159608489
0.33547619116621163
0.3776701078667396
0.3611231173767371
0.4257864453102102
0.4657161595856645
0.3353798255338452
0.31247227704371594
0.3935298036096339
0.3988282084787524
0.4506413067236761
0.4089230345477916
0.4366520386389332
0.3111924064484199
0.43319445616535146
0.3938388385382661
0.35748871005444605
0.4310049034800475
0.42298872837620705
0.3960376419496884
0.317752408030282
0.33129952675997487
0.3540734941646945
0.31276375659743805
0.26628300738706456
0.3750187960554697
0.3590401700099466
0.3553306208999527
0.3272870731674953
0.4120772258566478
0.28179230477685363
0.26918314099793356
0.2894422128982118
0.3004427390547625
0.24082962834536362
0.2706898459717942
0.2954949333365653
0.18331681464592192
0.33690061874498745
0.2438739330782597
0.23254571542328195
0.3147085698514187
0.3062521352648108
0.36326401798937347
0.3400211760272065
0.3474101313009557
0.3607692593432512
0.3513203512131232
0.437026545895522
0.29993583467161944
0.4155055600283475
0.40489741603871193
0.31000762611973953
0.3262349556038677
0.4118423272305753
0.4248177564086429
0.3957991599275186
0.37510150394637826
0.360234189978453
0.4581455947639677
0.4837817924067036
0.38935451657744585
0.3088250646615641
0.3911118144278841
0.3737070083152844
0.4944393683859707
0.3684357622280977
0.3972207583175395
0.3787407608655386
0.4311029101003629
0.3604989142938634
0.37008736876397874
0.2946310635196957
0.3261413175214175
0.3496067705387598
0.3358354199605715
0.3111577376232943
0.2965303483392747
0.3173962696526832
0.3272692056477655
0.3810669478901577
0.37601173740572336
0.40805333257635373
0.33886127314995995
0.3056686477881354
0.36329418411010644
0.3765187254686181
0.3409195898385622
0.34325606414863835
0.4030556563406891
0.330500490612497
0.40345664743981674
0.45543642128407535
0.35159791478091124
0.4093206593512032
0.3944032296320326
0.47155535995740633
0.39495971634373145
0.4440289444839165
0.4119580154432257
0.4154049867026722
0.45517623747457525
0.4343494365364832
0.40766096322670486
0.5220801617006536
0.3828950198220078
0.5199568533901731
0.5759838864201843
0.4450582992360056
0.5083310661001528
0.4967155080887753
0.6181949687372786
0.41992308707873116
0.4723149460818809
0.4398720667695887
0.39680186857693617
0.4761672646938203
0.5236544884209203
0.5390042330329539
0.47367429415578866
0.4867656931828354
0.4696383833650925
0.4530567749561784
0.49445971775182496
0.5256709614889838
0.5357342160317033
0.5470260535670355
0.4307395809239348
0.4752335506786624
0.5771944626821716
0.5754266737034045
0.6002491277409745
0.553117902706167
0.5926099809730555
0.5192276973598544
0.49268659863719333
0.5880699963060269
0.5626316305260204
0.5763732483798587
0.525257486207307
0.6274376078610023
0.49129494352318664
0.609143949082501
0.684981989967144
0.6533673977800469
0.6254119654027611
0.5764932711555186
0.6659323175739431
0.4908932920760154
0.5476332585605216
0.5458952051933412
0.6212455609178152
0.5653526854578114
0.5792086304362215
0.579143440391517
0.506839459033671
0.5150860510290916
0.5613501898026779
0.5779383281824493
0.6182936177003745
0.476042864376081
0.47983434724052004
0.5170366543387526
0.5949201712829668
0.5099701329055103
0.5814633003142509
0.537824965009073
0.5830982739671041
0.5270177128101883
0.545849557890965
0.668289307922773
0.5346708604327745
0.5271785526985602
0.6727998721689807
0.5889329495571939
0.5623697399539679
0.6182393048526464
0.5095249298409298
0.5228703148272316
0.5291340256641641
0.5882909578251598
0.5240448255888257
0.4537775479488611
0.4770814970404794
0.5600675170209449
0.5191684866135864
0.49025776148065997
0.4764382222879939
0.49990743414742017
0.4385182761624243
0.4359973149784456
0.527894177496281
0.5335442392256242
0.4906681199330949
0.4370363840986083
0.4531007507687055
0.43712459647472124
0.3964089140673568
0.5067425431227706
0.5043661975483099
0.41302786619875503
0.4964452058310302
0.3500208510329571
0.4922315978776159
0.48727109597561896
0.5158933077949093
0.6039925788441852
0.5544533686534454
0.6911491232039839
0.6131547662926898
0.5067402654063542
0.5714056705645116
0.5559475168292419
0.5380341554053913
0.5438274760551431
0.5229604610639018
0.593722410646327
0.5498932174112826
0.5461427252445527
0.5856025647397178
0.5348229468899427
0.5422939479040372
0.5180122485595396
0.4924920675786602
0.5069472640136925
0.44116142619452947
0.47712053375716434
0.4739784924241598
0.37029918746482937
0.40508244036868385
0.4271948961797103
0.3080221753762609
0.3492866700448112
0.3338319194566313
0.40554931857100507
0.3162825265921622
0.3761584074476623
